0.000000 0.000000 0.000000 0.000000
0.003797 2.867240 -0.016064 2.854480
0.012592 5.703660 -0.018328 5.681880
0.005861 8.504610 -0.031756 8.465580
-0.014970 11.270200 -0.044205 11.219200
-0.032924 13.989300 -0.059215 13.933600
-0.065364 16.663800 -0.086974 16.603700
-0.119977 19.335900 -0.147805 19.254200
-0.176620 21.937500 -0.206540 21.860800
-0.246062 24.473900 -0.274199 24.431100
-0.317203 26.961000 -0.343795 26.913500
-0.401595 29.353000 -0.414436 29.283800
-0.493963 31.661900 -0.492144 31.574600
-0.593567 33.881200 -0.580435 33.781100
-0.710872 36.011100 -0.691833 35.908200
-0.820218 38.022500 -0.803656 37.925500
-0.923471 39.952200 -0.889024 39.853200
-1.003170 41.805900 -0.970262 41.704400
-1.058470 43.507000 -1.016490 43.403000
-1.076810 45.033000 -1.022810 44.926700
-1.046900 46.350500 -0.991982 46.250900
-0.988917 47.480000 -0.931579 47.383400
-0.915130 48.392000 -0.863387 48.294300
-0.804283 49.193500 -0.753935 49.081400
-0.664182 49.934600 -0.617425 49.848800
-0.461313 50.674300 -0.419607 50.582600
-0.200199 51.389400 -0.181772 51.302100
0.123518 52.110700 0.121576 52.036100
0.570123 52.782200 0.536828 52.719800
1.107880 53.467600 1.059140 53.410700
1.815700 54.157600 1.729850 54.121700
2.752910 54.822500 2.636610 54.805200
3.900320 55.388200 3.758890 55.399800
5.234260 55.821500 5.058630 55.870200
6.727320 56.037900 6.525360 56.094500
8.333610 56.134100 8.105970 56.212300
10.057800 56.146300 9.817970 56.230300
11.842800 56.102300 11.609100 56.198200
13.778400 56.040200 13.517800 56.133700
15.808300 55.967000 15.541400 56.052300
17.900600 55.888000 17.620500 55.969700
20.087200 55.834500 19.799600 55.904800
22.288300 55.796200 21.979500 55.848100
24.502500 55.791500 24.179200 55.832700
26.702000 55.794000 26.379800 55.829200
28.938100 55.809900 28.601400 55.842300
31.167400 55.853700 30.822100 55.870000
33.399100 55.929800 33.056800 55.931300
35.681000 56.032200 35.336700 56.020800
37.939100 56.159400 37.576700 56.108600
40.225700 56.319200 39.883300 56.249600
42.586900 56.499900 42.239500 56.408200
44.968700 56.705000 44.627300 56.599700
47.361200 56.977300 47.024100 56.843900
49.783000 57.295900 49.465100 57.142100
52.221700 57.675400 51.898700 57.508700
54.584000 58.084700 54.255300 57.895600
56.861700 58.528900 56.560200 58.317800
59.107300 58.985000 58.802000 58.757800
61.260900 59.452200 60.961900 59.207600
63.311500 59.912300 63.018000 59.654300
65.295600 60.359600 64.998600 60.083200
67.192200 60.768400 66.897000 60.487400
68.991600 61.134200 68.708200 60.866100
70.713800 61.472100 70.446000 61.215000
72.352300 61.772300 72.095000 61.518000
73.972100 62.094500 73.721000 61.812700
75.603800 62.397700 75.366400 62.105000
77.263200 62.760000 77.031400 62.445300
78.978600 63.175900 78.745300 62.853100
80.722500 63.662800 80.506700 63.334700
82.553400 64.233100 82.341800 63.899300
84.490400 64.905700 84.252200 64.563600
86.473900 65.645900 86.276300 65.314900
88.591500 66.470000 88.388600 66.116700
90.710900 67.374400 90.534500 67.028300
92.814000 68.341600 92.650500 67.990400
94.855700 69.337700 94.703400 68.980700
96.814400 70.312700 96.682400 69.956500
98.696800 71.274000 98.563600 70.911000
100.490000 72.196300 100.374000 71.841200
102.205000 73.098600 102.087000 72.745500
103.839000 73.964600 103.724000 73.616200
105.393000 74.821400 105.274000 74.472500
106.913000 75.673200 106.764000 75.323400
108.360000 76.545200 108.222000 76.210800
109.804000 77.484000 109.673000 77.137400
111.290000 78.500600 111.164000 78.144300
112.825000 79.583000 112.694000 79.227100
114.416000 80.769200 114.273000 80.398700
116.087000 82.059000 115.946000 81.698600
117.803000 83.483400 117.671000 83.119200
119.580000 84.985000 119.450000 84.643900
121.444000 86.581700 121.313000 86.242600
123.344000 88.254900 123.209000 87.922000
125.254000 90.039300 125.102000 89.677400
127.176000 91.859600 127.019000 91.506400
129.137000 93.720300 128.962000 93.368900
131.066000 95.668000 130.882000 95.314600
132.984000 97.680100 132.785000 97.328900
134.863000 99.726700 134.650000 99.380200
136.766000 101.827000 136.523000 101.475000
138.615000 103.901000 138.371000 103.580000
140.502000 106.004000 140.227000 105.676000
142.401000 108.043000 142.119000 107.746000
144.301000 110.041000 143.992000 109.740000
146.204000 112.001000 145.879000 111.719000
148.125000 113.906000 147.789000 113.623000
150.086000 115.768000 149.709000 115.489000
152.076000 117.603000 151.669000 117.331000
154.099000 119.366000 153.668000 119.140000
156.246000 121.193000 155.772000 120.949000
158.450000 122.938000 157.938000 122.693000
160.701000 124.596000 160.182000 124.398000
162.962000 126.197000 162.443000 126.017000
165.218000 127.721000 164.695000 127.536000
167.417000 129.152000 166.891000 128.984000
169.574000 130.527000 169.038000 130.364000
171.729000 131.835000 171.158000 131.670000
173.736000 133.063000 173.192000 132.938000
175.787000 134.294000 175.200000 134.147000
177.720000 135.460000 177.129000 135.316000
179.646000 136.570000 179.007000 136.412000
181.474000 137.584000 180.817000 137.447000
183.261000 138.547000 182.570000 138.419000
185.038000 139.455000 184.332000 139.334000
186.870000 140.350000 186.128000 140.256000
188.770000 141.235000 187.989000 141.151000
190.745000 142.096000 189.944000 142.032000
192.833000 142.937000 192.016000 142.880000
195.043000 143.765000 194.207000 143.727000
197.371000 144.591000 196.502000 144.557000
199.746000 145.369000 198.875000 145.361000
202.284000 146.152000 201.371000 146.152000
204.855000 146.959000 203.884000 146.964000
207.514000 147.731000 206.517000 147.772000
210.202000 148.446000 209.198000 148.514000
212.985000 149.159000 211.994000 149.249000
215.823000 149.869000 214.757000 149.977000
218.607000 150.551000 217.503000 150.676000
221.442000 151.217000 220.275000 151.366000
224.207000 151.855000 223.004000 152.021000
227.045000 152.481000 225.800000 152.703000
229.849000 153.062000 228.549000 153.334000
232.564000 153.609000 231.268000 153.939000
235.343000 154.124000 234.008000 154.512000
238.109000 154.621000 236.743000 155.066000
240.859000 155.091000 239.459000 155.590000
243.605000 155.497000 242.176000 156.075000
246.332000 155.869000 244.841000 156.496000
249.081000 156.206000 247.544000 156.878000
251.727000 156.484000 250.185000 157.222000
254.396000 156.736000 252.844000 157.549000
257.052000 156.928000 255.470000 157.840000
259.667000 157.077000 258.073000 158.042000
262.270000 157.155000 260.667000 158.198000
264.855000 157.190000 263.247000 158.310000
267.473000 157.195000 265.823000 158.370000
270.063000 157.169000 268.397000 158.421000
272.623000 157.138000 270.936000 158.463000
275.124000 157.125000 273.410000 158.509000
277.544000 157.133000 275.805000 158.583000
279.836000 157.177000 278.074000 158.697000
282.045000 157.245000 280.260000 158.838000
284.174000 157.338000 282.178000 158.958000
286.120000 157.434000 284.088000 159.113000
287.997000 157.552000 285.904000 159.276000
289.729000 157.677000 287.608000 159.444000
291.362000 157.811000 289.239000 159.617000
292.943000 157.946000 290.768000 159.785000
294.419000 158.089000 292.223000 159.959000
295.868000 158.228000 293.654000 160.120000
297.418000 158.366000 295.178000 160.304000
298.988000 158.472000 296.716000 160.456000
300.670000 158.584000 298.364000 160.611000
302.483000 158.688000 300.111000 160.761000
304.338000 158.783000 301.937000 160.919000
306.310000 158.918000 303.862000 161.088000
308.383000 159.000000 305.887000 161.242000
310.532000 159.117000 307.992000 161.405000
312.736000 159.198000 310.179000 161.541000
315.063000 159.269000 312.443000 161.673000
317.427000 159.327000 314.784000 161.815000
319.894000 159.406000 317.191000 161.963000
322.399000 159.501000 319.676000 162.128000
325.035000 159.620000 322.243000 162.314000
327.648000 159.744000 324.834000 162.521000
330.337000 159.911000 327.490000 162.757000
333.072000 160.088000 330.190000 163.034000
335.817000 160.288000 332.913000 163.313000
338.609000 160.487000 335.628000 163.597000
341.356000 160.707000 338.348000 163.897000
344.123000 160.925000 341.034000 164.190000
346.884000 161.142000 343.693000 164.481000
349.544000 161.328000 346.350000 164.766000
352.282000 161.539000 349.012000 165.069000
354.967000 161.755000 351.651000 165.378000
357.656000 162.041000 354.292000 165.722000
360.340000 162.349000 356.933000 166.112000
363.051000 162.723000 359.561000 166.553000
365.736000 163.159000 362.180000 167.066000
368.450000 163.670000 364.786000 167.641000
371.078000 164.243000 367.400000 168.260000
373.700000 164.839000 370.011000 168.936000
376.381000 165.510000 372.622000 169.655000
379.061000 166.213000 375.227000 170.406000
381.681000 166.929000 377.800000 171.191000
384.292000 167.710000 380.299000 172.006000
386.834000 168.504000 382.767000 172.851000
389.340000 169.279000 385.179000 173.687000
391.797000 170.034000 387.570000 174.518000
394.230000 170.797000 389.921000 175.319000
396.655000 171.512000 392.279000 176.105000
399.071000 172.215000 394.626000 176.885000
401.537000 172.963000 397.031000 177.676000
404.073000 173.702000 399.457000 178.491000
406.682000 174.475000 401.969000 179.352000
409.286000 175.230000 404.529000 180.205000
411.926000 176.031000 407.093000 181.087000
414.525000 176.818000 409.594000 181.954000
417.121000 177.612000 412.084000 182.812000
419.620000 178.386000 414.488000 183.644000
422.054000 179.119000 416.867000 184.462000
424.376000 179.808000 419.169000 185.225000
426.639000 180.474000 421.401000 185.991000
428.871000 181.130000 423.622000 186.723000
431.085000 181.766000 425.776000 187.426000
433.266000 182.399000 427.878000 188.095000
435.443000 183.026000 430.011000 188.786000
437.657000 183.668000 432.139000 189.487000
439.792000 184.306000 434.221000 190.188000
441.829000 184.931000 436.182000 190.889000
443.771000 185.542000 438.061000 191.556000
445.605000 186.122000 439.849000 192.194000
447.357000 186.682000 441.535000 192.810000
449.019000 187.217000 443.110000 193.385000
450.576000 187.723000 444.656000 193.947000
452.021000 188.196000 446.073000 194.458000
453.370000 188.640000 447.400000 194.938000
454.639000 189.053000 448.643000 195.402000
455.768000 189.424000 449.762000 195.810000
456.824000 189.757000 450.791000 196.179000
457.778000 190.062000 451.727000 196.519000
458.653000 190.335000 452.568000 196.818000
459.479000 190.593000 453.376000 197.115000
460.274000 190.854000 454.154000 197.410000
461.093000 191.132000 454.932000 197.703000
461.910000 191.444000 455.713000 198.037000
462.752000 191.821000 456.528000 198.426000
463.597000 192.268000 457.334000 198.882000
464.380000 192.761000 458.088000 199.400000
465.131000 193.216000 458.810000 199.880000
465.867000 193.559000 459.498000 200.256000
466.572000 193.830000 460.192000 200.558000
467.357000 194.065000 460.953000 200.839000
468.176000 194.274000 461.734000 201.086000
468.937000 194.466000 462.492000 201.317000
469.639000 194.656000 463.163000 201.520000
470.239000 194.873000 463.751000 201.746000
470.733000 195.106000 464.233000 201.986000
471.120000 195.288000 464.636000 202.165000
471.432000 195.507000 464.915000 202.398000
471.706000 195.688000 465.196000 202.587000
471.937000 195.861000 465.430000 202.753000
472.086000 196.013000 465.590000 202.916000
472.216000 196.124000 465.722000 203.026000
472.338000 196.220000 465.838000 203.121000
