0.000000 0.000000 0.000000 0.000000
0.263111 2.998350 0.236631 2.985050
0.918881 5.900160 0.866666 5.891390
1.970020 8.659130 1.895310 8.671610
3.440740 11.289100 3.298060 11.295800
5.230050 13.642700 5.035220 13.638000
7.280450 15.672400 7.054040 15.689400
9.537540 17.350500 9.331960 17.438200
12.080800 18.734400 11.829800 18.845500
14.772600 19.765700 14.524500 19.933800
17.668200 20.597400 17.389800 20.763800
20.663100 21.098600 20.376800 21.320600
23.858500 21.383700 23.551600 21.612700
27.136700 21.400100 26.823300 21.651800
30.542200 21.220700 30.198100 21.490600
34.012300 20.935400 33.637500 21.221300
37.587600 20.494800 37.222400 20.820600
41.444000 19.985400 41.003200 20.316700
45.416200 19.402800 44.986100 19.743300
49.573300 18.764500 49.164600 19.113700
53.969800 18.061000 53.515400 18.438900
58.535000 17.344600 58.054200 17.740600
63.268500 16.610400 62.775700 17.005700
68.128200 15.902700 67.682700 16.263700
73.155200 15.152800 72.688600 15.528500
78.290000 14.357300 77.847100 14.758600
83.620600 13.558900 83.135100 13.976900
89.037600 12.748800 88.546900 13.149800
94.617200 11.922200 94.092600 12.292600
100.297000 10.970800 99.756600 11.369400
106.082000 9.896110 105.496000 10.345400
111.886000 8.779030 111.323000 9.228460
117.778000 7.501420 117.217000 7.979360
123.739000 6.105920 123.180000 6.601560
129.759000 4.586310 129.181000 5.097930
135.818000 2.981790 135.249000 3.512390
141.946000 1.321710 141.378000 1.829880
148.166000 -0.486941 147.559000 0.063580
154.377000 -2.399440 153.782000 -1.849940
160.665000 -4.411790 160.080000 -3.868380
166.981000 -6.583140 166.400000 -5.946560
173.383000 -8.787060 172.780000 -8.164130
179.810000 -11.122000 179.214000 -10.445600
186.379000 -13.571600 185.696000 -12.800200
192.770000 -16.087900 192.188000 -15.265800
199.353000 -18.696600 198.748000 -17.842900
205.902000 -21.419400 205.331000 -20.519600
212.479000 -24.222700 211.919000 -23.269000
219.079000 -27.111600 218.480000 -26.105800
225.627000 -30.115800 225.018000 -29.003300
232.223000 -33.143100 231.540000 -32.015200
238.727000 -36.238200 238.083000 -35.064100
245.225000 -39.450300 244.576000 -38.195200
251.680000 -42.656900 251.035000 -41.420400
258.030000 -45.990600 257.438000 -44.735100
264.507000 -49.480100 263.836000 -48.133500
270.936000 -53.005100 270.205000 -51.613400
277.319000 -56.628200 276.628000 -55.190900
283.796000 -60.385000 283.092000 -58.908400
290.259000 -64.279600 289.595000 -62.735500
296.898000 -68.260800 296.135000 -66.684600
303.532000 -72.336400 302.729000 -70.782700
310.263000 -76.513000 309.381000 -74.907200
316.974000 -80.890200 316.058000 -79.192800
323.607000 -85.387700 322.699000 -83.653500
330.207000 -89.970400 329.304000 -88.226400
336.798000 -94.715800 335.896000 -92.891700
343.415000 -99.580200 342.446000 -97.692100
349.896000 -104.496000 348.979000 -102.550000
356.347000 -109.499000 355.438000 -107.509000
362.852000 -114.586000 361.844000 -112.528000
369.748000 -120.182000 368.138000 -117.613000
375.779000 -125.134000 374.419000 -122.748000
382.207000 -130.638000 380.573000 -127.885000
388.368000 -135.854000 386.673000 -133.105000
394.562000 -141.287000 392.628000 -138.354000
400.682000 -146.760000 398.620000 -143.722000
406.860000 -152.370000 404.538000 -149.151000
412.870000 -157.933000 410.400000 -154.618000
418.944000 -163.510000 416.182000 -160.089000
424.838000 -169.068000 421.877000 -165.529000
430.875000 -174.830000 427.538000 -171.013000
436.743000 -180.434000 433.217000 -176.539000
442.745000 -186.029000 438.953000 -181.998000
448.675000 -191.517000 444.711000 -187.406000
454.622000 -196.955000 450.553000 -192.753000
460.556000 -202.362000 456.417000 -198.116000
466.569000 -207.780000 462.232000 -203.412000
472.448000 -213.029000 468.088000 -208.764000
478.485000 -218.426000 474.003000 -214.095000
484.449000 -223.679000 479.905000 -219.371000
490.463000 -228.974000 485.785000 -224.626000
496.555000 -234.343000 491.655000 -229.849000
502.697000 -239.775000 497.552000 -235.095000
508.717000 -245.079000 503.432000 -240.371000
514.662000 -250.399000 509.303000 -245.648000
520.697000 -255.705000 515.160000 -250.865000
526.695000 -261.056000 521.016000 -256.084000
532.684000 -266.327000 526.887000 -261.272000
538.725000 -271.681000 532.776000 -266.484000
544.680000 -276.959000 538.655000 -271.685000
550.860000 -282.422000 544.492000 -276.922000
556.784000 -287.734000 550.339000 -282.120000
562.735000 -293.026000 556.208000 -287.375000
568.668000 -298.282000 562.040000 -292.582000
574.634000 -303.589000 567.895000 -297.810000
580.655000 -308.876000 573.759000 -303.002000
586.630000 -314.157000 579.604000 -308.161000
592.567000 -319.379000 585.445000 -313.326000
598.636000 -324.632000 591.312000 -318.463000
604.396000 -329.771000 597.162000 -323.580000
610.451000 -334.995000 602.980000 -328.656000
616.454000 -340.253000 608.883000 -333.786000
622.304000 -345.271000 614.732000 -338.858000
628.334000 -350.543000 620.628000 -343.938000
634.422000 -355.734000 626.545000 -349.018000
640.463000 -360.849000 632.444000 -354.066000
646.530000 -366.022000 638.349000 -359.107000
652.653000 -371.136000 644.231000 -364.134000
658.823000 -376.295000 650.206000 -369.191000
664.856000 -381.366000 656.080000 -374.165000
670.911000 -386.434000 661.965000 -379.153000
677.033000 -391.573000 667.848000 -384.200000
683.044000 -396.621000 673.680000 -389.187000
689.122000 -401.708000 679.562000 -394.212000
695.231000 -406.822000 685.451000 -399.186000
701.430000 -411.890000 691.352000 -404.162000
707.500000 -416.910000 697.250000 -409.111000
713.825000 -422.033000 703.167000 -414.037000
720.001000 -427.088000 709.099000 -418.930000
726.269000 -432.147000 715.027000 -423.782000
732.453000 -437.163000 721.061000 -428.634000
738.732000 -442.298000 727.091000 -433.531000
744.926000 -447.228000 733.065000 -438.418000
751.226000 -452.273000 739.072000 -443.306000
757.479000 -457.249000 745.044000 -448.155000
763.790000 -462.236000 751.072000 -452.997000
770.074000 -467.132000 757.117000 -457.803000
776.229000 -472.004000 763.156000 -462.616000
782.474000 -476.884000 769.135000 -467.399000
788.690000 -481.769000 775.137000 -472.189000
794.830000 -486.600000 781.105000 -476.979000
801.124000 -491.573000 787.060000 -481.803000
807.350000 -496.453000 792.997000 -486.559000
813.554000 -501.329000 799.002000 -491.342000
819.843000 -506.205000 805.016000 -496.126000
826.145000 -511.038000 811.033000 -500.863000
832.476000 -515.901000 817.070000 -505.609000
838.727000 -520.746000 823.087000 -510.359000
845.145000 -525.683000 829.121000 -515.157000
851.607000 -530.598000 835.167000 -519.954000
858.852000 -536.137000 841.146000 -524.716000
865.199000 -540.920000 847.147000 -529.494000
871.724000 -545.793000 853.149000 -534.247000
878.441000 -550.734000 859.125000 -538.926000
884.797000 -555.404000 865.057000 -543.554000
891.110000 -559.988000 871.028000 -548.142000
897.518000 -564.629000 876.969000 -552.675000
904.040000 -569.338000 882.838000 -557.138000
910.542000 -574.001000 888.826000 -561.649000
917.111000 -578.668000 894.737000 -566.104000
923.366000 -583.141000 900.592000 -570.563000
929.897000 -587.804000 906.420000 -575.034000
936.270000 -592.314000 912.324000 -579.555000
943.355000 -597.344000 918.218000 -584.067000
950.002000 -602.029000 924.121000 -588.532000
956.401000 -606.520000 930.052000 -592.990000
963.012000 -611.127000 935.945000 -597.410000
969.579000 -615.682000 941.815000 -601.820000
976.008000 -620.153000 947.720000 -606.205000
982.474000 -624.690000 953.633000 -610.615000
988.965000 -629.227000 959.563000 -615.009000
995.409000 -633.667000 965.456000 -619.384000
1001.720000 -638.077000 971.333000 -623.679000
1008.120000 -642.482000 977.189000 -627.948000
1014.430000 -646.846000 983.022000 -632.256000
1020.730000 -651.244000 988.826000 -636.519000
1027.020000 -655.565000 994.628000 -640.733000
1033.310000 -659.929000 1000.450000 -644.949000
1039.640000 -664.321000 1006.230000 -649.159000
1045.930000 -668.650000 1012.030000 -653.324000
1052.150000 -672.914000 1017.720000 -657.426000
1058.390000 -677.121000 1023.490000 -661.520000
1064.570000 -681.292000 1029.280000 -665.603000
1070.800000 -685.496000 1035.030000 -669.696000
1077.090000 -689.701000 1040.740000 -673.749000
1083.420000 -693.939000 1046.520000 -677.810000
1089.650000 -698.014000 1052.270000 -681.800000
1095.980000 -702.139000 1058.010000 -685.759000
1102.300000 -706.255000 1063.760000 -689.730000
1108.690000 -710.331000 1069.540000 -693.724000
1115.090000 -714.398000 1075.280000 -697.638000
1121.630000 -718.519000 1081.060000 -701.542000
1128.000000 -722.523000 1086.860000 -705.414000
1134.510000 -726.582000 1092.670000 -709.260000
1141.080000 -730.698000 1098.480000 -713.095000
1147.570000 -734.751000 1104.310000 -716.973000
1154.100000 -738.882000 1110.050000 -720.773000
1160.630000 -743.027000 1115.900000 -724.659000
1167.230000 -747.223000 1121.700000 -728.510000
1173.850000 -751.372000 1127.600000 -732.398000
1180.410000 -755.479000 1133.470000 -736.283000
1186.990000 -759.619000 1139.400000 -740.201000
1193.720000 -763.765000 1145.330000 -744.083000
1200.340000 -767.901000 1151.300000 -747.961000
1207.080000 -772.048000 1157.250000 -751.807000
1213.780000 -776.171000 1163.250000 -755.640000
1220.720000 -780.321000 1169.300000 -759.457000
1227.540000 -784.432000 1175.390000 -763.263000
1234.500000 -788.575000 1181.510000 -767.072000
1241.420000 -792.730000 1187.640000 -770.879000
1248.370000 -796.856000 1193.780000 -774.640000
1255.310000 -800.964000 1200.000000 -778.419000
1262.300000 -805.107000 1206.200000 -782.179000
1269.340000 -809.229000 1212.440000 -785.964000
1276.330000 -813.342000 1218.660000 -789.724000
1283.380000 -817.454000 1224.900000 -793.471000
1290.420000 -821.577000 1231.150000 -797.221000
1297.420000 -825.680000 1237.360000 -800.927000
1304.530000 -829.755000 1243.590000 -804.637000
1311.590000 -833.835000 1249.810000 -808.297000
1318.660000 -837.896000 1256.050000 -811.936000
1325.770000 -841.964000 1262.310000 -815.595000
1332.930000 -846.065000 1268.530000 -819.223000
1340.020000 -850.196000 1274.790000 -822.889000
1347.010000 -854.227000 1280.990000 -826.475000
1354.140000 -858.254000 1287.180000 -830.050000
1361.210000 -862.275000 1293.330000 -833.563000
1368.320000 -866.330000 1299.540000 -837.083000
1375.570000 -870.351000 1305.750000 -840.585000
1382.550000 -874.232000 1311.960000 -844.076000
1389.610000 -878.141000 1318.160000 -847.553000
1396.660000 -882.001000 1324.350000 -851.007000
1403.650000 -885.803000 1330.540000 -854.410000
1410.760000 -889.676000 1336.680000 -857.800000
1417.880000 -893.492000 1342.810000 -861.141000
1424.950000 -897.306000 1348.940000 -864.483000
1432.070000 -901.181000 1354.990000 -867.780000
1439.110000 -904.904000 1361.100000 -871.068000
1446.130000 -908.709000 1367.160000 -874.329000
1453.120000 -912.450000 1373.190000 -877.551000
1460.080000 -916.129000 1379.190000 -880.737000
1467.010000 -919.805000 1385.160000 -883.902000
1473.830000 -923.379000 1391.050000 -887.060000
1480.380000 -926.898000 1396.840000 -890.162000
1487.160000 -930.441000 1402.610000 -893.245000
1493.760000 -933.936000 1408.370000 -896.311000
1500.440000 -937.425000 1414.070000 -899.339000
1507.180000 -940.892000 1419.740000 -902.321000
1514.340000 -944.584000 1425.370000 -905.273000
1520.890000 -947.959000 1431.010000 -908.217000
1527.510000 -951.357000 1436.590000 -911.120000
1534.120000 -954.745000 1442.130000 -913.970000
1540.710000 -958.076000 1447.630000 -916.790000
1547.160000 -961.356000 1453.080000 -919.615000
1554.060000 -964.868000 1458.460000 -922.423000
1560.470000 -968.159000 1463.800000 -925.253000
1566.930000 -971.506000 1469.100000 -928.069000
1573.600000 -974.964000 1474.390000 -930.924000
1579.930000 -978.259000 1479.590000 -933.808000
1586.340000 -981.699000 1484.750000 -936.733000
1592.870000 -985.346000 1489.800000 -939.692000
1599.020000 -988.832000 1494.790000 -942.686000
1605.550000 -992.361000 1499.690000 -945.654000
1611.200000 -995.679000 1504.580000 -948.637000
1617.160000 -999.021000 1509.400000 -951.579000
1622.910000 -1002.310000 1514.170000 -954.524000
1629.060000 -1005.700000 1518.860000 -957.437000
1634.850000 -1008.890000 1523.490000 -960.255000
1640.570000 -1012.000000 1527.790000 -962.871000
1646.560000 -1015.180000 1530.470000 -964.603000
1652.420000 -1018.230000 1531.240000 -965.213000
1658.470000 -1021.320000 1531.570000 -965.527000
1664.910000 -1024.640000 1531.630000 -965.654000
1670.730000 -1027.630000 1531.770000 -965.827000
1676.600000 -1030.650000 1531.910000 -966.006000
1682.480000 -1033.680000 1532.000000 -966.144000
1688.360000 -1036.680000 1531.930000 -966.152000
1694.300000 -1039.690000 1531.880000 -966.144000
1700.140000 -1042.600000 1531.990000 -966.204000
1705.750000 -1045.380000 1532.080000 -966.208000
1711.500000 -1048.230000 1532.410000 -966.342000
1716.980000 -1050.900000 1533.400000 -966.836000
1722.510000 -1053.610000 1535.510000 -968.120000
1727.740000 -1056.260000 1538.110000 -969.711000
1733.300000 -1059.100000 1540.650000 -971.304000
1738.310000 -1061.670000 1543.160000 -972.890000
1743.480000 -1064.370000 1545.560000 -974.480000
1748.460000 -1066.930000 1547.920000 -976.070000
1753.320000 -1069.500000 1550.170000 -977.620000
1758.090000 -1072.050000 1552.350000 -979.157000
1762.580000 -1074.540000 1554.450000 -980.687000
1766.920000 -1076.970000 1556.450000 -982.212000
1771.240000 -1079.550000 1558.300000 -983.772000
1775.080000 -1082.080000 1559.990000 -985.459000
1778.970000 -1084.900000 1561.470000 -987.279000
1782.600000 -1087.760000 1562.800000 -989.264000
1785.870000 -1090.830000 1563.910000 -991.425000
1788.870000 -1094.080000 1564.860000 -993.818000
1791.810000 -1097.680000 1565.560000 -996.422000
1794.320000 -1101.380000 1566.020000 -999.240000
1796.520000 -1105.200000 1566.230000 -1002.260000
1798.390000 -1109.410000 1566.240000 -1005.520000
1799.860000 -1113.550000 1565.980000 -1008.940000
1800.920000 -1117.820000 1565.470000 -1012.510000
1801.600000 -1122.080000 1564.710000 -1016.210000
1801.980000 -1126.480000 1563.750000 -1020.030000
1801.980000 -1130.900000 1562.540000 -1023.930000
1801.610000 -1135.390000 1561.140000 -1027.900000
1800.920000 -1139.710000 1559.540000 -1031.890000
1799.840000 -1144.130000 1557.740000 -1035.930000
1798.390000 -1148.350000 1555.710000 -1039.940000
1796.580000 -1152.500000 1553.520000 -1043.910000
1794.320000 -1156.610000 1551.130000 -1047.820000
1791.830000 -1160.390000 1548.600000 -1051.640000
1788.950000 -1163.950000 1545.940000 -1055.270000
1785.870000 -1167.220000 1543.180000 -1058.760000
1782.470000 -1170.200000 1540.290000 -1062.020000
1778.710000 -1172.910000 1537.380000 -1065.040000
1774.730000 -1175.280000 1534.400000 -1067.850000
1770.500000 -1177.390000 1531.380000 -1070.410000
1766.050000 -1179.130000 1528.340000 -1072.710000
1761.440000 -1180.570000 1525.270000 -1074.800000
1756.940000 -1181.610000 1522.180000 -1076.620000
1752.020000 -1182.490000 1519.110000 -1078.230000
1747.180000 -1183.120000 1516.030000 -1079.670000
1742.210000 -1183.560000 1512.950000 -1080.960000
1737.060000 -1183.880000 1509.840000 -1082.110000
1732.040000 -1184.110000 1506.730000 -1083.190000
1726.870000 -1184.270000 1503.610000 -1084.200000
1721.940000 -1184.350000 1500.520000 -1085.160000
1716.800000 -1184.430000 1497.390000 -1086.080000
1711.640000 -1184.460000 1494.250000 -1086.980000
1706.390000 -1184.490000 1491.050000 -1087.830000
1701.460000 -1184.470000 1487.870000 -1088.650000
1696.300000 -1184.440000 1484.750000 -1089.440000
1691.300000 -1184.410000 1481.700000 -1090.220000
1686.330000 -1184.290000 1478.670000 -1090.950000
1681.430000 -1184.070000 1475.750000 -1091.580000
1676.650000 -1183.690000 1472.920000 -1092.030000
1672.050000 -1183.060000 1470.260000 -1092.300000
1667.600000 -1182.230000 1467.750000 -1092.290000
1663.340000 -1181.070000 1465.400000 -1091.970000
1659.250000 -1179.560000 1463.250000 -1091.360000
1655.260000 -1177.690000 1461.310000 -1090.400000
1651.530000 -1175.420000 1459.570000 -1089.060000
1648.100000 -1172.830000 1458.150000 -1087.390000
1644.890000 -1169.780000 1456.970000 -1085.330000
1642.170000 -1166.600000 1456.120000 -1082.980000
1639.830000 -1163.130000 1455.570000 -1080.320000
1637.900000 -1159.470000 1455.380000 -1077.440000
1636.340000 -1155.590000 1455.450000 -1074.290000
1635.130000 -1151.470000 1455.810000 -1070.980000
1634.270000 -1147.320000 1456.410000 -1067.480000
1633.840000 -1143.290000 1457.290000 -1063.860000
1633.920000 -1138.870000 1458.490000 -1060.130000
1634.360000 -1134.720000 1459.940000 -1056.320000
1635.250000 -1130.490000 1461.670000 -1052.490000
1636.620000 -1126.300000 1463.670000 -1048.680000
1638.330000 -1122.240000 1465.900000 -1044.840000
1640.430000 -1118.200000 1468.320000 -1041.030000
1642.660000 -1114.430000 1470.860000 -1037.190000
1645.310000 -1110.470000 1473.550000 -1033.400000
1648.090000 -1106.570000 1476.340000 -1029.570000
1650.970000 -1102.720000 1479.210000 -1025.700000
1653.990000 -1098.720000 1482.090000 -1021.750000
1657.050000 -1094.730000 1485.020000 -1017.750000
