1 0.000947339 0.000955294 0.00157056 -0.000943151 0.99999 -0.0044113 -0.00557984 -0.000959411 0.00441031 0.99999 0.98983
0.999997 -0.00172067 0.00164128 0.00962603 0.00172966 0.999984 -0.00545447 -0.00449034 -0.0016318 0.00545731 0.999984 1.93297
0.999994 -0.00318224 0.00177382 0.0120793 0.00318527 0.999993 -0.00175064 0.000505626 -0.00176822 0.00175618 0.999997 2.89672
0.999977 -0.00682246 0.000135876 0.0315722 0.00682196 0.99997 0.00404991 0.00203997 -0.000163458 -0.00404885 0.999993 3.85065
0.999948 -0.0101832 -0.000945863 0.0308483 0.0101869 0.99994 0.00403248 0.00459856 0.000904781 -0.00404193 0.999992 4.82373
0.999908 -0.0133162 -0.00276341 0.0366788 0.0133199 0.999912 0.00127973 0.0128263 0.00274617 -0.00131639 0.999997 5.78765
0.999896 -0.0140443 -0.00362444 0.0388622 0.0140365 0.999899 -0.00211412 0.012551 0.00365381 0.00206301 0.999992 6.72458
0.999888 -0.014248 -0.00465395 0.0310548 0.0142352 0.999896 -0.0027793 0.0174819 0.0046931 0.00271277 0.999987 7.66368
0.999882 -0.0139534 -0.00650552 0.0290507 0.0139487 0.999903 -0.000753002 0.0158786 0.00651541 0.000662154 0.999979 8.60984
0.999875 -0.0136937 -0.00798537 0.0284506 0.0137106 0.999905 0.00204643 0.0162041 0.00795662 -0.00215563 0.999967 9.5597
0.999858 -0.0142092 -0.00912327 0.0138159 0.0142442 0.999892 0.0037995 0.0166194 0.00906831 -0.00392894 0.999952 10.512
0.999838 -0.0154893 -0.00929234 0.00103097 0.0155357 0.999869 0.00493211 0.0168579 0.00921476 -0.00507567 0.999946 11.4408
0.999825 -0.0156504 -0.0103386 -0.00991419 0.0157062 0.999863 0.00535297 0.0182023 0.0102534 -0.00551448 0.999933 12.3732
0.999812 -0.0159224 -0.0111613 -0.0181779 0.0159707 0.999865 0.00423761 0.0198127 0.0110923 -0.00441506 0.999931 13.3033
0.999786 -0.0162863 -0.0128241 -0.0336838 0.0163156 0.999865 0.00219806 0.0235881 0.0127865 -0.0024069 0.999917 14.2583
0.999732 -0.0174747 -0.0152156 -0.0362636 0.0174922 0.999848 0.00101364 0.0244836 0.0151956 -0.00127954 0.999885 15.1869
0.999697 -0.0171331 -0.0177486 -0.0419343 0.0171432 0.999854 0.000427178 0.024162 0.0177386 -0.000731414 0.999844 16.117
0.99968 -0.0155304 -0.0199998 -0.0538555 0.0155266 0.999881 -0.000353023 0.0249055 0.020003 4.23591e-05 0.999802 17.0255
0.999653 -0.0138646 -0.0224504 -0.0699013 0.0138605 0.999905 -0.000332836 0.0277166 0.0224529 2.14472e-05 0.99975 17.9303
0.999583 -0.0147111 -0.0248632 -0.0808931 0.0147368 0.999892 0.000844874 0.0242535 0.0248481 -0.00121094 0.999692 18.8323
0.999539 -0.0142573 -0.0268376 -0.104195 0.0143243 0.999895 0.00230829 0.0229311 0.0268019 -0.00269175 0.999639 19.7622
0.999486 -0.0138895 -0.0289156 -0.124892 0.0140076 0.999895 0.00388217 0.0149384 0.0288587 -0.00428524 0.999576 20.6651
0.99941 -0.0148376 -0.031007 -0.147395 0.0149654 0.999881 0.00389687 0.0170212 0.0309456 -0.0043587 0.999514 21.5649
0.999355 -0.015018 -0.0326275 -0.180239 0.0151359 0.99988 0.00336684 0.020046 0.0325731 -0.00385853 0.999463 22.4684
0.999369 -0.0149278 -0.0322748 -0.239018 0.0150536 0.999881 0.00365918 0.0242982 0.0322164 -0.00414278 0.999474 23.3447
0.999357 -0.0147409 -0.0326961 -0.281096 0.0149209 0.999876 0.00526497 0.0309271 0.0326145 -0.00574943 0.999454 24.2191
0.999302 -0.015612 -0.0339806 -0.305127 0.0158883 0.999844 0.00787804 0.0370317 0.0338523 -0.0084125 0.999394 25.0906
0.999265 -0.015231 -0.0351964 -0.329983 0.0155654 0.999837 0.00924399 0.0420757 0.0350499 -0.00978504 0.99934 25.9585
0.99919 -0.0151656 -0.0373118 -0.349632 0.0154559 0.999854 0.00750416 0.0540757 0.0371925 -0.00807482 0.999278 26.819
0.999097 -0.0140362 -0.040129 -0.367099 0.0142381 0.999888 0.00474881 0.0617461 0.0400578 -0.00531588 0.999185 27.6559
0.999014 -0.0135568 -0.0423123 -0.388588 0.0136855 0.999904 0.00275256 0.0688844 0.0422709 -0.00332899 0.999103 28.4812
0.998973 -0.0119474 -0.0437285 -0.419381 0.0120539 0.999926 0.00217182 0.0754541 0.0436993 -0.00269669 0.999043 29.3059
0.998924 -0.0117845 -0.0448876 -0.456584 0.0118743 0.999929 0.00173419 0.0741554 0.044864 -0.00226538 0.998993 30.1055
0.99886 -0.0111207 -0.0464351 -0.498371 0.0111738 0.999938 0.000885566 0.0720449 0.0464224 -0.00140342 0.998923 30.8999
0.99882 -0.010397 -0.047472 -0.549415 0.0104347 0.999946 0.000549477 0.0784029 0.0474638 -0.00104427 0.998875 31.6792
0.998717 -0.0104227 -0.0495696 -0.584171 0.010472 0.999946 0.000735693 0.0942481 0.0495593 -0.00125382 0.998773 32.4666
0.998644 -0.0105629 -0.0510201 -0.633727 0.0107181 0.99994 0.00277108 0.0988437 0.0509879 -0.00331422 0.998697 33.2178
0.998516 -0.0099886 -0.0535441 -0.672539 0.0102144 0.999941 0.00394388 0.103315 0.0535017 -0.00448497 0.99856 33.9819
0.998419 -0.00899166 -0.0555178 -0.711669 0.00923235 0.99995 0.00408185 0.107794 0.0554785 -0.00458802 0.998452 34.7284
0.998285 -0.00650871 -0.0581851 -0.751697 0.0067172 0.999973 0.00338762 0.109502 0.0581616 -0.00377267 0.998302 35.473
0.998186 -0.00504975 -0.0600104 -0.799002 0.00524369 0.999983 0.00307572 0.108062 0.059994 -0.0033849 0.998197 36.196
0.998094 -0.00471502 -0.0615412 -0.847763 0.00499391 0.999979 0.00437802 0.111416 0.0615194 -0.00467702 0.998097 36.9123
0.998033 -0.00328487 -0.0626261 -0.899569 0.00368256 0.999975 0.00623649 0.116134 0.0626042 -0.00645492 0.998021 37.6223
0.998051 -0.000394315 -0.0624136 -0.95193 0.000816763 0.999978 0.00674255 0.118848 0.0624096 -0.00678039 0.99803 38.3112
0.998124 0.00266244 -0.0611892 -1.004 -0.00238023 0.999988 0.00468497 0.120664 0.061201 -0.00453061 0.998119 38.9978
0.9982 0.00445228 -0.059819 -1.04083 -0.00434757 0.99999 0.00188057 0.118857 0.0598268 -0.00161707 0.99821 39.6856
0.998339 0.00503308 -0.0574153 -1.08671 -0.00502926 0.999989 0.000211809 0.123448 0.0574159 7.72502e-05 0.998354 40.3548
0.998495 0.00608844 -0.0545228 -1.12397 -0.00605886 0.999982 0.000706465 0.133217 0.0545262 -0.000375002 0.998515 41.0339
0.998616 0.0107861 -0.0514999 -1.16187 -0.0106529 0.999941 0.00286135 0.141172 0.0515278 -0.00230883 0.998673 41.7062
0.998772 0.0147934 -0.0473077 -1.20872 -0.0145001 0.999875 0.00653365 0.138338 0.0473985 -0.00583966 0.998862 42.3165
0.998915 0.0196618 -0.0422422 -1.25063 -0.0193673 0.999787 0.00737148 0.145751 0.0423781 -0.0065454 0.999085 42.9579
0.999103 0.0232092 -0.0354662 -1.3014 -0.0229707 0.999713 0.00711489 0.160743 0.035621 -0.00629384 0.99935 43.5607
0.999232 0.0270081 -0.028458 -1.34237 -0.0267641 0.999604 0.00892206 0.168146 0.0286876 -0.0081535 0.99956 44.1287
0.999268 0.0319954 -0.0210647 -1.37011 -0.0317883 0.999446 0.0100875 0.171262 0.0213756 -0.00941051 0.999732 44.6979
0.999283 0.0356923 -0.0127647 -1.40091 -0.0355712 0.999324 0.00959974 0.175229 0.0130986 -0.00913877 0.999877 45.2448
0.999233 0.0388215 -0.00561519 -1.40184 -0.0387639 0.9992 0.0100155 0.172756 0.00599925 -0.00979021 0.99994 45.7689
0.999063 0.0433036 0.0015667 -1.40405 -0.0433166 0.99902 0.00936002 0.179756 -0.00116002 -0.00941904 0.99996 46.3023
0.998864 0.0469066 0.00860303 -1.39678 -0.0469572 0.998882 0.00579164 0.196235 -0.00832211 -0.00618912 0.999952 46.7919
0.998655 0.0490006 0.0170663 -1.40169 -0.0490497 0.998796 0.00246297 0.201976 -0.0169253 -0.00329667 0.999856 47.2651
0.998472 0.0494343 0.0248133 -1.38864 -0.0495072 0.998774 0.00233102 0.204397 -0.0246681 -0.0035561 0.999696 47.6724
0.998265 0.0489743 0.0327494 -1.37352 -0.0491123 0.99879 0.00341909 0.207243 -0.0325426 -0.00502147 0.999463 48.0545
0.997898 0.0507604 0.0403609 -1.35289 -0.0509517 0.998696 0.0037242 0.219628 -0.0401197 -0.005773 0.999186 48.44
0.997287 0.0544029 0.0496341 -1.34213 -0.0546606 0.998503 0.00384382 0.222203 -0.049351 -0.00654647 0.998767 48.7539
0.996566 0.0586923 0.0584683 -1.32917 -0.0589801 0.998256 0.00320686 0.227498 -0.0581787 -0.00664449 0.998292 49.0587
0.995732 0.0625021 0.0679461 -1.32013 -0.0628089 0.998027 0.00238426 0.250108 -0.0676632 -0.00664175 0.997694 49.3683
0.995131 0.0617086 0.0769107 -1.28222 -0.062124 0.998066 0.00301644 0.252446 -0.0765766 -0.00777995 0.997042 49.6466
0.994192 0.0605737 0.0889551 -1.27859 -0.0609035 0.998147 0.00099344 0.253563 -0.0887305 -0.00640543 0.996039 49.9124
0.993219 0.0588061 0.100305 -1.2134 -0.0588306 0.998267 -0.00271552 0.243531 -0.100292 -0.00320427 0.99496 50.1339
0.991819 0.0596589 0.112853 -1.15475 -0.0593184 0.998223 -0.0063768 0.238935 -0.113033 -0.000369752 0.993595 50.379
0.989915 0.0607551 0.127981 -1.11102 -0.0602135 0.998155 -0.00810012 0.23083 -0.128238 0.000311874 0.99175 50.6274
0.987574 0.062368 0.144251 -1.0687 -0.0616354 0.998057 -0.00954765 0.234949 -0.144566 0.000537934 0.989499 50.8871
0.98494 0.0624214 0.161241 -1.0206 -0.0614551 0.998052 -0.0109774 0.239529 -0.161613 0.000902712 0.98686 51.1501
0.981787 0.061864 0.179628 -0.963827 -0.0605383 0.998087 -0.012859 0.253298 -0.18008 0.00175031 0.983654 51.4081
0.97811 0.061201 0.198896 -0.893283 -0.0597181 0.998127 -0.0134517 0.254154 -0.199347 0.00127921 0.979936 51.6487
0.973965 0.0613242 0.218248 -0.806199 -0.0596671 0.998122 -0.0141824 0.241915 -0.218708 0.000790814 0.975794 51.8649
0.968718 0.0634954 0.239918 -0.736603 -0.0610489 0.997983 -0.0176243 0.263855 -0.240553 0.00242585 0.970644 52.1676
0.962823 0.0644881 0.262319 -0.636903 -0.0614436 0.997918 -0.0198017 0.260916 -0.263051 0.00294754 0.964781 52.4245
0.955814 0.0653876 0.286624 -0.544851 -0.0621493 0.997863 -0.0203922 0.247522 -0.287345 0.00167732 0.957837 52.665
0.947614 0.067913 0.312111 -0.432013 -0.0646951 0.997696 -0.0206667 0.233055 -0.312796 -0.000608217 0.949825 52.9334
0.938162 0.0694857 0.339164 -0.312713 -0.06615 0.997584 -0.0214018 0.222727 -0.339832 -0.00235766 0.940495 53.1854
0.927612 0.0702807 0.366869 -0.159445 -0.0665949 0.997526 -0.0227118 0.216129 -0.367558 -0.0033641 0.93 53.4481
0.915985 0.0683329 0.395364 0.0235715 -0.0637769 0.997664 -0.0246732 0.207432 -0.396127 -0.0026152 0.918206 53.7033
0.902168 0.0654061 0.426393 0.215202 -0.0593554 0.997863 -0.0274804 0.197322 -0.42728 -0.000517004 0.904124 53.9442
0.886042 0.0640473 0.459171 0.422084 -0.0560173 0.997949 -0.0311051 0.179262 -0.460222 0.0018384 0.887817 54.1943
0.867918 0.0658097 0.492327 0.643842 -0.0554063 0.997831 -0.0357048 0.162534 -0.493609 0.00371068 0.869682 54.4411
0.847994 0.0673061 0.525726 0.890091 -0.054825 0.997726 -0.0393023 0.141087 -0.527177 0.00450472 0.84976 54.6667
0.825999 0.0700735 0.559296 1.1631 -0.0559272 0.99754 -0.0423833 0.119709 -0.56089 0.00372863 0.827887 54.8778
0.801716 0.0736903 0.593156 1.44588 -0.0587158 0.997285 -0.0445372 0.097907 -0.594828 0.000878096 0.80387 55.0782
0.774987 0.0780916 0.627131 1.76872 -0.0624501 0.996948 -0.0469673 0.0769859 -0.628885 -0.0027654 0.777499 55.2976
0.745427 0.0791388 0.661883 2.08566 -0.0618654 0.99686 -0.0495175 0.0579091 -0.663723 -0.00403649 0.747985 55.4974
0.712142 0.0769894 0.697799 2.39521 -0.058334 0.997026 -0.0504698 0.0430841 -0.69961 -0.00476378 0.714515 55.6832
0.675613 0.0761 0.73333 2.71328 -0.0560498 0.997086 -0.0518339 0.0234375 -0.735138 -0.0060836 0.677913 55.8861
0.635582 0.0756619 0.768315 3.01455 -0.0541146 0.99711 -0.0534266 0.00743435 -0.770138 -0.00762017 0.63784 56.0807
0.591214 0.0756954 0.802968 3.39304 -0.0508951 0.997108 -0.0565253 -0.0132297 -0.804924 -0.00744879 0.59336 56.3097
0.544304 0.0749504 0.835531 3.80243 -0.0478177 0.997159 -0.0582979 -0.0344664 -0.837528 -0.00822154 0.546342 56.5448
0.496838 0.0725812 0.864814 4.24798 -0.0458226 0.997305 -0.057377 -0.0686113 -0.866649 -0.0111212 0.498828 56.7662
0.448357 0.0704404 0.891073 4.70582 -0.046278 0.997388 -0.0555588 -0.101557 -0.89266 -0.0163272 0.450447 56.9632
0.399491 0.0702415 0.914054 5.15445 -0.0491693 0.997272 -0.0551483 -0.126023 -0.915434 -0.0229121 0.401857 57.131
0.351096 0.0699675 0.933721 5.66639 -0.0467119 0.997277 -0.0571652 -0.153003 -0.935178 -0.0235458 0.353411 57.3047
0.307343 0.0658579 0.94933 6.1419 -0.0350571 0.997714 -0.0578662 -0.183472 -0.950969 -0.0154964 0.308952 57.3689
0.265711 0.0592787 0.962229 6.63109 -0.0221276 0.998226 -0.0553858 -0.21619 -0.963804 -0.00657537 0.266553 57.4205
0.226005 0.0577337 0.972427 7.16675 -0.0133643 0.998338 -0.0561674 -0.244541 -0.974051 -0.000302342 0.226404 57.4738
0.18967 0.0592716 0.980057 7.75382 -0.0110763 0.998249 -0.058228 -0.274798 -0.981791 0.000188488 0.189996 57.551
0.159364 0.0594786 0.985439 8.27949 -0.00302937 0.998215 -0.0597611 -0.305996 -0.987232 0.00653771 0.159262 57.5654
0.132415 0.0575501 0.989523 8.83063 0.00366017 0.998285 -0.0585495 -0.34027 -0.991193 0.0113746 0.13198 57.5832
0.108232 0.0552418 0.992603 9.43476 0.0107177 0.998339 -0.056731 -0.374314 -0.994085 0.0167773 0.107463 57.6211
0.0890676 0.0540012 0.994561 10.0299 0.015749 0.998336 -0.0556164 -0.398761 -0.995907 0.0206169 0.0880716 57.6529
0.0737862 0.0556284 0.995735 10.6309 0.0183248 0.998205 -0.0571257 -0.42832 -0.997123 0.0224604 0.0726376 57.6796
0.0618951 0.0559856 0.996512 11.2259 0.0189464 0.998187 -0.0572565 -0.451158 -0.99791 0.0224242 0.060725 57.692
0.0507419 0.0568596 0.997106 11.8716 0.0196026 0.998136 -0.0579173 -0.484808 -0.998537 0.0224836 0.049536 57.719
0.0433089 0.0598145 0.997271 12.5055 0.0239397 0.997865 -0.0608898 -0.510084 -0.998781 0.0265114 0.0417874 57.7172
0.0370713 0.0615207 0.997431 13.1405 0.0290609 0.997621 -0.0626141 -0.537868 -0.998908 0.0313062 0.0351986 57.7362
0.0333131 0.0606966 0.997602 13.8061 0.0296503 0.997663 -0.0616904 -0.573029 -0.999012 0.0316344 0.0314384 57.7407
0.0293194 0.0581422 0.997893 14.4924 0.0276074 0.997885 -0.0589545 -0.604888 -0.999207 0.0292764 0.0276557 57.7805
0.0265545 0.0510601 0.998345 15.1793 0.025933 0.998331 -0.0517494 -0.639647 -0.999318 0.0272643 0.0251888 57.8046
0.025678 0.0451804 0.998664 15.8444 0.0273982 0.998577 -0.0458825 -0.672946 -0.999314 0.0285383 0.024407 57.8127
0.0260917 0.042645 0.998752 16.58 0.03019 0.998609 -0.0434278 -0.697554 -0.999211 0.0312855 0.0247709 57.8106
0.0255733 0.0443418 0.998704 17.2869 0.0334214 0.998426 -0.0451868 -0.732035 -0.999134 0.034532 0.0240545 57.8385
0.0262212 0.0509969 0.998358 18.0281 0.0349423 0.99805 -0.0518989 -0.768018 -0.999053 0.0362457 0.0243912 57.8623
0.0285949 0.058266 0.997907 18.7716 0.0359575 0.9976 -0.0592802 -0.805521 -0.998965 0.0375757 0.0264346 57.8819
0.0289333 0.0582496 0.997886 19.4807 0.0371224 0.997559 -0.0593069 -0.846931 -0.998899 0.03876 0.0267034 57.9323
0.0298128 0.0539385 0.998115 20.2447 0.036274 0.997834 -0.0550085 -0.880539 -0.998919 0.0378439 0.0277952 57.9824
0.030853 0.0482712 0.998361 21.0056 0.0352333 0.99817 -0.049351 -0.910873 -0.99891 0.0366982 0.0290988 58.0317
0.0318244 0.0470637 0.998401 21.79 0.0328266 0.998311 -0.0481074 -0.942127 -0.998976 0.0343035 0.0302292 58.0976
0.0340318 0.0518877 0.998078 22.489 0.0406419 0.997763 -0.0532574 -0.978193 -0.998603 0.0423763 0.0318502 58.1287
0.0371692 0.0572396 0.997684 23.222 0.0427264 0.997363 -0.0588146 -1.00997 -0.998417 0.044812 0.034629 58.1485
0.0387751 0.0580342 0.997567 23.9701 0.0367199 0.997565 -0.0594617 -1.04638 -0.998582 0.0389361 0.036553 58.205
0.0421281 0.0546806 0.997629 24.7499 0.0325183 0.997906 -0.0560703 -1.08608 -0.998601 0.0348021 0.0402654 58.253
0.0458247 0.0509792 0.997654 25.5124 0.0362905 0.997963 -0.0526623 -1.12808 -0.998299 0.0386185 0.0438846 58.3026
0.0490005 0.0520852 0.997455 26.1908 0.0416073 0.997676 -0.0541421 -1.15854 -0.99795 0.0441529 0.0467234 58.3176
0.0513316 0.0566132 0.997083 26.9919 0.0416358 0.997412 -0.0587759 -1.19986 -0.997823 0.0445313 0.0488453 58.379
0.0521075 0.0569619 0.997032 27.7469 0.0388363 0.997511 -0.0590205 -1.2465 -0.997905 0.0417952 0.0497696 58.4894
0.0555179 0.056579 0.996861 28.5719 0.0380156 0.99756 -0.0587364 -1.29037 -0.997744 0.0411572 0.0532353 58.5475
0.0598756 0.0532426 0.996803 29.2873 0.0422826 0.997556 -0.0558242 -1.33003 -0.99733 0.0454886 0.0574821 58.5623
0.0636828 0.052811 0.996581 30.0357 0.0472127 0.997331 -0.0558685 -1.37923 -0.996864 0.0506091 0.0610232 58.6012
0.0669907 0.0527757 0.996376 30.8645 0.0499106 0.997184 -0.056176 -1.43446 -0.996526 0.0534914 0.0641721 58.6726
0.0707371 0.0526517 0.996114 31.62 0.0503836 0.997154 -0.0562852 -1.46891 -0.996232 0.0541693 0.0678867 58.7023
0.0751192 0.051511 0.995862 32.3951 0.0519755 0.997116 -0.0554982 -1.50122 -0.99584 0.0559277 0.0722292 58.7425
0.0791044 0.0505502 0.995593 33.1866 0.0539415 0.997044 -0.0549105 -1.53701 -0.995416 0.0580475 0.0761475 58.7951
0.0831626 0.0517492 0.995211 34.0279 0.0521538 0.997068 -0.0562058 -1.56185 -0.995191 0.0565766 0.0802237 58.8463
0.0866827 0.0536975 0.994798 34.7985 0.0494437 0.997096 -0.0581305 -1.59869 -0.995019 0.0542256 0.0837796 58.9135
0.0896477 0.0534955 0.994554 35.5765 0.0511723 0.997002 -0.0582416 -1.63828 -0.994679 0.0561132 0.0866452 58.9859
0.0927017 0.0527662 0.994305 36.3034 0.0492089 0.997144 -0.0575055 -1.68541 -0.994489 0.0542596 0.0898438 59.0483
0.0964757 0.0529512 0.993945 37.0869 0.0475219 0.997213 -0.0577397 -1.72716 -0.994221 0.0528029 0.0936942 59.101
0.100046 0.0528473 0.99359 37.8725 0.044668 0.997355 -0.0575461 -1.77516 -0.993993 0.0501389 0.0974238 59.1721
0.104464 0.0545116 0.993053 38.6418 0.0434381 0.997307 -0.0593163 -1.82029 -0.9936 0.049331 0.101818 59.2389
0.107688 0.0574301 0.992537 39.473 0.0421208 0.997182 -0.0622699 -1.87527 -0.993306 0.0485121 0.104969 59.3447
0.112277 0.0584611 0.991976 40.2103 0.0417119 0.997124 -0.0634875 -1.93305 -0.992822 0.0485034 0.109519 59.4033
0.115047 0.0602135 0.991547 41.0178 0.0355991 0.997283 -0.0646932 -1.98769 -0.992736 0.0427409 0.112594 59.5096
0.118881 0.0590852 0.99117 41.8068 0.0315032 0.997515 -0.0632439 -2.03993 -0.99243 0.0387417 0.116728 59.5962
0.122451 0.0591415 0.990725 42.5698 0.0337259 0.997412 -0.0637101 -2.09042 -0.991916 0.0412144 0.120143 59.686
0.126259 0.0601991 0.99019 43.3829 0.0328847 0.997369 -0.0648304 -2.14236 -0.991473 0.0407454 0.12395 59.7947
0.129782 0.0605904 0.989705 44.1847 0.0288987 0.997489 -0.0648576 -2.19563 -0.991136 0.0370184 0.127709 59.915
0.133966 0.0580547 0.989305 44.9777 0.0278117 0.997684 -0.0623143 -2.24368 -0.990617 0.0358603 0.132045 60.0259
0.138871 0.0579518 0.988629 45.7687 0.0279937 0.997671 -0.0624152 -2.29269 -0.98993 0.0363429 0.136928 60.1308
0.144692 0.0612048 0.987604 46.559 0.02454 0.997571 -0.0654196 -2.34643 -0.989194 0.0336996 0.142841 60.2425
0.150341 0.0698757 0.986179 47.3676 0.0228555 0.997001 -0.074128 -2.39992 -0.988385 0.0336841 0.148296 60.3828
0.157304 0.0745735 0.984753 48.1444 0.021122 0.996678 -0.0788524 -2.44892 -0.987346 0.033202 0.155209 60.5267
0.163709 0.0781576 0.983426 49.0007 0.0164779 0.996516 -0.0819422 -2.50463 -0.986387 0.0296196 0.161853 60.6985
0.17063 0.0766932 0.982368 49.824 0.0129562 0.996721 -0.080066 -2.56368 -0.985272 0.0263878 0.169079 60.864
0.178057 0.0751216 0.981167 50.6421 0.0129432 0.996832 -0.0786711 -2.62171 -0.983951 0.0267075 0.176523 61.0253
0.184819 0.0719733 0.980156 51.4357 0.0125494 0.997076 -0.0755839 -2.67721 -0.982714 0.026268 0.183378 61.1861
0.193479 0.0667376 0.978851 52.2813 0.0106104 0.997499 -0.0701076 -2.73331 -0.981063 0.0239505 0.192289 61.3422
0.200362 0.0596534 0.977927 53.1134 0.00798123 0.998028 -0.0625165 -2.7874 -0.979711 0.0203293 0.199492 61.5248
0.207158 0.0571888 0.976655 53.9617 0.00785971 0.998177 -0.0601176 -2.84563 -0.978293 0.0201301 0.206333 61.7259
0.214429 0.0590328 0.974976 54.7507 0.00696206 0.99807 -0.0619639 -2.89826 -0.976737 0.020073 0.213605 61.8899
0.220483 0.0646963 0.973264 55.5768 0.0074241 0.997674 -0.0680021 -2.96123 -0.97538 0.0222188 0.219491 62.0905
0.225799 0.0676551 0.971844 56.3929 0.0059352 0.997488 -0.0708209 -3.02376 -0.974178 0.0217577 0.224831 62.2915
0.230865 0.0704178 0.970455 57.1868 0.00446046 0.997307 -0.0734286 -3.08412 -0.972993 0.0212807 0.229931 62.4854
0.23727 0.0704089 0.968912 57.9589 0.0017383 0.997354 -0.0729032 -3.13746 -0.971466 0.0189804 0.236521 62.6634
0.243556 0.0673831 0.967565 58.71 0.00573322 0.997483 -0.0709112 -3.18549 -0.969887 0.022818 0.242559 62.8275
0.24924 0.0608298 0.966552 59.4797 0.0069736 0.997903 -0.0646029 -3.2313 -0.968441 0.0228404 0.248294 63.0132
0.252883 0.0550056 0.965954 60.2596 0.00519576 0.998308 -0.0582095 -3.27815 -0.9675 0.019739 0.252171 63.2321
0.257096 0.0519121 0.965014 61.0226 0.00164664 0.998548 -0.0541565 -3.32542 -0.966408 0.015511 0.256638 63.4424
0.261472 0.0518206 0.96384 61.744 0.0005416 0.998567 -0.0538359 -3.36936 -0.965228 0.0145985 0.26107 63.6291
0.265589 0.0539686 0.962598 62.4808 -0.00082636 0.998461 -0.055753 -3.40818 -0.96411 0.0140105 0.265225 63.8163
0.267479 0.0581644 0.961829 63.198 -0.0047539 0.998261 -0.0590469 -3.4531 -0.963568 0.0112213 0.267292 64.0262
0.270701 0.0620539 0.960686 63.8853 -0.00570601 0.998023 -0.0628597 -3.50236 -0.962672 0.011533 0.270521 64.2068
0.274317 0.0665778 0.959354 64.5768 -0.00563169 0.997712 -0.0676308 -3.55103 -0.96164 0.0131494 0.274065 64.3973
0.276593 0.0685175 0.958566 65.2573 -0.00462789 0.997555 -0.0699709 -3.59408 -0.961001 0.0149158 0.276234 64.5874
0.278124 0.0684339 0.958127 65.9449 -0.00671851 0.997591 -0.0693036 -3.63864 -0.960539 0.0128377 0.277915 64.7999
0.277924 0.0652844 0.958407 66.5824 -0.00541264 0.997796 -0.0663997 -3.67444 -0.960614 0.0132649 0.277665 64.9912
0.277704 0.0636745 0.958577 67.2437 -0.00607735 0.997916 -0.0645283 -3.71404 -0.960664 0.0120941 0.277514 65.1958
0.278166 0.0625923 0.958517 67.878 -0.00471278 0.997969 -0.0638027 -3.75229 -0.960547 0.0132289 0.277897 65.3663
0.277033 0.0612617 0.958928 68.523 -0.00433279 0.998053 -0.0625108 -3.79575 -0.960868 0.0131625 0.27676 65.5541
0.277009 0.0620729 0.958886 69.1467 -0.00523254 0.998011 -0.063096 -3.83514 -0.960879 0.0124591 0.276783 65.7121
0.274267 0.0649743 0.959479 69.7651 -0.00639424 0.997834 -0.0657453 -3.87722 -0.96165 0.0118964 0.27409 65.9004
0.271584 0.0685522 0.959996 70.3545 -0.00429846 0.997554 -0.0700202 -3.91674 -0.962431 0.0148883 0.271215 66.0694
0.27006 0.0698055 0.960332 70.9613 -0.00120908 0.997409 -0.072162 -3.93938 -0.96286 0.0183266 0.269447 66.2321
0.267957 0.0687923 0.960998 71.551 -0.00172039 0.997499 -0.0709274 -3.97794 -0.963455 0.0173506 0.267405 66.4001
0.265443 0.0661647 0.961876 72.1367 -0.00212982 0.997697 -0.0680424 -4.01632 -0.964141 0.0160125 0.264975 66.5628
0.262928 0.0624407 0.96282 72.712 -0.00191447 0.997954 -0.0641984 -4.05677 -0.964839 0.0150347 0.262511 66.7253
0.261147 0.0608622 0.963401 73.2564 0.00258866 0.997979 -0.0637499 -4.09518 -0.965313 0.0191416 0.260464 66.8642
0.260335 0.0619599 0.963555 73.8107 0.00652971 0.997823 -0.0659294 -4.13098 -0.965522 0.0234537 0.259365 66.9913
0.257977 0.0632608 0.964101 74.3522 0.0104387 0.99763 -0.0682557 -4.17241 -0.966112 0.0276718 0.256708 67.1269
0.256755 0.0648845 0.964323 74.8951 0.00937698 0.997549 -0.0696186 -4.21457 -0.966456 0.0269155 0.255518 67.263
0.255729 0.0674866 0.964414 75.4426 0.00859012 0.99738 -0.0720729 -4.2547 -0.966727 0.0267151 0.254482 67.4059
0.25354 0.0651511 0.965156 75.9819 0.0095953 0.997531 -0.0698591 -4.31063 -0.967303 0.0269712 0.25229 67.5597
0.254447 0.0622388 0.965106 76.5477 0.0158888 0.99754 -0.0685212 -4.35464 -0.966973 0.0327688 0.252835 67.6946
0.257607 0.0597794 0.964425 77.1117 0.0210087 0.997521 -0.0674442 -4.3907 -0.966047 0.0376332 0.255713 67.8119
0.260708 0.0583521 0.963677 77.6715 0.0240754 0.997485 -0.0669142 -4.42893 -0.965136 0.0406451 0.258649 67.9348
0.264383 0.0581345 0.962691 78.2427 0.0219474 0.997581 -0.0662707 -4.46733 -0.964194 0.0386473 0.262468 68.0986
0.268353 0.0589899 0.961538 78.8204 0.02083 0.997552 -0.0670146 -4.50264 -0.963114 0.0380116 0.266469 68.2995
0.274981 0.0579066 0.959732 79.3844 0.0229636 0.997524 -0.0667683 -4.52549 -0.961203 0.0403968 0.27297 68.4618
0.281877 0.058499 0.957691 79.9774 0.0216285 0.997516 -0.0672996 -4.55291 -0.959226 0.0396827 0.279914 68.6679
0.290923 0.0567734 0.955089 80.5487 0.0222431 0.997589 -0.0660769 -4.57808 -0.956516 0.0404653 0.288958 68.8264
0.300182 0.0575209 0.952172 81.1489 0.0183229 0.997666 -0.0660477 -4.61374 -0.953726 0.0372719 0.298429 69.0196
0.310158 0.0574907 0.948974 81.7275 0.0169906 0.997697 -0.0659976 -4.64968 -0.950561 0.0365914 0.308466 69.2022
0.319776 0.0617071 0.945509 82.3257 0.0117362 0.99756 -0.0690756 -4.68618 -0.947442 0.0331844 0.318272 69.4172
0.328317 0.0643921 0.9424 82.8922 0.00813987 0.997466 -0.0709925 -4.71785 -0.944562 0.0309774 0.326959 69.6286
0.33691 0.0679922 0.939108 83.5696 0.00388073 0.997299 -0.0736002 -4.76126 -0.941552 0.0284404 0.335738 69.9712
0.34833 0.0701125 0.934777 84.1711 0.00234953 0.997153 -0.0756689 -4.79675 -0.937399 0.0285522 0.347172 70.1618
0.358561 0.0714109 0.930801 84.8231 -0.00055125 0.997105 -0.0762881 -4.83276 -0.933529 0.02684 0.357564 70.4224
0.368986 0.0719413 0.926678 85.4522 -0.0010774 0.997054 -0.0769784 -4.87226 -0.929465 0.0274038 0.367975 70.6816
0.379345 0.0731113 0.922393 86.1072 -0.00527267 0.997047 -0.076863 -4.91615 -0.925264 0.0242934 0.378611 70.9604
0.389167 0.0684632 0.918652 86.7613 -0.00495191 0.997398 -0.0722366 -4.96095 -0.921184 0.0235612 0.38849 71.2587
0.400483 0.0613044 0.914282 87.4098 -0.00115882 0.997812 -0.0664004 -5.0009 -0.916327 0.025532 0.399679 71.5117
0.410599 0.0565209 0.910098 88.061 0.00127258 0.998064 -0.062561 -5.04378 -0.911848 0.0268435 0.409729 71.815
0.421009 0.0532154 0.905526 88.7742 0.000471826 0.998285 -0.058889 -5.08933 -0.907081 0.0252194 0.420262 72.1527
0.429887 0.0495757 0.901557 89.452 0.00732249 0.99829 -0.0583897 -5.13192 -0.902886 0.0317005 0.428786 72.4708
0.437978 0.0441154 0.897935 90.1362 0.013456 0.998381 -0.0556168 -5.15675 -0.898909 0.0364406 0.436676 72.8029
0.445338 0.0336948 0.894765 90.8433 0.0236163 0.998525 -0.0493596 -5.19144 -0.895085 0.0431102 0.443881 73.13
0.45205 0.0295312 0.891536 91.5663 0.028306 0.998492 -0.0474298 -5.22338 -0.891567 0.0466752 0.450534 73.4807
0.458465 0.0295441 0.888258 92.2617 0.0302272 0.998375 -0.0488111 -5.26233 -0.888233 0.0492249 0.456822 73.8492
0.466262 0.0349941 0.883988 92.9993 0.0316716 0.997937 -0.0562138 -5.31303 -0.884103 0.0542061 0.464193 74.2144
0.471174 0.0378857 0.881263 93.6696 0.0354284 0.997483 -0.0618271 -5.36988 -0.881362 0.0603503 0.468641 74.6181
0.475896 0.0404695 0.878605 94.3804 0.0333749 0.99741 -0.064023 -5.41282 -0.878893 0.0597899 0.473313 75.0154
0.480399 0.0430415 0.876031 95.0888 0.0259556 0.997685 -0.0632553 -5.45469 -0.8767 0.053123 0.478164 75.4162
0.48423 0.0471312 0.873705 95.8005 0.0190658 0.997762 -0.0643939 -5.51189 -0.874758 0.0478379 0.482248 75.8355
0.486399 0.0500047 0.872344 96.5292 0.0181944 0.99759 -0.0673321 -5.58223 -0.873584 0.0486195 0.484311 76.3212
0.489154 0.0545853 0.870523 97.2562 0.0142755 0.997425 -0.0705679 -5.65487 -0.872106 0.0469444 0.487115 76.8091
0.491923 0.0588355 0.868689 97.9457 0.0104168 0.997272 -0.0734465 -5.70287 -0.870613 0.0451765 0.489961 77.2423
0.495719 0.0581422 0.866571 98.5931 0.00896461 0.997381 -0.072051 -5.74358 -0.868463 0.0434843 0.4939 77.6131
0.499758 0.055778 0.864408 99.2557 0.00977209 0.997524 -0.0700208 -5.78841 -0.866147 0.0434381 0.49797 78.0018
0.503969 0.0533375 0.86211 99.8669 0.00964805 0.997702 -0.0673706 -5.82927 -0.863694 0.042269 0.502297 78.3243
0.509071 0.0528131 0.859144 100.52 0.00908129 0.997758 -0.0667185 -5.86994 -0.860714 0.0417643 0.507443 78.6914
0.513141 0.0551495 0.856567 101.158 0.00728439 0.997638 -0.0686003 -5.90656 -0.8583 0.0414398 0.511527 79.0713
0.516702 0.054231 0.854488 101.741 0.00875109 0.997633 -0.0686112 -5.96459 -0.85616 0.042927 0.514996 79.4024
0.515543 0.0530246 0.855259 102.313 0.010749 0.997624 -0.0683349 -6.00562 -0.856823 0.0444213 0.513749 79.8205
0.51861 0.0514302 0.853506 102.927 0.0135662 0.997597 -0.0683596 -6.04496 -0.854945 0.0470283 0.516657 80.1673
0.521348 0.0517586 0.851811 103.522 0.0126206 0.997602 -0.0683461 -6.08417 -0.853279 0.0463809 0.519445 80.5216
0.524542 0.0516906 0.849857 104.094 0.0139607 0.997526 -0.0692927 -6.11842 -0.851311 0.0482091 0.522515 80.8412
0.527151 0.0541863 0.84808 104.65 0.0133584 0.997334 -0.0720303 -6.15351 -0.849694 0.0492983 0.525022 81.1792
0.530159 0.0545324 0.846187 105.197 0.016347 0.997114 -0.0745044 -6.18741 -0.847782 0.0533291 0.527729 81.5033
0.532997 0.053724 0.844448 105.751 0.0183166 0.997036 -0.0749973 -6.23538 -0.845947 0.0554392 0.530433 81.871
0.536482 0.0512089 0.842401 106.287 0.0222607 0.996979 -0.0747861 -6.27687 -0.843661 0.058871 0.533712 82.2058
0.540545 0.0501959 0.839855 106.805 0.0238698 0.996922 -0.0749512 -6.31493 -0.841005 0.0605599 0.537683 82.5079
0.543964 0.0497819 0.837676 107.339 0.0248301 0.996875 -0.0753706 -6.36294 -0.838785 0.0617953 0.541018 82.8701
0.547772 0.0496952 0.835189 107.828 0.0247716 0.996854 -0.0755662 -6.39995 -0.836289 0.0620803 0.544818 83.1508
0.551645 0.0491828 0.832674 108.338 0.0261608 0.996776 -0.0762111 -6.4462 -0.833714 0.0638215 0.54857 83.4803
0.556385 0.0505401 0.829425 108.84 0.0252767 0.996677 -0.0776922 -6.49207 -0.830568 0.0641901 0.553259 83.8069
0.561012 0.0503833 0.826319 109.343 0.0271407 0.996518 -0.0791913 -6.5387 -0.827407 0.0668507 0.557681 84.1451
0.566242 0.0539203 0.822512 109.825 0.0246047 0.996327 -0.0822585 -6.58598 -0.8239 0.0668141 0.562836 84.4634
0.572331 0.0597906 0.817887 110.308 0.0208237 0.995985 -0.0873859 -6.63734 -0.819804 0.0670418 0.568778 84.7949
0.578539 0.0670005 0.812938 110.782 0.0156299 0.995547 -0.0931792 -6.68435 -0.815532 0.0666122 0.574916 85.1348
0.584849 0.0731836 0.807881 111.249 0.010735 0.995164 -0.0979242 -6.73286 -0.811117 0.0659403 0.581223 85.4785
0.591174 0.0774671 0.802855 111.72 0.00714952 0.994854 -0.101263 -6.78892 -0.80654 0.0656023 0.587578 85.8426
0.59646 0.0783798 0.798854 112.193 0.00261752 0.995053 -0.0995882 -6.8396 -0.802684 0.0614885 0.593293 86.2116
0.601751 0.0783184 0.794875 112.668 -0.00362681 0.995458 -0.0953412 -6.88928 -0.798704 0.0544874 0.599302 86.5903
0.607625 0.0772325 0.790509 113.151 -0.0105577 0.995986 -0.0891967 -6.94021 -0.794201 0.0458496 0.605989 86.9755
0.613044 0.0761874 0.786407 113.64 -0.0168174 0.996392 -0.0834259 -6.9929 -0.789899 0.0379173 0.612113 87.3863
0.619488 0.0746673 0.781497 114.122 -0.0195671 0.996653 -0.079718 -7.04 -0.784811 0.0340902 0.618863 87.7567
0.625671 0.0785204 0.776167 114.615 -0.0252296 0.996458 -0.0804735 -7.09032 -0.779709 0.0307666 0.625435 88.1704
0.631464 0.0827412 0.771029 115.113 -0.0295835 0.996164 -0.0826773 -7.14032 -0.77489 0.0293958 0.631477 88.6044
0.637483 0.0859791 0.765695 115.61 -0.0327579 0.995901 -0.0845611 -7.19277 -0.769798 0.0288228 0.637685 89.0217
0.643813 0.0883056 0.760122 116.127 -0.0352208 0.995712 -0.0858482 -7.24361 -0.764422 0.028496 0.64415 89.4675
0.650582 0.0895185 0.754184 116.646 -0.0383835 0.995656 -0.0850745 -7.29465 -0.758497 0.0263989 0.65119 89.9186
0.656793 0.0918305 0.748512 117.176 -0.0440087 0.99556 -0.0835286 -7.34708 -0.752837 0.0219181 0.657904 90.4115
0.664127 0.0900092 0.742225 117.699 -0.0459437 0.995785 -0.0796541 -7.41462 -0.746239 0.0187992 0.66546 90.851
0.670914 0.0880341 0.736345 118.238 -0.0467819 0.996001 -0.0764578 -7.47804 -0.74011 0.0168472 0.672336 91.369
0.678239 0.0877249 0.72963 118.783 -0.047451 0.996026 -0.0756507 -7.53401 -0.73334 0.016687 0.679704 91.8868
0.685825 0.0896794 0.722275 119.333 -0.0515746 0.995899 -0.0746866 -7.59086 -0.72599 0.0139693 0.687622 92.4275
0.693929 0.0900149 0.71444 119.879 -0.0526219 0.995863 -0.0743668 -7.64087 -0.718151 0.0140097 0.695792 92.9435
0.700751 0.0909004 0.707647 120.432 -0.0548973 0.995805 -0.0735587 -7.68851 -0.711344 0.0126969 0.702787 93.5008
0.705493 0.0896756 0.703066 120.98 -0.0544813 0.99591 -0.072364 -7.73665 -0.706653 0.0127479 0.70749 94.0704
0.70899 0.0880589 0.699757 121.545 -0.0531998 0.996051 -0.0714489 -7.7868 -0.703264 0.013428 0.710859 94.656
0.713273 0.0856888 0.695674 122.124 -0.0502341 0.996218 -0.0712085 -7.83151 -0.699118 0.0158439 0.714876 95.2213
0.716709 0.0812559 0.692681 122.707 -0.0446634 0.996524 -0.0706915 -7.88527 -0.695997 0.0197257 0.71783 95.8403
0.720742 0.074341 0.689251 123.29 -0.0369134 0.99696 -0.0689357 -7.93905 -0.692253 0.0242415 0.721292 96.4232
0.724721 0.0677085 0.685767 123.887 -0.0309341 0.99738 -0.0657894 -7.99493 -0.688405 0.0264629 0.7249 97.0351
0.727865 0.0620305 0.682955 124.476 -0.0255396 0.997683 -0.0634033 -8.0445 -0.685278 0.0287058 0.72776 97.6523
0.730805 0.0606728 0.679944 125.061 -0.0254046 0.997795 -0.061736 -8.09236 -0.682171 0.0278407 0.730719 98.2849
0.733227 0.0614561 0.677248 125.645 -0.0256409 0.99772 -0.0627829 -8.14318 -0.679534 0.0286679 0.733127 98.9303
0.736353 0.066047 0.673428 126.243 -0.0311949 0.997505 -0.0637274 -8.19551 -0.675937 0.025916 0.73656 99.6077
0.738708 0.0698816 0.67044 126.843 -0.0375135 0.997354 -0.0626293 -8.24565 -0.673015 0.0211134 0.739371 100.313
0.741038 0.066985 0.668176 127.412 -0.0376472 0.997616 -0.0582654 -8.29207 -0.670467 0.0180197 0.741776 100.96
0.745135 0.0648115 0.663805 128.026 -0.0410111 0.997858 -0.0513976 -8.33865 -0.665687 0.0110741 0.746193 101.64
0.748169 0.0597422 0.660876 128.618 -0.0405086 0.998218 -0.0443846 -8.37933 -0.66233 0.00643407 0.749239 102.318
0.752169 0.0554923 0.656678 129.226 -0.0381748 0.998466 -0.0406552 -8.41809 -0.657899 0.00551045 0.75313 103.022
0.756072 0.0516614 0.652511 129.808 -0.0321487 0.998633 -0.0418205 -8.45253 -0.653759 0.0106399 0.756683 103.701
0.759933 0.0476931 0.648299 130.375 -0.0219498 0.998641 -0.0477438 -8.48732 -0.649667 0.0220511 0.759943 104.377
0.764157 0.0483849 0.643279 130.984 -0.0163487 0.998341 -0.055677 -8.528 -0.644885 0.0320265 0.763663 105.126
0.76881 0.0480928 0.637716 131.587 -0.0130848 0.998164 -0.0595081 -8.5721 -0.639381 0.0374049 0.768024 105.879
0.774257 0.0438639 0.631416 132.188 -0.0106287 0.998381 -0.0563298 -8.61458 -0.632845 0.0368997 0.773453 106.605
0.779033 0.038798 0.625832 132.801 -0.00645354 0.998549 -0.053878 -8.661 -0.626988 0.0379326 0.778149 107.403
0.784647 0.0352276 0.61901 133.382 -0.00176934 0.998534 -0.0545898 -8.70206 -0.620005 0.0417353 0.783541 108.051
0.788098 0.0358735 0.614557 133.968 0.000490061 0.998286 -0.0589085 -8.77386 -0.61559 0.0467253 0.786725 108.872
0.792601 0.0372132 0.608676 134.561 -8.01784e-05 0.998167 -0.0609286 -8.81097 -0.609808 0.0482397 0.791134 109.59
0.795985 0.0343796 0.604394 135.16 0.002675 0.9982 -0.0603109 -8.85792 -0.605351 0.0496217 0.794456 110.365
0.797654 0.0290524 0.602489 135.721 0.00569576 0.998456 -0.0556939 -8.91483 -0.603158 0.0478523 0.79624 111.084
0.799259 0.0240976 0.600557 136.314 0.00988202 0.998558 -0.0532268 -8.95404 -0.600945 0.0484751 0.797864 111.859
0.800335 0.0192454 0.599319 136.907 0.0138362 0.99865 -0.0505525 -8.99409 -0.599464 0.0487473 0.798972 112.615
0.801112 0.018046 0.598297 137.5 0.0143878 0.9987 -0.0493956 -9.03675 -0.598382 0.0481777 0.799807 113.409
0.801474 0.0190309 0.597803 138.079 0.0124371 0.998772 -0.048477 -9.08298 -0.597972 0.0462841 0.800236 114.167
0.801592 0.0203505 0.597579 138.662 0.0117032 0.998719 -0.0497176 -9.1247 -0.597797 0.046845 0.800324 114.941
0.800887 0.0242462 0.598401 139.23 0.00793869 0.998687 -0.0510972 -9.16471 -0.598835 0.0456698 0.799626 115.696
0.799307 0.0282827 0.60031 139.801 0.00435261 0.998617 -0.0528512 -9.20696 -0.600946 0.0448556 0.798076 116.449
0.798075 0.0310406 0.601834 140.387 0.000423895 0.998668 -0.0520774 -9.25566 -0.602629 0.0418132 0.796984 117.232
0.796499 0.032601 0.603814 140.973 -0.00185067 0.998696 -0.0514877 -9.30344 -0.604677 0.0398909 0.795518 117.991
0.795076 0.0319627 0.605744 141.558 -0.00261301 0.998807 -0.0492808 -9.34792 -0.606576 0.0375957 0.794196 118.728
0.793494 0.0310242 0.607841 142.151 -0.00391171 0.998964 -0.0458879 -9.39277 -0.608605 0.0340325 0.79279 119.491
0.79189 0.0265482 0.610163 142.738 0.000590114 0.999047 -0.0442417 -9.42965 -0.610735 0.0353912 0.791104 120.209
0.789942 0.0302786 0.612487 143.319 0.000104195 0.998798 -0.0495178 -9.47451 -0.613221 0.0391784 0.788986 120.916
0.787757 0.0399367 0.614766 143.91 -0.00552763 0.998341 -0.057779 -9.52556 -0.616031 0.0421142 0.786656 121.667
0.785379 0.0453747 0.617404 144.521 -0.00758949 0.997966 -0.0636961 -9.58101 -0.619008 0.0453384 0.784122 122.46
0.783363 0.0452221 0.619994 145.076 -0.00987525 0.998157 -0.0603353 -9.6197 -0.621557 0.0411385 0.782351 123.104
0.780543 0.0442416 0.62359 145.709 -0.0128714 0.998445 -0.0547325 -9.67515 -0.625011 0.0346934 0.779895 123.903
0.777888 0.0426035 0.627034 146.308 -0.0145483 0.998681 -0.0498142 -9.72734 -0.628306 0.0296246 0.777467 124.649
0.774817 0.0425852 0.630806 146.901 -0.0142281 0.998677 -0.0499508 -9.7724 -0.632067 0.0297264 0.774394 125.402
0.773313 0.0408395 0.632785 147.51 -0.0124124 0.998737 -0.0492965 -9.81416 -0.633974 0.0302643 0.772829 126.073
0.771961 0.0391017 0.634523 148.126 -0.00828448 0.998667 -0.0514701 -9.85774 -0.635659 0.034475 0.771251 126.762
0.769778 0.0372826 0.6373 148.736 -0.00437181 0.998607 -0.0531463 -9.90615 -0.638369 0.0381214 0.768854 127.446
0.766967 0.036344 0.640712 149.343 -0.000923579 0.998483 -0.05554 -9.95779 -0.641729 0.0420043 0.765832 128.143
0.763933 0.0362675 0.644353 149.955 -0.00104654 0.998518 -0.0549684 -10.0061 -0.645367 0.0413144 0.762823 128.851
0.759589 0.0380228 0.649346 150.561 -0.00345684 0.998539 -0.0544334 -10.0553 -0.650436 0.0391011 0.758606 129.585
0.754864 0.0378898 0.654862 151.143 -0.00274932 0.998534 -0.0546127 -10.0989 -0.655948 0.0394213 0.753846 130.26
0.749405 0.0412574 0.66088 151.74 -0.00635822 0.998487 -0.0551304 -10.1508 -0.662123 0.0371116 0.748528 130.946
0.743654 0.0482996 0.666893 152.358 -0.0104971 0.998138 -0.0605922 -10.2053 -0.668554 0.0380558 0.742761 131.667
0.742054 0.0536895 0.66824 153.043 -0.0121821 0.997731 -0.0666412 -10.2304 -0.67027 0.0413097 0.741019 132.338
0.736948 0.056276 0.673677 153.684 -0.0122641 0.997508 -0.0699192 -10.278 -0.675908 0.0432614 0.735789 133.027
0.731307 0.052153 0.680105 154.325 -0.0134107 0.998008 -0.0621171 -10.3277 -0.681957 0.0363049 0.730545 133.701
0.725703 0.0493543 0.68631 154.977 -0.0190752 0.998514 -0.0516435 -10.3744 -0.687814 0.0243837 0.725553 134.396
0.718514 0.0450761 0.694103 155.603 -0.0184417 0.998811 -0.0457803 -10.415 -0.695308 0.0200925 0.718487 135.083
0.710632 0.0478873 0.702003 156.241 -0.0245479 0.998792 -0.043291 -10.4538 -0.703204 0.0135292 0.710937 135.788
0.703501 0.0488251 0.709068 156.897 -0.0231262 0.998712 -0.0458311 -10.4927 -0.710357 0.0158435 0.703721 136.436
0.697889 0.0476145 0.714691 157.555 -0.017239 0.998646 -0.0497063 -10.5342 -0.716065 0.0223664 0.697753 137.048
0.691531 0.0552504 0.720283 158.25 -0.0168734 0.998064 -0.0603643 -10.5892 -0.722188 0.0295894 0.691123 137.708
0.684468 0.0567761 0.726898 158.978 -0.0135315 0.997811 -0.0652023 -10.6207 -0.728983 0.0347898 0.683728 138.408
0.678528 0.0526599 0.732737 159.683 -0.0108798 0.99807 -0.0616599 -10.6756 -0.734532 0.0338649 0.67779 139.031
0.672732 0.0470298 0.738459 160.434 -0.00682207 0.99836 -0.0573746 -10.7258 -0.739922 0.0335566 0.671939 139.676
0.66666 0.0464329 0.743966 161.173 -0.00646097 0.998412 -0.0565299 -10.7799 -0.745371 0.0328784 0.6659 140.336
0.659494 0.0473268 0.750287 161.85 -0.00782763 0.998425 -0.056106 -10.8504 -0.751735 0.0311254 0.658816 140.961
0.65213 0.0444897 0.756852 162.543 -0.00329173 0.998464 -0.0558621 -10.9061 -0.758136 0.0339369 0.651275 141.636
0.645834 0.0395214 0.762522 163.234 0.000726904 0.998657 -0.0523833 -10.9486 -0.763543 0.0343816 0.64493 142.264
0.640177 0.037076 0.767383 163.912 0.000977805 0.998825 -0.04908 -11.0026 -0.768263 0.0321689 0.63939 142.855
0.635457 0.0363022 0.771348 164.625 -0.000639171 0.998949 -0.0464946 -11.0535 -0.7722 0.0290489 0.634805 143.482
0.630672 0.0391022 0.775114 165.359 -0.00176592 0.99883 -0.0489572 -11.0948 -0.776083 0.0295059 0.630004 144.106
0.627391 0.0413987 0.777671 166.008 -0.000123886 0.998623 -0.0530687 -11.123 -0.77877 0.033195 0.626525 144.602
0.623865 0.0472727 0.780152 166.687 -0.000753995 0.998236 -0.0598904 -11.1605 -0.781568 0.0367741 0.622802 145.169
0.620393 0.050036 0.782761 167.389 -0.00254147 0.998118 -0.0617957 -11.2014 -0.784353 0.0363448 0.619346 145.762
0.618246 0.0460494 0.784686 168.07 -0.00256111 0.998427 -0.0565808 -11.2462 -0.786017 0.0329698 0.617394 146.272
0.616816 0.0377895 0.786268 168.763 0.00135194 0.998827 -0.0490736 -11.29 -0.787173 0.0313287 0.616033 146.797
0.615087 0.0322434 0.787852 169.439 0.00578265 0.998984 -0.0454049 -11.3322 -0.788475 0.0324822 0.614278 147.279
0.613152 0.0298974 0.789468 170.132 0.0111023 0.998892 -0.0464586 -11.3757 -0.789954 0.0372468 0.612135 147.815
0.612166 0.031574 0.790151 170.792 0.0125419 0.998721 -0.0496315 -11.4184 -0.790667 0.0402909 0.61099 148.29
0.61134 0.0388356 0.790484 171.462 0.0099192 0.998374 -0.056728 -11.4609 -0.791372 0.0425168 0.609956 148.796
0.610327 0.0466346 0.790828 172.12 0.00854372 0.997852 -0.0654426 -11.5092 -0.79214 0.0466964 0.608622 149.291
0.609449 0.0471358 0.791493 172.768 0.0122892 0.997583 -0.0688797 -11.5557 -0.792797 0.0517008 0.607391 149.755
0.607881 0.0412118 0.793011 173.422 0.0124273 0.998068 -0.0614009 -11.5957 -0.793968 0.0471775 0.606198 150.247
0.606967 0.0353732 0.794011 174.051 0.00510574 0.998848 -0.0484096 -11.6351 -0.794778 0.033433 0.606082 150.669
0.604461 0.0332575 0.795992 174.708 -0.00233396 0.999231 -0.0399826 -11.6757 -0.796669 0.0223083 0.604077 151.211
0.602438 0.0356701 0.797439 175.337 -0.00423757 0.999164 -0.0415001 -11.7113 -0.798223 0.0216185 0.60208 151.706
0.601902 0.0377218 0.797732 175.949 -0.00166696 0.998975 -0.0459861 -11.7397 -0.798607 0.0263479 0.60135 152.119
0.600333 0.0392538 0.798857 176.56 -0.000331983 0.998841 -0.0488389 -11.7732 -0.799819 0.0290505 0.599644 152.58
0.599478 0.0380997 0.799537 177.165 7.28117e-05 0.998897 -0.0476604 -11.8006 -0.800429 0.028628 0.598817 152.999
0.598779 0.0374901 0.800107 177.776 -1.80494e-05 0.998938 -0.0468012 -11.8298 -0.800983 0.0280053 0.59814 153.431
0.597909 0.0367335 0.800775 178.375 0.000354866 0.998971 -0.0460963 -11.864 -0.801602 0.027844 0.597284 153.86
0.596094 0.0368561 0.802139 178.964 0.00213155 0.998904 -0.047489 -11.8974 -0.80298 0.0300137 0.595358 154.286
0.594005 0.038149 0.80361 179.548 0.00334178 0.998784 -0.0498906 -11.9271 -0.804493 0.0323191 0.593158 154.695
0.591359 0.0400043 0.805485 180.125 0.00311151 0.998683 -0.0518917 -11.9631 -0.80647 0.033189 0.590451 155.102
0.588084 0.0416653 0.80778 180.676 0.00331318 0.998574 -0.0539248 -11.9976 -0.808832 0.0343871 0.587111 155.496
0.585046 0.0435042 0.809902 181.271 0.00326951 0.99846 -0.0560024 -12.0375 -0.811062 0.0354079 0.583998 155.887
0.580018 0.0463018 0.813341 181.842 0.00430959 0.99823 -0.0599067 -12.0724 -0.814631 0.0382506 0.578795 156.292
0.574379 0.0480903 0.817245 182.408 0.00659334 0.998003 -0.0633688 -12.1094 -0.81863 0.0417818 0.572911 156.687
0.568669 0.0505424 0.821067 182.984 0.0050799 0.997911 -0.0649527 -12.1503 -0.82259 0.041106 0.567228 157.081
0.563367 0.0528869 0.824582 183.597 0.000423045 0.997966 -0.0643044 -12.1957 -0.826274 0.0365719 0.562195 157.484
0.557726 0.0547867 0.828269 184.191 -0.00298581 0.99798 -0.0640078 -12.2353 -0.830058 0.0332244 0.556768 157.881
0.552009 0.0559245 0.832029 184.781 -0.0031812 0.997917 -0.0649721 -12.2753 -0.833898 0.0332146 0.551035 158.27
0.545597 0.0586952 0.836043 185.368 -0.00397587 0.99775 -0.0674589 -12.3182 -0.838077 0.0334801 0.544607 158.656
0.538818 0.0634268 0.840099 185.981 -0.00688919 0.997495 -0.0708996 -12.3658 -0.842461 0.0324109 0.537903 159.047
0.531863 0.0672653 0.844208 186.603 -0.00909654 0.997272 -0.0737357 -12.4047 -0.84682 0.0315369 0.531029 159.435
0.525477 0.0704004 0.847959 187.258 -0.0108572 0.99708 -0.0760611 -12.4564 -0.850805 0.0307586 0.524706 159.829
0.519124 0.0725977 0.851663 187.915 -0.0114116 0.996922 -0.0780294 -12.5133 -0.854661 0.0307871 0.51836 160.217
0.512634 0.0743442 0.85545 188.573 -0.0125315 0.996822 -0.079129 -12.5708 -0.858582 0.029841 0.511936 160.602
0.504399 0.0736555 0.860376 189.19 -0.00798281 0.996747 -0.0806554 -12.6219 -0.863473 0.0338137 0.503352 160.998
0.496711 0.0729763 0.86491 189.878 -0.00699931 0.9968 -0.080093 -12.6781 -0.867953 0.033726 0.495632 161.395
0.488548 0.0704278 0.869743 190.566 -0.00581027 0.997014 -0.0774754 -12.7326 -0.872557 0.0327963 0.487504 161.8
0.481192 0.0685472 0.873998 191.287 -0.00719847 0.99725 -0.0742587 -12.7865 -0.876651 0.0294382 0.480363 162.199
0.47455 0.0654017 0.877847 192.018 -0.00732283 0.997531 -0.0703653 -12.8348 -0.880237 0.0269628 0.473864 162.596
0.467252 0.061417 0.882054 192.716 -0.00288376 0.997721 -0.0679511 -12.878 -0.884184 0.0292034 0.466367 162.989
0.460965 0.0559068 0.885706 193.439 -0.0039113 0.998167 -0.0609755 -12.9295 -0.887448 0.0246424 0.460347 163.379
0.45282 0.052896 0.890095 194.182 -0.0034992 0.99837 -0.0575582 -12.9486 -0.89166 0.0229456 0.45227 163.79
0.447374 0.0539435 0.892775 194.953 0.000122186 0.998212 -0.0603816 -12.9699 -0.894385 0.0271211 0.446578 164.168
0.443013 0.060744 0.894519 195.701 0.00478974 0.997563 -0.0701209 -12.9995 -0.896569 0.0353451 0.441645 164.495
0.43704 0.0717215 0.896635 196.528 0.00939571 0.996429 -0.0842901 -13.0293 -0.899439 0.0452608 0.434817 164.938
0.429604 0.0790521 0.899612 197.352 0.0157395 0.995388 -0.0949917 -13.063 -0.902947 0.054964 0.426382 165.367
0.421564 0.0756582 0.903693 198.18 0.0242506 0.995248 -0.0946423 -13.0961 -0.90652 0.0618109 0.417738 165.789
0.418974 0.0687778 0.905462 199.036 0.0286622 0.995665 -0.0889011 -13.163 -0.907606 0.0631943 0.415198 166.123
0.416373 0.0660819 0.906846 199.885 0.0258904 0.996121 -0.0844814 -13.2291 -0.90887 0.0586521 0.41306 166.453
0.414326 0.0720225 0.907347 200.699 0.0222738 0.995798 -0.0892243 -13.3102 -0.909911 0.057173 0.410996 166.796
0.412767 0.0799595 0.907379 201.591 0.0184227 0.995236 -0.0960885 -13.3956 -0.910693 0.0563764 0.409343 167.173
0.41209 0.0820289 0.907516 202.448 0.0153645 0.99521 -0.0969414 -13.4844 -0.91107 0.0538878 0.40887 167.513
0.409673 0.0774334 0.909 203.284 0.0118895 0.995887 -0.0901998 -13.5734 -0.912199 0.0477579 0.407083 167.854
0.404778 0.0747201 0.911434 204.171 0.0104304 0.996253 -0.0863148 -13.6414 -0.914416 0.0444396 0.402496 168.256
0.399255 0.0779026 0.913585 205.02 0.00745988 0.996112 -0.088206 -13.7132 -0.916853 0.0420301 0.397138 168.621
0.394959 0.0820019 0.915109 205.918 0.00722802 0.995742 -0.0923556 -13.7816 -0.918731 0.0430859 0.3927 169.008
0.3879 0.0824891 0.918061 206.77 0.0101114 0.995585 -0.093732 -13.8515 -0.9217 0.0456393 0.385366 169.402
0.38061 0.0804389 0.921308 207.623 0.0179724 0.99542 -0.0943431 -13.9227 -0.924621 0.0524603 0.377438 169.786
0.375079 0.079801 0.92361 208.481 0.0210011 0.99534 -0.0945318 -13.9833 -0.92681 0.0548512 0.371667 170.161
0.375287 0.0793463 0.923579 209.383 0.0196567 0.995468 -0.0935171 -14.0746 -0.926757 0.0532448 0.372042 170.46
0.377041 0.0768062 0.923065 210.33 0.0216935 0.99559 -0.0917065 -14.173 -0.925998 0.0545987 0.373724 170.765
0.371463 0.0766723 0.925351 211.245 0.0196689 0.995757 -0.0904092 -14.247 -0.928296 0.051779 0.368395 171.193
0.369536 0.0750372 0.926243 212.231 0.019523 0.995928 -0.0884764 -14.3208 -0.929069 0.0507752 0.366578 171.576
0.369025 0.0748079 0.92648 213.128 0.0149762 0.996194 -0.0864096 -14.4181 -0.929357 0.0457571 0.366516 171.917
0.370168 0.0775779 0.925783 214.071 0.01125 0.996101 -0.0879737 -14.5056 -0.928955 0.0429776 0.367864 172.256
0.370393 0.0792065 0.925569 214.958 0.0100826 0.996004 -0.0892764 -14.581 -0.928879 0.0423945 0.368129 172.596
0.368393 0.0790359 0.926368 215.855 0.0106268 0.995998 -0.0892078 -14.6659 -0.929668 0.0427053 0.366091 172.965
0.36606 0.0781984 0.927377 216.776 0.00909129 0.996161 -0.0875948 -14.7531 -0.930605 0.040491 0.36396 173.336
0.365827 0.0721675 0.927943 217.67 0.010612 0.996643 -0.081699 -14.8415 -0.93068 0.0397322 0.363845 173.666
0.364315 0.0714774 0.928606 218.568 0.00897882 0.996782 -0.080255 -14.9271 -0.931293 0.0375706 0.362516 174.053
0.363647 0.0729655 0.928732 219.499 0.00746896 0.996706 -0.0812348 -14.9981 -0.931564 0.0364748 0.361916 174.387
0.361439 0.0807545 0.928973 220.48 0.00756232 0.996005 -0.0895314 -15.0539 -0.932429 0.0393798 0.359399 174.799
0.361233 0.0824637 0.92888 221.369 0.00948726 0.995748 -0.0920934 -15.1335 -0.932482 0.0420775 0.358925 175.11
0.358383 0.0840756 0.929866 222.256 0.00648843 0.995741 -0.0925402 -15.2234 -0.933621 0.0391928 0.356325 175.474
0.355611 0.0803682 0.931231 223.189 0.00480518 0.996169 -0.0878116 -15.3106 -0.934677 0.0356996 0.353874 175.825
0.354325 0.0746828 0.932219 224.139 0.00616893 0.99665 -0.0821965 -15.3911 -0.93517 0.0348698 0.35269 176.165
0.351165 0.0712524 0.933657 225.103 0.00563067 0.996965 -0.0782057 -15.4607 -0.936352 0.0327181 0.349709 176.51
0.348586 0.0726588 0.934541 226.017 0.00301188 0.996951 -0.0786419 -15.5268 -0.937342 0.030223 0.347317 176.843
0.34481 0.0738227 0.935823 226.929 0.003134 0.99685 -0.0797956 -15.5966 -0.938722 0.0304453 0.343504 177.177
0.340363 0.0749229 0.937387 227.838 0.00240471 0.9968 -0.080552 -15.6662 -0.94036 0.0296661 0.339107 177.523
0.335484 0.0748697 0.939123 228.743 0.000577391 0.996863 -0.0796832 -15.7377 -0.9421 0.027273 0.334401 177.861
0.331024 0.0740622 0.940795 229.656 0.000651704 0.99695 -0.0787195 -15.8077 -0.943691 0.0266664 0.32998 178.192
0.327159 0.0739245 0.942132 230.569 -0.00122486 0.997011 -0.0778095 -15.8782 -0.945025 0.0243003 0.326284 178.517
0.323334 0.0750571 0.943388 231.466 -0.00249883 0.996966 -0.0784709 -15.9483 -0.946351 0.0230103 0.322555 178.83
0.319649 0.076356 0.944514 232.386 -0.00539305 0.996921 -0.0787719 -16.0173 -0.947579 0.0200839 0.31909 179.142
0.316317 0.0760977 0.945682 233.347 -0.00734047 0.996997 -0.0777793 -16.0897 -0.948696 0.0176568 0.31594 179.46
0.31295 0.0773064 0.946678 234.25 -0.0123246 0.996971 -0.0773435 -16.165 -0.949748 0.0125356 0.312968 179.768
0.311829 0.0819016 0.946687 235.146 -0.0171429 0.996653 -0.0805855 -16.2382 -0.950054 0.00889634 0.312205 180.048
0.309054 0.0875999 0.947062 236.06 -0.0201818 0.996172 -0.0855607 -16.3034 -0.950888 0.00732852 0.309652 180.347
0.306717 0.0901156 0.94761 236.971 -0.0222284 0.995967 -0.0875273 -16.3705 -0.951612 0.00577908 0.307498 180.642
0.303971 0.0883464 0.948636 237.874 -0.0241045 0.996128 -0.0850498 -16.4419 -0.952434 0.0029855 0.304938 180.935
0.298857 0.0858553 0.950511 238.764 -0.0241924 0.99636 -0.0823973 -16.5086 -0.954063 0.00162698 0.299861 181.261
0.294016 0.0838109 0.952179 239.668 -0.0243713 0.996525 -0.0801931 -16.571 -0.955548 0.000371293 0.295051 181.572
0.290191 0.0844257 0.953321 240.618 -0.0246186 0.996483 -0.0807615 -16.6354 -0.956725 -3.60071e-05 0.291263 181.863
0.283807 0.084348 0.955225 241.476 -0.024576 0.99648 -0.0806934 -16.7073 -0.958626 -0.000575084 0.284896 182.181
0.279437 0.0859625 0.956392 242.395 -0.0245169 0.996352 -0.0823983 -16.7829 -0.959925 -0.000425406 0.28054 182.456
0.276052 0.090039 0.956978 243.362 -0.0255107 0.995984 -0.0863542 -16.8485 -0.960864 -0.000575558 0.277256 182.711
0.271926 0.0843975 0.958694 244.259 -0.0159055 0.996459 -0.083218 -16.9103 -0.96226 0.00737727 0.272321 182.951
0.268353 0.0805321 0.960011 245.167 -0.0165126 0.996784 -0.0790053 -16.9695 -0.963239 0.00534795 0.268835 183.192
0.263578 0.0820858 0.961223 246.053 -0.0159515 0.996661 -0.0807454 -17.0398 -0.96458 0.00594624 0.264023 183.435
0.259352 0.0939927 0.961261 246.934 -0.0139599 0.99556 -0.093584 -17.1107 -0.965742 0.0108512 0.259529 183.671
0.25449 0.106511 0.961276 247.815 -0.013202 0.99426 -0.106678 -17.1808 -0.967059 0.0144544 0.254452 183.881
0.249506 0.110849 0.962071 248.684 -0.0141757 0.993785 -0.110831 -17.2604 -0.96833 0.0140143 0.249544 184.095
0.247003 0.106313 0.963247 249.555 -0.0173944 0.994344 -0.105292 -17.3438 -0.968933 0.00924948 0.247471 184.262
0.241666 0.100124 0.965246 250.449 -0.0191623 0.995008 -0.0984179 -17.4326 -0.970232 0.00528714 0.242395 184.495
0.237145 0.0962898 0.966772 251.337 -0.0208737 0.995405 -0.0940285 -17.5123 -0.971325 0.00211551 0.238082 184.712
0.23033 0.0967939 0.968352 252.245 -0.0239079 0.995351 -0.0938103 -17.5983 -0.97288 -0.0015446 0.231591 184.957
0.225151 0.0949818 0.969765 253.106 -0.0266895 0.995519 -0.0913148 -17.6797 -0.974034 -0.0053252 0.226695 185.14
0.217445 0.091432 0.971848 254.007 -0.0307029 0.9958 -0.0868204 -17.7598 -0.975652 -0.0109603 0.219357 185.369
0.211312 0.0876527 0.973562 254.89 -0.0313047 0.996122 -0.0828961 -17.8503 -0.976993 -0.0129622 0.213255 185.561
0.20402 0.088644 0.975014 255.803 -0.0286283 0.996057 -0.0845713 -17.9242 -0.978611 -0.0106593 0.205772 185.763
0.198194 0.0913704 0.975978 256.647 -0.0252811 0.995845 -0.0881038 -18.0056 -0.979914 -0.00721474 0.199699 185.938
0.192497 0.0924828 0.976998 257.531 -0.0231268 0.995751 -0.0897059 -18.0955 -0.981087 -0.0053276 0.193837 186.103
0.188211 0.0904192 0.97804 258.426 -0.0228833 0.99594 -0.0876777 -18.1771 -0.98194 -0.0058815 0.189536 186.258
0.182699 0.0880914 0.979282 259.318 -0.0239972 0.996133 -0.0851344 -18.2489 -0.982937 -0.00794709 0.184126 186.422
0.176294 0.0871038 0.980558 260.225 -0.0216037 0.996233 -0.0846193 -18.3212 -0.984178 -0.00626861 0.177532 186.591
0.170464 0.0898372 0.981329 261.027 -0.01974 0.996 -0.0877556 -18.3693 -0.985228 -0.00441351 0.171576 186.778
0.165511 0.0935906 0.981841 261.999 -0.0201122 0.995655 -0.0915247 -18.4454 -0.986081 -0.00460124 0.166695 186.939
0.159335 0.0947068 0.982741 262.838 -0.0190356 0.995552 -0.0928594 -18.5221 -0.987103 -0.00391284 0.16045 187.121
0.156467 0.0925149 0.983426 263.716 -0.0137961 0.995766 -0.0914887 -18.6024 -0.987665 0.000744168 0.157102 187.26
0.154378 0.089941 0.983979 264.586 -0.01254 0.995999 -0.0890768 -18.6754 -0.987995 0.00141031 0.154909 187.402
0.151849 0.0883331 0.984535 265.453 -0.010962 0.996143 -0.0876918 -18.7501 -0.988422 0.00251997 0.152254 187.549
0.148958 0.0876773 0.985018 266.343 -0.00963014 0.996196 -0.0872205 -18.8181 -0.988859 0.00350415 0.149257 187.702
0.148522 0.0896389 0.984924 267.245 -0.00864335 0.996018 -0.0893533 -18.8892 -0.98895 0.00475425 0.148728 187.829
0.147359 0.0912291 0.984937 268.122 -0.0071974 0.995863 -0.0911689 -18.9618 -0.98912 0.00634333 0.147427 187.976
0.146385 0.0916758 0.985058 268.981 -0.00363336 0.995795 -0.0921434 -19.0442 -0.989301 0.0099053 0.146124 188.132
0.14789 0.0929312 0.9847 269.865 -0.00245764 0.995661 -0.0936013 -19.1161 -0.989065 0.0114204 0.147498 188.247
0.148105 0.0930673 0.98467 270.736 -0.0014303 0.995637 -0.093897 -19.1944 -0.989051 0.012494 0.147613 188.387
0.14989 0.0932893 0.984363 271.566 -3.5114e-05 0.995593 -0.094353 -19.2677 -0.988766 0.0141056 0.149254 188.518
0.150913 0.092248 0.98432 272.408 0.00058212 0.995684 -0.0934103 -19.3422 -0.988627 0.0146655 0.15023 188.664
0.153093 0.0898416 0.984192 273.248 0.00177903 0.995887 -0.0911907 -19.4214 -0.988274 0.015709 0.152324 188.799
0.156099 0.0865565 0.984029 274.086 0.00188268 0.996181 -0.0879322 -19.4977 -0.987819 0.0155742 0.155361 188.936
0.158361 0.0841801 0.983859 274.905 0.00128276 0.996396 -0.0854641 -19.5594 -0.987444 0.0147937 0.157704 189.088
0.16134 0.082388 0.983542 275.703 -0.000443719 0.996571 -0.0834148 -19.6274 -0.986978 0.0130172 0.160845 189.232
0.165005 0.0834936 0.982825 276.501 -0.00555068 0.996529 -0.0837307 -19.6934 -0.986341 0.00835826 0.164916 189.374
0.170294 0.084707 0.981834 277.267 -0.0081265 0.996441 -0.0845659 -19.7612 -0.98544 0.00641826 0.170397 189.496
0.173498 0.0839861 0.981319 278.005 -0.00876459 0.996505 -0.083741 -19.831 -0.984859 0.00592585 0.173648 189.647
0.1763 0.0819804 0.981006 278.753 -0.0100738 0.99668 -0.081488 -19.8915 -0.984365 0.00448005 0.17656 189.792
0.180098 0.0792486 0.980524 279.477 -0.0116359 0.996907 -0.0784404 -19.9494 -0.983644 0.00271546 0.180482 189.924
0.184078 0.0776166 0.979932 280.192 -0.0142481 0.997039 -0.0763033 -20.011 -0.982889 7.9968e-05 0.184658 190.053
0.188643 0.0781365 0.979006 280.935 -0.0131502 0.996998 -0.0770434 -20.0697 -0.982021 0.00165741 0.189123 190.192
0.192696 0.0788486 0.978176 281.602 -0.0125099 0.996939 -0.0779049 -20.1283 -0.981259 0.00277129 0.193112 190.331
0.195243 0.0805262 0.977518 282.294 -0.0130042 0.996805 -0.0795227 -20.1872 -0.980734 0.00281218 0.195684 190.484
0.198292 0.0832822 0.976689 282.958 -0.0141315 0.99658 -0.0821175 -20.2468 -0.980122 0.00247753 0.198809 190.63
0.201194 0.0835278 0.976059 283.608 -0.0166223 0.996562 -0.0818611 -20.3026 -0.979475 0.000243541 0.201908 190.775
0.204235 0.0840792 0.975396 284.257 -0.0191488 0.996514 -0.0818985 -20.3587 -0.978816 -0.00195433 0.205151 190.922
0.207351 0.0833518 0.974784 284.856 -0.020311 0.996572 -0.0808995 -20.4204 -0.97812 -0.00302607 0.208351 191.069
0.209448 0.082855 0.974394 285.462 -0.0210115 0.996612 -0.0802361 -20.4725 -0.977676 -0.00367135 0.210497 191.215
0.212882 0.0836327 0.973567 286.06 -0.0223327 0.996543 -0.0807282 -20.5266 -0.976888 -0.00455866 0.21403 191.348
0.215805 0.0871255 0.972634 286.63 -0.0251973 0.996233 -0.0836574 -20.5753 -0.976192 -0.0064569 0.217205 191.49
0.218259 0.0867227 0.972106 287.2 -0.0271682 0.996254 -0.0827824 -20.6259 -0.975577 -0.0083438 0.219814 191.623
0.221364 0.0862283 0.971464 287.746 -0.0273754 0.996297 -0.0822032 -20.6753 -0.974888 -0.0084001 0.222922 191.755
0.224469 0.085674 0.970784 288.273 -0.0305092 0.996314 -0.0808779 -20.7296 -0.974069 -0.0114645 0.226271 191.884
0.226437 0.0860963 0.970307 288.799 -0.0298183 0.996289 -0.0814518 -20.7689 -0.97365 -0.0104918 0.228181 192.018
0.228917 0.0870487 0.969623 289.325 -0.0300432 0.996208 -0.0823478 -20.8084 -0.973047 -0.010281 0.230679 192.155
0.231552 0.0891916 0.968819 289.84 -0.0301561 0.996026 -0.0844976 -20.8386 -0.972436 -0.00965279 0.233338 192.284
0.233582 0.0896994 0.968268 290.351 -0.0284928 0.995996 -0.0854 -20.8835 -0.971984 -0.0076421 0.235218 192.421
0.236481 0.0910019 0.96746 290.841 -0.0301374 0.995871 -0.0863165 -20.9333 -0.97125 -0.00874706 0.238263 192.534
0.238598 0.0918779 0.96684 291.332 -0.0314398 0.99578 -0.0868747 -20.9758 -0.970674 -0.00967025 0.240495 192.654
0.240395 0.093867 0.966221 291.86 -0.0321061 0.995596 -0.0887417 -21.0157 -0.970224 -0.00969088 0.242366 192.793
0.241788 0.0945579 0.965789 292.338 -0.0329461 0.995523 -0.0892265 -21.0678 -0.969835 -0.010246 0.243835 192.91
0.241981 0.0955447 0.965661 292.842 -0.0321246 0.995443 -0.0904502 -21.1079 -0.969829 -0.00913655 0.243964 193.051
0.24256 0.0960672 0.965446 293.35 -0.032504 0.995387 -0.0908857 -21.1501 -0.969657 -0.00933645 0.244579 193.156
0.242433 0.095831 0.965519 293.842 -0.0339343 0.995398 -0.0902848 -21.1882 -0.969655 -0.0108783 0.244585 193.277
0.241496 0.0951192 0.965807 294.353 -0.0344076 0.995454 -0.0894412 -21.2237 -0.969857 -0.0116322 0.243685 193.403
0.24009 0.0956002 0.966126 294.863 -0.0330443 0.995426 -0.0902965 -21.2687 -0.970268 -0.0102479 0.242167 193.526
0.239039 0.0983723 0.966092 295.373 -0.0299639 0.995185 -0.0939263 -21.3116 -0.970613 -0.00649663 0.240851 193.649
0.237304 0.101689 0.966191 295.913 -0.0245807 0.994876 -0.0986794 -21.3578 -0.971205 -0.000335534 0.238603 193.782
0.235188 0.105989 0.966232 296.462 -0.0221728 0.994419 -0.103689 -21.4041 -0.971763 0.00296125 0.236241 193.915
0.233738 0.109002 0.966263 297.013 -0.0235767 0.994099 -0.106447 -21.4533 -0.972093 0.00209672 0.234945 194.034
0.231871 0.110065 0.966579 297.599 -0.0238417 0.99398 -0.107471 -21.4948 -0.972521 0.00187361 0.233115 194.171
0.23299 0.105337 0.96685 298.128 -0.0187128 0.994478 -0.103846 -21.5685 -0.972381 0.00609941 0.233689 194.263
0.230914 0.0984718 0.968059 298.683 -0.00881445 0.995096 -0.0991248 -21.6355 -0.973002 0.0143545 0.230664 194.405
0.229458 0.0978301 0.968484 299.307 -0.00782179 0.995151 -0.0986787 -21.6861 -0.97337 0.0150635 0.229126 194.525
0.227307 0.102224 0.968523 299.911 -0.0123757 0.994758 -0.102093 -21.7303 -0.973813 0.0112187 0.227395 194.658
0.225917 0.104761 0.968591 300.533 -0.0151524 0.99452 -0.104039 -21.7796 -0.974111 0.00882456 0.226282 194.796
0.22409 0.10328 0.96916 301.152 -0.0107983 0.994631 -0.103503 -21.8251 -0.974577 0.0127271 0.224017 194.937
0.223611 0.101226 0.969502 301.761 -0.00512973 0.994764 -0.102689 -21.8756 -0.974748 0.017985 0.222975 195.071
0.221018 0.100847 0.970121 302.402 -0.00295943 0.994765 -0.102739 -21.9353 -0.975332 0.0198341 0.220174 195.226
0.217575 0.102851 0.970705 303.044 -0.00649287 0.994628 -0.103938 -21.9896 -0.976107 0.0163078 0.217089 195.394
0.214994 0.105472 0.970983 303.718 -0.00797347 0.994369 -0.106252 -22.0456 -0.97665 0.0150997 0.21464 195.555
0.212835 0.108951 0.97109 304.39 -0.00999006 0.994019 -0.109342 -22.1048 -0.977121 0.0135672 0.212666 195.711
0.210008 0.111178 0.971438 305.114 -0.00906003 0.993754 -0.111778 -22.1704 -0.977726 0.0146715 0.20972 195.891
0.208065 0.110097 0.971995 305.792 -0.0120541 0.993924 -0.110008 -22.2462 -0.978125 0.0111692 0.208144 196.041
0.205424 0.110785 0.972464 306.517 -0.0155833 0.99388 -0.109937 -22.3053 -0.978618 0.0074283 0.205909 196.207
0.203481 0.112428 0.972697 307.229 -0.0166416 0.993704 -0.111382 -22.3749 -0.979021 0.0064742 0.204087 196.36
0.201639 0.118179 0.972387 307.962 -0.0130992 0.992995 -0.117971 -22.4369 -0.979441 0.0110491 0.201791 196.522
0.199529 0.125015 0.971979 308.716 -0.0121648 0.992133 -0.125117 -22.5046 -0.979901 0.0131377 0.199497 196.686
0.19799 0.1296 0.971682 309.489 -0.0122739 0.991535 -0.129752 -22.5779 -0.980196 0.0137623 0.197922 196.857
0.197378 0.126982 0.972165 310.228 -0.00897332 0.991834 -0.127737 -22.6646 -0.980371 0.0164858 0.196923 197
0.197532 0.12052 0.972942 311.008 -0.00381792 0.992565 -0.122181 -22.7592 -0.980359 0.0204185 0.19654 197.133
0.197102 0.117294 0.973438 311.774 -0.000199204 0.992887 -0.119606 -22.8472 -0.980468 0.0233766 0.195741 197.265
0.193438 0.11802 0.974072 312.541 0.00199636 0.992755 -0.120684 -22.9324 -0.981179 0.0252876 0.191819 197.464
0.190699 0.120141 0.974364 313.316 0.0024771 0.992486 -0.122868 -23.0172 -0.981729 0.0258403 0.188986 197.649
0.187871 0.121379 0.974749 314.092 0.00333881 0.992316 -0.124214 -23.1078 -0.982259 0.0265888 0.18604 197.824
0.188215 0.120361 0.97482 314.889 0.00399323 0.992426 -0.123314 -23.1982 -0.982204 0.0270979 0.186327 197.963
0.188658 0.118679 0.97493 315.694 0.004772 0.992615 -0.12176 -23.287 -0.982102 0.0276214 0.186717 198.124
0.189511 0.117397 0.97493 316.51 0.00650525 0.99272 -0.120811 -23.3725 -0.981942 0.0292326 0.187385 198.288
0.19131 0.116674 0.974655 317.352 0.00636962 0.992808 -0.120102 -23.4686 -0.98158 0.0291827 0.189209 198.447
0.193025 0.114678 0.974565 318.166 0.00655826 0.993039 -0.118159 -23.5568 -0.981257 0.0291944 0.190947 198.599
0.195589 0.112802 0.974264 319.039 0.00793794 0.993215 -0.116595 -23.6553 -0.980725 0.0305358 0.193384 198.756
0.198791 0.110728 0.973864 319.873 0.00963513 0.993394 -0.114924 -23.7568 -0.980079 0.0322241 0.196428 198.9
0.197636 0.109706 0.974206 320.762 0.0107257 0.993483 -0.114058 -23.8615 -0.980289 0.0329879 0.195189 199.139
0.19768 0.109639 0.974213 321.602 0.0117449 0.993456 -0.114196 -23.956 -0.980281 0.0340112 0.195117 199.361
0.201216 0.10852 0.973607 322.431 0.0141908 0.993486 -0.113674 -24.0389 -0.979518 0.0366858 0.198383 199.506
0.203883 0.106995 0.973229 323.307 0.0159365 0.993583 -0.11258 -24.1295 -0.978951 0.0384572 0.200886 199.684
0.206126 0.106631 0.972789 324.272 0.0173903 0.993558 -0.112598 -24.2136 -0.978445 0.0401228 0.202961 199.918
0.210993 0.107369 0.97167 325.125 0.0187795 0.993388 -0.113854 -24.3023 -0.977392 0.0422642 0.207598 200.062
0.21553 0.108095 0.970589 326.029 0.0199468 0.993228 -0.115052 -24.3887 -0.976368 0.0441532 0.211931 200.24
0.219966 0.10959 0.969431 326.948 0.019746 0.993034 -0.116747 -24.4771 -0.975393 0.0448166 0.216285 200.428
0.222576 0.11143 0.96862 327.843 0.0172501 0.99291 -0.118194 -24.5714 -0.974838 0.043012 0.219092 200.631
0.224492 0.113815 0.967905 328.739 0.0161323 0.992654 -0.120475 -24.6529 -0.974426 0.0426546 0.221022 200.852
0.226636 0.115155 0.967243 329.686 0.0137626 0.992578 -0.121402 -24.7499 -0.973957 0.0408222 0.223385 201.079
0.228367 0.114275 0.966945 330.606 0.01386 0.992674 -0.120597 -24.8509 -0.97356 0.0409369 0.225126 201.297
0.229721 0.112233 0.966859 331.551 0.0131236 0.992951 -0.118386 -24.9495 -0.973243 0.0398809 0.226645 201.528
0.230966 0.109819 0.966846 332.47 0.0128626 0.993247 -0.115898 -25.0505 -0.972961 0.0391993 0.228009 201.744
0.232349 0.109301 0.966567 333.393 0.0147222 0.993226 -0.11586 -25.1516 -0.972596 0.0411462 0.229181 201.962
0.234158 0.111359 0.965902 334.325 0.0170579 0.992863 -0.118611 -25.2543 -0.972134 0.0442441 0.230602 202.166
0.235256 0.111171 0.965649 335.253 0.0164333 0.992909 -0.118319 -25.3507 -0.971869 0.0437001 0.231777 202.378
0.235066 0.109545 0.96589 336.158 0.0143747 0.993195 -0.116149 -25.4609 -0.971958 0.0411813 0.231908 202.613
0.234449 0.108077 0.966197 337.065 0.0118353 0.993479 -0.114007 -25.569 -0.972131 0.0381605 0.231657 202.849
0.23507 0.109753 0.965866 338.017 0.00986186 0.993351 -0.115286 -25.667 -0.972014 0.03662 0.23244 203.082
0.236158 0.110762 0.965477 338.942 0.00954282 0.993239 -0.116287 -25.7687 -0.971742 0.0366722 0.23352 203.296
0.237013 0.111094 0.965238 339.847 0.00952212 0.993195 -0.116659 -25.8723 -0.971545 0.0368352 0.234358 203.505
0.237548 0.111826 0.965014 340.764 0.00788575 0.993165 -0.117036 -25.9774 -0.971419 0.0354082 0.235058 203.728
0.237919 0.112166 0.964891 341.676 0.00825343 0.993108 -0.11749 -26.0866 -0.971336 0.0359113 0.235369 203.951
0.240682 0.111675 0.964255 342.57 0.00788477 0.99317 -0.116999 -26.1919 -0.970647 0.0357589 0.238172 204.129
0.241689 0.110679 0.964126 343.512 0.00909072 0.99324 -0.116309 -26.2875 -0.970397 0.0368696 0.239064 204.355
0.24158 0.112596 0.963923 344.423 0.00840263 0.993035 -0.118109 -26.3773 -0.97042 0.036629 0.238967 204.598
0.241844 0.115558 0.963515 345.286 0.00951857 0.992622 -0.121447 -26.4638 -0.970355 0.0385365 0.238974 204.815
0.243495 0.117405 0.962869 346.229 0.0125616 0.992252 -0.124171 -26.5558 -0.969897 0.0423265 0.240148 205.043
0.245242 0.11373 0.962874 347.118 0.0155204 0.992577 -0.121201 -26.6555 -0.969425 0.0446614 0.241671 205.258
0.247676 0.110463 0.962624 348.034 0.0170871 0.992897 -0.11834 -26.7611 -0.968768 0.0457541 0.244044 205.481
0.25143 0.111139 0.96158 348.898 0.0208016 0.992605 -0.120173 -26.8713 -0.967739 0.0502107 0.247273 205.682
0.256179 0.115101 0.959852 349.82 0.0266303 0.99174 -0.126039 -26.98 -0.96634 0.0578447 0.251011 205.895
0.260563 0.116502 0.958509 350.737 0.0299966 0.991307 -0.128652 -27.0933 -0.965078 0.0622661 0.254816 206.119
0.264442 0.11546 0.957566 351.616 0.0333726 0.991189 -0.128737 -27.2053 -0.963902 0.0659941 0.258272 206.352
0.267318 0.114306 0.956912 352.473 0.0351075 0.991195 -0.128218 -27.3193 -0.963056 0.0678614 0.260963 206.593
0.269483 0.116606 0.956021 353.38 0.0357528 0.990818 -0.130935 -27.4337 -0.962419 0.0694593 0.262852 206.859
0.271494 0.116199 0.955509 354.243 0.0354052 0.990878 -0.13057 -27.5468 -0.961877 0.0692705 0.264915 207.118
0.276094 0.112783 0.954594 355.158 0.0352814 0.991305 -0.127332 -27.6613 -0.960562 0.0688286 0.269726 207.363
0.281649 0.109236 0.953388 356.051 0.0335095 0.991843 -0.123551 -27.7634 -0.95902 0.0667373 0.275702 207.603
0.286576 0.108199 0.952032 356.948 0.0316484 0.992063 -0.122283 -27.8727 -0.957613 0.0651673 0.280888 207.865
0.291931 0.107558 0.950482 357.824 0.0298883 0.992216 -0.12147 -27.9751 -0.95606 0.063861 0.286454 208.119
0.297759 0.107057 0.948724 358.706 0.0289483 0.992294 -0.121067 -28.0689 -0.954282 0.0635064 0.292375 208.378
0.303965 0.107216 0.946742 359.596 0.0287302 0.992235 -0.121602 -28.167 -0.952337 0.0641547 0.298534 208.669
0.312615 0.108236 0.9438 360.459 0.0257277 0.99223 -0.12232 -28.2853 -0.949611 0.0625151 0.307411 208.9
0.320163 0.110058 0.941066 361.367 0.0243106 0.992018 -0.1243 -28.3745 -0.947144 0.0626656 0.31494 209.242
0.327301 0.112319 0.938329 362.269 0.0215205 0.99184 -0.126238 -28.4673 -0.944755 0.0615056 0.322221 209.589
0.335868 0.113382 0.935179 363.168 0.020427 0.991689 -0.127582 -28.562 -0.941781 0.0619451 0.330767 209.945
0.344044 0.113735 0.932148 364.026 0.0176742 0.991749 -0.127538 -28.6799 -0.938867 0.0603484 0.339201 210.282
0.352704 0.113919 0.928892 364.929 0.015157 0.991808 -0.127401 -28.7978 -0.935703 0.0590067 0.348093 210.633
0.362002 0.113451 0.925359 365.785 0.0127886 0.991941 -0.126626 -28.9194 -0.932171 0.0576678 0.357638 210.955
0.367532 0.114472 0.923063 366.694 0.0114717 0.991835 -0.127581 -29.0064 -0.930035 0.0574717 0.363222 211.383
0.37499 0.113873 0.92013 367.583 0.00938 0.991981 -0.126599 -29.1274 -0.92707 0.0560981 0.370919 211.716
0.381215 0.113858 0.917574 368.423 0.00727873 0.992061 -0.126137 -29.2415 -0.924554 0.0547568 0.377362 212.05
0.386978 0.114159 0.915117 369.283 0.00708301 0.991981 -0.126754 -29.3574 -0.922151 0.0555267 0.383069 212.402
0.39171 0.113928 0.913133 370.118 0.00662134 0.992003 -0.126621 -29.4635 -0.92016 0.0556376 0.387824 212.77
0.396115 0.114605 0.911144 370.994 0.00521976 0.991954 -0.127051 -29.568 -0.918275 0.0550767 0.392332 213.147
0.400481 0.114664 0.909229 371.83 0.00526293 0.991909 -0.127422 -29.6715 -0.916385 0.0558078 0.396637 213.519
0.404943 0.115045 0.9072 372.705 0.00550774 0.9918 -0.128244 -29.7792 -0.914415 0.0569222 0.40099 213.909
0.409591 0.114831 0.905141 373.591 0.00515529 0.991813 -0.128173 -29.8882 -0.912351 0.0571571 0.405645 214.298
0.414325 0.113921 0.903097 374.428 0.00473389 0.991925 -0.12731 -29.9918 -0.910206 0.0570171 0.41044 214.686
0.41809 0.11266 0.901519 375.257 0.00350075 0.992145 -0.125621 -30.104 -0.908495 0.0556695 0.41441 215.089
0.42115 0.110904 0.90031 376.093 0.00347549 0.992364 -0.123881 -30.2102 -0.907073 0.0552958 0.417548 215.512
0.424156 0.10922 0.899105 376.938 0.00263188 0.99262 -0.121834 -30.3155 -0.905682 0.0540356 0.420736 215.94
0.427122 0.10822 0.89782 377.809 0.00161829 0.992791 -0.12045 -30.4182 -0.904281 0.052894 0.423867 216.375
0.431737 0.108807 0.895543 378.661 0.00101786 0.992711 -0.121117 -30.5212 -0.902098 0.0531943 0.428475 216.775
0.43635 0.111967 0.89291 379.487 -0.000780493 0.992348 -0.124066 -30.633 -0.899864 0.0534339 0.433097 217.185
0.440401 0.115425 0.890481 380.347 -0.00339632 0.991982 -0.126915 -30.7426 -0.897895 0.0528617 0.437256 217.606
0.443401 0.117969 0.888651 381.33 -0.00448919 0.991652 -0.129414 -30.8225 -0.896399 0.0533881 0.440226 218.075
0.446905 0.11579 0.887192 382.136 -0.00653158 0.992059 -0.1262 -30.9099 -0.894662 0.050597 0.444104 218.487
0.449678 0.114951 0.885888 382.957 -0.0100264 0.992343 -0.123686 -30.9994 -0.893222 0.046732 0.447383 218.901
0.452208 0.117428 0.884286 383.779 -0.0142645 0.992195 -0.124477 -31.1034 -0.891906 0.0436685 0.450344 219.303
0.454414 0.123155 0.882361 384.617 -0.0182678 0.991548 -0.128999 -31.2137 -0.890692 0.0424961 0.452818 219.709
0.456897 0.127452 0.880481 385.382 -0.0197266 0.990967 -0.133223 -31.3262 -0.88941 0.0434937 0.455272 220.091
0.458206 0.127894 0.879722 386.184 -0.0221207 0.991 -0.132562 -31.4446 -0.888659 0.0412769 0.456906 220.494
0.459546 0.124571 0.879514 386.997 -0.0248278 0.991606 -0.127489 -31.5644 -0.887916 0.0367447 0.45877 220.902
0.460109 0.121636 0.879616 387.755 -0.0282625 0.992148 -0.122425 -31.6759 -0.887501 0.0314658 0.459928 221.312
0.459734 0.120393 0.879998 388.538 -0.0300442 0.992386 -0.120087 -31.7811 -0.887658 0.0287639 0.459838 221.749
0.459089 0.119618 0.880426 389.287 -0.029422 0.992471 -0.11951 -31.8848 -0.887991 0.0289588 0.459145 222.166
0.459129 0.120676 0.880275 390.062 -0.0297424 0.99234 -0.12054 -31.9869 -0.887981 0.0291565 0.459189 222.573
0.459098 0.121346 0.880185 390.841 -0.0301301 0.992257 -0.121093 -32.0891 -0.887963 0.0290705 0.459193 222.982
0.459419 0.116438 0.880696 391.569 -0.0238674 0.992708 -0.118811 -32.1851 -0.88801 0.033558 0.458835 223.378
0.459685 0.114535 0.880792 392.37 -0.0223607 0.992901 -0.117455 -32.283 -0.88789 0.0342934 0.458975 223.775
0.459558 0.116158 0.880661 393.103 -0.0227882 0.992703 -0.119059 -32.3978 -0.887967 0.0346395 0.458838 224.168
0.459065 0.121286 0.880215 393.895 -0.0215746 0.991943 -0.12544 -32.4754 -0.888231 0.0385914 0.457975 224.573
0.459452 0.124937 0.879513 394.641 -0.020787 0.991375 -0.129983 -32.5774 -0.88807 0.0414315 0.458073 224.963
0.460232 0.124302 0.879185 395.421 -0.022052 0.991522 -0.128652 -32.6793 -0.887616 0.0398185 0.459063 225.34
0.460261 0.121436 0.879579 396.213 -0.0219057 0.991928 -0.125498 -32.7785 -0.887623 0.0384877 0.459193 225.755
0.460064 0.121925 0.879606 396.952 -0.0233484 0.991922 -0.125292 -32.8773 -0.88767 0.0371017 0.459186 226.158
0.460164 0.123093 0.879399 397.757 -0.0240042 0.991782 -0.126277 -32.9885 -0.887619 0.0369928 0.459323 226.576
0.461867 0.125036 0.878224 398.536 -0.0224663 0.991423 -0.129349 -33.0986 -0.886757 0.0400079 0.460705 226.975
0.461208 0.126041 0.878434 399.324 -0.0222961 0.991271 -0.130538 -33.2018 -0.887121 0.0406134 0.459978 227.414
0.460684 0.124968 0.878855 400.114 -0.0219612 0.991418 -0.129473 -33.3041 -0.887385 0.0403417 0.459465 227.854
0.460436 0.122876 0.879288 400.939 -0.0214551 0.991703 -0.127364 -33.4015 -0.887543 0.0397717 0.459238 228.301
0.459948 0.122555 0.87958 401.755 -0.0195235 0.991663 -0.127975 -33.5082 -0.887824 0.0416852 0.458497 228.753
0.459715 0.122099 0.879774 402.549 -0.015673 0.991543 -0.129435 -33.6179 -0.888038 0.0457074 0.457726 229.202
0.459108 0.121347 0.880187 403.382 -0.0121919 0.991473 -0.130342 -33.7304 -0.88839 0.049105 0.456663 229.658
0.460126 0.119403 0.879929 404.211 -0.00971043 0.991611 -0.129493 -33.8403 -0.88791 0.0510311 0.457412 230.104
0.462236 0.116478 0.879208 405.062 -0.00421831 0.991692 -0.129174 -33.9675 -0.886841 0.0559945 0.458877 230.535
0.462578 0.114161 0.87934 405.855 -0.000173403 0.991765 -0.128679 -34.0799 -0.886689 0.0593627 0.458773 230.982
0.462455 0.11212 0.87966 406.685 -0.00263032 0.992222 -0.125095 -34.188 -0.886734 0.0555313 0.459141 231.431
0.462136 0.107437 0.880419 407.489 -0.00525404 0.993027 -0.118434 -34.3062 -0.886903 0.0500986 0.459463 231.87
0.459955 0.10326 0.882056 408.318 -0.00562296 0.993615 -0.113399 -34.4206 -0.888022 0.0471933 0.457588 232.356
0.461779 0.104077 0.881012 409.146 -0.00594468 0.993512 -0.114265 -34.5283 -0.887087 0.0475197 0.459386 232.759
0.462611 0.105886 0.880354 409.932 -0.0057192 0.99326 -0.116473 -34.6351 -0.88664 0.0488411 0.460087 233.181
0.463846 0.107505 0.879514 410.765 -0.00516881 0.993001 -0.118665 -34.741 -0.886012 0.0504875 0.46114 233.606
0.464736 0.105533 0.879277 411.62 -0.00404803 0.993197 -0.117078 -34.8489 -0.885537 0.0508452 0.46199 234.045
0.46623 0.101811 0.878933 412.412 -0.00163528 0.993535 -0.114233 -34.961 -0.884776 0.0518122 0.463365 234.455
0.46703 0.101077 0.878585 413.207 -0.00300004 0.993704 -0.112737 -35.0578 -0.884334 0.05001 0.46438 234.874
0.46751 0.101824 0.878252 414.012 -0.00408436 0.993663 -0.113045 -35.1611 -0.884092 0.0492537 0.464946 235.294
0.467322 0.101606 0.87837 414.771 -0.00442746 0.993714 -0.112605 -35.2607 -0.884173 0.0487277 0.464822 235.707
0.466323 0.100098 0.879082 415.552 -0.00363278 0.993867 -0.111255 -35.3529 -0.884721 0.0486782 0.46381 236.131
0.465936 0.097711 0.879547 416.324 -0.00248351 0.994108 -0.109134 -35.4414 -0.884912 0.048659 0.463421 236.533
0.465271 0.0964078 0.880052 417.089 -0.00342587 0.994321 -0.107129 -35.5326 -0.885275 0.0468201 0.462942 236.937
0.463979 0.0969287 0.880667 417.835 -0.00465179 0.994332 -0.107 -35.6158 -0.88593 0.0455432 0.461788 237.329
0.46302 0.0977977 0.881085 418.53 -0.00283113 0.994134 -0.108872 -35.7078 -0.886457 0.0479064 0.460564 237.714
0.46095 0.10257 0.881621 419.315 -0.00401372 0.993615 -0.113513 -35.7944 -0.887515 0.048779 0.458405 238.123
0.458404 0.109283 0.882148 420.051 -0.00746608 0.992932 -0.119141 -35.8764 -0.888826 0.0480201 0.455963 238.525
0.458886 0.114019 0.881293 420.789 -0.0103065 0.992434 -0.123043 -35.9647 -0.888534 0.0473742 0.456576 238.863
0.458197 0.115871 0.881415 421.499 -0.0119378 0.992263 -0.124251 -36.0481 -0.888885 0.046401 0.456017 239.228
0.456446 0.112951 0.882697 422.22 -0.0138948 0.992779 -0.119864 -36.1408 -0.88974 0.0424415 0.454708 239.603
0.455306 0.109673 0.883704 422.98 -0.0141755 0.993234 -0.115977 -36.2291 -0.890337 0.0402701 0.453763 239.978
0.454826 0.107782 0.884179 423.674 -0.012936 0.993433 -0.114458 -36.3181 -0.890584 0.0406153 0.45322 240.34
0.454709 0.107963 0.884222 424.385 -0.0117018 0.993347 -0.115284 -36.4105 -0.890678 0.0420655 0.45293 240.696
0.454446 0.109916 0.884112 425.084 -0.0123629 0.993129 -0.117127 -36.4982 -0.890787 0.0422922 0.452669 241.058
0.453603 0.11048 0.884479 425.759 -0.0118549 0.99303 -0.117974 -36.5884 -0.89124 0.0430196 0.451734 241.425
0.452503 0.110344 0.885055 426.447 -0.0103367 0.992986 -0.118528 -36.6755 -0.891801 0.0444799 0.450457 241.793
0.452135 0.11063 0.885211 427.131 -0.0104026 0.992948 -0.118795 -36.7684 -0.892004 0.0444945 0.45008 242.152
0.452308 0.111766 0.884978 427.851 -0.00914059 0.992734 -0.120715 -36.8563 -0.891914 0.0465051 0.45003 242.512
0.452775 0.113862 0.884475 428.537 -0.0116216 0.992566 -0.121842 -36.941 -0.891665 0.0448794 0.450714 242.864
0.452561 0.113599 0.884615 429.229 -0.0117352 0.992614 -0.121476 -37.0272 -0.891755 0.0445886 0.450539 243.222
0.453117 0.112987 0.884412 429.926 -0.0124609 0.992725 -0.120454 -37.1117 -0.89148 0.043551 0.451211 243.579
0.453527 0.111507 0.884386 430.62 -0.0114931 0.99288 -0.119304 -37.1948 -0.891268 0.0439377 0.451566 243.941
0.454744 0.110381 0.883907 431.305 -0.0115683 0.993022 -0.11807 -37.2752 -0.890664 0.0434577 0.452829 244.298
0.455121 0.108387 0.883955 431.97 -0.010248 0.993225 -0.11652 -37.3584 -0.89047 0.0439663 0.453135 244.674
0.456518 0.106461 0.883473 432.645 -0.00995572 0.993448 -0.114583 -37.4544 -0.889776 0.0435049 0.454568 245.028
0.457003 0.107271 0.883121 433.303 -0.0111993 0.993405 -0.114884 -37.5394 -0.889495 0.0426063 0.455177 245.384
0.456269 0.109227 0.883265 433.95 -0.0134236 0.993254 -0.115909 -37.6231 -0.889858 0.0410208 0.454638 245.759
0.457771 0.110351 0.882344 434.581 -0.0136613 0.993112 -0.117129 -37.6994 -0.889066 0.0415592 0.456111 246.091
0.461177 0.109288 0.880705 435.239 -0.0136652 0.993227 -0.11611 -37.7908 -0.887319 0.041504 0.459528 246.414
0.464079 0.108801 0.879236 435.886 -0.0153714 0.993356 -0.114822 -37.8709 -0.885762 0.0397662 0.462653 246.728
0.467029 0.108091 0.877765 436.519 -0.0159659 0.993454 -0.113858 -37.9421 -0.884216 0.0391525 0.465678 247.023
0.469443 0.108088 0.87647 437.141 -0.0162153 0.993455 -0.113843 -38.0138 -0.882914 0.0392254 0.468108 247.334
0.471253 0.10763 0.87556 437.754 -0.0153647 0.993462 -0.113869 -38.0872 -0.881981 0.0402001 0.469805 247.652
0.472091 0.107894 0.875071 438.355 -0.0160022 0.993455 -0.11387 -38.1595 -0.881505 0.0397487 0.470713 247.975
0.47352 0.107819 0.874313 438.95 -0.0157382 0.993442 -0.114001 -38.2323 -0.88076 0.0402136 0.47209 248.296
0.473962 0.106344 0.874249 439.524 -0.0135492 0.993532 -0.113521 -38.3055 -0.880542 0.0419537 0.472322 248.619
0.475441 0.10616 0.873474 440.087 -0.0131036 0.993522 -0.113633 -38.3809 -0.879768 0.0425715 0.473731 248.919
0.477037 0.106901 0.872507 440.661 -0.0143523 0.993479 -0.113888 -38.4589 -0.878868 0.0418007 0.475444 249.22
0.47828 0.107607 0.871746 441.208 -0.015574 0.993434 -0.114099 -38.5284 -0.878188 0.0409862 0.476794 249.517
0.479164 0.109371 0.871036 441.742 -0.0177506 0.993302 -0.114971 -38.576 -0.877649 0.0396233 0.477878 249.805
0.479708 0.110033 0.870658 442.261 -0.0187422 0.993249 -0.115215 -38.6375 -0.877348 0.0389433 0.478511 250.102
0.479902 0.110699 0.870462 442.774 -0.0206289 0.993248 -0.114954 -38.6982 -0.877183 0.0372051 0.478927 250.392
0.479742 0.110085 0.870633 443.257 -0.0215295 0.99336 -0.113756 -38.7602 -0.877264 0.0358213 0.478906 250.679
0.480013 0.109132 0.870599 443.74 -0.0218134 0.9935 -0.112524 -38.8197 -0.877094 0.0350175 0.479256 250.958
0.479243 0.111217 0.870765 444.22 -0.0240617 0.993318 -0.113642 -38.8593 -0.877474 0.0335024 0.478694 251.242
0.47933 0.112881 0.870498 444.684 -0.0241462 0.993104 -0.115497 -38.9129 -0.877406 0.0343373 0.478734 251.496
0.480285 0.116159 0.869546 445.154 -0.0255183 0.99271 -0.118532 -38.9698 -0.876864 0.0347325 0.479725 251.748
0.479469 0.119723 0.869509 445.54 -0.0277798 0.992315 -0.121327 -39.023 -0.877223 0.0340136 0.479094 251.987
0.480674 0.120725 0.86871 445.995 -0.0272293 0.992143 -0.122828 -39.0906 -0.876601 0.0353781 0.480161 252.237
0.48124 0.121464 0.868289 446.418 -0.0265765 0.992012 -0.124055 -39.1487 -0.87629 0.0366199 0.480607 252.473
0.481361 0.121252 0.868256 446.814 -0.0258653 0.992008 -0.124209 -39.2021 -0.876266 0.0373239 0.480626 252.696
0.480537 0.120279 0.868843 447.237 -0.0260189 0.992161 -0.122974 -39.2576 -0.876693 0.0364828 0.479883 252.944
0.479302 0.119181 0.86968 447.612 -0.0274937 0.992377 -0.120858 -39.323 -0.877343 0.0340096 0.478902 253.154
0.476965 0.118628 0.871035 447.961 -0.0276262 0.992475 -0.120053 -39.3759 -0.87859 0.033194 0.476638 253.381
0.475267 0.117827 0.872076 448.313 -0.0273402 0.992579 -0.119224 -39.4255 -0.87954 0.0328132 0.474939 253.594
0.473327 0.118033 0.873098 448.672 -0.0277209 0.992579 -0.119171 -39.4653 -0.880553 0.0321998 0.473071 253.812
0.471547 0.118662 0.873981 449.027 -0.0286139 0.992529 -0.119335 -39.505 -0.8815 0.031257 0.471398 254.027
0.470242 0.117948 0.874775 449.369 -0.0281826 0.992622 -0.118701 -39.5497 -0.88219 0.031161 0.470082 254.212
0.469139 0.117063 0.875491 449.675 -0.0273027 0.992712 -0.118122 -39.5897 -0.882826 0.0315051 0.468894 254.387
0.467828 0.116578 0.876252 449.984 -0.026663 0.992765 -0.117857 -39.63 -0.88352 0.0317697 0.467537 254.563
0.467461 0.116592 0.87645 450.299 -0.0274366 0.992788 -0.11745 -39.6698 -0.883711 0.0308492 0.467267 254.704
0.465215 0.116832 0.877608 450.555 -0.0284642 0.992805 -0.117092 -39.7049 -0.884842 0.0294892 0.46518 254.89
0.464112 0.117256 0.878139 450.842 -0.0299709 0.992798 -0.116741 -39.7485 -0.885391 0.0278557 0.464262 255.041
0.463389 0.1173 0.878511 451.137 -0.0292797 0.992777 -0.117127 -39.7841 -0.885773 0.0285493 0.463462 255.188
0.462383 0.118035 0.878947 451.428 -0.0283084 0.992647 -0.118428 -39.8152 -0.88635 0.0298704 0.462304 255.342
0.462206 0.118945 0.878913 451.705 -0.0273809 0.992497 -0.11993 -39.8488 -0.886452 0.0313636 0.461981 255.48
0.461605 0.119664 0.879136 451.985 -0.0270419 0.992386 -0.120895 -39.878 -0.886795 0.0320253 0.461306 255.633
0.461634 0.119222 0.879177 452.236 -0.027731 0.992475 -0.120038 -39.9173 -0.886739 0.0310298 0.461453 255.748
0.461687 0.11948 0.879117 452.486 -0.028489 0.992461 -0.119938 -39.941 -0.886706 0.030322 0.46159 255.902
0.461921 0.119495 0.878989 452.714 -0.0294716 0.992495 -0.119452 -39.9771 -0.886534 0.0292688 0.461962 256.037
0.462234 0.119588 0.878815 452.95 -0.0307298 0.992517 -0.118912 -40.0129 -0.886346 0.0279531 0.46243 256.186
0.463645 0.119878 0.878029 453.178 -0.0318868 0.992513 -0.118684 -40.0418 -0.88555 0.0270266 0.463982 256.309
0.466099 0.120271 0.876678 453.402 -0.0328146 0.992473 -0.118726 -40.0704 -0.884246 0.0265639 0.466516 256.431
0.469457 0.120239 0.874886 453.642 -0.032704 0.992465 -0.118864 -40.1037 -0.882453 0.0271862 0.469837 256.573
0.47459 0.119855 0.872168 453.878 -0.03286 0.992496 -0.118525 -40.1366 -0.879716 0.0275849 0.474944 256.715
0.48126 0.120706 0.868384 454.14 -0.0342373 0.992399 -0.118984 -40.1683 -0.876013 0.027528 0.481718 256.878
0.489674 0.121481 0.863561 454.395 -0.0360417 0.992308 -0.119171 -40.2022 -0.871283 0.0272246 0.490261 257.034
0.499071 0.122685 0.857991 454.647 -0.0379021 0.992163 -0.119838 -40.2357 -0.865838 0.0272851 0.49979 257.195
0.51002 0.122634 0.851539 454.91 -0.0386244 0.992139 -0.119765 -40.275 -0.859421 0.0281861 0.51072 257.358
0.523255 0.122785 0.843445 455.174 -0.0411268 0.992143 -0.118932 -40.3141 -0.851291 0.0275405 0.524171 257.527
0.53798 0.124314 0.833908 455.431 -0.0448174 0.991973 -0.11898 -40.353 -0.841894 0.0266293 0.539201 257.699
0.553592 0.126192 0.823337 455.691 -0.0491884 0.991774 -0.11895 -40.3876 -0.831445 0.0253485 0.55522 257.899
0.570323 0.127742 0.8116 455.932 -0.0515829 0.991541 -0.119833 -40.4227 -0.819932 0.0264731 0.572051 258.095
0.587072 0.129562 0.79927 456.173 -0.0534734 0.991253 -0.121421 -40.4597 -0.807882 0.0285401 0.588834 258.302
0.604337 0.130037 0.786225 456.407 -0.0549087 0.99113 -0.121739 -40.4963 -0.794973 0.0303945 0.606075 258.513
0.621227 0.133336 0.772379 456.638 -0.0615664 0.990769 -0.121534 -40.5331 -0.781328 0.0279449 0.623666 258.731
0.632735 0.138099 0.762141 456.883 -0.0676507 0.990154 -0.123269 -40.5707 -0.771551 0.0264316 0.6358 258.984
0.637184 0.143975 0.757324 457.104 -0.0745369 0.989396 -0.125397 -40.5971 -0.767222 0.0234508 0.64112 259.203
0.636286 0.145956 0.757707 457.33 -0.0764602 0.989125 -0.126345 -40.6263 -0.767799 0.0224522 0.640478 259.413
0.631987 0.147511 0.76099 457.546 -0.0774745 0.988919 -0.127368 -40.6527 -0.771219 0.0215363 0.636374 259.599
0.623472 0.148302 0.767836 457.769 -0.0766239 0.988798 -0.12878 -40.6811 -0.778225 0.0214513 0.627806 259.782
0.611842 0.147651 0.777253 457.985 -0.0726766 0.988854 -0.130654 -40.7071 -0.787754 0.0234497 0.615718 259.94
0.59903 0.146913 0.787314 458.203 -0.0682122 0.988903 -0.132648 -40.7365 -0.797954 0.0257504 0.602362 260.087
0.583337 0.145249 0.799309 458.437 -0.0622805 0.989075 -0.134296 -40.7698 -0.809955 0.0285563 0.58598 260.236
0.565379 0.145032 0.812155 458.67 -0.0588388 0.989093 -0.135686 -40.8029 -0.822864 0.0289222 0.567709 260.377
0.547085 0.145129 0.824567 458.908 -0.0562513 0.989096 -0.13678 -40.8399 -0.835297 0.0284449 0.549258 260.502
0.528597 0.145314 0.836511 459.15 -0.0547078 0.989111 -0.137269 -40.8748 -0.847238 0.0267913 0.53076 260.624
0.510697 0.144905 0.847625 459.407 -0.052397 0.9892 -0.137553 -40.9124 -0.858272 0.0258329 0.512753 260.751
0.494275 0.143532 0.857539 459.653 -0.0470198 0.989334 -0.138506 -40.9506 -0.86816 0.0281329 0.495726 260.859
0.479308 0.142227 0.866207 459.915 -0.0409713 0.989425 -0.139803 -40.9896 -0.876797 0.0315161 0.48005 260.98
0.465776 0.141321 0.873706 460.169 -0.0366654 0.989488 -0.140518 -41.0261 -0.884267 0.0334091 0.46604 261.088
0.453652 0.141519 0.880029 460.42 -0.0360737 0.98951 -0.140544 -41.0626 -0.890554 0.0320092 0.453986 261.195
0.444547 0.14005 0.884899 460.68 -0.0343543 0.98973 -0.139399 -41.0996 -0.89522 0.0315631 0.444775 261.313
0.436543 0.137265 0.889308 460.925 -0.0323757 0.990142 -0.13695 -41.133 -0.899205 0.0309898 0.436674 261.42
0.43071 0.136003 0.892342 461.167 -0.0305366 0.990299 -0.136209 -41.1661 -0.902096 0.0314113 0.430669 261.523
0.42882 0.136088 0.893238 461.397 -0.0293093 0.990257 -0.136814 -41.1958 -0.903018 0.032485 0.428622 261.636
0.431548 0.136755 0.891822 461.612 -0.029685 0.990149 -0.137484 -41.2259 -0.901724 0.0328509 0.43134 261.736
0.437725 0.135728 0.888963 461.822 -0.0288846 0.990245 -0.136984 -41.2538 -0.89875 0.0342806 0.437366 261.837
0.446997 0.13396 0.884608 462.015 -0.0273158 0.990395 -0.136193 -41.2812 -0.894242 0.0367069 0.446344 261.942
0.458125 0.133654 0.878942 462.204 -0.0297347 0.990475 -0.13513 -41.3071 -0.888497 0.0357675 0.457723 262.051
0.470004 0.136429 0.87222 462.374 -0.0359085 0.990209 -0.135551 -41.3288 -0.88206 0.0323827 0.470279 262.174
0.481839 0.139333 0.865274 462.533 -0.0413949 0.989888 -0.136363 -41.3479 -0.87539 0.0298843 0.482718 262.304
0.494255 0.140115 0.858117 462.678 -0.0456473 0.989836 -0.135347 -41.372 -0.868246 0.0277198 0.495602 262.418
0.507453 0.138436 0.850652 462.817 -0.0481886 0.990118 -0.132401 -41.3918 -0.860441 0.0261933 0.50909 262.52
0.520988 0.136268 0.842787 462.942 -0.0477008 0.990369 -0.13066 -41.41 -0.852361 0.0278647 0.52244 262.615
0.535489 0.133408 0.834107 463.059 -0.0391645 0.990398 -0.133279 -41.4314 -0.843746 0.0386981 0.53555 262.695
0.550645 0.135114 0.823906 463.165 -0.0360241 0.989831 -0.138265 -41.4475 -0.834096 0.0464466 0.549878 262.77
0.563899 0.137386 0.814509 463.262 -0.0388667 0.989481 -0.140008 -41.4588 -0.825043 0.0472884 0.563281 262.868
0.575969 0.140553 0.805477 463.354 -0.0483419 0.989331 -0.138085 -41.471 -0.816179 0.0405876 0.576579 262.973
0.587937 0.141831 0.796553 463.438 -0.055245 0.989344 -0.135399 -41.4781 -0.807137 0.0355972 0.589477 263.063
0.599399 0.141641 0.788002 463.519 -0.0587653 0.989442 -0.133167 -41.4902 -0.798431 0.0335072 0.601351 263.145
0.609902 0.140763 0.780056 463.598 -0.0600199 0.989571 -0.131661 -41.5018 -0.790322 0.0334783 0.611956 263.223
0.620381 0.140314 0.771834 463.665 -0.0609244 0.989606 -0.130953 -41.5093 -0.782074 0.0342111 0.622435 263.298
0.62968 0.140392 0.764248 463.735 -0.0626391 0.989602 -0.130198 -41.5165 -0.77445 0.034108 0.63189 263.386
0.638914 0.139055 0.756796 463.796 -0.0627324 0.989761 -0.128918 -41.5237 -0.766863 0.0348859 0.641046 263.454
0.647525 0.136981 0.749819 463.859 -0.0623442 0.99003 -0.127044 -41.5278 -0.759617 0.0355137 0.649571 263.517
0.654664 0.137451 0.743512 463.916 -0.0638669 0.989963 -0.126796 -41.5294 -0.753367 0.0355166 0.65682 263.567
0.660455 0.14211 0.737485 463.961 -0.0708078 0.989434 -0.127266 -41.5403 -0.74765 0.031831 0.663498 263.642
0.667314 0.149659 0.729783 463.985 -0.0807517 0.988458 -0.128887 -41.5471 -0.740539 0.0270719 0.671643 263.705
0.671954 0.155223 0.724338 464.016 -0.0876986 0.987682 -0.130318 -41.5521 -0.735515 0.0240432 0.677247 263.762
0.675509 0.154729 0.721135 464.04 -0.0879634 0.987755 -0.129558 -41.5583 -0.732241 0.0240799 0.680792 263.81
0.681531 0.149437 0.716566 464.081 -0.0842275 0.988536 -0.126064 -41.5636 -0.727062 0.0255606 0.68626 263.843
0.686457 0.143984 0.712977 464.119 -0.0795736 0.98928 -0.123189 -41.5682 -0.722961 0.0278246 0.690498 263.875
0.689784 0.142827 0.709986 464.153 -0.0792992 0.98945 -0.122022 -41.5695 -0.719797 0.0278652 0.693788 263.914
0.693821 0.145007 0.705603 464.173 -0.0833483 0.989196 -0.121352 -41.5678 -0.715467 0.0253809 0.698353 263.953
0.697424 0.147845 0.701443 464.193 -0.0878929 0.988844 -0.12105 -41.5699 -0.711388 0.0227699 0.702591 263.991
0.699763 0.15097 0.698449 464.211 -0.0920266 0.988413 -0.121467 -41.5714 -0.708584 0.0207182 0.705488 264.027
