8173 0.327614 0.00117516
7779 0.312102 0.00116775
8818 0.342052 0.0011845
7090 0.275406 0.00120446
8074 0.313554 0.00121011
9682 0.336578 0.00119393
10790 0.346084 0.00122011
7724 0.235487 0.00121563
5700 0.170827 0.00116624
5926 0.163039 0.00112476
6472 0.157731 0.00112167
6422 0.150063 0.00110888
6405 0.150116 0.00111863
5142 0.131264 0.00113959
5054 0.144694 0.0011476
5747 0.168093 0.00113995
6349 0.183109 0.00114017
6884 0.195763 0.00114033
7419 0.208427 0.00111362
7392 0.212465 0.00111801
7860 0.231559 0.00111842
8848 0.254116 0.00111041
8216 0.226617 0.00110725
8449 0.235008 0.00111552
9677 0.290735 0.00110585
9530 0.319287 0.00110679
8710 0.330324 0.00112304
6301 0.276045 0.00111034
6380 0.289567 0.00111323
5956 0.258904 0.00111782
4786 0.223392 0.00112742
5269 0.269328 0.00114622
6068 0.300358 0.00113907
7442 0.339678 0.00112402
9463 0.41881 0.00112488
4729 0.210693 0.00117581
5197 0.20813 0.00117918
5720 0.205608 0.00117256
5775 0.201279 0.00118115
5281 0.174859 0.00118351
4718 0.156652 0.00120647
5636 0.186573 0.00121921
3743 0.119453 0.00119474
3477 0.10925 0.00115349
3422 0.107264 0.00117129
2813 0.083973 0.00113789
2942 0.0881811 0.00114307
3129 0.0947812 0.00112331
3779 0.121663 0.00112388
4028 0.138309 0.00112106
4394 0.153827 0.00112188
4693 0.177915 0.00114329
4618 0.194475 0.00115704
5192 0.222774 0.00116442
4838 0.216322 0.0011748
5196 0.240807 0.00119535
2974 0.142363 0.00120243
2667 0.133699 0.00118575
2250 0.115628 0.00116231
2387 0.126138 0.00116901
2590 0.133269 0.00116167
2222 0.120708 0.0011596
2136 0.116217 0.00111514
1938 0.107677 0.00108126
1513 0.0963923 0.00109172
1641 0.117313 0.00108408
1345 0.104492 0.00108402
1115 0.0961815 0.00109738
1078 0.0958706 0.001139
1246 0.101499 0.0011586
973 0.0834128 0.00119187
971 0.0819937 0.00114533
1089 0.0903122 0.00112915
1079 0.0905674 0.00117821
1351 0.103888 0.0011704
1435 0.0971213 0.00116218
1580 0.0967239 0.00114697
1868 0.115525 0.0012059
1959 0.119268 0.00117318
2005 0.139432 0.00118242
2109 0.150116 0.00114952
2221 0.146327 0.00115866
1915 0.131866 0.00113393
1827 0.131839 0.00110883
2319 0.156792 0.00113652
2345 0.138757 0.00112415
2730 0.15507 0.00113116
2628 0.1527 0.00112918
2291 0.148028 0.00111399
2301 0.172202 0.00111649
1831 0.152013 0.00110632
1741 0.156185 0.00111343
1848 0.179458 0.001136
1610 0.171494 0.0011136
1766 0.190396 0.00111436
2009 0.210502 0.00113948
2327 0.234815 0.00114703
2420 0.239426 0.00115164
2670 0.26442 0.00113056
3078 0.325887 0.00113057
3455 0.368037 0.00113163
4024 0.390146 0.00110848
4866 0.423167 0.00111117
5168 0.414384 0.001113
4581 0.36002 0.00110008
4441 0.346029 0.00109673
4187 0.316787 0.00109109
3986 0.306643 0.00109713
3450 0.269813 0.00110507
3029 0.237892 0.00109526
2589 0.209907 0.00111174
2411 0.194575 0.00111289
2812 0.227269 0.00112927
2625 0.201837 0.0011078
2311 0.177523 0.00112208
2100 0.164603 0.00112081
1794 0.148105 0.00113331
1858 0.157704 0.00115156
2233 0.184697 0.00115291
2710 0.215112 0.00113441
3178 0.2399 0.00112829
3530 0.266063 0.00114992
3689 0.29036 0.00114482
3446 0.277765 0.00113682
3559 0.282773 0.00112686
3745 0.311844 0.00112963
4004 0.368459 0.00115311
3009 0.295747 0.00116742
2698 0.270314 0.00117118
2596 0.249776 0.00112834
2748 0.258724 0.00113931
2896 0.258084 0.00115764
3121 0.261811 0.00114282
2948 0.250335 0.00113863
2953 0.268802 0.00115623
3163 0.279358 0.00113022
2831 0.261603 0.00118082
2447 0.239456 0.00116861
2474 0.240491 0.00116947
2384 0.222618 0.00119652
2386 0.210128 0.00119854
2442 0.206442 0.00118407
2491 0.190174 0.00110699
2943 0.223372 0.00114174
3255 0.248168 0.00114985
3746 0.269217 0.00111852
4913 0.321282 0.00112669
6049 0.347465 0.00111252
7295 0.377979 0.00112572
7038 0.359928 0.00113332
7168 0.387182 0.0011385
6779 0.384494 0.00116162
6772 0.41248 0.00116214
6473 0.420622 0.00115977
6514 0.442788 0.0011647
5895 0.440195 0.00117461
5512 0.45729 0.00117533
5382 0.465259 0.00118378
4883 0.432102 0.00121898
4683 0.42338 0.00123697
5106 0.450522 0.00122995
5405 0.447473 0.00120299
5242 0.394687 0.00117808
6004 0.422177 0.00116161
6313 0.426475 0.00116331
7259 0.456461 0.00114678
8676 0.525529 0.00115919
10236 0.582005 0.00115969
11044 0.594757 0.00115007
11724 0.6377 0.00115091
11796 0.685518 0.0011502
11765 0.714496 0.00114118
11922 0.716866 0.00113661
12869 0.75077 0.00113202
12533 0.733216 0.00112925
11355 0.664558 0.00112841
11982 0.678971 0.00112602
12333 0.676718 0.00113339
11690 0.620807 0.00114219
13879 0.688214 0.00114007
14316 0.664189 0.00116551
11493 0.51998 0.00114749
6021 0.295918 0.00115175
6263 0.318314 0.00112841
7026 0.356196 0.00112772
7739 0.37613 0.00111528
9568 0.448063 0.0011237
11706 0.525261 0.00113175
9877 0.443288 0.00111376
7389 0.351935 0.00107655
7411 0.369845 0.00107996
8124 0.408041 0.00106484
6772 0.37144 0.00107062
5222 0.307389 0.00106051
4913 0.300938 0.00107793
4099 0.252923 0.00109649
3384 0.213797 0.00111124
3374 0.217374 0.00110796
3213 0.215876 0.0011019
3310 0.242766 0.00110178
3448 0.269215 0.00110971
3501 0.270247 0.00112233
3216 0.240198 0.00111022
2997 0.221739 0.00110946
2905 0.207512 0.00109932
2625 0.184427 0.0011081
2593 0.181046 0.00112217
2560 0.17539 0.00109947
2608 0.17996 0.00112555
3220 0.211321 0.00112382
2913 0.174151 0.00108793
2952 0.172111 0.00109134
3039 0.175966 0.00109884
2561 0.157473 0.0011009
2904 0.187717 0.00110182
2976 0.191268 0.00109307
2744 0.197967 0.00112593
2582 0.204927 0.00113829
2604 0.216486 0.00112377
2847 0.253192 0.00116316
3174 0.283066 0.00117125
3094 0.285012 0.00120008
3113 0.315494 0.00121795
3139 0.338753 0.00123138
1236 0.128346 0.00122547
1071 0.107887 0.00118043
1079 0.106725 0.00118111
1185 0.106477 0.00114761
1404 0.128321 0.0011386
1733 0.163029 0.0011249
1651 0.162708 0.00113334
1940 0.194069 0.00112951
1838 0.17581 0.0011217
2144 0.194879 0.00111444
2444 0.225624 0.00113747
2712 0.244337 0.00112724
2924 0.248844 0.00112692
3442 0.274949 0.00112858
3928 0.303346 0.00113605
4461 0.335281 0.00113717
4780 0.347354 0.00114358
5066 0.379427 0.00113824
5440 0.427369 0.00112983
5583 0.451904 0.0011264
5307 0.417966 0.00112314
5414 0.383587 0.00110608
5835 0.39804 0.00110978
5354 0.36418 0.00110113
5446 0.362318 0.00110037
5380 0.380778 0.00110334
5304 0.408678 0.0011132
5527 0.412155 0.0011207
5671 0.392169 0.00109949
5244 0.363799 0.00110913
5403 0.360589 0.00111056
5401 0.350474 0.00111941
5255 0.338678 0.001132
5754 0.356836 0.00113308
5391 0.340597 0.00113292
5797 0.368628 0.00112169
6689 0.407308 0.00112064
7434 0.428034 0.00112842
8222 0.46398 0.00112523
8093 0.467446 0.00112993
7328 0.443201 0.00113781
7414 0.464712 0.00114204
7350 0.467429 0.00114649
8485 0.53683 0.00114459
8309 0.53267 0.00113834
5903 0.417453 0.00114911
6564 0.475537 0.0011374
7599 0.536409 0.00112717
5865 0.428533 0.00116001
7380 0.485346 0.00115924
5818 0.339697 0.00113808
6401 0.360243 0.00115667
6595 0.351805 0.00115815
7879 0.395086 0.00114391
7939 0.349865 0.0011165
7774 0.307388 0.00112627
8963 0.331407 0.00112868
8562 0.30995 0.00111926
10164 0.356062 0.0011121
9633 0.341539 0.00112494
8552 0.312509 0.00110738
6915 0.265279 0.00110782
8044 0.307434 0.00111729
7976 0.324213 0.00110616
6434 0.314424 0.00111944
6756 0.358016 0.00111222
6117 0.352187 0.00113156
3859 0.236688 0.00114968
4117 0.230752 0.00111856
4579 0.223979 0.00111979
5720 0.261019 0.00112468
6031 0.270241 0.00110281
5932 0.270632 0.00109998
6563 0.324609 0.0011127
6276 0.326491 0.00111977
5426 0.303904 0.00110607
4439 0.289769 0.00111866
5127 0.344331 0.00112489
5154 0.327859 0.00112566
4961 0.329342 0.00110737
5037 0.344736 0.00110684
5309 0.33938 0.0011123
4161 0.278381 0.00114101
4768 0.334462 0.00113012
5852 0.401338 0.00111608
5395 0.354742 0.00111151
5180 0.360563 0.00113639
4429 0.32296 0.00113743
4813 0.362478 0.00115277
4684 0.337115 0.00114658
3062 0.221983 0.00115613
2772 0.20198 0.00114107
2898 0.204091 0.00112417
3860 0.284118 0.00116533
4008 0.288755 0.0011556
4113 0.295529 0.00114156
4324 0.314953 0.00114107
4713 0.333332 0.00114433
5272 0.347876 0.00115134
6902 0.435296 0.00112786
5874 0.403835 0.00114095
6212 0.491937 0.00115975
3849 0.351086 0.00113294
3845 0.373854 0.00113131
3579 0.305772 0.00109951
4114 0.338073 0.00111186
4293 0.350976 0.00110438
4732 0.395174 0.00113026
3920 0.353799 0.00116847
2547 0.215235 0.00119349
1814 0.129736 0.00112349
1878 0.123928 0.00109387
1722 0.106229 0.0011481
1689 0.103112 0.00115728
1859 0.125204 0.00117059
1693 0.125429 0.00119234
1794 0.131562 0.00118053
1883 0.137783 0.00118237
1722 0.131358 0.00118922
1936 0.156849 0.0011948
1844 0.157125 0.00118123
2116 0.177719 0.00117915
2224 0.175992 0.00117375
2121 0.151883 0.00112064
2454 0.159173 0.00112493
2664 0.150964 0.00110642
3199 0.175044 0.00112312
3280 0.175135 0.00109232
3533 0.194507 0.00109869
4156 0.210603 0.00108723
4398 0.205298 0.00110935
4713 0.209086 0.00110189
5798 0.239588 0.00108609
6706 0.263302 0.00109301
6662 0.2516 0.00108866
6474 0.259986 0.00109168
5860 0.279759 0.00110333
5305 0.283434 0.00110754
6681 0.361093 0.00111229
6488 0.346364 0.00112526
6556 0.338121 0.00114133
6893 0.359877 0.00112831
7630 0.375491 0.00112327
7231 0.34109 0.00112476
6056 0.337556 0.00113746
5604 0.32574 0.00112597
3188 0.201294 0.00113575
2348 0.182558 0.00117915
2552 0.220911 0.00117136
2244 0.207768 0.00118266
2419 0.230664 0.00121561
2434 0.241198 0.00119003
2592 0.274551 0.00119256
2620 0.299943 0.00120463
2582 0.291893 0.00118884
2530 0.276392 0.00119577
2550 0.294904 0.00118755
2668 0.314617 0.00119137
3002 0.341351 0.00119255
3328 0.391805 0.00119465
2919 0.363296 0.00117803
3307 0.446829 0.0011804
4039 0.570852 0.00117555
3764 0.590641 0.00120257
3800 0.696355 0.00119616
3978 0.85986 0.00121793
3660 0.986361 0.00122445
3002 1.11382 0.00122927
475 0.341043 0.0011473
306 0.359247 0.00110545
316 0.494478 0.00120159
201 0.430354 0.00119601
155 0.359269 0.00114166
127 0.484006 0.00122615
127 0.449949 0.00114984
131 0.483662 0.00108839
85 0.315962 0.00118606
382 0.88339 0.00120727
164 0.480256 0.0011675
271 0.691978 0.0012444
299 0.551622 0.00117731
293 0.595474 0.00119342
237 0.416065 0.00122908
357 0.458987 0.00110333
394 0.431991 0.00114217
510 0.373774 0.0011313
806 0.45735 0.0010981
1117 0.597171 0.00110726
1340 0.56169 0.00110515
1675 0.600706 0.00112422
2338 0.786531 0.00114601
2197 0.837893 0.00115149
2492 1.30344 0.00116258
2186 1.50863 0.0012245
516 0.477945 0.00113164
304 0.37912 0.00113263
629 0.807312 0.00119503
748 0.753355 0.00120834
850 0.62639 0.00117734
705 0.420253 0.00116872
908 0.48176 0.00118897
1339 0.502452 0.00111151
1944 0.455995 0.00111533
2808 0.486488 0.00112485
2850 0.426637 0.00113073
3289 0.433959 0.00113439
3710 0.457744 0.001141
3217 0.412471 0.0011252
1608 0.24421 0.00120697
1496 0.251027 0.0012169
1419 0.201197 0.00116207
1670 0.189448 0.00115551
2190 0.211841 0.00115386
2788 0.245244 0.00113715
2746 0.237678 0.00114986
3302 0.272564 0.00116341
2938 0.246938 0.00116498
3365 0.279426 0.00112964
4106 0.303796 0.0011139
3698 0.256785 0.00110462
3416 0.265275 0.00112798
2556 0.231573 0.00115004
2719 0.243265 0.00109934
3696 0.309982 0.001127
5190 0.391114 0.00112968
6186 0.464095 0.00112731
8407 0.594164 0.00112706
7456 0.493985 0.0011068
3725 0.308524 0.00117229
1905 0.173693 0.00109468
1881 0.193976 0.00112756
2071 0.207691 0.00111597
1859 0.165031 0.00109421
2121 0.195946 0.0010818
1799 0.210757 0.00113815
1878 0.268123 0.00113381
2142 0.314071 0.00110054
2006 0.310719 0.0010717
1544 0.331293 0.00118164
1964 0.440101 0.00119347
1156 0.252037 0.00121264
1034 0.224886 0.00121018
646 0.157922 0.00117142
871 0.202232 0.00114759
2068 0.393355 0.00119224
1502 0.316822 0.00123986
1746 0.375212 0.00121808
2325 0.472424 0.00120118
2083 0.431523 0.00120123
2277 0.463361 0.00119714
3500 0.648436 0.00120517
2476 0.40911 0.00118848
2305 0.361275 0.0011667
2261 0.319435 0.00113391
1825 0.256739 0.00113399
1952 0.307548 0.00117485
2713 0.464109 0.00119598
2525 0.406884 0.00115421
3750 0.57953 0.00122027
3858 0.574021 0.00121276
3871 0.577818 0.00119374
4897 0.724433 0.00120385
5850 0.842195 0.00121866
4282 0.633737 0.00119918
4383 0.701279 0.00117089
2601 0.463796 0.00118205
2073 0.441061 0.00120474
2314 0.525757 0.00120351
2738 0.544081 0.00116602
3281 0.621063 0.0011755
3681 0.65649 0.00116162
4078 0.683836 0.00115724
4586 0.74327 0.00113983
6049 0.90913 0.00114768
3346 0.562995 0.00116648
3624 0.618497 0.0011509
4117 0.617986 0.00115423
4473 0.709728 0.00116219
4686 0.76482 0.00112454
3970 0.696556 0.00113498
2962 0.60747 0.00121084
2324 0.500583 0.00120271
2296 0.427661 0.0011908
2053 0.360831 0.00116327
1747 0.340857 0.00116636
1804 0.318077 0.0011544
1636 0.276242 0.00116273
1722 0.309007 0.00115278
1684 0.316676 0.00115002
1588 0.289153 0.00116947
1933 0.315682 0.00117098
2389 0.343524 0.00115133
2382 0.32246 0.0011337
2185 0.29163 0.00112809
2345 0.304175 0.00115557
2153 0.278836 0.00115808
2473 0.321591 0.00117782
2387 0.32316 0.00116193
2471 0.369038 0.00119809
2075 0.292939 0.00113455
2375 0.348036 0.00118055
2373 0.322967 0.00117769
2139 0.288209 0.00117323
2012 0.259445 0.00118685
2338 0.296184 0.00119264
2601 0.308271 0.00119177
2387 0.259174 0.00118862
1906 0.230996 0.0011837
1220 0.151958 0.00114768
1529 0.162395 0.00116297
1710 0.145735 0.00111559
1818 0.144428 0.00115718
2139 0.148542 0.00114903
2497 0.168283 0.00112732
2588 0.177347 0.00111872
2729 0.193166 0.00114359
2597 0.195543 0.00112272
2496 0.210643 0.00111179
2045 0.198051 0.00112459
1439 0.164956 0.00114476
1099 0.130662 0.0011009
917 0.132879 0.00115764
1084 0.172904 0.00117554
927 0.143093 0.00115275
556 0.0856993 0.00113543
642 0.0913914 0.00116416
987 0.11515 0.0010972
1277 0.147951 0.00112196
1022 0.112277 0.00107494
1290 0.127539 0.00108247
1451 0.123736 0.00108884
2165 0.151422 0.00109863
3013 0.150962 0.00107637
3259 0.149614 0.00107805
2919 0.148156 0.00108074
2896 0.155619 0.00109884
3230 0.176843 0.00109061
2946 0.158524 0.00112002
2527 0.136369 0.00111629
2906 0.17578 0.0011407
2566 0.169545 0.00111892
2284 0.184992 0.00115378
2166 0.190199 0.00115315
1878 0.168512 0.00111998
1519 0.139099 0.001111
1998 0.192609 0.00115844
2262 0.195143 0.00112478
2483 0.186682 0.00111493
2952 0.213334 0.00113647
3886 0.229291 0.00110794
3601 0.182142 0.00109805
3115 0.150913 0.00108479
2782 0.144273 0.00105077
2987 0.159005 0.00108253
3218 0.162282 0.00108378
3244 0.162984 0.00109452
2723 0.13208 0.00110566
3840 0.190124 0.00112193
4372 0.240972 0.00114793
5182 0.300198 0.00113535
5526 0.317313 0.00112359
4673 0.306639 0.00113312
3867 0.309176 0.00114598
4087 0.3486 0.0011507
3710 0.307114 0.00113385
3785 0.314599 0.00112393
2565 0.248878 0.00112153
2678 0.283649 0.00106772
2325 0.280632 0.00107934
2272 0.302686 0.00105532
2045 0.269521 0.00105622
1285 0.23665 0.0010934
978 0.243375 0.00108905
682 0.160773 0.00107976
298 0.0769094 0.00113097
311 0.0769111 0.00116432
419 0.0818805 0.00110936
528 0.0966315 0.00116859
626 0.114885 0.00114672
652 0.117022 0.00109632
974 0.15189 0.00108016
1193 0.191455 0.00115435
1486 0.236838 0.00118475
1698 0.256761 0.00116527
1229 0.181539 0.00115916
1314 0.187656 0.00115551
1392 0.182038 0.00116604
1337 0.162435 0.00113258
1684 0.212711 0.00114811
2216 0.250301 0.00116007
1950 0.208914 0.00114804
2491 0.274484 0.00116328
2382 0.252459 0.00116787
2112 0.235934 0.00115022
1315 0.177289 0.00117879
1141 0.17378 0.00117174
1068 0.162173 0.00115245
700 0.115027 0.00112439
924 0.166841 0.00113719
1172 0.191089 0.00114688
1371 0.177363 0.00114923
1448 0.154441 0.00112377
1581 0.168168 0.0011471
2082 0.210905 0.00113996
1801 0.197104 0.00114847
2045 0.214348 0.00115256
2415 0.231614 0.00115489
2774 0.284184 0.00117833
2517 0.250995 0.00117315
2372 0.238744 0.00113999
2245 0.229897 0.00113027
2120 0.209677 0.00112158
986 0.101094 0.00112259
1384 0.135861 0.00111815
2091 0.186984 0.00111362
1299 0.112104 0.00110537
1869 0.152559 0.00109262
1624 0.134306 0.00112327
1928 0.150714 0.00108292
1976 0.156396 0.00108747
1861 0.158941 0.00111329
1562 0.136599 0.00111892
2522 0.216467 0.00107892
2465 0.226403 0.00108651
3362 0.316738 0.00109489
2261 0.213232 0.00113785
2422 0.243658 0.00113811
3195 0.34449 0.00112731
3064 0.341933 0.00112261
1394 0.186318 0.00113979
1566 0.226018 0.00107212
956 0.143196 0.00108452
723 0.126671 0.00110037
784 0.120846 0.00110279
1420 0.156815 0.00110286
1634 0.151516 0.00112047
1755 0.139087 0.0011142
2008 0.153961 0.00113648
1962 0.141115 0.00113056
1939 0.13949 0.00111587
2020 0.163091 0.00113691
3321 0.248526 0.00110463
2787 0.199769 0.00110332
3318 0.261852 0.00111719
2685 0.235511 0.00114368
2492 0.243085 0.00114006
2362 0.276023 0.00113052
1764 0.235374 0.00110123
1742 0.258606 0.00109125
925 0.139875 0.00114398
1635 0.217264 0.00111523
1847 0.239534 0.00112454
2464 0.308763 0.00113264
3125 0.345568 0.00114532
3997 0.371864 0.00115797
4042 0.357842 0.0011241
3309 0.327211 0.00110976
3127 0.356578 0.00114643
2467 0.293958 0.00113528
2997 0.376249 0.00114607
3254 0.423856 0.00113168
3852 0.535757 0.00113304
3872 0.560681 0.00114339
4018 0.600913 0.00113765
3642 0.594074 0.00115332
2437 0.451432 0.00115648
2660 0.538346 0.0011299
1603 0.381843 0.00113084
1625 0.464272 0.00112855
918 0.305062 0.00113065
713 0.247108 0.00112332
796 0.294126 0.00117167
824 0.316327 0.00118701
724 0.2913 0.00114392
895 0.406083 0.00116413
805 0.387483 0.00120444
886 0.415871 0.00118244
869 0.396256 0.0012369
1057 0.412514 0.00117424
1326 0.423796 0.00120508
1609 0.44737 0.00125308
1554 0.39974 0.00120346
1906 0.429775 0.00122775
1408 0.288689 0.00119418
1582 0.327757 0.001158
1361 0.262952 0.00119759
839 0.161369 0.00113472
1034 0.202823 0.00117176
1395 0.232675 0.00118485
868 0.14034 0.0011743
713 0.10917 0.00118171
872 0.114508 0.00117715
702 0.0885214 0.00119118
941 0.104886 0.00118491
1208 0.112444 0.00119027
1242 0.0976139 0.00117628
1656 0.112815 0.00115462
1207 0.0999212 0.00117103
650 0.0570907 0.00115673
714 0.0566291 0.00114694
854 0.0604873 0.001155
1609 0.0915111 0.00116814
2105 0.107378 0.00117204
1885 0.0958148 0.00118689
1771 0.0935185 0.00119769
1595 0.0850487 0.00118442
1561 0.0891075 0.00117646
1472 0.0872387 0.00117885
1654 0.0960783 0.00119321
965 0.059747 0.00114844
996 0.0706262 0.00114127
894 0.0610181 0.0011354
1162 0.0685094 0.00114441
1275 0.0691324 0.00115052
1327 0.0681488 0.00114047
1472 0.0674639 0.00113746
1271 0.0630405 0.00114219
1339 0.0684956 0.00111442
1406 0.063889 0.00114383
1568 0.0713492 0.00114755
1599 0.0763624 0.00115668
1723 0.0714891 0.00115193
1808 0.0727149 0.00114743
1887 0.0796389 0.0011447
1985 0.0795684 0.00115476
2148 0.0814838 0.00116213
2440 0.0874394 0.00114997
2508 0.0885893 0.00115812
2467 0.0858921 0.00114892
2972 0.103609 0.00113999
3084 0.105741 0.00115414
3682 0.120547 0.00114798
3918 0.126627 0.00114014
3917 0.13145 0.00113111
4382 0.161963 0.00115478
4697 0.17827 0.0011548
5168 0.205634 0.00115056
4870 0.202526 0.00114143
4772 0.199613 0.00114374
4590 0.189626 0.00113175
4448 0.18155 0.00112991
4717 0.188217 0.00110798
4673 0.18543 0.00111749
4920 0.197142 0.00112071
4680 0.188967 0.00110676
5048 0.202876 0.00111025
5345 0.220728 0.00112431
5231 0.218078 0.00112208
6108 0.251336 0.00111887
6779 0.27392 0.00111855
6611 0.266626 0.00112455
7013 0.278973 0.00114038
7403 0.285731 0.00112813
7649 0.303295 0.00112108
7479 0.302914 0.00112422
7020 0.277521 0.0011119
6894 0.280109 0.00111046
7332 0.30698 0.00112864
8035 0.334995 0.00113003
8083 0.352823 0.00113052
8104 0.358398 0.0011216
8408 0.398991 0.00113746
8515 0.404836 0.00114166
9128 0.414717 0.00113412
9389 0.443635 0.00112879
9585 0.438829 0.00113157
9823 0.441284 0.00112986
9606 0.47044 0.00113104
9391 0.478731 0.00113376
9688 0.44587 0.00112862
10063 0.411892 0.00112372
10590 0.43489 0.00112764
10574 0.461448 0.00113683
10771 0.466844 0.00113999
10759 0.450888 0.00113491
10438 0.447942 0.00113572
