1555 0.179121 0.00117913
1108 0.130116 0.00115207
1107 0.160081 0.00121249
1182 0.200404 0.00118574
1103 0.221004 0.00122076
1151 0.234606 0.00121001
986 0.174098 0.00116024
1091 0.162395 0.00117386
1636 0.19597 0.00117758
2307 0.223452 0.00115337
2290 0.182003 0.00111766
3106 0.232921 0.00113873
4304 0.296212 0.00115643
5253 0.339318 0.00117252
5363 0.344149 0.00118884
5539 0.38295 0.00117603
2265 0.18969 0.0011891
2169 0.179466 0.00113149
2593 0.196828 0.00112682
3396 0.26516 0.00111408
4300 0.360096 0.00111314
4976 0.413851 0.0011153
5850 0.513338 0.00112201
4321 0.453732 0.00112949
1934 0.255037 0.00119391
1771 0.269112 0.00127127
1307 0.200621 0.00126285
1252 0.192456 0.00126021
1202 0.187867 0.00120848
1350 0.218953 0.00117369
1383 0.238659 0.00118811
1648 0.270972 0.00114405
1782 0.293064 0.0011289
1882 0.298136 0.00110939
1515 0.2155 0.00113148
1879 0.233496 0.00115418
1948 0.231 0.00113612
2214 0.240018 0.00112088
3133 0.273662 0.00109605
3949 0.299703 0.00110452
5035 0.354476 0.00110118
5252 0.398261 0.00110153
6002 0.519327 0.00111475
4745 0.49811 0.00113825
2290 0.318686 0.00118436
1854 0.320696 0.00121069
1412 0.280107 0.00122032
1186 0.240188 0.00121905
1420 0.267596 0.00122077
1401 0.23233 0.00120801
1311 0.217058 0.00119674
992 0.205878 0.00118711
968 0.232895 0.00112456
1204 0.321038 0.0011541
1274 0.350848 0.00116523
1447 0.3829 0.0011782
1330 0.360988 0.0011672
1279 0.331362 0.00116592
1451 0.317184 0.00118357
1378 0.282578 0.00116059
1348 0.319358 0.00118823
1097 0.312675 0.00118477
1396 0.311605 0.00116572
929 0.173001 0.0011552
1197 0.217659 0.0011531
1045 0.167468 0.00117824
1611 0.216747 0.00117461
1796 0.207496 0.00115848
1783 0.203583 0.00114705
2149 0.244744 0.0011654
2095 0.225232 0.00114553
2269 0.23367 0.0011336
2273 0.265592 0.00117701
2533 0.317203 0.00118334
2431 0.298545 0.00119446
2253 0.284116 0.00116992
2457 0.33734 0.00114444
1660 0.239885 0.00120086
1818 0.264629 0.00121002
2352 0.33828 0.00121359
1990 0.304197 0.00120043
1537 0.268267 0.00119661
1615 0.274539 0.00118263
2004 0.347272 0.00117533
2109 0.372814 0.00118555
2264 0.378811 0.00119187
2246 0.364482 0.00120302
2192 0.345258 0.00118156
2504 0.398026 0.00118508
1847 0.309903 0.00117539
1723 0.351283 0.00116807
1349 0.341024 0.00119011
1108 0.304704 0.00120354
1085 0.255776 0.00115961
1229 0.253942 0.00119367
1303 0.232925 0.00120796
1428 0.228214 0.0012478
1517 0.217652 0.00118483
1554 0.198599 0.001175
1639 0.192008 0.0011927
2060 0.219246 0.00118667
2002 0.187724 0.0011967
2400 0.216437 0.00117993
2719 0.257792 0.00118881
3431 0.316552 0.00116828
3025 0.257753 0.00114567
2988 0.234789 0.00112774
3551 0.280317 0.00113385
3742 0.295876 0.00113183
2330 0.186472 0.0011453
2814 0.217048 0.0010951
1828 0.151649 0.00114341
2926 0.233215 0.00114921
3523 0.26424 0.00113858
2697 0.244776 0.00118505
2822 0.327097 0.00120415
2756 0.331649 0.00116509
2684 0.301405 0.00120876
3116 0.361639 0.0011841
3060 0.494434 0.00126959
3286 0.582757 0.00125872
3421 0.570972 0.00123343
3343 0.565334 0.00123775
3627 0.680613 0.00127025
2664 0.532745 0.00124977
1311 0.277988 0.00120382
1208 0.310483 0.00120529
1028 0.312964 0.00117538
1140 0.363921 0.00121381
1258 0.366686 0.00123693
1420 0.395098 0.00123991
1578 0.429207 0.00125237
1745 0.491358 0.00127568
1596 0.477273 0.00124522
703 0.215817 0.00121386
647 0.197839 0.00122477
827 0.219681 0.00124265
823 0.174555 0.00123461
1017 0.189133 0.00123163
1213 0.195361 0.00119736
1314 0.177696 0.00118525
1612 0.185035 0.00114718
2258 0.233894 0.0011345
2974 0.284497 0.00113539
2944 0.271845 0.00113115
2740 0.276625 0.00108396
2386 0.277616 0.00111479
2195 0.271966 0.00116544
2171 0.267647 0.00118373
3106 0.346304 0.0011602
4524 0.505515 0.00116604
3915 0.472994 0.00117066
2944 0.431205 0.00119925
2503 0.426751 0.00114794
1258 0.23773 0.00114766
1289 0.268864 0.00117772
1438 0.342512 0.00116622
1458 0.372486 0.00116172
1806 0.419504 0.00113965
1593 0.372969 0.00119039
1364 0.315062 0.0012063
1068 0.208509 0.00115413
1521 0.28338 0.00116765
1919 0.335066 0.00118192
2180 0.331798 0.00117372
2818 0.381819 0.00116302
3407 0.404428 0.00117332
4002 0.474382 0.00118711
3703 0.436488 0.00117432
1157 0.13963 0.00114907
1546 0.189944 0.00112545
775 0.0968701 0.00115239
947 0.111549 0.00115561
912 0.0896179 0.00113923
975 0.0962076 0.00118429
1032 0.0912249 0.00119583
926 0.0755753 0.0011799
997 0.0827658 0.00115044
1184 0.0906959 0.0011552
1365 0.0963923 0.00114003
1518 0.10986 0.00115666
1572 0.10963 0.00114053
1706 0.122648 0.00115614
1808 0.145001 0.00112809
2070 0.189055 0.00113377
2304 0.215636 0.00112713
2781 0.267597 0.00112474
2343 0.299565 0.00112842
1690 0.374606 0.00112637
1014 0.353617 0.00117649
827 0.333424 0.00113192
765 0.377809 0.0011594
776 0.39796 0.00114362
1112 0.569504 0.00118714
1389 0.709527 0.00123558
1220 0.640169 0.00126258
1460 0.771969 0.00128109
268 0.152657 0.00118672
375 0.195166 0.00116386
468 0.163829 0.00112364
408 0.123808 0.00114652
465 0.1275 0.00116906
849 0.19997 0.00114685
885 0.172778 0.00115939
951 0.173302 0.00115513
1078 0.202499 0.00116859
1282 0.234713 0.00117143
709 0.142851 0.00117927
619 0.147542 0.00121662
396 0.102642 0.00117861
489 0.13647 0.0011549
610 0.15074 0.0011707
565 0.133522 0.00117487
830 0.196061 0.0011684
920 0.161133 0.00116332
927 0.114156 0.00112467
1270 0.137975 0.00116366
794 0.0760979 0.0011421
841 0.0682869 0.00114084
1154 0.0892007 0.00116874
1190 0.0971217 0.00118631
1740 0.14408 0.00116941
1968 0.169332 0.00117759
1577 0.158451 0.00120882
1299 0.147495 0.00119745
1188 0.152093 0.00119215
1199 0.189991 0.00120903
1201 0.222997 0.00118236
1540 0.273612 0.00115433
1241 0.246619 0.0011661
1188 0.263963 0.00117175
1159 0.223751 0.00116519
1615 0.295525 0.00117126
1979 0.338348 0.00120512
2081 0.358953 0.00123307
1042 0.198902 0.00121206
1122 0.221905 0.00118906
1545 0.312125 0.00119685
1429 0.262416 0.00115792
2127 0.342189 0.00114812
1102 0.207063 0.00117106
1082 0.229502 0.00116946
1425 0.25608 0.00116599
1771 0.262614 0.00118811
1172 0.152205 0.00120194
1015 0.118494 0.00114562
1129 0.115065 0.00113217
1093 0.0981022 0.00115556
1329 0.114776 0.00115649
1571 0.124931 0.00116334
2054 0.143483 0.00121418
1249 0.0800448 0.00118137
1654 0.10212 0.00118457
1607 0.0917822 0.00113143
1443 0.0861621 0.0011407
1699 0.10726 0.00113254
1273 0.0903155 0.00116043
1542 0.121907 0.00111898
1946 0.166829 0.00114639
2389 0.207289 0.00113472
2464 0.226659 0.00112911
2514 0.250116 0.00118079
2742 0.272337 0.00116835
1634 0.19412 0.00113621
1510 0.236998 0.00113415
1430 0.272847 0.00115321
993 0.246504 0.0011884
1419 0.399954 0.00122644
1266 0.345903 0.00119404
1201 0.324197 0.00121682
