869 0.278089 0.0011907
852 0.248533 0.0011641
821 0.206383 0.00113316
782 0.191118 0.00115822
930 0.210458 0.00115827
894 0.180117 0.00111965
745 0.158144 0.00114936
783 0.181 0.00114066
712 0.170909 0.00117302
845 0.186973 0.00118249
1067 0.218817 0.0011806
1218 0.255533 0.00120981
1320 0.264163 0.00119301
1598 0.281488 0.00119683
1931 0.364 0.00123992
1883 0.389938 0.00121677
1704 0.365052 0.00125048
1395 0.312375 0.00122817
1219 0.309786 0.0012477
1094 0.321277 0.00121474
769 0.27426 0.00119999
691 0.323461 0.00121395
368 0.232151 0.00117322
315 0.240144 0.00124202
370 0.332918 0.00124834
304 0.346978 0.00126021
363 0.422974 0.00127575
428 0.45513 0.00122309
426 0.433338 0.00122278
377 0.373039 0.00118834
488 0.477668 0.00123051
581 0.518386 0.00118499
610 0.52326 0.00116276
721 0.543522 0.00119021
792 0.436529 0.00117934
899 0.361649 0.00117099
1050 0.321311 0.00116186
1283 0.323857 0.00117838
1124 0.253377 0.00122223
1204 0.233869 0.00121614
1165 0.20947 0.00120789
1016 0.166291 0.00121474
1233 0.174831 0.00120758
1331 0.172438 0.00119595
1325 0.151093 0.001182
1492 0.145565 0.00116625
1425 0.127672 0.00115357
1745 0.154559 0.0011684
1859 0.158194 0.00115963
1941 0.153821 0.00114981
2288 0.171588 0.00115741
2704 0.189094 0.00113592
2795 0.190157 0.00114388
3338 0.214127 0.00111643
3781 0.224253 0.00111894
4178 0.232168 0.00111679
4279 0.231588 0.00109305
4214 0.227592 0.00111287
3482 0.1871 0.0010954
2756 0.158111 0.00109954
3332 0.191811 0.00111347
3604 0.198526 0.0011068
3315 0.18874 0.00106454
2826 0.185168 0.00111197
2395 0.171842 0.0011163
2174 0.169523 0.00110858
2458 0.198644 0.00110606
2654 0.221653 0.00111036
2624 0.229683 0.00111896
2571 0.216494 0.00110721
2839 0.208966 0.0010944
2443 0.174523 0.00109972
1889 0.145713 0.00109423
1496 0.131067 0.0011019
1571 0.157572 0.00115265
972 0.111486 0.00113251
849 0.115827 0.00115048
1012 0.127085 0.00118107
1253 0.119368 0.00110437
1373 0.115191 0.00111012
1428 0.112287 0.00111477
1422 0.106756 0.00113098
1688 0.116726 0.00114481
833 0.0575544 0.00110683
1029 0.0746662 0.00111382
1090 0.0726867 0.00114186
696 0.046521 0.00112484
1134 0.0733703 0.00113526
1340 0.072695 0.00110591
1386 0.0707704 0.0011085
1392 0.0758331 0.00111659
1156 0.0638509 0.0010965
1278 0.0729794 0.00110348
1294 0.0874239 0.00109336
1426 0.122701 0.00110937
1539 0.176398 0.00109909
1769 0.275378 0.00109974
1317 0.281097 0.00109964
738 0.192301 0.00109799
849 0.209557 0.00112339
558 0.11162 0.00107575
320 0.0492547 0.00104535
317 0.0384438 0.00105851
747 0.0951626 0.00114046
421 0.0466048 0.00106723
741 0.0699735 0.00111512
992 0.0838057 0.00108093
773 0.066097 0.00105058
1232 0.10578 0.00104342
977 0.0820072 0.00100549
484 0.047086 0.000988372
416 0.0535061 0.00100187
852 0.168302 0.00111663
746 0.183629 0.00113976
1087 0.252754 0.00114877
1071 0.224293 0.00116616
960 0.189464 0.00113583
728 0.165893 0.00114109
541 0.137649 0.00117551
653 0.179127 0.001184
640 0.170532 0.00118068
1141 0.261065 0.00115972
1377 0.328599 0.00120476
1642 0.407673 0.00121403
895 0.215874 0.00121166
1093 0.197058 0.00118924
1018 0.133931 0.00118552
1084 0.122997 0.00118352
1132 0.120171 0.00116714
758 0.0788009 0.0011454
430 0.0481711 0.00112649
621 0.0792882 0.00111656
774 0.107394 0.00112384
1373 0.216055 0.00118932
1442 0.248014 0.00118028
1186 0.227749 0.00116055
840 0.208842 0.00120554
840 0.248769 0.00122676
1074 0.317599 0.00123207
816 0.215916 0.00123385
762 0.190336 0.00122753
761 0.17717 0.00123947
818 0.162351 0.00123276
732 0.146455 0.00119772
579 0.148279 0.00123366
496 0.162144 0.00119905
639 0.242261 0.00119242
552 0.219693 0.00118651
444 0.225416 0.00129635
356 0.269038 0.00129634
330 0.430316 0.00131098
320 0.546858 0.0012674
306 0.461334 0.00130508
363 0.356392 0.0012789
380 0.30232 0.0013052
335 0.249673 0.00134972
325 0.198995 0.00130574
381 0.174319 0.00124557
393 0.148506 0.00124628
272 0.110573 0.00120645
220 0.142676 0.00124336
308 0.274787 0.00130183
356 0.242751 0.0012564
537 0.226761 0.00122366
737 0.239246 0.00124327
949 0.264725 0.00120511
1340 0.40147 0.00117661
1442 0.4627 0.00116909
438 0.16094 0.00119819
778 0.310208 0.0012249
611 0.25511 0.00127636
639 0.313464 0.0012437
633 0.307589 0.00123652
430 0.196206 0.00119006
256 0.102482 0.00123478
230 0.066397 0.0012424
390 0.0716751 0.00114178
478 0.063541 0.0011624
595 0.0743757 0.0011789
1040 0.130074 0.00120952
1116 0.120141 0.00119338
1195 0.120562 0.00118036
1118 0.103013 0.00117539
646 0.0561519 0.00116445
872 0.0739999 0.00113138
1049 0.0850078 0.00119113
871 0.0694838 0.00117163
1443 0.108252 0.00111128
1277 0.0908925 0.00110536
1026 0.0706061 0.00102577
1376 0.0943319 0.00106089
1594 0.104878 0.00107228
1256 0.0825122 0.00107011
1336 0.086402 0.00109613
1407 0.0855721 0.00106927
1040 0.0599008 0.00107163
1058 0.0575845 0.00107923
1674 0.0918087 0.00107031
1599 0.0862663 0.00106227
1785 0.0934913 0.00105848
1979 0.10704 0.00107273
1615 0.100284 0.00110305
1791 0.129827 0.00106566
1975 0.158941 0.00104262
1899 0.166025 0.00103198
1039 0.105649 0.00105926
777 0.0905973 0.00109721
641 0.0962312 0.00120837
730 0.141997 0.00111536
608 0.20532 0.00118419
547 0.257922 0.0012151
665 0.321149 0.00119338
596 0.288027 0.00119648
573 0.253257 0.00115514
607 0.244849 0.00113415
260 0.111646 0.00117152
241 0.105367 0.00102539
328 0.156168 0.00115361
427 0.163272 0.00113465
543 0.173281 0.00110602
581 0.179643 0.00114097
509 0.165315 0.00117554
591 0.186938 0.00114247
448 0.137618 0.00109546
532 0.158823 0.00111326
578 0.154806 0.00109211
743 0.214257 0.00117172
680 0.198116 0.00114566
783 0.232903 0.00114255
693 0.207973 0.00119872
838 0.226784 0.00116515
635 0.178126 0.00120831
755 0.215543 0.00117913
632 0.18474 0.00113467
599 0.187968 0.00119318
719 0.223144 0.00119591
707 0.220608 0.00119993
826 0.268645 0.00117552
721 0.235864 0.00120351
801 0.24723 0.00115705
748 0.263462 0.00122039
676 0.240243 0.00115997
515 0.207939 0.00115483
415 0.204223 0.00120166
264 0.155069 0.00115189
276 0.205349 0.0013066
314 0.220163 0.00118671
229 0.144523 0.00123855
329 0.156934 0.00114506
454 0.273177 0.0011813
417 0.267765 0.00111058
482 0.332147 0.00126331
488 0.341407 0.00123971
629 0.39329 0.001213
607 0.318869 0.00118661
536 0.270832 0.00112986
498 0.276654 0.00105949
556 0.392797 0.00112539
571 0.425456 0.00111533
632 0.496174 0.00114084
724 0.577021 0.0011629
607 0.467723 0.00118825
957 0.670373 0.00117673
771 0.50211 0.00114593
856 0.517302 0.00118979
1035 0.58569 0.00116712
873 0.522791 0.00114124
810 0.527163 0.00116786
909 0.711662 0.00125151
696 0.506102 0.0011891
512 0.323258 0.00116741
611 0.444185 0.00118523
623 0.496064 0.00123063
852 0.64363 0.00125477
912 0.681658 0.00123959
854 0.610696 0.00124498
727 0.532838 0.00121465
739 0.527215 0.00118944
782 0.511313 0.00114433
855 0.59666 0.0012131
866 0.595531 0.0011936
593 0.396521 0.00116585
735 0.564944 0.00128989
654 0.512718 0.00122293
755 0.569096 0.00121788
963 0.733187 0.00123411
1139 0.8667 0.00120881
963 0.711608 0.00123805
896 0.58484 0.00122633
768 0.486723 0.00115257
613 0.391153 0.00112238
715 0.463263 0.00119889
782 0.498168 0.00122897
764 0.415398 0.00121773
884 0.456825 0.00116139
794 0.456529 0.00117139
672 0.393799 0.00119058
866 0.491305 0.00114934
900 0.569478 0.00119406
485 0.297012 0.00108805
638 0.422215 0.0011461
924 0.586343 0.00118223
698 0.406935 0.00112093
854 0.568949 0.00119974
1100 0.765189 0.00116573
1092 0.815287 0.00121352
738 0.453929 0.0011267
1124 0.639695 0.00117263
885 0.523354 0.00120644
1079 0.654099 0.00120093
1084 0.637542 0.00116431
925 0.566067 0.0012003
894 0.559792 0.00117133
869 0.536721 0.00115123
990 0.60083 0.00117175
710 0.451621 0.0012122
714 0.432404 0.00114581
817 0.478962 0.00119642
516 0.301342 0.00120567
701 0.416594 0.00114987
894 0.567793 0.00128264
820 0.453157 0.00120612
945 0.514048 0.00123208
1117 0.583102 0.0012218
903 0.427411 0.00119365
910 0.404808 0.00117467
775 0.327894 0.00119481
687 0.268708 0.00124204
1090 0.380761 0.00118131
1238 0.425042 0.00116995
1365 0.474252 0.00119801
1369 0.485573 0.00118578
1185 0.419677 0.00116947
1289 0.436252 0.00114954
1000 0.335323 0.00108914
1015 0.34169 0.00108686
1198 0.383208 0.00111728
1067 0.331646 0.00111186
969 0.336563 0.00115881
1137 0.414903 0.00118747
848 0.304553 0.00114319
1014 0.376109 0.00116251
1092 0.403522 0.00118996
984 0.370496 0.00117867
904 0.347932 0.00118538
798 0.306729 0.00115733
878 0.344049 0.00115449
852 0.3124 0.00112529
817 0.315917 0.001127
966 0.384278 0.00112415
793 0.294611 0.00113234
969 0.363138 0.00115151
1175 0.420469 0.0011219
787 0.296776 0.00113592
666 0.260106 0.00118686
1032 0.360937 0.0011349
1146 0.413511 0.00111885
817 0.320198 0.00112649
964 0.380155 0.00115626
971 0.344208 0.00119749
1017 0.310005 0.00113402
1397 0.399638 0.00115046
1654 0.471976 0.00117456
1431 0.390897 0.00116378
1424 0.359012 0.00120388
1067 0.250969 0.00114375
1259 0.305229 0.00122143
1354 0.283543 0.00114856
1455 0.302626 0.00119864
1329 0.24054 0.00119964
892 0.158533 0.00117945
953 0.254535 0.00119537
1059 0.366009 0.00118336
749 0.263373 0.00117696
699 0.248146 0.00115206
813 0.29963 0.00117462
1039 0.397467 0.00119572
794 0.30058 0.0012082
881 0.315853 0.00118857
962 0.368738 0.00123602
904 0.353026 0.00122863
787 0.287626 0.00124741
973 0.340765 0.0012212
901 0.30786 0.00117822
1045 0.363224 0.00120246
637 0.249274 0.0012163
843 0.350371 0.0012548
816 0.290777 0.00117631
634 0.237521 0.00119539
748 0.27537 0.00118743
837 0.285814 0.00120738
706 0.23656 0.00117389
615 0.211314 0.00118543
707 0.230831 0.00112947
761 0.277896 0.00117497
824 0.299949 0.00117062
773 0.279347 0.0011648
780 0.285003 0.00117964
654 0.214512 0.00109651
774 0.273849 0.00117768
820 0.287924 0.00121849
1035 0.328375 0.00115366
1037 0.330619 0.00116299
1307 0.449026 0.00119276
1168 0.404356 0.00119113
870 0.315245 0.00119576
567 0.215273 0.00120881
807 0.290852 0.00117683
676 0.245207 0.00117262
733 0.276683 0.00122837
818 0.301675 0.00119278
840 0.302137 0.00118573
1067 0.353549 0.00117822
782 0.282899 0.0011801
791 0.290653 0.00114434
543 0.188014 0.00109418
612 0.244929 0.00117777
660 0.269338 0.00120234
809 0.313806 0.00124327
542 0.224504 0.0011761
629 0.27704 0.0011664
694 0.266771 0.00119107
771 0.303511 0.0012416
917 0.352661 0.00120619
770 0.313426 0.00123827
788 0.330033 0.0012254
721 0.306824 0.00126256
769 0.294427 0.00118107
903 0.339746 0.00121685
776 0.308113 0.00119176
688 0.283023 0.00121708
718 0.273328 0.00120404
637 0.234829 0.00124472
456 0.147535 0.0011636
582 0.204147 0.00121997
384 0.13094 0.00115063
585 0.198978 0.00118745
667 0.239288 0.00113504
651 0.243545 0.00122443
665 0.186626 0.00109411
556 0.168447 0.00120141
515 0.151414 0.00119019
382 0.109089 0.00119795
433 0.143973 0.0011776
727 0.320158 0.00120171
679 0.331693 0.00123561
896 0.451714 0.0012379
988 0.539962 0.00124726
977 0.595164 0.00127269
948 0.54875 0.0012449
1068 0.622142 0.00124142
1022 0.62144 0.00124072
926 0.526887 0.00124874
1340 0.757848 0.00129632
1693 0.9339 0.00128348
1839 1.03586 0.00131581
1688 0.97587 0.00131031
1653 0.964867 0.0012538
1714 1.06426 0.00126883
1490 0.877607 0.00131286
2058 1.01603 0.00125468
1910 0.85898 0.00125268
2189 0.895957 0.00123397
2176 0.831206 0.00123033
2067 0.716711 0.00120749
1936 0.641231 0.00122153
1440 0.471356 0.00118756
1488 0.461996 0.00115899
1257 0.385376 0.00122632
1212 0.343874 0.00119809
1783 0.470971 0.00117821
1776 0.440261 0.00119192
1821 0.425806 0.00116566
1546 0.388454 0.0011885
1255 0.340375 0.00117548
1129 0.29939 0.00116215
1046 0.246446 0.00114738
846 0.182089 0.00115896
775 0.162861 0.00116744
834 0.181451 0.00115343
430 0.0930715 0.001143
650 0.122877 0.00109698
628 0.127105 0.00114385
940 0.201953 0.00113142
840 0.170149 0.0010853
739 0.173733 0.00111388
895 0.230575 0.00114673
1484 0.398931 0.00116433
1131 0.327708 0.00116471
1237 0.369423 0.00117376
1238 0.373727 0.00118408
1236 0.380511 0.00118067
993 0.304884 0.00115613
943 0.284514 0.00119954
952 0.28965 0.00119908
842 0.271634 0.00116494
864 0.323663 0.0011705
764 0.280861 0.00120636
876 0.269211 0.00117274
701 0.242711 0.00125939
700 0.246643 0.00126116
1345 0.431242 0.00120889
1010 0.318884 0.00121783
904 0.273025 0.00119448
1140 0.388444 0.0012263
913 0.296502 0.00116993
1189 0.377567 0.00125778
1092 0.350081 0.00117136
1041 0.356022 0.00119274
751 0.281554 0.00121091
880 0.360555 0.0011497
957 0.446815 0.00126014
732 0.360166 0.0012584
665 0.331033 0.00123948
253 0.125388 0.00112885
384 0.263383 0.00132118
354 0.285431 0.00136974
326 0.294157 0.0013751
342 0.359269 0.00139692
362 0.365668 0.00135855
296 0.30883 0.00131892
264 0.333944 0.00142538
271 0.304313 0.00142337
308 0.40367 0.00139139
330 0.478925 0.00137912
247 0.323515 0.00146863
272 0.375805 0.00144632
308 0.587405 0.00139114
368 0.787414 0.00137955
356 0.841822 0.0013947
318 0.771621 0.00137866
309 0.669052 0.00135006
325 0.761376 0.00141407
393 0.866713 0.0013781
393 0.78665 0.00137303
263 0.634035 0.00134295
345 0.942067 0.00132417
414 0.908566 0.00133029
349 0.711862 0.00134478
262 0.54554 0.00141031
300 0.651935 0.00137483
407 0.826747 0.00137059
227 0.445665 0.00145629
367 0.7239 0.00137851
265 0.517718 0.00139295
352 0.639595 0.00134855
352 0.570991 0.00133159
350 0.508468 0.00128355
298 0.493939 0.00134099
350 0.600421 0.00133274
273 0.434146 0.00131935
160 0.187735 0.00124022
173 0.2522 0.00134661
106 0.281872 0.00135433
123 0.330782 0.00128523
228 0.497908 0.0011899
207 0.477742 0.0011997
125 0.275753 0.00123641
361 0.736737 0.00126829
396 0.76235 0.00123048
524 1.08324 0.00127537
484 0.918887 0.00124798
230 0.446626 0.00117625
252 0.481877 0.00119526
323 0.52238 0.00134835
425 0.600946 0.00133551
561 0.811795 0.00128945
397 0.817629 0.0012878
412 0.888238 0.00134359
472 0.721237 0.00128436
577 0.62461 0.00127566
600 0.52189 0.00127579
523 0.450897 0.0013288
525 0.348386 0.00128002
436 0.281616 0.00124309
430 0.367048 0.00130365
523 0.42056 0.00125601
451 0.297141 0.00121321
567 0.373992 0.00129106
712 0.3984 0.00117874
789 0.440076 0.00124703
759 0.381832 0.00121516
711 0.306802 0.00121134
684 0.250895 0.00122188
462 0.131449 0.00120106
1013 0.276321 0.00124386
921 0.256059 0.00118696
827 0.228317 0.00113808
734 0.208258 0.00113843
1307 0.346066 0.0011636
1069 0.264782 0.00117424
522 0.139954 0.0012604
388 0.127413 0.0012476
325 0.107867 0.00112197
395 0.1245 0.00116354
272 0.121412 0.00119089
398 0.228704 0.00123688
480 0.270516 0.00129979
223 0.138224 0.0013649
315 0.155054 0.00123887
307 0.122726 0.00126588
497 0.157656 0.00124739
392 0.136551 0.00113666
272 0.133438 0.00108791
326 0.153501 0.00109422
396 0.154339 0.00115883
475 0.188898 0.00127183
562 0.215248 0.00117152
753 0.323994 0.00127582
519 0.225017 0.00119511
607 0.282454 0.00124893
492 0.247365 0.00121215
271 0.134674 0.00118012
268 0.140124 0.0012159
357 0.210966 0.0011413
358 0.228401 0.00110269
436 0.267172 0.00127451
321 0.175358 0.00118635
319 0.182941 0.0011284
434 0.191635 0.00118224
476 0.152887 0.00114084
434 0.175253 0.00117814
248 0.149232 0.00113715
228 0.2063 0.00120651
162 0.146524 0.00108978
263 0.266332 0.0012038
167 0.163622 0.00115156
300 0.348727 0.00127083
411 0.499684 0.00126737
274 0.234839 0.00116455
208 0.173552 0.00112225
140 0.11256 0.000955942
165 0.175171 0.0012611
234 0.247083 0.00119413
214 0.210486 0.00119821
160 0.170883 0.00113906
129 0.172767 0.00121374
108 0.122695 0.00121403
212 0.172888 0.00118676
411 0.226968 0.00110703
188 0.0966658 0.00118228
263 0.123638 0.00120883
406 0.242027 0.00133241
423 0.269394 0.00118268
318 0.212103 0.00122101
158 0.100577 0.00111501
226 0.143006 0.00111173
177 0.0938574 0.00112498
576 0.266443 0.00128744
360 0.124655 0.00122355
284 0.127844 0.00116753
356 0.246225 0.00110323
207 0.134748 0.00116649
219 0.172245 0.00114977
186 0.178308 0.00110622
102 0.0840189 0.00110383
229 0.178515 0.00111039
322 0.270586 0.00115466
242 0.232187 0.00107754
125 0.155305 0.00109827
180 0.201141 0.0011803
299 0.218899 0.00106133
398 0.298919 0.00110367
351 0.217113 0.00106022
391 0.255709 0.00114551
357 0.221668 0.00117269
411 0.222268 0.0011721
288 0.162072 0.00114447
249 0.135194 0.00108199
275 0.13011 0.00106482
354 0.13262 0.00108546
246 0.0823377 0.00111377
271 0.117895 0.00114839
289 0.213394 0.00115406
391 0.36316 0.00114841
196 0.183046 0.00114341
280 0.277841 0.00129316
390 0.334274 0.001119
460 0.368456 0.00114469
411 0.310064 0.00105875
274 0.212552 0.00116329
648 0.476027 0.0011883
611 0.491901 0.00119312
642 0.475715 0.00110374
634 0.552609 0.00117024
457 0.517039 0.00114469
390 0.481539 0.00108937
364 0.353308 0.0011105
304 0.302231 0.00110521
266 0.32951 0.00106196
452 0.470108 0.00110246
691 0.575849 0.00121869
698 0.497528 0.00122064
511 0.294882 0.00111656
489 0.288097 0.00118833
183 0.106166 0.0011794
187 0.107981 0.00122414
294 0.142565 0.00123608
442 0.222811 0.00139808
363 0.202262 0.00139695
384 0.2169 0.00130758
284 0.163736 0.00134691
256 0.11503 0.00120326
82 0.0482654 0.00133961
93 0.0551215 0.00134817
120 0.0454987 0.00121321
151 0.0646523 0.00129832
284 0.141818 0.00136115
414 0.349587 0.00139107
366 0.426899 0.00131856
340 0.314932 0.00121743
223 0.183186 0.00127944
209 0.278959 0.0013518
232 0.439236 0.00125455
441 0.713547 0.00137972
241 0.329142 0.00125987
260 0.275998 0.00124503
401 0.299922 0.0013656
158 0.202327 0.00143282
135 0.426887 0.00147064
260 0.781121 0.00143056
274 0.457193 0.00130788
321 0.383437 0.00141714
346 0.299151 0.00135855
357 0.244136 0.00130966
358 0.191209 0.00128868
213 0.114275 0.00126179
300 0.172464 0.00124097
595 0.327607 0.00134077
502 0.230111 0.00131244
525 0.154243 0.00133367
463 0.0975176 0.00133153
319 0.0714487 0.00121889
319 0.0922773 0.00121332
335 0.114116 0.00127257
325 0.104476 0.00132162
342 0.0850647 0.00125006
333 0.0798396 0.00114465
402 0.113793 0.00111941
562 0.176584 0.00108852
582 0.221993 0.00107562
664 0.368101 0.00117922
632 0.456816 0.00123608
485 0.367824 0.00119253
327 0.246239 0.00120658
315 0.204223 0.00118651
583 0.309473 0.00116773
645 0.340019 0.00125753
481 0.253782 0.00125128
546 0.25259 0.00121881
509 0.220908 0.0012542
473 0.194132 0.00114314
587 0.327968 0.00118442
447 0.330296 0.00116888
662 0.482808 0.00124085
539 0.403829 0.00127265
506 0.373779 0.00124659
431 0.269019 0.00120833
319 0.179475 0.00119792
457 0.26044 0.00125469
664 0.400755 0.00128388
603 0.298067 0.00116177
682 0.312287 0.00121792
688 0.384047 0.00127104
637 0.383754 0.00119218
1005 0.611915 0.00127999
839 0.463752 0.00121224
930 0.534353 0.00123777
897 0.602771 0.00125602
930 0.693917 0.00125227
793 0.554422 0.00123305
516 0.333367 0.00120375
794 0.533954 0.0012337
840 0.531644 0.0012019
855 0.475152 0.00119757
1161 0.583213 0.00126318
1107 0.51666 0.0012745
907 0.434018 0.00123545
850 0.383359 0.00123196
697 0.231187 0.00111511
747 0.22963 0.00109485
572 0.255525 0.00117837
430 0.234893 0.0010976
686 0.551614 0.00119301
699 0.659719 0.00117631
649 0.506029 0.0011356
652 0.485447 0.00120225
925 0.596172 0.00117387
1026 0.61975 0.00116956
393 0.308438 0.00118582
459 0.402777 0.00122539
700 0.435305 0.0011651
669 0.326254 0.00112214
665 0.299824 0.00115701
251 0.106115 0.00103777
228 0.106488 0.00120465
424 0.164384 0.00111386
611 0.224877 0.00109041
1292 0.500882 0.00115672
1492 0.625559 0.00120241
1475 0.672347 0.00118526
1034 0.467958 0.00113204
712 0.33862 0.00118192
982 0.475221 0.00119299
1141 0.563568 0.00118352
1208 0.592471 0.00120521
1284 0.582139 0.00118429
1204 0.580842 0.00120202
1060 0.487602 0.00120685
1071 0.481393 0.00120401
1259 0.565866 0.00119962
905 0.458298 0.00120332
1220 0.611223 0.00115471
1333 0.564045 0.00115896
1295 0.56774 0.00122236
1492 0.694579 0.0012238
2008 0.906451 0.00121847
1801 0.7248 0.00117793
2019 0.740847 0.00112939
1012 0.408129 0.00115185
1423 0.69445 0.00120135
1663 0.90831 0.00118504
1334 0.803522 0.00117524
1018 0.661253 0.00118788
867 0.511499 0.00116678
986 0.503109 0.00113433
1196 0.703793 0.00119557
1094 0.678312 0.00124623
1448 0.771783 0.00120532
1357 0.742521 0.00121647
1826 1.00882 0.00125796
1881 1.11118 0.00124888
1500 1.02385 0.00126332
1329 0.84464 0.00123468
1190 0.769433 0.00120848
1014 0.719371 0.00118466
1076 1.02715 0.00120248
874 0.924345 0.00121332
735 0.671125 0.0012044
811 0.659219 0.00122839
616 0.418789 0.00126001
116 0.0794461 0.00116652
149 0.173657 0.0012154
180 0.221865 0.00114561
146 0.13147 0.00109319
206 0.181902 0.0011671
311 0.259878 0.00113694
322 0.286386 0.00115669
308 0.293074 0.00119143
272 0.280031 0.00111736
266 0.298378 0.00114407
260 0.273774 0.00117078
349 0.362409 0.00120322
336 0.337705 0.00116239
233 0.266697 0.0011852
296 0.362611 0.00123144
256 0.260482 0.00111409
296 0.276737 0.00114281
388 0.279662 0.00112413
500 0.253434 0.00108172
962 0.43218 0.00109037
629 0.343926 0.00109621
484 0.308099 0.00106918
187 0.155139 0.00117707
253 0.252297 0.0011628
210 0.211169 0.00114799
375 0.350451 0.00118656
194 0.179538 0.001139
165 0.178732 0.00113094
259 0.243244 0.0010783
325 0.282054 0.00114873
281 0.228469 0.00114563
298 0.24534 0.0011902
226 0.171767 0.00117074
225 0.141181 0.00110777
332 0.213102 0.00115149
231 0.138257 0.00117578
204 0.10539 0.00119069
246 0.1108 0.00119387
209 0.0789873 0.0011994
245 0.0872155 0.0011899
207 0.0736618 0.00117346
289 0.0947344 0.00116263
278 0.093846 0.00117965
265 0.094243 0.00112849
225 0.0841595 0.00113167
341 0.127045 0.00117466
319 0.105578 0.00112293
313 0.110366 0.00123226
305 0.103535 0.00123372
310 0.105289 0.00117944
308 0.108296 0.0011633
278 0.102333 0.00122193
284 0.111938 0.0011886
259 0.108429 0.00116964
271 0.12192 0.00115515
200 0.0992804 0.00123275
195 0.102743 0.00119401
290 0.197963 0.00119671
279 0.25181 0.00121215
189 0.184463 0.00125644
299 0.229812 0.00118346
235 0.162819 0.00125587
255 0.149259 0.00120592
288 0.150695 0.00120601
223 0.101173 0.00119148
271 0.147745 0.0011957
244 0.172022 0.00122654
323 0.19476 0.00116011
327 0.171755 0.00115647
295 0.141645 0.0011389
306 0.138778 0.00113574
423 0.17379 0.00114712
537 0.161594 0.0010954
375 0.126788 0.00117468
477 0.180901 0.00120069
440 0.146783 0.001174
479 0.151394 0.00116882
524 0.137117 0.00114429
607 0.148084 0.00115389
525 0.122705 0.00118025
539 0.12242 0.00118538
549 0.146769 0.00111585
533 0.178628 0.00117379
551 0.171537 0.00112168
668 0.20327 0.00110756
740 0.255074 0.00115799
581 0.198781 0.00109684
585 0.23497 0.0011514
500 0.232021 0.00119684
407 0.163073 0.00116346
494 0.189361 0.00112962
557 0.225878 0.00116448
515 0.189973 0.00115684
522 0.183109 0.00113274
599 0.199549 0.00113585
850 0.249665 0.00106642
1103 0.343723 0.00110448
1319 0.444368 0.00110889
1246 0.440761 0.00111574
853 0.258371 0.00114387
1182 0.319688 0.00113751
1327 0.407572 0.00112484
970 0.313116 0.00114438
893 0.264214 0.00110362
1079 0.328301 0.00114623
877 0.264879 0.00110641
791 0.225032 0.00108277
819 0.24603 0.00111329
776 0.256732 0.00112985
650 0.225926 0.00112038
462 0.177352 0.00115414
499 0.173069 0.00111252
666 0.23832 0.0011565
407 0.158517 0.00115285
504 0.188 0.00112388
567 0.197488 0.0010832
549 0.204771 0.00111063
467 0.17699 0.00108436
507 0.188602 0.00115892
365 0.120781 0.00106923
397 0.150265 0.00117378
430 0.171902 0.00114454
435 0.197131 0.00114077
508 0.210184 0.00116473
475 0.174423 0.00111835
366 0.124578 0.00118057
445 0.109784 0.00111422
433 0.111206 0.001156
412 0.108769 0.00121875
431 0.10522 0.00119103
346 0.0783519 0.00116738
378 0.0875685 0.00122058
350 0.0828168 0.00119774
405 0.093594 0.00120448
405 0.102272 0.00122707
408 0.11836 0.00119368
367 0.13771 0.00115162
331 0.151487 0.00121636
373 0.154229 0.00116701
403 0.147444 0.00119428
373 0.106567 0.00126844
448 0.105298 0.00117671
508 0.126147 0.00119913
467 0.104486 0.00114453
550 0.133781 0.00120081
454 0.127442 0.00120189
506 0.156537 0.00119256
495 0.167661 0.00123628
406 0.14208 0.0012573
514 0.191418 0.00120391
528 0.247861 0.00120601
480 0.285341 0.00127253
408 0.211245 0.00127332
502 0.218272 0.00123245
494 0.212205 0.00123528
458 0.180258 0.00117509
583 0.252479 0.00119969
420 0.196965 0.00121707
476 0.204033 0.00117766
529 0.231669 0.00122649
536 0.248562 0.00120559
482 0.248875 0.00122151
465 0.232982 0.00124264
433 0.201608 0.0012488
384 0.182119 0.00123163
463 0.242163 0.00127205
440 0.218757 0.00125556
387 0.181697 0.00125579
374 0.179967 0.00125409
386 0.171045 0.00122876
412 0.191543 0.00124029
405 0.162084 0.00120806
410 0.152086 0.00121012
472 0.18326 0.0011993
501 0.159099 0.0011771
566 0.169522 0.00115784
612 0.168643 0.00111852
469 0.12222 0.00114319
416 0.118141 0.00119232
489 0.131628 0.00111025
406 0.0983729 0.00115343
448 0.0956317 0.00113031
567 0.118873 0.00113876
479 0.0962946 0.00113145
413 0.10073 0.00111141
608 0.190024 0.00118345
697 0.21938 0.00113905
959 0.303729 0.00113902
888 0.266993 0.00112622
418 0.116383 0.00111698
528 0.15181 0.0011511
504 0.152965 0.00123226
562 0.147004 0.00117901
380 0.098475 0.0011557
563 0.143845 0.00112735
399 0.0986119 0.0011525
361 0.112316 0.00112129
430 0.165684 0.00113008
495 0.170244 0.00107445
501 0.176474 0.00112157
477 0.174372 0.00115737
449 0.163829 0.00115072
523 0.180709 0.00114371
699 0.234721 0.00114429
673 0.264855 0.00112558
737 0.33664 0.00114258
609 0.321468 0.00112482
416 0.261017 0.00110482
503 0.293203 0.00115655
475 0.281809 0.00116745
529 0.360463 0.00113666
541 0.411412 0.00120062
490 0.356373 0.00117015
645 0.406126 0.00112526
655 0.364062 0.00112425
662 0.359455 0.00115974
373 0.188733 0.00104423
396 0.206105 0.0011033
654 0.292846 0.00114961
502 0.219564 0.00110138
317 0.177513 0.00112774
450 0.257682 0.00109412
686 0.399259 0.00105882
157 0.103362 0.00109727
115 0.089595 0.000986167
37 0.0569711 0.000952587
56 0.148145 0.00106498
61 0.137602 0.00106234
89 0.175546 0.00108299
51 0.104766 0.00112944
65 0.156877 0.00124859
87 0.336131 0.00117002
31 0.145814 0.00101396
39 0.218393 0.0011289
31 0.200755 0.00110407
68 0.28282 0.00101097
103 0.274051 0.00106666
109 0.193433 0.00107333
242 0.382521 0.00119915
328 0.454269 0.0011583
410 0.574323 0.00124533
353 0.461818 0.00118251
306 0.401718 0.00127867
438 0.533037 0.00118169
414 0.489771 0.00117514
432 0.545316 0.00123323
466 0.685191 0.00128063
519 0.699239 0.00123978
434 0.565562 0.00124123
454 0.609206 0.00125532
449 0.544895 0.00124234
413 0.469023 0.00124351
486 0.560686 0.00128282
547 0.644599 0.00129303
458 0.488079 0.00117378
399 0.443735 0.00119331
439 0.511432 0.00122868
562 0.625687 0.00122719
387 0.414376 0.00121446
