0.999996 0.00206308 -0.00173142 0.062296 -0.00206405 0.999998 -0.000388808 -0.0652092 0.00173061 0.000392435 0.999998 0.888495
0.999999 -0.000643656 -0.00157175 0.0710836 0.000641218 1 -0.00131833 -0.0603014 0.00157276 0.00131746 0.999999 1.84166
0.999998 -0.000338466 -0.00224424 0.0779269 0.000342904 0.999998 0.00216952 -0.0504715 0.0022435 -0.00217028 0.999996 2.77233
0.999988 -0.00331852 -0.00415544 0.0960074 0.00335136 0.999963 0.00798208 -0.0453679 0.00412909 -0.00799587 0.999962 3.73432
0.999964 -0.00649538 -0.00551639 0.0912722 0.00653895 0.999947 0.00800314 -0.0387234 0.00546419 -0.00803893 0.999953 4.70295
0.999936 -0.00904234 -0.00718562 0.0920769 0.00908054 0.999946 0.00533841 -0.030208 0.0071373 -0.00540336 0.999964 5.66924
0.999918 -0.00986485 -0.00837717 0.0902511 0.00988147 0.999951 0.00202304 -0.027487 0.00835697 -0.00210566 0.999965 6.61103
0.999913 -0.00974979 -0.00931658 0.0779958 0.00976296 0.999954 0.00136508 -0.0201651 0.00930327 -0.00145604 0.999962 7.55461
0.999894 -0.00945372 -0.0112622 0.0724179 0.00949115 0.999951 0.00334127 -0.0180558 0.0112302 -0.00344788 0.999933 8.49958
0.999884 -0.00871454 -0.01276 0.0665847 0.00879547 0.999944 0.00629607 -0.0121795 0.0127048 -0.00640766 0.999905 9.43863
0.999864 -0.00945198 -0.0137008 0.0534852 0.00956573 0.999921 0.00831492 -0.0103319 0.0136214 -0.0084449 0.999875 10.3866
0.999838 -0.0108262 -0.014645 0.0454944 0.010958 0.999902 0.00896505 -0.000770841 0.0145467 -0.00912421 0.999859 11.3219
0.999817 -0.0112844 -0.0156836 0.0317049 0.0114195 0.999899 0.00859693 0.0143589 0.0155852 -0.00877458 0.999844 12.2497
0.999696 -0.014026 -0.0204442 0.095389 0.0141639 0.99988 0.00662697 0.0470269 0.0203491 -0.00691469 0.999776 13.1044
0.999643 -0.0147083 -0.0225145 0.0772019 0.0148063 0.999883 0.00422689 0.0601121 0.0224499 -0.00455902 0.999743 14.0524
0.999572 -0.0158482 -0.0247355 0.0644518 0.0159341 0.99987 0.00329321 0.0586717 0.0246803 -0.00368611 0.999696 14.9778
0.99951 -0.0158029 -0.0272034 0.0491221 0.0158762 0.999872 0.00250934 0.0566926 0.0271604 -0.00294026 0.999632 15.9029
0.999457 -0.0140127 -0.0299523 0.0316209 0.0140597 0.999903 0.00137104 0.0586154 0.0299304 -0.00179156 0.999558 16.7881
0.999401 -0.0125333 -0.0324131 0.00553133 0.0125835 0.999921 0.00136572 0.0631699 0.0323937 -0.00177304 0.999479 17.6968
0.999305 -0.0130547 -0.0350388 -0.0121559 0.0131539 0.999913 0.0026141 0.0601078 0.0350017 -0.00307342 0.999391 18.6002
0.999258 -0.0125968 -0.0365352 -0.0492818 0.0127548 0.999912 0.00411519 0.0616162 0.0364803 -0.00457842 0.99933 19.5232
0.999213 -0.012026 -0.0379077 -0.0852811 0.0121636 0.999923 0.0034105 0.0639434 0.0378639 -0.00386918 0.999284 20.4032
0.999133 -0.0129258 -0.039695 -0.120754 0.0130694 0.99991 0.00337666 0.0656134 0.0396481 -0.00389278 0.999211 21.2973
0.999092 -0.0129707 -0.0406992 -0.169171 0.0131327 0.999909 0.00372802 0.0589179 0.0406472 -0.00425944 0.999173 22.1978
0.999094 -0.0128806 -0.0406862 -0.22664 0.0130716 0.999906 0.00444711 0.0592479 0.0406253 -0.00497525 0.999168 23.0786
0.999048 -0.0127811 -0.0418559 -0.26767 0.0130347 0.9999 0.00580303 0.0697544 0.0417776 -0.00634339 0.999117 23.9579
0.998976 -0.013934 -0.0431688 -0.301712 0.0143143 0.999863 0.00853263 0.0745763 0.0430442 -0.00914224 0.999039 24.8281
0.998908 -0.0134735 -0.0448744 -0.330175 0.0139717 0.999846 0.0108141 0.0709356 0.0447219 -0.0114295 0.998945 25.6919
0.998856 -0.01288 -0.0461876 -0.365884 0.0133469 0.999864 0.00983364 0.0759733 0.046055 -0.0104393 0.998892 26.5481
0.998742 -0.011367 -0.0489647 -0.389594 0.0117499 0.999905 0.00754402 0.0794203 0.0488744 -0.0081101 0.998783 27.3848
0.998674 -0.0109745 -0.0504533 -0.427019 0.0112945 0.99992 0.00607803 0.083271 0.0503829 -0.00664024 0.998716 28.2066
0.998618 -0.00984772 -0.0517254 -0.467071 0.0101654 0.999933 0.00588667 0.0868509 0.051664 -0.00640456 0.998659 29.0299
0.998574 -0.00996655 -0.0526034 -0.516147 0.0102898 0.999932 0.00589556 0.0842309 0.0525415 -0.00642879 0.998607 29.8271
0.998488 -0.00978805 -0.0542285 -0.564649 0.010084 0.999938 0.0051925 0.0836395 0.0541745 -0.00573182 0.998531 30.621
0.998392 -0.00994509 -0.0559743 -0.61768 0.0102441 0.999937 0.00507278 0.0901933 0.0559209 -0.00563839 0.998429 31.396
0.998259 -0.00997862 -0.0582921 -0.658847 0.0103364 0.999933 0.00584183 0.102222 0.0582302 -0.00643452 0.998301 32.1843
0.998181 -0.00993454 -0.059613 -0.718293 0.0104264 0.999916 0.00796038 0.108494 0.0595294 -0.00856785 0.998199 32.9379
0.998031 -0.0086635 -0.0622741 -0.76003 0.00923996 0.999922 0.00897691 0.118504 0.0621917 -0.00953493 0.998039 33.7011
0.997896 -0.00703799 -0.0645821 -0.803913 0.00761643 0.999936 0.00872902 0.131039 0.0645172 -0.009203 0.997884 34.4523
0.997646 -0.00357363 -0.0686344 -0.818339 0.00409467 0.999969 0.00745437 0.150444 0.0686057 -0.00771816 0.997636 35.1576
0.997518 -0.00183427 -0.0705192 -0.874764 0.00231722 0.999978 0.00677929 0.155414 0.0705059 -0.00692631 0.997499 35.8769
0.997377 -0.00249037 -0.0724754 -0.913197 0.00303327 0.999972 0.00738457 0.170196 0.072455 -0.00758535 0.997366 36.5534
0.997346 -0.00124951 -0.0729339 -0.977207 0.00193793 0.99996 0.00938041 0.174602 0.0729198 -0.00949729 0.997306 37.2665
0.997356 0.00156503 -0.0727921 -1.03762 -0.000853496 0.999956 0.00980761 0.179698 0.0728043 -0.00971987 0.997323 37.959
0.997442 0.0044021 -0.0714929 -1.08888 -0.00388356 0.999971 0.00740192 0.189874 0.0715238 -0.00710574 0.997427 38.6187
0.997534 0.00573427 -0.0701087 -1.13212 -0.00541716 0.999978 0.00471539 0.188202 0.0701345 -0.0043243 0.99755 39.3092
0.997665 0.00439698 -0.0683107 -1.17067 -0.00414593 0.99999 0.00382891 0.185298 0.0683271 -0.00353715 0.997671 39.9518
0.997849 0.00524632 -0.0655209 -1.21079 -0.00491333 0.999979 0.00524626 0.182867 0.0655471 -0.00491332 0.99786 40.6349
0.99801 0.0107374 -0.0623081 -1.2613 -0.0102331 0.999917 0.00841879 0.172569 0.0623937 -0.00776487 0.998036 41.2934
0.998073 0.0143103 -0.0605639 -1.2708 -0.0136272 0.999844 0.0116817 0.168358 0.0607216 -0.0108341 0.998119 41.8593
0.998237 0.0196034 -0.056225 -1.311 -0.0189545 0.999752 0.0120612 0.182881 0.0564478 -0.0109746 0.99836 42.489
0.998497 0.0234475 -0.0498117 -1.36253 -0.0228992 0.999676 0.0115545 0.202194 0.0500664 -0.0103966 0.998716 43.0893
0.998703 0.0273238 -0.043253 -1.40577 -0.0267462 0.999551 0.0138904 0.204216 0.0436134 -0.0127158 0.998982 43.6589
0.998788 0.0332955 -0.0366209 -1.44629 -0.0327784 0.999361 0.0146377 0.203762 0.0370847 -0.0134197 0.999246 44.2019
0.998925 0.0369418 -0.0284493 -1.4826 -0.0365571 0.999241 0.0139456 0.21254 0.0289429 -0.012891 0.999513 44.7467
0.998984 0.0399315 -0.021551 -1.49157 -0.0396235 0.999116 0.0145416 0.209114 0.0221125 -0.0136731 0.999687 45.2706
0.998934 0.0443639 -0.0136947 -1.51346 -0.0441768 0.998937 0.0136872 0.222611 0.014287 -0.0130678 0.99983 45.8023
0.998827 0.0483306 -0.00630522 -1.51777 -0.0482668 0.998793 0.00994552 0.242092 0.00677775 -0.00962986 0.999956 46.2972
0.998726 0.0506797 0.00201591 -1.52294 -0.0506919 0.998699 0.00664906 0.248786 -0.00167678 -0.00674306 0.999995 46.7614
0.998661 0.0511323 0.00962385 -1.50985 -0.0511969 0.998674 0.00655015 0.250974 -0.00927668 -0.00703443 0.999957 47.1782
0.998569 0.0507941 0.0175968 -1.49753 -0.0509357 0.99868 0.00771115 0.253974 -0.0171827 -0.00859679 0.999836 47.5685
0.99831 0.0525097 0.0255328 -1.48701 -0.0527236 0.998587 0.00776347 0.268883 -0.0250899 -0.00909684 0.999672 47.974
0.997831 0.056025 0.0350843 -1.48653 -0.0563417 0.998387 0.00812347 0.266089 -0.0345742 -0.0100827 0.999378 48.3046
0.997224 0.0605471 0.0436294 -1.46456 -0.0609441 0.99812 0.00783332 0.266095 -0.0430742 -0.0104709 0.999044 48.6157
0.996079 0.064007 0.0613649 -1.65958 -0.064201 0.997945 0.00120821 0.395502 -0.0611635 -0.00514345 0.998142 48.8868
0.995489 0.0632515 0.0709443 -1.63901 -0.0635391 0.997989 0.00180824 0.395999 -0.0706887 -0.00630819 0.997514 49.1823
0.994547 0.062697 0.0834798 -1.64364 -0.0629607 0.998025 0.000542881 0.37637 -0.0832838 -0.00579645 0.996528 49.4428
0.993443 0.062531 0.095882 -1.60701 -0.062571 0.99805 -0.00258702 0.339642 -0.0958584 -0.00342986 0.995428 49.691
0.991979 0.0630591 0.109693 -1.5834 -0.0626804 0.99802 -0.00687999 0.346624 -0.109914 -5.15341e-05 0.993966 49.9675
0.990021 0.064621 0.125377 -1.54885 -0.063985 0.997925 -0.00909522 0.346717 -0.125706 0.000981305 0.992107 50.2392
0.987727 0.0661465 0.141605 -1.50775 -0.0653712 0.99782 -0.0101097 0.339891 -0.141969 0.000727882 0.989896 50.4824
0.985054 0.0666202 0.15896 -1.46224 -0.0656012 0.997791 -0.0116537 0.341597 -0.159387 0.00105065 0.987256 50.7611
0.981973 0.0660785 0.177189 -1.4048 -0.0646735 0.997824 -0.0136869 0.355949 -0.177711 0.00197981 0.984109 51.0239
0.978417 0.0651767 0.196189 -1.32954 -0.0637333 0.997886 -0.0136682 0.341692 -0.196667 0.000868606 0.980511 51.25
0.974367 0.0651905 0.215395 -1.24333 -0.0636758 0.997885 -0.0139614 0.321811 -0.215854 -0.000112979 0.976456 51.4488
0.969095 0.0672997 0.23741 -1.18739 -0.0651912 0.997747 -0.0167286 0.328761 -0.238002 0.0007336 0.971306 51.7362
0.9633 0.0684388 0.259625 -1.08968 -0.0657292 0.997667 -0.019106 0.326668 -0.260332 0.00133877 0.965551 51.9861
0.956321 0.0691873 0.284088 -0.997646 -0.0663108 0.997619 -0.0197406 0.312035 -0.284779 3.93048e-05 0.958637 52.2308
0.948872 0.0701378 0.307829 -0.833594 -0.0674357 0.997548 -0.0194136 0.282641 -0.30844 -0.0023388 0.951275 52.5112
0.941478 0.0713566 0.329502 -0.62158 -0.0682008 0.997464 -0.0211409 0.280032 -0.330176 -0.00256944 0.943961 52.6896
0.932953 0.0710276 0.352978 -0.38092 -0.0676275 0.997482 -0.0219672 0.263338 -0.353653 -0.00337791 0.935406 52.9196
0.923694 0.0682115 0.37707 -0.111634 -0.0638558 0.997686 -0.0240551 0.246613 -0.377838 -0.00185937 0.925916 53.1684
0.912388 0.0650262 0.404177 0.175247 -0.0594756 0.997897 -0.0262833 0.227157 -0.405041 -5.93582e-05 0.914335 53.3682
0.897165 0.0636055 0.437147 0.361642 -0.0560861 0.997993 -0.0301023 0.215264 -0.438183 0.00248801 0.898928 53.5854
0.880555 0.0649802 0.469511 0.636995 -0.0550081 0.997888 -0.0349378 0.202729 -0.470794 0.00493639 0.882268 53.8659
0.86203 0.0668654 0.502478 0.897852 -0.0548383 0.997766 -0.038696 0.178699 -0.503941 0.00580123 0.863767 54.0835
0.843155 0.0680479 0.533385 1.23579 -0.0540015 0.997675 -0.0419143 0.155563 -0.535001 0.00653518 0.844868 54.2558
0.82331 0.0708304 0.5632 1.61561 -0.0554864 0.997497 -0.0443368 0.129534 -0.564928 0.00525214 0.825174 54.4268
0.798528 0.0758879 0.597189 1.94211 -0.0593248 0.997129 -0.0473817 0.124401 -0.599072 0.00240578 0.800736 54.6371
0.771057 0.0767764 0.632162 2.26071 -0.0588677 0.99707 -0.0492928 0.100171 -0.634091 0.000792885 0.773312 54.8167
0.741083 0.0727165 0.667495 2.56963 -0.0533664 0.997369 -0.0494003 0.065312 -0.669332 0.00098619 0.743012 54.9711
0.70596 0.0720284 0.704636 2.88872 -0.0511819 0.997423 -0.0506823 0.0493383 -0.706467 -0.000285347 0.707824 55.2
0.6678 0.0712191 0.740954 3.17766 -0.0489765 0.997476 -0.0517322 0.0284371 -0.742769 -0.00174433 0.669601 55.3939
0.624389 0.071558 0.777881 3.54087 -0.0463804 0.997455 -0.0545312 0.010217 -0.779799 -0.00203001 0.626116 55.6491
0.579929 0.0693692 0.811734 3.92448 -0.0401288 0.997608 -0.0565824 -0.00436708 -0.813717 0.000238118 0.581325 55.8791
0.534678 0.067174 0.842431 4.37262 -0.0369115 0.997761 -0.0561354 -0.0329284 -0.84431 -0.00108106 0.535958 56.1089
0.488328 0.0653642 0.870233 4.83226 -0.0355045 0.99787 -0.0550264 -0.0607815 -0.871976 -0.00402816 0.489608 56.3139
0.441044 0.066269 0.895083 5.27501 -0.0376939 0.99778 -0.0553014 -0.0630252 -0.896751 -0.00934871 0.442562 56.4984
0.395785 0.0660003 0.915992 5.79738 -0.0344533 0.997796 -0.0570065 -0.0860099 -0.917735 -0.00899855 0.397187 56.6653
0.353114 0.0619591 0.933572 6.27946 -0.0231225 0.9981 -0.0574979 -0.113579 -0.935351 -0.00128325 0.353876 56.7484
0.312653 0.0545999 0.948321 6.7767 -0.010609 0.998502 -0.0539905 -0.15757 -0.949846 0.00681769 0.312764 56.8166
0.273495 0.0535364 0.960427 7.31383 -0.00237537 0.998506 -0.0549846 -0.178161 -0.961927 0.0127563 0.273214 56.8883
0.238207 0.0543799 0.969714 7.90001 -0.000301993 0.998453 -0.0559166 -0.215552 -0.971251 0.0130249 0.237856 56.9929
0.207773 0.0536634 0.976749 8.42695 0.00749144 0.9984 -0.0564483 -0.252773 -0.978204 0.0190451 0.207039 57.0395
0.180436 0.0510771 0.982283 8.97564 0.0143061 0.998427 -0.0545437 -0.287376 -0.98352 0.0238924 0.179423 57.0882
0.155897 0.0484905 0.986626 9.57477 0.0206448 0.998439 -0.0523348 -0.322402 -0.987613 0.0285268 0.154653 57.1627
0.136125 0.0451883 0.989684 10.1378 0.0255738 0.998484 -0.0491071 -0.384403 -0.9904 0.0319928 0.134765 57.2489
0.120732 0.0460608 0.99166 10.731 0.027686 0.998403 -0.0497462 -0.415906 -0.992356 0.0334603 0.119265 57.3007
0.109179 0.0459744 0.992983 11.3348 0.0278771 0.998415 -0.0492904 -0.441081 -0.99367 0.0330609 0.107726 57.3303
0.0972664 0.0463491 0.994225 11.9785 0.028378 0.998403 -0.0493218 -0.474883 -0.994912 0.0330104 0.0957975 57.3999
0.0880557 0.0476533 0.995 12.589 0.0337438 0.998159 -0.0507902 -0.51324 -0.995583 0.0380455 0.0862879 57.4686
0.0812194 0.0489264 0.995541 13.22 0.0382803 0.997929 -0.0521683 -0.539112 -0.996021 0.0423454 0.0791801 57.5187
0.0773184 0.0477077 0.995891 13.8832 0.0385734 0.997984 -0.0508023 -0.575737 -0.9963 0.0423409 0.0753249 57.5537
0.072841 0.0452244 0.996364 14.5584 0.0361034 0.998221 -0.0479495 -0.602637 -0.99675 0.0394638 0.0710806 57.6271
0.0703138 0.0376853 0.996841 15.2375 0.0342386 0.998627 -0.0401678 -0.638926 -0.996978 0.0369523 0.0689298 57.6776
0.0694082 0.0318726 0.997129 15.9211 0.0355886 0.998799 -0.0344049 -0.66326 -0.997014 0.0378734 0.0681931 57.7192
0.0697532 0.0287375 0.997181 16.6495 0.0384753 0.998786 -0.0314753 -0.688058 -0.996862 0.0405598 0.0685659 57.7528
0.0691098 0.0300617 0.997206 17.3343 0.04185 0.998604 -0.0330059 -0.71893 -0.996792 0.0440129 0.0677577 57.8108
0.069707 0.0372495 0.996904 18.0642 0.0431036 0.99828 -0.0403148 -0.738539 -0.996677 0.0457778 0.0679847 57.8657
0.0724321 0.0454029 0.996389 18.81 0.0437489 0.99788 -0.0486533 -0.754452 -0.996473 0.0471137 0.0702949 57.9137
0.0729083 0.0460929 0.996308 19.5283 0.04478 0.997797 -0.0494388 -0.780317 -0.996375 0.0482166 0.0706871 57.9963
0.0737823 0.0422899 0.996427 20.2949 0.04377 0.998025 -0.0456006 -0.801258 -0.996375 0.046977 0.071788 58.0737
0.0752295 0.03634 0.99654 21.0491 0.0429162 0.998315 -0.0396449 -0.828566 -0.996285 0.0457476 0.0735471 58.1489
0.075888 0.035273 0.996543 21.824 0.0407396 0.998455 -0.0384449 -0.852356 -0.996347 0.0435152 0.0743363 58.2505
0.0781952 0.0400159 0.996174 22.5517 0.0483017 0.997894 -0.043877 -0.882215 -0.995811 0.0515454 0.0761018 58.3164
0.0816403 0.0455943 0.99567 23.2898 0.0502659 0.99752 -0.0498025 -0.90608 -0.995455 0.054113 0.0791486 58.368
0.0843335 0.0457455 0.995426 24.0447 0.0455164 0.997752 -0.049709 -0.934186 -0.995441 0.0494978 0.0820658 58.4565
0.0886433 0.0424263 0.995213 24.8229 0.0413929 0.998099 -0.0462383 -0.965783 -0.995265 0.0452927 0.0867214 58.5191
0.0925032 0.0378365 0.995033 25.5762 0.0456125 0.998094 -0.0421938 -1.00804 -0.994711 0.0492866 0.0906051 58.5945
0.0970104 0.0387875 0.994586 26.2797 0.0506509 0.997778 -0.0438554 -1.03093 -0.994063 0.0546294 0.0948332 58.6159
0.0995922 0.042854 0.994146 27.0613 0.0502214 0.997609 -0.0480349 -1.07185 -0.993805 0.0547087 0.097206 58.7039
0.101671 0.0431784 0.993941 27.8329 0.0463434 0.997793 -0.0480893 -1.11728 -0.993807 0.0509504 0.0994483 58.8304
0.104584 0.0424891 0.993648 28.6395 0.0455744 0.997859 -0.0474665 -1.1567 -0.993516 0.0502467 0.102428 58.9379
0.108695 0.0388287 0.993376 29.372 0.0496624 0.997804 -0.0444385 -1.1897 -0.992904 0.0541618 0.106531 58.9945
0.1126 0.0378522 0.99296 30.0976 0.0557351 0.997486 -0.0443455 -1.22806 -0.992121 0.0603335 0.110211 59.067
0.115511 0.0381914 0.992631 30.8993 0.0586146 0.997284 -0.045194 -1.26417 -0.991647 0.0634007 0.112961 59.1783
0.119148 0.0381631 0.992184 31.6477 0.059068 0.997245 -0.0454516 -1.28875 -0.991163 0.0640191 0.116569 59.2477
0.123222 0.0367024 0.991761 32.4135 0.0607345 0.99719 -0.044452 -1.31613 -0.990591 0.0657089 0.120649 59.3319
0.127308 0.0357841 0.99126 33.1958 0.0627984 0.997081 -0.0440602 -1.34164 -0.989919 0.0678559 0.124693 59.4169
0.130566 0.0367658 0.99082 34.0081 0.0610293 0.997147 -0.0450455 -1.36401 -0.989633 0.0663478 0.127952 59.525
0.133054 0.0384814 0.990406 34.76 0.0582861 0.997241 -0.046578 -1.39797 -0.98944 0.063921 0.130447 59.6464
0.137823 0.0386277 0.989767 35.5926 0.0598715 0.997115 -0.0472542 -1.42254 -0.988719 0.0657685 0.135115 59.7278
0.140376 0.0376149 0.989429 36.2957 0.057783 0.997292 -0.0461127 -1.46916 -0.988458 0.0636415 0.137826 59.8452
0.143773 0.0377613 0.988954 37.0797 0.0566472 0.997347 -0.04632 -1.50186 -0.988061 0.0626782 0.141255 59.9449
0.147436 0.0368967 0.98843 37.8456 0.0544241 0.997516 -0.0453548 -1.55 -0.98762 0.0604775 0.145065 60.0729
0.152763 0.0402976 0.987506 38.6136 0.0536631 0.997385 -0.0490052 -1.56805 -0.986877 0.0604761 0.150203 60.1487
0.155624 0.0425859 0.986945 39.4494 0.052303 0.997343 -0.0512826 -1.63105 -0.986478 0.0595971 0.152987 60.3114
0.160496 0.0433335 0.986151 40.1991 0.0522878 0.997289 -0.052336 -1.68349 -0.985724 0.0599605 0.157797 60.4036
0.162655 0.0459162 0.985663 40.9907 0.0461998 0.997497 -0.054092 -1.72201 -0.985649 0.0543317 0.16013 60.5583
0.165917 0.0457977 0.985141 41.7722 0.0422598 0.997702 -0.053502 -1.75559 -0.985308 0.0505062 0.163602 60.6881
0.169149 0.0465507 0.984541 42.5336 0.0443893 0.997542 -0.0547922 -1.7912 -0.98464 0.0529667 0.166669 60.8197
0.172803 0.0479218 0.983857 43.3382 0.043978 0.997474 -0.0563124 -1.82961 -0.984051 0.0529961 0.17026 60.9678
0.176187 0.0488214 0.983197 44.1336 0.0400597 0.997618 -0.0567167 -1.87169 -0.983592 0.0493746 0.173815 61.1255
0.180025 0.0465826 0.982627 44.9197 0.0393774 0.997766 -0.0545176 -1.91088 -0.982952 0.0485046 0.17779 61.276
0.185669 0.0465628 0.981561 45.714 0.0400448 0.99772 -0.0549048 -1.95064 -0.981848 0.0494954 0.183385 61.4104
0.195462 0.04926 0.979543 46.3769 0.0347242 0.997795 -0.05711 -1.98511 -0.980175 0.0451737 0.193321 61.5181
0.201181 0.0582076 0.977878 47.1846 0.0332391 0.997286 -0.0662016 -2.02602 -0.979044 0.0458165 0.198703 61.7034
0.208503 0.0632384 0.976048 47.9701 0.0317341 0.996977 -0.0713771 -2.06465 -0.977586 0.0458528 0.205867 61.88
0.214033 0.0669479 0.974586 48.8 0.0271538 0.996889 -0.0744437 -2.11386 -0.976504 0.042391 0.211551 62.1055
0.219789 0.0656629 0.97341 49.6076 0.023406 0.997124 -0.0725511 -2.16929 -0.975346 0.0387261 0.21762 62.3248
0.226492 0.0636049 0.971992 50.4094 0.0235924 0.997249 -0.0707558 -2.22632 -0.973783 0.0389514 0.22437 62.5358
0.2321 0.0605274 0.970882 51.1748 0.0229989 0.997475 -0.067687 -2.2795 -0.9725 0.0380357 0.230122 62.7613
0.239657 0.0551643 0.969347 51.9922 0.0211023 0.997888 -0.0620065 -2.33058 -0.970685 0.0353098 0.237987 62.9666
0.246351 0.0477922 0.968078 52.8158 0.0185185 0.998404 -0.0540051 -2.38353 -0.969083 0.0312282 0.245072 63.1923
0.253424 0.0447699 0.966376 53.6435 0.0181153 0.998569 -0.0510127 -2.44185 -0.967242 0.0304282 0.252251 63.4221
0.259876 0.0459339 0.964626 54.416 0.0165201 0.998546 -0.052003 -2.50416 -0.965582 0.0294467 0.258738 63.6261
0.265766 0.049763 0.96281 55.2203 0.0172795 0.998295 -0.0563674 -2.57793 -0.963939 0.0316116 0.264453 63.8741
0.27005 0.0516624 0.961532 56.0142 0.0156873 0.998225 -0.0580427 -2.64414 -0.962796 0.0307552 0.268758 64.1224
0.274463 0.0535893 0.960161 56.7928 0.0142758 0.998142 -0.0597906 -2.70365 -0.961549 0.0301116 0.273188 64.3605
0.280621 0.053502 0.9584 57.559 0.0119891 0.998206 -0.0592376 -2.74567 -0.959823 0.0281106 0.279474 64.5749
0.287199 0.0498843 0.95663 58.3103 0.0158781 0.998292 -0.0568244 -2.78807 -0.957797 0.0315037 0.285916 64.7655
0.29175 0.0431497 0.955597 59.0673 0.0165347 0.99864 -0.0501443 -2.82963 -0.95643 0.0304267 0.290638 64.9965
0.294289 0.0369951 0.95506 59.8303 0.0144049 0.999 -0.0431367 -2.87459 -0.955666 0.0264461 0.293462 65.256
0.297164 0.0333089 0.954322 60.5733 0.0101122 0.99926 -0.038029 -2.92217 -0.954852 0.020948 0.296607 65.5085
0.300691 0.0333932 0.953199 61.2888 0.00868479 0.999285 -0.037748 -2.95408 -0.953742 0.0196225 0.300186 65.7334
0.304141 0.0358139 0.952033 62.01 0.00693323 0.999218 -0.0398063 -2.97936 -0.952682 0.0187032 0.303654 65.9544
0.305361 0.0398434 0.951465 62.7151 0.00270943 0.999121 -0.0427089 -3.01739 -0.952294 0.0156128 0.304984 66.1992
0.308761 0.0438837 0.950206 63.4003 0.00157367 0.998945 -0.0466485 -3.0508 -0.951221 0.0158945 0.308365 66.4064
0.311582 0.0487968 0.94903 64.0822 0.00123033 0.998698 -0.0517544 -3.0848 -0.950281 0.0172865 0.311117 66.6283
0.314292 0.0512174 0.948022 64.7531 0.00454568 0.998486 -0.0554532 -3.0897 -0.949398 0.0217336 0.313582 66.8516
0.315418 0.051714 0.947608 65.4309 0.00186922 0.998518 -0.0551144 -3.12169 -0.949014 0.0191484 0.314854 67.0914
0.315136 0.0488245 0.947871 66.0645 0.00205819 0.998675 -0.052128 -3.15568 -0.949129 0.0183737 0.314616 67.3114
0.315244 0.046827 0.947921 66.7174 0.00167504 0.998793 -0.0498972 -3.19034 -0.949073 0.0173105 0.314785 67.5375
0.31471 0.0463024 0.948138 67.3226 0.00199494 0.998813 -0.0494414 -3.22046 -0.949271 0.0174465 0.314241 67.7367
0.313317 0.0451777 0.948642 67.9598 0.00232827 0.998868 -0.0483389 -3.25295 -0.94971 0.0173469 0.312857 67.9524
0.313485 0.0465409 0.948532 68.5797 0.00137797 0.998813 -0.0494655 -3.2785 -0.949677 0.016809 0.313047 68.1322
0.311068 0.0495315 0.949165 69.194 0.000625608 0.998671 -0.0523201 -3.30886 -0.950453 0.0168617 0.310623 68.3425
0.308352 0.0531695 0.949867 69.7793 0.00261393 0.998424 -0.0567384 -3.3398 -0.951356 0.0199732 0.307724 68.5348
0.306212 0.0544744 0.950474 70.3767 0.0052311 0.998291 -0.0589006 -3.35647 -0.952014 0.0230009 0.305405 68.7305
0.303504 0.0532859 0.95142 70.9561 0.00436572 0.998387 -0.057311 -3.38943 -0.952908 0.0215426 0.302779 68.923
0.300886 0.0503483 0.952402 71.5316 0.00382628 0.998576 -0.0539986 -3.42483 -0.953719 0.0198844 0.300266 69.1075
0.293412 0.0473747 0.954892 72.021 0.00512928 0.998719 -0.0511268 -3.44316 -0.956061 0.0198939 0.292791 69.3642
0.292026 0.0456399 0.955394 72.5738 0.00896905 0.998731 -0.0504521 -3.47877 -0.956436 0.0232949 0.291247 69.5139
0.29057 0.0466984 0.955793 73.1201 0.0130933 0.998562 -0.05277 -3.50314 -0.956854 0.0278424 0.289538 69.6661
0.288156 0.0477195 0.956471 73.6616 0.017004 0.99839 -0.0549347 -3.53784 -0.957503 0.032086 0.286883 69.82
0.286819 0.0493523 0.956796 74.209 0.0164995 0.998312 -0.0564418 -3.56791 -0.957934 0.0319697 0.285518 69.9805
0.284977 0.0519135 0.957206 74.7454 0.0159304 0.998184 -0.0588798 -3.59997 -0.958474 0.0320207 0.283635 70.1519
0.282538 0.0489279 0.958091 75.2849 0.0168161 0.998335 -0.055944 -3.65989 -0.959202 0.0319121 0.281242 70.3305
0.28429 0.0461104 0.957708 75.8516 0.0230745 0.998272 -0.0549142 -3.69325 -0.958533 0.0377026 0.282737 70.4696
0.287189 0.0437278 0.956959 76.4098 0.0282964 0.998178 -0.054105 -3.71555 -0.95755 0.0426106 0.285425 70.607
0.289429 0.0420658 0.956356 76.958 0.0313138 0.998134 -0.0533814 -3.74907 -0.95676 0.0453892 0.287573 70.7599
0.292556 0.0409948 0.955454 77.5193 0.0289445 0.998288 -0.051697 -3.79545 -0.955906 0.0427733 0.290865 70.9475
0.296223 0.0411321 0.954315 78.0788 0.0278766 0.998324 -0.0516833 -3.83075 -0.954785 0.041905 0.294582 71.1631
0.303127 0.0397569 0.952206 78.6437 0.0296987 0.998296 -0.0511373 -3.85071 -0.952582 0.0437739 0.301426 71.3354
0.309358 0.039639 0.950201 79.2214 0.0283507 0.998352 -0.0508791 -3.88144 -0.950597 0.0426706 0.307725 71.5644
0.318144 0.0373486 0.947393 79.796 0.0291187 0.998413 -0.0491399 -3.90642 -0.947692 0.0432136 0.316546 71.7495
0.326479 0.0369949 0.944563 80.383 0.0254866 0.998575 -0.0479207 -3.9466 -0.944936 0.0397107 0.325071 71.9745
0.336676 0.0365574 0.940999 80.9548 0.0242271 0.998624 -0.0474658 -3.98005 -0.941406 0.0387714 0.335321 72.1618
0.345972 0.039433 0.9375 81.5452 0.0191571 0.998661 -0.0490764 -4.02743 -0.938125 0.0349307 0.344753 72.4047
0.353944 0.0429771 0.934367 82.0627 0.0154961 0.998582 -0.0518026 -4.04104 -0.935236 0.0328079 0.35277 72.6329
0.365561 0.046703 0.9297 82.7746 0.010812 0.99851 -0.054412 -4.08465 -0.930801 0.0299349 0.36451 72.956
0.376478 0.0487372 0.925233 83.3246 0.00997476 0.99839 -0.0566516 -4.10749 -0.92647 0.0305507 0.375377 73.1491
0.386114 0.0496881 0.921199 83.9597 0.00783591 0.998384 -0.057137 -4.13206 -0.922498 0.0292718 0.385099 73.4419
0.396198 0.0492801 0.916933 84.5712 0.0074457 0.998399 -0.0568778 -4.17186 -0.918235 0.0293555 0.395188 73.711
0.407025 0.0504164 0.912113 85.2186 0.0036098 0.998428 -0.0567994 -4.20167 -0.913491 0.0264033 0.406201 74.0035
0.41973 0.0465025 0.90655 85.8483 0.00440984 0.998617 -0.053269 -4.22781 -0.907739 0.0263498 0.418934 74.2953
0.431556 0.0392233 0.901324 86.5086 0.00855917 0.998881 -0.0475683 -4.25395 -0.902129 0.0282347 0.430734 74.5743
0.441196 0.0344652 0.896845 87.1495 0.0107011 0.999036 -0.043659 -4.28551 -0.897449 0.0288526 0.440391 74.9013
0.451518 0.0311141 0.891813 87.8403 0.0103588 0.999193 -0.0401065 -4.31406 -0.892287 0.0273384 0.450826 75.2519
0.46006 0.0276438 0.887555 88.5085 0.0170531 0.999103 -0.0399596 -4.33864 -0.887828 0.0335121 0.459164 75.5969
0.467754 0.0223207 0.883673 89.1841 0.0234395 0.999069 -0.0376446 -4.34784 -0.883635 0.038312 0.466789 75.9522
0.474753 0.0115413 0.880142 89.8823 0.0340404 0.998973 -0.0314629 -4.36945 -0.879565 0.0448894 0.473859 76.3064
0.481138 0.00748048 0.876711 90.5922 0.0388889 0.998851 -0.0298668 -4.38325 -0.87587 0.0484544 0.480288 76.6853
0.487238 0.00672135 0.873345 91.2729 0.0414707 0.998711 -0.0308249 -4.41596 -0.872392 0.0512287 0.486318 77.077
0.494946 0.0116634 0.868947 91.9901 0.0433594 0.998391 -0.0381006 -4.45382 -0.86793 0.0565247 0.493637 77.4648
0.499905 0.0147048 0.866062 92.6358 0.0471375 0.99796 -0.0441557 -4.49105 -0.864906 0.0628885 0.498179 77.8763
0.504708 0.0168861 0.863229 93.3574 0.0459047 0.997926 -0.046363 -4.51633 -0.862159 0.0630156 0.50288 78.3188
0.512307 0.0215758 0.85864 94.012 0.0370122 0.99825 -0.0471706 -4.50766 -0.858116 0.0559377 0.510597 78.5889
0.515594 0.0254956 0.856561 94.7002 0.0303715 0.998445 -0.0480034 -4.55715 -0.856386 0.0507556 0.514012 79.0436
0.517981 0.0289088 0.855012 95.3815 0.0297548 0.998264 -0.0517816 -4.60766 -0.854986 0.0522545 0.516206 79.4851
0.522271 0.0333638 0.852237 96.12 0.0262391 0.998198 -0.0551608 -4.66593 -0.852467 0.0511613 0.520447 79.9822
0.525624 0.0382417 0.849965 96.7963 0.0231964 0.998023 -0.0592513 -4.67704 -0.850513 0.0508522 0.523681 80.4274
0.529902 0.0377459 0.84733 97.4339 0.0217003 0.998145 -0.058038 -4.70395 -0.847874 0.0491324 0.528091 80.8082
0.534333 0.0311478 0.84481 98.085 0.0276075 0.998195 -0.0542677 -4.76417 -0.844935 0.0523118 0.532492 81.2315
0.53786 0.0286458 0.842663 98.6671 0.0273094 0.998373 -0.0513736 -4.79762 -0.842684 0.0506344 0.536196 81.5694
0.54223 0.0293915 0.839827 99.2962 0.0251662 0.998423 -0.0511936 -4.8393 -0.839966 0.0488859 0.540617 81.9676
0.542445 0.0328331 0.839566 99.8961 0.0233641 0.998328 -0.0541406 -4.85911 -0.839859 0.0489743 0.540764 82.4358
0.545977 0.0319629 0.837303 100.471 0.0246831 0.998275 -0.0542061 -4.90886 -0.837549 0.0502542 0.54423 82.7851
0.544562 0.0318481 0.838232 101.022 0.0260009 0.998225 -0.0548221 -4.93125 -0.838411 0.0516389 0.54276 83.2162
0.545828 0.030827 0.837443 101.596 0.0285122 0.998113 -0.0553281 -4.98284 -0.837524 0.0540682 0.543902 83.586
0.547342 0.029708 0.836499 102.165 0.0290413 0.998161 -0.0544554 -5.02942 -0.836499 0.0540886 0.545465 83.9611
0.550453 0.0285095 0.834494 102.73 0.0306744 0.998104 -0.0543357 -5.06657 -0.834417 0.0554979 0.548517 84.2999
0.552962 0.0302025 0.832775 103.273 0.0300042 0.998038 -0.0561224 -5.10359 -0.832761 0.0560099 0.550963 84.6547
0.554821 0.0294768 0.831563 103.788 0.0340059 0.997786 -0.0580607 -5.13242 -0.83139 0.0604819 0.552572 85.0033
0.556473 0.0284609 0.830495 104.316 0.0351704 0.997775 -0.057763 -5.18455 -0.830216 0.0613413 0.554227 85.3908
0.558739 0.0260242 0.829051 104.83 0.0390409 0.997627 -0.0576301 -5.21457 -0.82854 0.0645572 0.556379 85.7474
0.562595 0.0248844 0.826475 105.338 0.0404936 0.997583 -0.0576043 -5.24605 -0.825836 0.0658634 0.560219 86.0636
0.56468 0.0239394 0.825082 105.844 0.0416582 0.997532 -0.0574559 -5.28863 -0.824377 0.0668051 0.562269 86.4498
0.56822 0.0233594 0.822663 106.32 0.0415321 0.997573 -0.0570156 -5.32374 -0.821925 0.0665525 0.565863 86.7423
0.571179 0.0224675 0.820639 106.811 0.0430529 0.997484 -0.0572771 -5.36383 -0.819815 0.0680356 0.568756 87.0907
0.575181 0.0237826 0.817801 107.298 0.0422059 0.997446 -0.0586946 -5.40093 -0.817036 0.0682637 0.572702 87.4336
0.579053 0.023519 0.815074 107.785 0.0449868 0.997195 -0.060736 -5.42812 -0.81417 0.0718257 0.576351 87.79
0.583632 0.0268755 0.811697 108.254 0.0417578 0.9972 -0.0630453 -5.48051 -0.811046 0.0706769 0.580868 88.1242
0.589139 0.0326865 0.807497 108.725 0.0380198 0.99701 -0.0680986 -5.52302 -0.807262 0.0708092 0.586115 88.4764
0.595055 0.0398186 0.802824 109.191 0.0334822 0.996741 -0.0742563 -5.55416 -0.803091 0.071054 0.591775 88.8351
0.600601 0.0461038 0.79835 109.642 0.0286332 0.996513 -0.0790908 -5.59111 -0.799163 0.0703501 0.597166 89.1947
0.6065 0.0501816 0.793627 110.102 0.024724 0.996398 -0.0819002 -5.64411 -0.794803 0.0692814 0.603068 89.5688
0.611694 0.0509905 0.789583 110.571 0.0206767 0.996607 -0.0803809 -5.68431 -0.790953 0.0654837 0.608543 89.9556
0.617052 0.0509002 0.785405 111.04 0.0147645 0.997046 -0.0762184 -5.72205 -0.786889 0.0586145 0.614471 90.3439
0.622362 0.0497794 0.781282 111.51 0.00806027 0.997574 -0.0699844 -5.76591 -0.782818 0.0498431 0.62043 90.7462
0.627287 0.049061 0.777373 111.985 0.000784499 0.998038 -0.0636225 -5.81985 -0.778895 0.0405079 0.626009 91.173
0.633814 0.0477971 0.772147 112.465 -0.00264384 0.998276 -0.059628 -5.86339 -0.773612 0.0357426 0.632825 91.5518
0.639524 0.0513966 0.767185 112.945 -0.00798378 0.998218 -0.0602209 -5.90599 -0.768839 0.0323765 0.638784 91.9803
0.645032 0.0553545 0.76229 113.433 -0.011755 0.998033 -0.0625301 -5.94445 -0.764198 0.0313647 0.644391 92.4267
0.651173 0.0585614 0.756804 113.926 -0.0143403 0.997854 -0.0648772 -5.97636 -0.758905 0.0313823 0.650607 92.8484
0.657189 0.0606844 0.751423 114.434 -0.0160468 0.997715 -0.0665441 -6.00859 -0.75369 0.0316657 0.656637 93.3092
0.663502 0.06187 0.745752 114.946 -0.0197491 0.997739 -0.0652071 -6.05479 -0.748027 0.0285261 0.663216 93.7722
0.669525 0.0642755 0.740153 115.465 -0.0256699 0.997718 -0.0634262 -6.09629 -0.742484 0.0234578 0.669622 94.2731
0.676114 0.0624268 0.734293 115.978 -0.0275418 0.997914 -0.0594823 -6.1555 -0.736398 0.0199828 0.676415 94.7323
0.683303 0.0605116 0.727778 116.516 -0.0282918 0.998068 -0.0564266 -6.20028 -0.729728 0.0179584 0.683669 95.2495
0.6905 0.0601925 0.720973 117.054 -0.0277435 0.998067 -0.0567591 -6.22572 -0.72292 0.0191795 0.690827 95.7731
0.697798 0.0625365 0.713718 117.595 -0.0328899 0.997991 -0.0552933 -6.27775 -0.715683 0.0151017 0.698426 96.3234
0.706115 0.0628871 0.705453 118.143 -0.0336529 0.997967 -0.0552824 -6.31517 -0.707421 0.0152853 0.706786 96.8472
0.712845 0.0636096 0.698593 118.686 -0.0358261 0.997944 -0.0543144 -6.35299 -0.700553 0.0136822 0.713629 97.4117
0.717251 0.0620594 0.694204 119.23 -0.0356442 0.998054 -0.0523989 -6.39714 -0.696031 0.0128292 0.718057 97.9974
0.721872 0.0601684 0.689572 119.816 -0.0339892 0.998157 -0.0515174 -6.42847 -0.691342 0.0137429 0.722557 98.5704
0.726201 0.0574528 0.68524 120.391 -0.0303954 0.998276 -0.0514905 -6.45679 -0.686942 0.0165541 0.726684 99.1466
0.729058 0.0531181 0.682557 120.962 -0.0247757 0.998443 -0.0512421 -6.49274 -0.684157 0.0204388 0.729207 99.7766
0.732826 0.0455866 0.679053 121.545 -0.0170764 0.998739 -0.0486234 -6.5422 -0.680337 0.0240257 0.732666 100.375
0.736461 0.0386749 0.675546 122.131 -0.0111019 0.998985 -0.0450933 -6.58703 -0.676546 0.0257 0.73611 101
0.739533 0.0327776 0.672489 122.72 -0.00548926 0.999142 -0.0426666 -6.6214 -0.673235 0.0278501 0.739064 101.633
0.742278 0.0313235 0.669536 123.293 -0.0051367 0.999208 -0.0410568 -6.65263 -0.670232 0.0270264 0.741818 102.283
0.744315 0.0322739 0.667219 123.864 -0.00568941 0.999169 -0.0419883 -6.69082 -0.667944 0.0274446 0.743865 102.949
0.746824 0.0367739 0.664182 124.439 -0.0111589 0.999088 -0.0427743 -6.72692 -0.66509 0.0245237 0.746518 103.639
0.749008 0.0405493 0.661492 125.024 -0.0174166 0.999053 -0.0415251 -6.76025 -0.662474 0.0195705 0.748989 104.351
0.751999 0.0374293 0.65828 125.604 -0.0174142 0.999232 -0.0369271 -6.79304 -0.659096 0.0162966 0.752039 105.007
0.756057 0.0353228 0.653728 126.208 -0.0206934 0.999402 -0.030072 -6.82199 -0.654324 0.00919757 0.756318 105.698
0.758749 0.0297725 0.650884 126.786 -0.0198041 0.999614 -0.0226429 -6.84752 -0.651247 0.00428102 0.75901 106.389
0.762649 0.0255253 0.646487 127.383 -0.0174472 0.999738 -0.0188945 -6.8676 -0.646725 0.00311967 0.762876 107.103
0.766554 0.0215167 0.642005 127.963 -0.0112811 0.999802 -0.0200437 -6.88557 -0.642248 0.00811245 0.766609 107.794
0.769846 0.0171756 0.638181 128.524 -0.000752005 0.999731 -0.0260036 -6.90252 -0.63838 0.0195267 0.769633 108.49
0.773446 0.0175962 0.633808 129.111 0.00534845 0.999465 -0.0342791 -6.9202 -0.634012 0.0298917 0.7729 109.244
0.778082 0.0173205 0.628109 129.708 0.00870761 0.999296 -0.0383478 -6.94224 -0.628256 0.035294 0.777363 110.004
0.783198 0.0123212 0.621845 130.304 0.0117945 0.999399 -0.0346623 -6.97155 -0.621837 0.0344701 0.782541 110.754
0.786574 0.00631649 0.617655 130.87 0.0166744 0.999436 -0.0314602 -7.00632 -0.617431 0.0350311 0.786003 111.557
0.790462 0.0028612 0.612702 131.415 0.0207084 0.999362 -0.0313885 -7.04264 -0.612341 0.0374873 0.789858 112.212
0.792424 0.00314374 0.610156 131.961 0.023167 0.999177 -0.0352406 -7.09645 -0.609692 0.0420464 0.791681 113.045
0.796608 0.00440669 0.604682 132.543 0.022803 0.999112 -0.037327 -7.11439 -0.60425 0.0435109 0.795758 113.764
0.799609 0.00145158 0.600715 133.131 0.0254376 0.999084 -0.0362792 -7.14345 -0.600148 0.0442753 0.79882 114.543
0.801344 -0.00399521 0.598396 133.694 0.0287093 0.999151 -0.0317803 -7.17608 -0.597702 0.0426334 0.800736 115.271
0.802465 -0.00817547 0.596843 134.277 0.0319937 0.999125 -0.0293349 -7.19655 -0.59601 0.0426204 0.802004 116.053
0.803869 -0.0129986 0.594872 134.872 0.0359361 0.999065 -0.0267362 -7.21275 -0.593909 0.0428563 0.803542 116.809
0.80392 -0.0145291 0.594761 135.445 0.036887 0.999062 -0.025458 -7.23249 -0.593763 0.0423897 0.803682 117.609
0.804236 -0.0135155 0.594365 136.021 0.0346449 0.999178 -0.0241625 -7.26156 -0.59349 0.0400108 0.804 118.375
0.804072 -0.0113387 0.594626 136.592 0.032863 0.999205 -0.0253894 -7.28559 -0.593795 0.0399407 0.803784 119.153
0.803014 -0.00732508 0.596124 137.147 0.0287405 0.999308 -0.0264414 -7.30757 -0.595457 0.0383528 0.802627 119.912
0.801676 -0.00345592 0.597951 137.716 0.0248639 0.999378 -0.0275637 -7.33616 -0.597413 0.0369496 0.801243 120.672
0.800821 -0.000580817 0.599114 138.306 0.0202693 0.999525 -0.0261302 -7.36884 -0.598752 0.0330568 0.80041 121.458
0.7993 0.00179283 0.601132 138.887 0.0164905 0.999622 -0.0249124 -7.40518 -0.600877 0.0298111 0.798948 122.218
0.797978 0.00106581 0.602897 139.474 0.0156042 0.999698 -0.0224264 -7.4278 -0.602677 0.0272912 0.797679 122.962
0.795998 0.000321436 0.605501 140.053 0.0135788 0.999807 -0.0183853 -7.45775 -0.605319 0.0228427 0.795819 123.732
0.794334 -0.00387522 0.607678 140.644 0.0178702 0.999768 -0.0169893 -7.4665 -0.607409 0.0243422 0.794178 124.454
0.792077 2.16182e-05 0.610622 141.217 0.0168224 0.999688 -0.021861 -7.48937 -0.61036 0.0275734 0.79181 125.169
0.789591 0.0099109 0.613761 141.794 0.0109669 0.999554 -0.0302547 -7.5115 -0.613724 0.0306076 0.789091 125.918
0.786623 0.0155055 0.617439 142.386 0.00871834 0.999375 -0.0362083 -7.53878 -0.617542 0.0338509 0.785978 126.71
0.784579 0.0145374 0.620068 142.946 0.00666961 0.999543 -0.0318789 -7.56522 -0.620184 0.029135 0.784083 127.378
0.781402 0.0135844 0.624081 143.559 0.00344695 0.999726 -0.0260811 -7.59165 -0.624189 0.0225173 0.781121 128.162
0.777695 0.0115674 0.628742 144.131 0.00162654 0.999863 -0.0204131 -7.62807 -0.628828 0.0168864 0.777531 128.914
0.774457 0.0109162 0.632731 144.725 0.00197925 0.999877 -0.0196769 -7.65823 -0.632792 0.0164778 0.774321 129.671
0.773222 0.00814083 0.634288 145.34 0.00441109 0.999898 -0.0182167 -7.68087 -0.634306 0.0168719 0.77307 130.344
0.770786 0.00685832 0.637256 145.941 0.00820585 0.999824 -0.0206901 -7.694 -0.637207 0.0211628 0.770579 131.054
0.767686 0.0051144 0.641009 146.54 0.0117278 0.999761 -0.0220282 -7.71809 -0.640904 0.0244163 0.767406 131.75
0.764574 0.00497336 0.644715 147.146 0.0145045 0.999656 -0.024917 -7.73636 -0.64454 0.0283875 0.764223 132.446
0.760793 0.00620506 0.649167 147.746 0.013433 0.999661 -0.0253044 -7.7465 -0.649041 0.0279593 0.760416 133.155
0.756755 0.00819926 0.653845 148.355 0.0108625 0.999697 -0.0251129 -7.76495 -0.653776 0.0260922 0.756422 133.88
0.751603 0.00859613 0.659759 148.94 0.0109197 0.999687 -0.0254709 -7.77914 -0.65971 0.026336 0.751239 134.56
0.746298 0.0110842 0.665713 149.548 0.00772605 0.99972 -0.0253111 -7.80986 -0.66573 0.0240186 0.745991 135.255
0.740569 0.0179682 0.671935 150.168 0.00348057 0.999597 -0.030572 -7.83557 -0.672152 0.0249676 0.740176 135.969
0.738285 0.0232998 0.674277 150.848 0.00123969 0.999428 -0.0358971 -7.8413 -0.674648 0.0273241 0.73782 136.64
0.732964 0.0266329 0.67994 151.48 -0.000605294 0.999329 -0.0384966 -7.87716 -0.680447 0.0277933 0.732456 137.317
0.727184 0.0223389 0.686266 152.124 -0.00209253 0.999611 -0.0303252 -7.90014 -0.686597 0.0206023 0.726935 137.99
0.721608 0.0197613 0.69221 152.784 -0.00836232 0.999839 -0.0198323 -7.91905 -0.692429 0.00851214 0.721626 138.682
0.71427 0.0157117 0.699879 153.424 -0.00832989 0.999941 -0.0139502 -7.93235 -0.699976 0.00412122 0.714348 139.367
0.70742 0.0179876 0.70675 154.088 -0.0140823 0.999906 -0.0113597 -7.93872 -0.706828 -0.00192636 0.707577 140.063
0.700161 0.018854 0.713918 154.757 -0.0128685 0.999895 -0.0137892 -7.9466 -0.714022 0.000454639 0.700321 140.711
0.69488 0.0177975 0.719089 155.45 -0.00735667 0.999889 -0.017644 -7.96081 -0.719261 0.00695965 0.694906 141.326
0.688723 0.0252942 0.724764 156.18 -0.00767087 0.999662 -0.0276022 -7.99402 -0.725135 0.013437 0.688677 141.997
0.681913 0.0266234 0.731133 156.909 -0.00439503 0.999542 -0.0323038 -7.99184 -0.731593 0.0188036 0.681691 142.675
0.675713 0.0223686 0.737005 157.618 -0.00187053 0.999662 -0.0286291 -8.01799 -0.737313 0.0179523 0.67552 143.305
0.668704 0.0165716 0.743525 158.321 0.00163202 0.99979 -0.0237566 -8.04336 -0.743697 0.0170879 0.668511 143.923
0.661829 0.0160009 0.749662 159.02 0.00148152 0.999816 -0.0226518 -8.06458 -0.749803 0.0160877 0.661678 144.559
0.654672 0.0168501 0.755906 159.698 -0.000217991 0.999831 -0.0221043 -8.10213 -0.756081 0.0142948 0.654544 145.175
0.64768 0.0148502 0.761944 160.43 0.0037372 0.999812 -0.0226667 -8.1128 -0.762053 0.0175136 0.647496 145.861
0.642489 0.0100423 0.766407 161.165 0.00760535 0.999857 -0.0194823 -8.11696 -0.766423 0.0183338 0.642301 146.483
0.638056 0.00670474 0.770135 161.87 0.00836961 0.999918 -0.0156432 -8.14352 -0.770092 0.016412 0.637943 147.056
0.632993 0.00505108 0.774318 162.583 0.00598602 0.999993 -0.0114221 -8.19215 -0.774299 0.0118532 0.63294 147.701
0.629154 0.00702187 0.777422 163.339 0.00609817 0.99996 -0.0139709 -8.19125 -0.777403 0.0135159 0.629082 148.317
0.627611 0.0111802 0.778622 164.017 0.0070461 0.999851 -0.0200417 -8.15657 -0.778658 0.0180526 0.627421 148.739
0.626956 0.0170107 0.779041 164.771 0.00749786 0.99966 -0.0278663 -8.14846 -0.779164 0.0232971 0.626612 149.3
0.623684 0.0197135 0.781601 165.493 0.0050271 0.999638 -0.0292295 -8.17282 -0.78182 0.0221472 0.623343 149.919
0.621424 0.0169702 0.783463 166.146 0.00365307 0.999768 -0.0245571 -8.18612 -0.783612 0.0181078 0.621215 150.419
0.618588 0.00895725 0.785836 166.823 0.00774036 0.999895 -0.0174954 -8.20051 -0.785836 0.0168929 0.618438 150.981
0.615136 0.00405231 0.788582 167.457 0.0118538 0.999903 -0.0143888 -8.21109 -0.788478 0.0181836 0.615025 151.482
0.612075 0.00191892 0.790969 168.132 0.0172608 0.999804 -0.0157876 -8.2227 -0.790771 0.0233031 0.611907 152.029
0.610583 0.00355186 0.792114 168.792 0.0180517 0.999744 -0.0184018 -8.25064 -0.791892 0.0255191 0.610359 152.513
0.609126 0.0106093 0.793176 169.453 0.0148447 0.99966 -0.0247765 -8.2779 -0.793096 0.0268537 0.608746 153.025
0.6073 0.0180355 0.794438 170.091 0.0131968 0.999452 -0.0327821 -8.31253 -0.794508 0.0303771 0.606726 153.518
0.606119 0.0185634 0.795333 170.74 0.0162984 0.999307 -0.0357502 -8.34004 -0.795371 0.0346185 0.60538 153.978
0.60416 0.0124622 0.796937 171.391 0.0153998 0.999586 -0.0273096 -8.36836 -0.796861 0.0287561 0.603716 154.47
0.603149 0.0058971 0.797784 172.028 0.0072429 0.999972 -0.0128728 -8.40288 -0.797761 0.0135302 0.603073 154.899
0.600208 0.00326617 0.800011 172.675 -0.00190821 1.00007 -0.00265437 -8.44141 -0.799991 5.20628e-05 0.600256 155.439
0.599416 0.00310296 0.800609 173.293 -0.0032146 1.00007 -0.00147441 -8.47591 -0.800597 -0.00170127 0.599454 155.904
0.598593 0.00476425 0.801211 173.907 -0.00043018 1.00006 -0.00562844 -8.47927 -0.801204 0.00300993 0.598627 156.321
0.596044 0.00570942 0.80311 174.515 -0.000493508 1.00006 -0.00674811 -8.50618 -0.803117 0.00361398 0.596067 156.787
0.594934 0.00444059 0.803936 175.125 -0.0009642 1.00007 -0.0048137 -8.51365 -0.803927 0.00207416 0.594973 157.211
0.593735 0.00317864 0.804834 175.73 -0.00255905 1.00008 -0.00206647 -8.53555 -0.804823 -0.000844564 0.593774 157.641
0.592134 0.00176614 0.806012 176.324 -0.00304449 1.00007 4.21871e-05 -8.55307 -0.805986 -0.00249299 0.59218 158.07
0.589742 0.00155666 0.807772 176.914 -0.00186587 1.00008 -0.000569433 -8.55956 -0.807758 -0.00118297 0.589779 158.5
0.586984 0.00260303 0.809771 177.499 -0.00109575 1.00008 -0.00242368 -8.56511 -0.809751 0.00052126 0.58703 158.914
0.583952 0.00417872 0.81196 178.075 -0.00152508 1.00007 -0.00405489 -8.5714 -0.811956 0.00111804 0.583989 159.319
0.580776 0.00615359 0.814219 178.644 -0.00117347 1.00006 -0.00672473 -8.56787 -0.814216 0.00293641 0.580815 159.707
0.578966 0.00747208 0.8155 179.271 -0.00169942 1.00005 -0.00796135 -8.58666 -0.81552 0.00321189 0.578994 160.081
0.573895 0.0102301 0.819043 179.842 -0.00076175 1.00001 -0.0119605 -8.58596 -0.819082 0.0062264 0.573907 160.485
0.568716 0.0123496 0.822622 180.415 0.00101265 0.999958 -0.0157168 -8.58688 -0.822702 0.00975963 0.568669 160.862
0.562772 0.0150908 0.826652 180.997 -0.00104918 0.999929 -0.0175436 -8.59163 -0.826765 0.00899197 0.562747 161.265
0.557238 0.0173053 0.830354 181.618 -0.00572789 0.999922 -0.0170003 -8.60115 -0.830503 0.0047059 0.557283 161.676
0.55184 0.0204555 0.833876 182.209 -0.00915487 0.999871 -0.0184728 -8.58049 -0.834052 0.00254707 0.551957 162.063
0.545974 0.0213217 0.837712 182.791 -0.00969265 0.999854 -0.0191365 -8.58983 -0.837917 0.00231775 0.546091 162.452
0.539839 0.0233216 0.841621 183.369 -0.0102108 0.999808 -0.0211594 -8.60279 -0.841858 0.00281626 0.539975 162.823
0.533853 0.0291808 0.845254 183.988 -0.0140376 0.999657 -0.0256503 -8.60992 -0.845631 0.00181799 0.534071 163.191
0.527233 0.033543 0.849235 184.63 -0.0167525 0.999521 -0.0290825 -8.61058 -0.849706 0.00109435 0.527546 163.583
0.521745 0.0380493 0.852432 185.251 -0.0192208 0.999361 -0.0328482 -8.61483 -0.853054 0.000744189 0.522136 163.945
0.515399 0.0398912 0.856197 185.912 -0.020072 0.999288 -0.0344795 -8.64417 -0.856867 0.000573395 0.515838 164.329
0.50895 0.0411388 0.85999 186.572 -0.0214248 0.999237 -0.0351255 -8.67558 -0.860698 -0.000557391 0.509438 164.711
0.50124 0.040559 0.864533 187.215 -0.0177249 0.999258 -0.0366075 -8.69855 -0.865279 0.00301367 0.501593 165.098
0.494273 0.0407195 0.868527 187.916 -0.0171245 0.999247 -0.0371077 -8.70533 -0.869306 0.00345844 0.494595 165.486
0.486012 0.037066 0.87334 188.603 -0.0156846 0.999395 -0.033692 -8.73583 -0.873964 0.00266484 0.486306 165.886
0.478847 0.0353776 0.877359 189.322 -0.0178174 0.999457 -0.0305814 -8.7541 -0.877886 -0.000998006 0.479215 166.278
0.472768 0.031895 0.880782 190.054 -0.0178156 0.999572 -0.0266384 -8.76594 -0.88116 -0.00310959 0.473141 166.664
0.46575 0.0275158 0.884661 190.753 -0.0139232 0.999705 -0.0237686 -8.77915 -0.884974 -0.00125699 0.465994 167.052
0.459926 0.0211398 0.887879 191.486 -0.0147348 0.999848 -0.0161774 -8.79789 -0.887989 -0.00565424 0.460175 167.441
0.452291 0.0146741 0.891921 192.225 -0.013087 0.999949 -0.00982026 -8.80773 -0.891942 -0.00724044 0.45246 167.846
0.446293 0.0147703 0.894939 192.997 -0.00932766 0.999976 -0.0118574 -8.79605 -0.894994 -0.00306788 0.44643 168.243
0.440749 0.022584 0.897518 193.728 -0.00528105 0.999818 -0.0225702 -8.77525 -0.897785 0.00519801 0.440789 168.563
0.433295 0.0336387 0.900798 194.516 -0.00157282 0.999421 -0.0365703 -8.77114 -0.901407 0.0144164 0.433107 168.991
0.424538 0.0413715 0.904636 195.341 0.00401088 0.998948 -0.0475721 -8.76388 -0.905572 0.023814 0.423928 169.425
0.418331 0.0374313 0.907695 196.12 0.0100704 0.998993 -0.0458425 -8.77293 -0.908395 0.0283051 0.417544 169.82
0.412237 0.0305395 0.91073 196.975 0.0150118 0.999161 -0.0403044 -8.79221 -0.911132 0.0302747 0.411431 170.21
0.406685 0.0236436 0.913434 197.813 0.0187785 0.999331 -0.034233 -8.82712 -0.913531 0.0310612 0.405982 170.606
0.401355 0.0281759 0.915655 198.614 0.0171168 0.999209 -0.0382543 -8.86807 -0.915942 0.0310147 0.400555 170.976
0.393579 0.0381166 0.91867 199.561 0.00699027 0.999081 -0.0444527 -8.93315 -0.91942 0.0239045 0.392963 171.451
0.38878 0.0362544 0.920782 200.396 0.00606331 0.999191 -0.0419064 -8.99905 -0.921489 0.0218644 0.388247 171.819
0.382201 0.0312758 0.92372 201.2 0.00135321 0.999502 -0.0344062 -9.05362 -0.924234 0.0143874 0.381983 172.189
0.375318 0.0285985 0.926621 202.06 -0.00197158 0.999635 -0.0300579 -9.07916 -0.927074 0.00944382 0.375241 172.582
0.36865 0.0306308 0.929235 202.882 -0.00468776 0.999603 -0.0310951 -9.11259 -0.929714 0.00709505 0.368662 172.926
0.364192 0.0355334 0.930811 203.776 -0.00749997 0.999444 -0.0352232 -9.13078 -0.931473 0.00583691 0.36426 173.273
0.356047 0.0363125 0.933935 204.631 -0.00545293 0.999405 -0.0367835 -9.14563 -0.93461 0.00799184 0.35605 173.644
0.351746 0.0348386 0.935614 205.569 0.0010203 0.999383 -0.0376008 -9.15962 -0.936275 0.0141693 0.3515 173.99
0.353673 0.0329653 0.934959 206.588 0.00489298 0.999393 -0.0370924 -9.17379 -0.93552 0.0176803 0.353314 174.297
0.354681 0.0320964 0.934604 207.51 0.00628743 0.999397 -0.0367116 -9.20367 -0.935147 0.0188854 0.354272 174.574
0.353557 0.0307746 0.935078 208.483 0.00744103 0.999429 -0.0357105 -9.24023 -0.935548 0.0195707 0.353142 174.907
0.350531 0.0302675 0.93623 209.406 0.00622005 0.999472 -0.0346451 -9.25589 -0.936711 0.0179558 0.350165 175.275
0.35026 0.0286125 0.936386 210.417 0.00634163 0.999531 -0.0329186 -9.26763 -0.936796 0.0174555 0.349931 175.621
0.349099 0.0279578 0.936838 211.332 0.00302704 0.999607 -0.0309633 -9.30856 -0.937262 0.0136334 0.348885 175.959
0.350902 0.0304835 0.936085 212.28 0.000205282 0.999561 -0.032632 -9.33842 -0.936577 0.0116305 0.350757 176.277
0.349903 0.0340955 0.936337 213.195 -0.00218158 0.999459 -0.035583 -9.34277 -0.936968 0.0103967 0.349794 176.615
0.347654 0.0342408 0.93717 214.102 -0.00163971 0.999447 -0.0359125 -9.3678 -0.937787 0.0109367 0.347534 176.968
0.345674 0.0335037 0.937929 215.029 -0.00246563 0.999486 -0.034798 -9.39462 -0.938536 0.00970506 0.345585 177.316
0.344861 0.0280325 0.938408 215.942 -0.00141368 0.999663 -0.0293473 -9.4266 -0.93882 0.00878219 0.344801 177.654
0.340408 0.0267718 0.940075 216.773 -0.00221398 0.999711 -0.0276727 -9.45943 -0.940467 0.00732735 0.340375 178.035
0.34069 0.0279389 0.939929 217.696 -0.00476426 0.999696 -0.0279923 -9.48882 -0.940325 0.00504673 0.340735 178.335
0.33845 0.0355114 0.940498 218.673 -0.00515136 0.999441 -0.0358874 -9.4935 -0.941166 0.00729009 0.33845 178.717
0.338431 0.0379838 0.940394 219.57 -0.00456506 0.999339 -0.0387254 -9.51921 -0.94114 0.00880105 0.338397 179.013
0.336274 0.0400344 0.941098 220.503 -0.00729265 0.999278 -0.0399076 -9.55134 -0.941935 0.00654602 0.336328 179.353
0.334836 0.0360197 0.941757 221.421 -0.00880827 0.999444 -0.035098 -9.58762 -0.942396 0.00344517 0.334984 179.666
0.333794 0.0307701 0.942328 222.373 -0.00821473 0.999624 -0.0297351 -9.6084 -0.94281 0.00217378 0.333926 179.979
0.331016 0.0278965 0.943383 223.349 -0.00790201 0.999707 -0.0267933 -9.61812 -0.943755 0.00140259 0.331156 180.302
0.330407 0.0308353 0.943519 224.26 -0.0129225 0.999621 -0.0281476 -9.61459 -0.94395 -0.00290251 0.330684 180.584
0.326393 0.032575 0.944845 225.184 -0.0139786 0.999562 -0.0296365 -9.63099 -0.945295 -0.00354558 0.326722 180.905
0.322264 0.0328082 0.946264 226.096 -0.0138329 0.999555 -0.0299489 -9.65794 -0.94675 -0.00344811 0.32258 181.228
0.317847 0.0324184 0.947761 227.005 -0.0150082 0.999561 -0.0291609 -9.67945 -0.948188 -0.00496629 0.318211 181.546
0.314088 0.0314359 0.949058 227.923 -0.0150095 0.999592 -0.0281463 -9.70257 -0.949479 -0.00541378 0.314436 181.849
0.310654 0.0313611 0.950184 228.838 -0.016448 0.999585 -0.0276181 -9.72169 -0.950547 -0.00705984 0.311059 182.148
0.307637 0.0323486 0.951139 229.747 -0.0179211 0.999542 -0.0282023 -9.74522 -0.951539 -0.00837842 0.308081 182.435
0.304294 0.0340338 0.952148 230.652 -0.0212455 0.999457 -0.0289391 -9.75878 -0.952507 -0.0114334 0.304871 182.729
0.300384 0.0339765 0.953398 231.604 -0.0240565 0.99942 -0.0280409 -9.77651 -0.953719 -0.0145207 0.301032 183.039
0.297153 0.0356925 0.95434 232.504 -0.028821 0.999283 -0.0284033 -9.79603 -0.954559 -0.0190748 0.297988 183.326
0.296326 0.0409772 0.954392 233.406 -0.0332233 0.99902 -0.0325817 -9.81539 -0.954716 -0.0220604 0.297402 183.585
0.293872 0.0472516 0.954856 234.322 -0.0363272 0.998711 -0.0382453 -9.82611 -0.95532 -0.0234568 0.295229 183.872
0.291757 0.0505851 0.955339 235.231 -0.0387504 0.99851 -0.0410407 -9.83787 -0.955916 -0.025052 0.293287 184.146
0.288887 0.0487541 0.956302 236.138 -0.0409602 0.998521 -0.0385367 -9.86317 -0.956653 -0.028046 0.290477 184.43
0.28392 0.0464634 0.957906 237.043 -0.0414162 0.998591 -0.0361652 -9.88393 -0.958161 -0.0294108 0.28545 184.733
0.279738 0.044524 0.959224 237.947 -0.0422685 0.998631 -0.03403 -9.90029 -0.959312 -0.031034 0.281257 185.022
0.273524 0.0450049 0.960996 238.927 -0.0433714 0.998569 -0.0344239 -9.92578 -0.961095 -0.0322696 0.275092 185.298
0.267138 0.0449927 0.962787 239.796 -0.0437 0.998551 -0.0345425 -9.95092 -0.962832 -0.0328545 0.268738 185.601
0.263492 0.0475622 0.963675 240.725 -0.0442049 0.998436 -0.0371951 -9.97175 -0.963858 -0.032804 0.26519 185.85
0.261405 0.0518982 0.964013 241.7 -0.0451824 0.998221 -0.0414916 -9.9876 -0.964338 -0.0327185 0.263307 186.07
0.257374 0.0456967 0.965419 242.613 -0.0357466 0.998755 -0.0377487 -10.0182 -0.965862 -0.0248016 0.258695 186.289
0.253351 0.041257 0.966673 243.528 -0.0363583 0.998894 -0.0331068 -10.0407 -0.966857 -0.0267683 0.254593 186.523
0.248116 0.0423886 0.96799 244.421 -0.0360525 0.998859 -0.0345034 -10.0746 -0.968271 -0.0263442 0.249371 186.756
0.243759 0.0593574 0.968197 245.302 -0.0370389 0.998072 -0.0518672 -10.0533 -0.969294 -0.0232264 0.245511 186.963
0.238997 0.0710141 0.968609 246.186 -0.035915 0.997393 -0.0642668 -10.0928 -0.970569 -0.0194341 0.240935 187.168
0.233273 0.0751368 0.969685 247.065 -0.0371414 0.997077 -0.0683279 -10.1407 -0.971869 -0.0200847 0.235406 187.387
0.229847 0.0705272 0.970859 247.941 -0.0407896 0.997301 -0.0627956 -10.1914 -0.972588 -0.0251728 0.232114 187.559
0.223163 0.0658451 0.972739 248.844 -0.0423636 0.997535 -0.0578087 -10.2153 -0.974031 -0.0283159 0.225427 187.804
0.217856 0.0614772 0.974233 249.744 -0.0441612 0.997722 -0.0530883 -10.2637 -0.975199 -0.0314625 0.220086 188.022
0.212031 0.0610431 0.975538 250.658 -0.0480376 0.997598 -0.0519865 -10.3195 -0.976253 -0.0358474 0.21448 188.239
0.206633 0.059406 0.976804 251.525 -0.0512538 0.99755 -0.0498299 -10.3601 -0.977292 -0.0397722 0.209185 188.4
0.1992 0.055953 0.978544 252.426 -0.0554436 0.99752 -0.0457554 -10.3974 -0.978561 -0.0451466 0.201834 188.608
0.193393 0.0521372 0.979924 253.324 -0.0566991 0.997619 -0.0418933 -10.4483 -0.979701 -0.0474623 0.195904 188.782
0.186131 0.0535631 0.981247 254.232 -0.0529369 0.997717 -0.0444246 -10.4759 -0.98127 -0.0436824 0.188569 188.968
0.180843 0.0582561 0.981973 255.106 -0.049365 0.99763 -0.0500984 -10.4951 -0.982493 -0.0394187 0.183306 189.115
0.175379 0.0596529 0.982876 255.987 -0.0476935 0.99761 -0.0520416 -10.5402 -0.983519 -0.0377573 0.177833 189.263
0.17001 0.0588825 0.983873 256.876 -0.0478027 0.997638 -0.0514511 -10.5673 -0.984507 -0.0382876 0.17244 189.414
0.164183 0.0560872 0.985016 257.771 -0.0493695 0.997701 -0.0485853 -10.613 -0.985367 -0.0406605 0.166604 189.568
0.160384 0.0557882 0.985668 258.727 -0.0467039 0.997819 -0.0488815 -10.642 -0.986174 -0.0381978 0.162658 189.68
0.156891 0.0583996 0.986067 259.56 -0.0450754 0.997732 -0.0519236 -10.6714 -0.986764 -0.0363085 0.159197 189.804
0.156226 0.0619717 0.985968 260.697 -0.0447938 0.997555 -0.0556076 -10.7186 -0.98693 -0.035481 0.158639 189.912
0.151329 0.0629446 0.986657 261.541 -0.0439547 0.99751 -0.0569005 -10.7669 -0.987683 -0.0347652 0.153748 190.072
0.149203 0.060263 0.98716 262.424 -0.0384512 0.997848 -0.0551088 -10.821 -0.988284 -0.029739 0.151218 190.193
0.147237 0.0577346 0.987595 263.304 -0.0369614 0.998018 -0.0528385 -10.8606 -0.988588 -0.0287315 0.149109 190.324
0.144265 0.0558142 0.988155 264.174 -0.035517 0.998165 -0.0511992 -10.9067 -0.989127 -0.0277144 0.146002 190.472
0.141984 0.0531718 0.98862 265.031 -0.0333379 0.998346 -0.0489121 -10.9538 -0.989485 -0.0260224 0.143552 190.618
0.141126 0.0548612 0.988663 265.932 -0.0315689 0.998313 -0.0508955 -10.9923 -0.989713 -0.0240329 0.14264 190.744
0.139588 0.0561561 0.988798 266.812 -0.0297081 0.99828 -0.0525059 -11.0329 -0.989942 -0.0220549 0.141046 190.888
0.139972 0.0565412 0.988733 267.67 -0.026209 0.998338 -0.0533853 -11.083 -0.990035 -0.0184463 0.141241 191.012
0.142073 0.0571928 0.988385 268.542 -0.0243374 0.998331 -0.0542753 -11.1286 -0.989736 -0.016353 0.143257 191.118
0.142525 0.0575881 0.988309 269.388 -0.0235268 0.99833 -0.0547843 -11.1687 -0.989739 -0.0154488 0.143662 191.247
0.143651 0.0573371 0.988152 270.224 -0.0214595 0.998368 -0.0548159 -11.2123 -0.989576 -0.0133403 0.144677 191.382
0.144831 0.0560071 0.988067 271.056 -0.0210552 0.998455 -0.053515 -11.2557 -0.989461 -0.0130587 0.145806 191.517
0.146844 0.0538509 0.98788 271.888 -0.0196716 0.998582 -0.0515159 -11.2991 -0.989145 -0.0118779 0.147724 191.648
0.149708 0.0508448 0.98762 272.71 -0.0193508 0.998746 -0.0484899 -11.3369 -0.988768 -0.0118573 0.150523 191.78
0.152006 0.0482357 0.987391 273.521 -0.0201229 0.998856 -0.0457038 -11.3689 -0.988357 -0.0129316 0.152831 191.927
0.155352 0.0456402 0.987004 274.317 -0.020998 0.998968 -0.0428941 -11.4128 -0.987863 -0.0140668 0.156168 192.059
0.159414 0.0463084 0.986316 275.115 -0.0254825 0.998864 -0.0427848 -11.4487 -0.987066 -0.0183228 0.16044 192.194
0.16541 0.0476111 0.985276 275.885 -0.0276717 0.998773 -0.0436238 -11.4841 -0.986066 -0.0200533 0.166542 192.305
0.168371 0.0465127 0.984818 276.625 -0.0273947 0.998825 -0.0424968 -11.5225 -0.985527 -0.0198327 0.169474 192.455
0.171469 0.0444421 0.98439 277.376 -0.0279679 0.998906 -0.0402322 -11.5508 -0.985023 -0.0206375 0.172542 192.594
0.17556 0.0416928 0.983779 278.114 -0.0294725 0.998983 -0.0370837 -11.58 -0.984213 -0.0224935 0.176637 192.721
0.179729 0.0400715 0.983102 278.831 -0.0318427 0.99899 -0.0349041 -11.6104 -0.983433 -0.025036 0.180839 192.848
0.183969 0.0407559 0.982281 279.577 -0.0306472 0.998998 -0.0357156 -11.6359 -0.982639 -0.0235428 0.18506 192.988
0.189011 0.0429637 0.981237 280.2 -0.0284864 0.998969 -0.0382593 -11.6422 -0.981793 -0.0207255 0.190055 193.092
0.192314 0.0449024 0.9805 280.893 -0.0288402 0.998885 -0.0400937 -11.6684 -0.981095 -0.0205767 0.193419 193.23
0.195171 0.0476978 0.979812 281.558 -0.0301172 0.998744 -0.0426269 -11.7014 -0.980538 -0.0211945 0.196376 193.381
0.200418 0.0491498 0.978672 282.202 -0.0343057 0.998586 -0.0431305 -11.7206 -0.979295 -0.024939 0.201845 193.485
0.202285 0.0517182 0.978164 282.841 -0.0383322 0.998364 -0.0448659 -11.7222 -0.978808 -0.0284233 0.20395 193.656
0.204933 0.0508437 0.97765 283.439 -0.0394374 0.998373 -0.0436605 -11.7597 -0.978167 -0.0296173 0.206629 193.803
0.207616 0.0507544 0.977098 284.044 -0.0404488 0.998352 -0.0432706 -11.7848 -0.977606 -0.0305422 0.209339 193.941
0.211201 0.0515003 0.976281 284.65 -0.0416333 0.998284 -0.0436603 -11.8159 -0.976742 -0.0314332 0.213006 194.07
0.213824 0.0547116 0.975544 285.229 -0.0444286 0.99805 -0.0462427 -11.8443 -0.976095 -0.0334572 0.215849 194.213
0.21652 0.0538085 0.974992 285.809 -0.0458303 0.998046 -0.0449091 -11.8782 -0.97539 -0.0349687 0.218586 194.344
0.219373 0.054216 0.97434 286.361 -0.0470775 0.997988 -0.0449395 -11.9009 -0.974739 -0.0360132 0.221495 194.477
0.222267 0.0534983 0.973718 286.902 -0.0490345 0.997952 -0.0436426 -11.9314 -0.973941 -0.0380534 0.224457 194.606
0.223963 0.0549003 0.973259 287.435 -0.0486702 0.997906 -0.0450981 -11.9434 -0.973618 -0.0372702 0.226176 194.746
0.226603 0.0559235 0.972582 287.961 -0.0496251 0.997826 -0.0458183 -11.967 -0.972911 -0.0378899 0.228908 194.88
0.229065 0.0574133 0.971925 288.483 -0.0496292 0.997757 -0.04725 -11.9853 -0.972383 -0.0374142 0.23141 195.01
0.231656 0.0581031 0.971264 288.998 -0.0484175 0.997776 -0.0481467 -12.0125 -0.971782 -0.0358807 0.233976 195.137
0.236383 0.0592112 0.970064 289.437 -0.0493273 0.997694 -0.0488854 -12.0443 -0.970645 -0.0362962 0.238767 195.231
0.238375 0.0603786 0.969501 289.914 -0.0499398 0.997617 -0.0498566 -12.0616 -0.970079 -0.0365398 0.240844 195.348
0.240035 0.0622331 0.968978 290.438 -0.0502495 0.99751 -0.0516256 -12.0799 -0.969701 -0.0362999 0.242572 195.487
0.243692 0.0635268 0.967978 290.889 -0.0511746 0.997415 -0.0525814 -12.1003 -0.968693 -0.0367295 0.246334 195.554
0.244173 0.0648302 0.967774 291.4 -0.0501733 0.997379 -0.0541623 -12.1166 -0.968671 -0.0353325 0.246794 195.688
0.245653 0.0655903 0.967345 291.896 -0.0500748 0.997344 -0.0549144 -12.1364 -0.968255 -0.0349571 0.248306 195.776
0.245287 0.0654568 0.967451 292.4 -0.0514142 0.997301 -0.0544488 -12.1537 -0.968325 -0.0363861 0.247998 195.908
0.244809 0.0649986 0.9676 292.921 -0.0520558 0.997303 -0.05383 -12.1663 -0.968366 -0.0371977 0.247553 196.031
0.243478 0.0658457 0.967881 293.411 -0.050181 0.997321 -0.0552328 -12.1794 -0.968846 -0.0351225 0.246138 196.16
0.242337 0.0687574 0.967965 293.934 -0.0476057 0.997238 -0.0589251 -12.2014 -0.969216 -0.0318076 0.244962 196.278
0.240537 0.0721252 0.968169 294.477 -0.042349 0.997173 -0.0637724 -12.2286 -0.969955 -0.0256635 0.24292 196.408
0.238912 0.0765495 0.968231 295.025 -0.0399451 0.99693 -0.0689689 -12.2532 -0.970412 -0.0222058 0.241258 196.529
0.237255 0.0796293 0.968394 295.574 -0.041141 0.996674 -0.0718835 -12.2814 -0.970817 -0.0227878 0.239751 196.655
0.234207 0.0806372 0.969049 296.156 -0.0419187 0.996577 -0.0728036 -12.2973 -0.971476 -0.023577 0.236808 196.815
0.236007 0.0763521 0.968964 296.712 -0.0369713 0.997002 -0.0695647 -12.3488 -0.971289 -0.0194086 0.238131 196.905
0.233276 0.0696369 0.970125 297.274 -0.0273576 0.99762 -0.0650392 -12.3936 -0.97222 -0.0113761 0.234648 197.054
0.23184 0.0689848 0.970521 297.894 -0.0263869 0.997671 -0.0646195 -12.4216 -0.972638 -0.0106312 0.233129 197.178
0.229959 0.0731721 0.970657 298.497 -0.0314783 0.997319 -0.0677314 -12.4496 -0.972887 -0.014987 0.231668 197.314
0.229189 0.0759715 0.970629 299.114 -0.0349101 0.99706 -0.0698054 -12.4763 -0.972998 -0.0178888 0.231176 197.448
0.227203 0.0748168 0.971182 299.734 -0.0311448 0.997205 -0.0695426 -12.4974 -0.973544 -0.0144544 0.22892 197.593
0.226173 0.072727 0.971585 300.347 -0.0260079 0.997415 -0.0686141 -12.5265 -0.973985 -0.00975403 0.227488 197.735
0.223544 0.0728593 0.972179 300.987 -0.0244797 0.997419 -0.0691294 -12.5601 -0.974583 -0.0083532 0.224773 197.895
0.219941 0.0760158 0.972763 301.626 -0.0302003 0.997124 -0.0710992 -12.5745 -0.975291 -0.013743 0.221613 198.069
0.217662 0.0788975 0.973043 302.296 -0.0323321 0.996875 -0.073605 -12.6069 -0.975687 -0.0154466 0.219556 198.226
0.215603 0.0819648 0.973252 302.972 -0.0336748 0.996614 -0.0764805 -12.6466 -0.976145 -0.016287 0.217643 198.388
0.211612 0.0841696 0.973935 303.746 -0.0331783 0.996441 -0.0789133 -12.6885 -0.976989 -0.0156215 0.213674 198.611
0.21024 0.082556 0.974375 304.425 -0.0359939 0.996518 -0.076674 -12.7455 -0.977231 -0.0189533 0.21249 198.759
0.208652 0.0837473 0.974611 305.16 -0.0398509 0.996338 -0.0770904 -12.7775 -0.977376 -0.0227605 0.211249 198.921
0.208275 0.0848766 0.974598 305.863 -0.0403106 0.996239 -0.078155 -12.8266 -0.977484 -0.0230102 0.210924 199.043
0.206333 0.0901793 0.974531 306.601 -0.0362507 0.995875 -0.0844873 -12.8679 -0.97801 -0.0179013 0.208775 199.211
0.203954 0.0966236 0.974419 307.351 -0.0351829 0.995313 -0.0913393 -12.9119 -0.978593 -0.0156555 0.206409 199.382
0.202853 0.100514 0.974252 308.119 -0.0353482 0.994932 -0.0952955 -12.9664 -0.978772 -0.0151132 0.205402 199.547
0.202415 0.0975877 0.974644 308.863 -0.0316201 0.995273 -0.0930936 -13.028 -0.979037 -0.0119769 0.204554 199.693
0.202058 0.0902756 0.975419 309.653 -0.0262921 0.995995 -0.0867418 -13.104 -0.979223 -0.00812592 0.203646 199.838
0.200829 0.0864245 0.976028 310.419 -0.0226674 0.996364 -0.0835686 -13.1742 -0.979614 -0.00534427 0.202068 199.988
0.197163 0.0868948 0.97673 311.19 -0.0204134 0.996323 -0.0845262 -13.2312 -0.980363 -0.00328026 0.198237 200.187
0.195046 0.0890063 0.97697 311.974 -0.0193704 0.996151 -0.0868939 -13.2849 -0.980854 -0.0019794 0.19603 200.37
0.196898 0.0898188 0.976519 312.805 -0.0180539 0.99607 -0.0879857 -13.35 -0.980464 -0.000313238 0.19777 200.495
0.196979 0.088719 0.976609 313.589 -0.0180051 0.996179 -0.0868726 -13.4164 -0.980494 -0.000475671 0.197835 200.642
0.196882 0.0870544 0.976773 314.386 -0.017415 0.996314 -0.085295 -13.4752 -0.980479 -0.000224874 0.197698 200.816
0.197161 0.0863923 0.976783 315.204 -0.016035 0.996382 -0.084897 -13.5218 -0.980492 0.00107168 0.197844 200.992
0.198435 0.0860788 0.976544 316.043 -0.0157454 0.996398 -0.0846385 -13.5791 -0.980194 0.00141151 0.1991 201.167
0.200359 0.0838615 0.976354 316.855 -0.0151153 0.996598 -0.0825064 -13.6398 -0.97986 0.00176871 0.200956 201.326
0.201315 0.0823271 0.976278 317.779 -0.0118799 0.996705 -0.081609 -13.699 -0.979661 0.00482295 0.201654 201.534
0.205213 0.0803035 0.975646 318.626 -0.0100984 0.996873 -0.0799345 -13.7702 -0.978922 0.0065461 0.205392 201.678
0.204696 0.079441 0.975813 319.509 -0.00968032 0.996927 -0.0791383 -13.836 -0.978984 0.00674465 0.20486 201.912
0.206963 0.079366 0.975353 320.356 -0.00881614 0.996938 -0.0792598 -13.8998 -0.978567 0.00779972 0.207038 202.115
0.212717 0.0783543 0.974184 321.219 -0.00607958 0.996978 -0.0788691 -13.9519 -0.977301 0.0108454 0.212574 202.247
0.214256 0.0771013 0.973959 322.081 -0.00477772 0.997073 -0.0778881 -14.0089 -0.977024 0.0120287 0.214006 202.452
0.215701 0.076892 0.973645 323.012 -0.00281325 0.997052 -0.0781263 -14.0532 -0.976662 0.0141038 0.215305 202.698
0.220455 0.0772882 0.972559 323.886 -0.00170421 0.997007 -0.0788527 -14.1179 -0.975654 0.0157195 0.219934 202.861
0.223796 0.0780918 0.971722 324.784 -0.000399576 0.996907 -0.0800327 -14.1725 -0.974843 0.0175135 0.223158 203.061
0.227953 0.0796346 0.970639 325.701 -0.00067779 0.996784 -0.0816283 -14.2303 -0.973932 0.0179429 0.22728 203.26
0.23068 0.0813902 0.969842 326.599 -0.00298125 0.996666 -0.0829415 -14.2931 -0.973234 0.0162323 0.230175 203.479
0.232364 0.0837879 0.969243 327.491 -0.00449333 0.996487 -0.0850737 -14.344 -0.972879 0.0154066 0.231929 203.709
0.234365 0.0847615 0.96867 328.439 -0.00685872 0.996427 -0.0855403 -14.4125 -0.972333 0.0133948 0.234131 203.946
0.236074 0.0835556 0.968368 329.367 -0.00703232 0.996537 -0.0842804 -14.4845 -0.971972 0.0130803 0.23585 204.175
0.237136 0.0814297 0.968282 330.306 -0.0072779 0.996718 -0.0820481 -14.5478 -0.971658 0.0124005 0.236972 204.417
0.238819 0.0786372 0.968109 331.246 -0.00749379 0.996956 -0.0791406 -14.6198 -0.971298 0.011639 0.238686 204.639
0.240543 0.078239 0.967706 332.172 -0.00585794 0.996962 -0.0791578 -14.6848 -0.970832 0.0133628 0.240291 204.861
0.242037 0.0806506 0.967146 333.105 -0.00364494 0.99673 -0.0822143 -14.7482 -0.970526 0.0163664 0.241543 205.08
0.242452 0.0808659 0.967015 334.025 -0.00472396 0.996724 -0.0821757 -14.8023 -0.970363 0.0153459 0.24206 205.317
0.240459 0.0796308 0.967625 334.928 -0.00713599 0.996871 -0.0802729 -14.8739 -0.970897 0.0123904 0.240279 205.588
0.23891 0.0788945 0.968059 335.838 -0.00969651 0.996954 -0.0788661 -14.9376 -0.971204 0.00944571 0.238968 205.847
0.240101 0.0805771 0.967638 336.781 -0.0113992 0.996836 -0.0801893 -15.0023 -0.970945 0.00821681 0.240265 206.074
0.240739 0.0814684 0.967393 337.72 -0.0120284 0.996761 -0.0809581 -15.0695 -0.970726 0.00784442 0.24096 206.297
0.24188 0.0820714 0.967069 338.628 -0.0118946 0.996714 -0.0816216 -15.1378 -0.970498 0.00823335 0.242067 206.51
0.244329 0.0826577 0.966392 339.512 -0.0124108 0.996661 -0.0821189 -15.2046 -0.969824 0.00806109 0.24456 206.706
0.244768 0.082612 0.966297 340.424 -0.0120058 0.996664 -0.0821771 -15.2854 -0.969773 0.00850647 0.244949 206.937
0.248067 0.0819534 0.9655 341.319 -0.0123985 0.996718 -0.0814278 -15.3638 -0.968876 0.00821932 0.24829 207.113
0.249412 0.0802169 0.965312 342.254 -0.0108341 0.996851 -0.0800488 -15.4327 -0.968604 0.0095002 0.249501 207.341
0.249089 0.0814659 0.965279 343.159 -0.0115239 0.996751 -0.0811583 -15.4991 -0.968626 0.00908208 0.249239 207.591
0.249521 0.0833647 0.96502 344.035 -0.0104326 0.996581 -0.0834042 -15.5694 -0.968582 0.0107364 0.249543 207.817
0.251124 0.0850088 0.964449 344.97 -0.00748219 0.996394 -0.0858867 -15.6287 -0.968141 0.0143421 0.250875 208.049
0.251943 0.0823525 0.964478 345.857 -0.00444371 0.996582 -0.0839433 -15.6826 -0.968003 0.0168553 0.251453 208.277
0.254778 0.078994 0.964001 346.772 -0.00256028 0.996827 -0.0810176 -15.7545 -0.967211 0.0181627 0.254191 208.502
0.258345 0.0790465 0.96306 347.649 0.00161956 0.996731 -0.0822547 -15.837 -0.966322 0.0228013 0.257376 208.714
0.263006 0.0833255 0.961425 348.569 0.00756026 0.996173 -0.0884158 -15.9079 -0.964981 0.0305113 0.261389 208.933
0.266693 0.0848665 0.960288 349.484 0.0107748 0.995913 -0.0910176 -15.9856 -0.963994 0.0346109 0.264691 209.169
0.269256 0.0836874 0.959662 350.366 0.0140701 0.995888 -0.0908048 -16.0658 -0.963182 0.0379405 0.26699 209.424
0.271434 0.083212 0.959104 351.226 0.0152574 0.99588 -0.090731 -16.1369 -0.96261 0.0392506 0.269048 209.684
0.273101 0.0862007 0.958354 352.129 0.015709 0.995564 -0.0940349 -16.2079 -0.962074 0.0407236 0.270554 209.96
0.275551 0.0851334 0.957761 353.001 0.0160199 0.995646 -0.0931207 -16.2931 -0.961425 0.0409919 0.272989 210.225
0.27967 0.0819231 0.956836 353.91 0.0154056 0.995962 -0.0897869 -16.3693 -0.960191 0.0398388 0.277297 210.481
0.285819 0.078413 0.955322 354.803 0.0134216 0.996341 -0.0858062 -16.4396 -0.958463 0.0373364 0.283721 210.712
0.290092 0.0772593 0.954118 355.699 0.0118123 0.996492 -0.084293 -16.5122 -0.957144 0.0357107 0.288179 210.994
0.296049 0.0767857 0.952335 356.577 0.00993029 0.996582 -0.0834511 -16.5794 -0.955397 0.0341522 0.294272 211.244
0.301811 0.0764255 0.950544 357.456 0.00904299 0.996628 -0.0830132 -16.6381 -0.953544 0.033638 0.300118 211.508
0.301555 0.0769371 0.950594 358.293 0.00708708 0.996651 -0.0829239 -16.7164 -0.953699 0.0317331 0.299998 211.858
0.309626 0.077656 0.947932 359.157 0.00336746 0.996687 -0.0827616 -16.8134 -0.951073 0.0288053 0.308356 212.094
0.316947 0.079465 0.945349 360.038 0.00148431 0.996563 -0.084276 -16.8676 -0.948701 0.0281058 0.315736 212.413
0.325235 0.0807526 0.942431 360.91 -0.00109304 0.996502 -0.08502 -16.9404 -0.945854 0.0266097 0.324202 212.732
0.334222 0.0812962 0.939224 361.797 -0.00213076 0.996458 -0.0855004 -17.0051 -0.942753 0.0265666 0.333205 213.064
0.342665 0.0813437 0.936182 362.667 -0.0024288 0.996441 -0.085702 -17.0649 -0.939677 0.0270816 0.341657 213.41
0.351351 0.0815033 0.932937 363.546 -0.00384186 0.996444 -0.0856136 -17.1339 -0.9365 0.0264881 0.350405 213.753
0.359518 0.0818786 0.929794 364.382 -0.00553444 0.996436 -0.0856187 -17.2021 -0.933345 0.025624 0.358702 214.083
0.364881 0.0833884 0.927562 365.319 -0.00697647 0.996322 -0.0868347 -17.2391 -0.931293 0.0252057 0.364109 214.509
0.371864 0.0834999 0.924786 366.219 -0.00943216 0.996359 -0.086182 -17.3181 -0.928467 0.0233138 0.371309 214.857
0.378824 0.0831299 0.921979 367.062 -0.0110495 0.996417 -0.0853108 -17.3996 -0.925667 0.0221233 0.378371 215.185
0.384786 0.0838259 0.919455 367.926 -0.0114148 0.996348 -0.0860716 -17.4735 -0.923164 0.0226125 0.384348 215.536
0.389578 0.0840168 0.917406 368.77 -0.0120914 0.996336 -0.0861199 -17.5357 -0.921179 0.0224507 0.389151 215.901
0.39503 0.0844557 0.915041 369.641 -0.0136299 0.99632 -0.0860853 -17.6058 -0.918794 0.0215234 0.394736 216.261
0.399261 0.0847095 0.91317 370.486 -0.013659 0.996286 -0.0864571 -17.6682 -0.917001 0.0220389 0.398918 216.637
0.404043 0.0848008 0.911067 371.365 -0.013613 0.996267 -0.0867063 -17.7444 -0.914867 0.0226196 0.403697 217.02
0.408263 0.0849334 0.909161 372.229 -0.0143168 0.996259 -0.0866506 -17.8101 -0.913021 0.0223528 0.407932 217.408
0.412376 0.0838936 0.907411 373.067 -0.014638 0.996358 -0.0854772 -17.8777 -0.911125 0.0219548 0.412109 217.804
0.416297 0.082726 0.905716 373.895 -0.0156466 0.99648 -0.0838344 -17.947 -0.909366 0.0207216 0.416104 218.206
0.420139 0.0807175 0.904131 374.756 -0.0149506 0.996644 -0.0820413 -18.0137 -0.907567 0.0209402 0.419941 218.622
0.423581 0.0789676 0.902671 375.609 -0.015241 0.996796 -0.0800605 -18.0795 -0.906004 0.0201473 0.423405 219.048
0.426176 0.0778699 0.901552 376.491 -0.0165458 0.996919 -0.0782977 -18.1426 -0.90472 0.0184406 0.426156 219.487
0.431491 0.0783036 0.898977 377.333 -0.0167371 0.996873 -0.078808 -18.2068 -0.902236 0.0189515 0.431428 219.873
0.436704 0.0816305 0.896165 378.157 -0.018901 0.996613 -0.081582 -18.2787 -0.899638 0.0186777 0.436772 220.266
0.441896 0.0848219 0.893314 379.033 -0.0220595 0.99637 -0.0837062 -18.3563 -0.897071 0.0172766 0.442137 220.669
0.445735 0.0868008 0.891218 379.995 -0.0226291 0.996186 -0.0857192 -18.3978 -0.895109 0.0180297 0.446003 221.118
0.449595 0.0844197 0.889507 380.814 -0.0240287 0.996432 -0.0824343 -18.4504 -0.893189 0.0156816 0.449991 221.53
0.450055 0.0846495 0.889252 381.618 -0.0299002 0.996493 -0.0797374 -18.4966 -0.892732 0.00928714 0.45101 221.964
0.451859 0.0871329 0.888097 382.457 -0.034956 0.99631 -0.0799765 -18.5608 -0.891685 0.00508848 0.453207 222.399
0.453545 0.0914621 0.886803 383.331 -0.0376513 0.995925 -0.0834725 -18.644 -0.890671 0.00445969 0.455142 222.842
0.455558 0.0954748 0.885348 384.123 -0.0387752 0.995545 -0.0874184 -18.7173 -0.88964 0.00548964 0.457201 223.24
0.457343 0.0960106 0.884369 384.96 -0.0412006 0.995502 -0.0867814 -18.7997 -0.888569 0.00324307 0.459243 223.649
0.459228 0.0913462 0.883887 385.773 -0.0442573 0.995946 -0.0799453 -18.8982 -0.887496 -0.0024095 0.461377 224.052
0.460541 0.0877666 0.883566 386.56 -0.0477189 0.996235 -0.0740979 -18.977 -0.886588 -0.0080462 0.462996 224.46
0.460201 0.0862335 0.883895 387.338 -0.0493232 0.99635 -0.0715365 -19.0415 -0.886724 -0.0106786 0.462742 224.893
0.458979 0.0856945 0.884581 388.063 -0.0491205 0.99639 -0.0710511 -19.1063 -0.887321 -0.0108484 0.461531 225.317
0.459198 0.0867203 0.884367 388.841 -0.0493362 0.996309 -0.0720917 -19.1636 -0.887239 -0.0105303 0.46175 225.721
0.459134 0.0874923 0.884325 389.621 -0.0503712 0.996229 -0.0724233 -19.2252 -0.887171 -0.0113007 0.461809 226.13
0.459448 0.0827681 0.884618 390.349 -0.0444458 0.996676 -0.0701804 -19.2783 -0.88737 -0.00707779 0.461567 226.522
0.460288 0.0801639 0.88442 391.163 -0.0428155 0.996888 -0.0680869 -19.3382 -0.88697 -0.00653676 0.462286 226.897
0.46048 0.0818309 0.884169 391.901 -0.0434206 0.996758 -0.0696493 -19.4111 -0.886886 -0.00632342 0.462508 227.288
0.460451 0.0857956 0.883807 392.664 -0.0424774 0.996435 -0.0746111 -19.4639 -0.886902 -0.00319666 0.462453 227.687
0.461269 0.0884992 0.883116 393.421 -0.0417892 0.996209 -0.0780168 -19.5361 -0.886555 -0.000922857 0.463186 228.075
0.462997 0.0871753 0.882342 394.206 -0.0425694 0.996318 -0.0761107 -19.6049 -0.885571 -0.00233135 0.465002 228.4
0.464343 0.0839126 0.881953 394.963 -0.0455953 0.99658 -0.0708252 -19.6699 -0.884762 -0.00733007 0.466547 228.716
0.466321 0.0837672 0.88092 395.701 -0.046323 0.996583 -0.0702559 -19.7291 -0.883636 -0.00805426 0.468605 229.098
0.467107 0.0849325 0.880396 396.503 -0.0467642 0.996489 -0.0713331 -19.7895 -0.883244 -0.00785509 0.469405 229.514
0.469195 0.0867342 0.879108 397.28 -0.0450696 0.996352 -0.0742593 -19.8528 -0.882178 -0.00478852 0.471388 229.915
0.470426 0.0872516 0.878399 398.063 -0.0446765 0.996311 -0.0750497 -19.9137 -0.881585 -0.00394332 0.472556 230.336
0.471117 0.0858652 0.878165 398.853 -0.0450443 0.996425 -0.0732752 -19.9726 -0.881156 -0.00504484 0.473296 230.77
0.471686 0.0833597 0.878103 399.675 -0.0448809 0.996634 -0.070516 -20.0267 -0.880903 -0.00615347 0.473804 231.215
0.473237 0.0822179 0.877375 400.475 -0.0429206 0.996737 -0.0702649 -20.0902 -0.880125 -0.00441588 0.475216 231.643
0.475112 0.0811381 0.876464 401.273 -0.0388387 0.996837 -0.0712402 -20.1526 -0.87935 -0.000199885 0.476724 232.076
0.475833 0.0796603 0.876206 402.096 -0.0353468 0.996951 -0.0714541 -20.2157 -0.879063 0.0030177 0.477191 232.531
0.477423 0.0772414 0.875559 402.9 -0.0331103 0.997137 -0.0699245 -20.2762 -0.878333 0.00438629 0.478575 232.984
0.479526 0.0744237 0.874655 403.739 -0.0277108 0.997319 -0.0696809 -20.3467 -0.877331 0.00916382 0.480293 233.431
0.480391 0.0717689 0.874401 404.522 -0.0235462 0.997477 -0.0689463 -20.4054 -0.877021 0.0125235 0.48083 233.89
0.480992 0.0699221 0.874223 405.351 -0.0261239 0.99765 -0.0654328 -20.4569 -0.876577 0.00862131 0.481678 234.353
0.481148 0.0648527 0.874527 406.131 -0.0285344 0.998025 -0.0583239 -20.5213 -0.87646 0.00309983 0.482007 234.816
0.48266 0.0598426 0.874052 406.95 -0.0277766 0.998342 -0.0530254 -20.585 -0.875608 0.00130177 0.483511 235.266
0.484493 0.0608297 0.872968 407.788 -0.0280567 0.998283 -0.0540022 -20.6375 -0.87463 0.00166199 0.485325 235.7
0.485728 0.0625951 0.872158 408.566 -0.0281016 0.998171 -0.0560003 -20.6887 -0.8739 0.00267806 0.486586 236.143
0.487725 0.0636012 0.87097 409.394 -0.0276858 0.998104 -0.0573932 -20.7424 -0.872844 0.00386896 0.488518 236.587
0.489027 0.0615361 0.870389 410.246 -0.0264633 0.998232 -0.055718 -20.7931 -0.87211 0.00420013 0.489778 237.041
0.49008 0.0586267 0.869997 411.008 -0.0259819 0.998411 -0.0526561 -20.8458 -0.871577 0.00319138 0.49078 237.478
0.490679 0.0576362 0.869731 411.777 -0.0272247 0.998472 -0.0508206 -20.8893 -0.871159 0.00124403 0.491487 237.927
0.492299 0.057945 0.86879 412.575 -0.0285073 0.998456 -0.0504517 -20.9441 -0.87025 6.036e-05 0.493143 238.353
0.492286 0.0574891 0.868834 413.32 -0.0289116 0.998482 -0.0496984 -20.9931 -0.8702 -0.000668239 0.493187 238.797
0.491827 0.0556899 0.869206 414.085 -0.0284265 0.998585 -0.0479065 -21.0338 -0.870518 -0.00115705 0.492667 239.234
0.491508 0.0529574 0.869563 414.84 -0.0283096 0.99873 -0.0448342 -21.0715 -0.870659 -0.00259531 0.49237 239.668
0.491249 0.050782 0.869834 415.59 -0.0291226 0.998839 -0.041878 -21.1183 -0.870819 -0.00476939 0.49211 240.089
0.490178 0.050715 0.870448 416.305 -0.0297533 0.998837 -0.041452 -21.1495 -0.871362 -0.00559514 0.491101 240.504
0.489905 0.0513778 0.870558 416.993 -0.0278122 0.998817 -0.0433076 -21.1906 -0.871618 -0.0030069 0.490706 240.904
0.488298 0.0557027 0.871204 417.743 -0.0286029 0.998586 -0.0478278 -21.2241 -0.872456 -0.00158108 0.489186 241.328
0.487184 0.0616527 0.871418 418.456 -0.0315257 0.998238 -0.0530117 -21.2605 -0.873016 -0.00165694 0.488221 241.735
0.487725 0.0662146 0.870789 419.185 -0.0333605 0.997947 -0.0572105 -21.2958 -0.872609 -0.00116328 0.488914 242.108
0.486654 0.0674281 0.871288 419.89 -0.0336875 0.997867 -0.0584195 -21.3326 -0.87323 -0.000932673 0.487839 242.514
0.485289 0.0641748 0.872302 420.596 -0.0352518 0.998073 -0.0538273 -21.376 -0.873894 -0.00464455 0.486596 242.914
0.483465 0.0605138 0.873569 421.298 -0.0359113 0.998281 -0.0492901 -21.4121 -0.874913 -0.0075516 0.484759 243.32
0.484832 0.0580624 0.872985 421.983 -0.0348992 0.99843 -0.0470348 -21.4585 -0.874163 -0.00767847 0.486075 243.674
0.485015 0.058394 0.872854 422.701 -0.0328466 0.998424 -0.0485547 -21.4936 -0.874176 -0.00513169 0.48612 244.052
0.48462 0.0606384 0.872925 423.394 -0.033768 0.998293 -0.0506112 -21.5232 -0.874325 -0.00496619 0.485818 244.44
0.483877 0.0620015 0.873237 424.069 -0.0338366 0.99821 -0.0521371 -21.5536 -0.874769 -0.00433066 0.485061 244.826
0.483185 0.0637557 0.873498 424.754 -0.0343623 0.998103 -0.0538535 -21.5738 -0.875096 -0.0040107 0.484437 245.208
0.483695 0.0641316 0.873184 425.436 -0.0340613 0.998079 -0.0544483 -21.6158 -0.874863 -0.0034167 0.484901 245.581
0.48436 0.0647091 0.872779 426.138 -0.0327226 0.998049 -0.0558483 -21.657 -0.87451 -0.00152573 0.48551 245.954
0.485084 0.0668755 0.872208 426.82 -0.0346314 0.997902 -0.0572644 -21.6925 -0.874071 -0.00243903 0.486332 246.329
0.483991 0.0660615 0.872883 427.495 -0.0341263 0.997957 -0.056617 -21.7372 -0.87466 -0.00240256 0.485235 246.727
0.4852 0.0653527 0.87226 428.187 -0.0344591 0.998001 -0.0556177 -21.772 -0.874014 -0.00308279 0.486432 247.099
0.485217 0.0646705 0.872307 428.873 -0.0337686 0.998048 -0.0552207 -21.7967 -0.873995 -0.00267902 0.486431 247.498
0.487327 0.0641808 0.871162 429.558 -0.0336049 0.998078 -0.054745 -21.8219 -0.872865 -0.00260779 0.488496 247.869
0.487892 0.0612718 0.87106 430.225 -0.032623 0.998261 -0.0519586 -21.8691 -0.872549 -0.00308298 0.48902 248.262
0.489117 0.0594846 0.870493 430.894 -0.0325376 0.998366 -0.0499529 -21.9135 -0.871905 -0.00390196 0.490201 248.648
0.48961 0.0603771 0.870161 431.547 -0.0337534 0.998309 -0.0502891 -21.949 -0.871544 -0.004765 0.490798 249.04
0.490271 0.0625368 0.869629 432.189 -0.0359613 0.998169 -0.051519 -21.9813 -0.871122 -0.00602525 0.49157 249.427
0.493251 0.0639737 0.867843 432.827 -0.0362327 0.998082 -0.0529931 -22.0105 -0.86939 -0.00532117 0.494599 249.771
0.495777 0.0640653 0.866393 433.465 -0.0368573 0.998073 -0.0527245 -22.043 -0.867965 -0.00580382 0.497129 250.129
0.498455 0.063952 0.864868 434.098 -0.0378167 0.998075 -0.0520191 -22.0726 -0.866351 -0.00679258 0.499889 250.473
0.501522 0.0633202 0.863136 434.719 -0.0375182 0.998116 -0.051436 -22.0982 -0.864633 -0.00659717 0.502897 250.804
0.503793 0.0630887 0.861835 435.323 -0.0379483 0.998128 -0.0508958 -22.1328 -0.863254 -0.00707899 0.505218 251.138
0.506581 0.0632144 0.860185 435.917 -0.0385055 0.998117 -0.0506878 -22.1644 -0.861637 -0.00745455 0.508003 251.462
0.506973 0.0639788 0.8599 436.502 -0.0392506 0.998065 -0.0511305 -22.1873 -0.861331 -0.00784437 0.508477 251.813
0.509377 0.063254 0.858532 437.09 -0.0378393 0.99812 -0.051102 -22.223 -0.86002 -0.00646629 0.510754 252.144
0.510171 0.062035 0.858148 437.647 -0.0360716 0.998206 -0.0507279 -22.2534 -0.859581 -0.00508996 0.511465 252.48
0.511627 0.0617756 0.857302 438.212 -0.0359286 0.998221 -0.0505027 -22.2934 -0.858767 -0.00497356 0.512877 252.808
0.513078 0.0644408 0.856236 438.778 -0.0396013 0.998037 -0.0513955 -22.3214 -0.857694 -0.00755295 0.514593 253.136
0.514312 0.0647697 0.855472 439.305 -0.0402004 0.998012 -0.0514076 -22.3518 -0.856969 -0.00796073 0.515835 253.456
0.515094 0.0663226 0.85488 439.818 -0.041945 0.997897 -0.0521583 -22.3642 -0.856374 -0.00900596 0.516764 253.768
0.516441 0.0649689 0.854174 440.33 -0.0420834 0.997981 -0.0504775 -22.4214 -0.855597 -0.00988761 0.518074 254.087
0.516531 0.0657864 0.854054 440.828 -0.0439705 0.997905 -0.0502873 -22.4411 -0.855407 -0.0115924 0.518313 254.4
0.519469 0.0704203 0.851903 441.319 -0.0496307 0.997545 -0.0522108 -22.4164 -0.853356 -0.0151673 0.521629 254.625
0.519903 0.0682364 0.851811 441.792 -0.0490794 0.997682 -0.0499796 -22.4592 -0.853082 -0.015835 0.522017 254.927
0.519646 0.0696286 0.851862 442.256 -0.0501443 0.997583 -0.050966 -22.4663 -0.853219 -0.0162403 0.521823 255.227
0.521331 0.0714501 0.850675 442.654 -0.0512908 0.997448 -0.0523583 -22.5104 -0.85208 -0.0163486 0.523637 255.429
0.52251 0.0745164 0.849695 443.121 -0.0526885 0.997236 -0.0550703 -22.5391 -0.851314 -0.0160028 0.524932 255.702
0.522181 0.0773026 0.849642 443.507 -0.054127 0.997017 -0.0574591 -22.5689 -0.851385 -0.015997 0.524778 255.967
0.523661 0.0785836 0.84862 443.954 -0.054248 0.996935 -0.0588581 -22.6032 -0.850508 -0.0152229 0.52626 256.234
0.524605 0.0808287 0.847819 444.338 -0.0552155 0.996755 -0.060876 -22.6238 -0.849823 -0.0148895 0.527337 256.442
0.525238 0.080189 0.847498 444.739 -0.054248 0.996823 -0.0607136 -22.6547 -0.849536 -0.0140948 0.527862 256.687
0.524217 0.0792874 0.848206 445.116 -0.0545996 0.996875 -0.0594542 -22.6753 -0.850103 -0.0151575 0.526879 256.945
0.522517 0.0795252 0.849241 445.423 -0.0567177 0.99682 -0.0584641 -22.6932 -0.851052 -0.0176268 0.525309 257.144
0.520585 0.0783615 0.850528 445.762 -0.0567849 0.99689 -0.0571041 -22.728 -0.85219 -0.0185817 0.523389 257.381
0.519314 0.0780403 0.851342 446.117 -0.0568438 0.996912 -0.0567265 -22.7474 -0.853005 -0.0189428 0.52209 257.606
0.516889 0.0786422 0.852754 446.441 -0.0559784 0.996883 -0.0580174 -22.7117 -0.85449 -0.0177595 0.519653 257.831
0.514934 0.0787079 0.853939 446.772 -0.0565989 0.996866 -0.0577688 -22.7309 -0.855672 -0.0185928 0.51772 258.062
0.514077 0.0775303 0.854555 447.113 -0.0558833 0.996955 -0.0568462 -22.7534 -0.856191 -0.0185444 0.516819 258.267
0.512903 0.0766264 0.85535 447.419 -0.0555009 0.997025 -0.0560549 -22.7761 -0.856963 -0.0187297 0.515578 258.468
0.511497 0.0759091 0.856247 447.667 -0.0550191 0.997077 -0.0555417 -22.7935 -0.857791 -0.0187129 0.514154 258.612
0.510775 0.0758834 0.856689 447.981 -0.0556679 0.997066 -0.0551446 -22.812 -0.858224 -0.0195313 0.513448 258.795
0.508654 0.0761674 0.857916 448.23 -0.0567942 0.997016 -0.0548581 -22.8279 -0.859364 -0.0208331 0.511437 258.992
0.507654 0.0765427 0.858484 448.505 -0.0590476 0.996936 -0.0539874 -22.8686 -0.859848 -0.0232914 0.510566 259.155
0.506223 0.0769495 0.859283 448.774 -0.0577229 0.99694 -0.0552851 -22.8565 -0.860736 -0.0216257 0.509091 259.34
0.504685 0.0777583 0.860124 449.033 -0.057023 0.996903 -0.0566824 -22.8629 -0.86173 -0.0204475 0.507505 259.495
0.503156 0.0774928 0.861034 449.234 -0.0567289 0.996924 -0.0565869 -22.8991 -0.862599 -0.0203856 0.505981 259.645
0.501958 0.0785753 0.861644 449.467 -0.055567 0.996878 -0.0585539 -22.8794 -0.863416 -0.0184949 0.504708 259.795
0.501607 0.0784284 0.861854 449.682 -0.056494 0.996865 -0.0578486 -22.8947 -0.863517 -0.0196844 0.504442 259.904
0.50223 0.0773615 0.861596 449.924 -0.0560151 0.99695 -0.0568807 -22.9064 -0.863229 -0.0197026 0.504982 260.059
0.501685 0.0776495 0.86188 450.114 -0.0577872 0.996886 -0.0561899 -22.9299 -0.863387 -0.021628 0.504586 260.219
0.501267 0.0775981 0.862136 450.314 -0.0595907 0.996843 -0.0550928 -22.9572 -0.863549 -0.0237658 0.504259 260.394
0.502434 0.0777182 0.861437 450.523 -0.0610231 0.996796 -0.0543523 -22.979 -0.862729 -0.0252706 0.505543 260.526
0.503452 0.0782062 0.860808 450.734 -0.061453 0.996755 -0.0546338 -22.983 -0.862148 -0.0254001 0.506574 260.7
0.505638 0.0791314 0.859431 450.951 -0.0616621 0.996693 -0.0555053 -22.9887 -0.860809 -0.0249402 0.50882 260.881
0.508201 0.0787505 0.857964 451.1 -0.0608174 0.996748 -0.0554829 -22.9838 -0.859403 -0.0239895 0.511286 261.072
0.512542 0.0789862 0.855345 451.321 -0.0622716 0.996697 -0.0547387 -23.0278 -0.856673 -0.0252193 0.515742 261.295
0.521522 0.0795156 0.849861 451.556 -0.0639024 0.996633 -0.0540524 -23.0534 -0.851159 -0.0261249 0.524793 261.42
0.529584 0.0808588 0.844723 451.778 -0.0648714 0.996533 -0.0547342 -23.0612 -0.846048 -0.0258234 0.532964 261.622
0.538565 0.0813235 0.838992 451.996 -0.0645572 0.996529 -0.0551719 -23.0688 -0.840429 -0.0244559 0.541888 261.823
0.549761 0.0817579 0.831644 452.212 -0.0663422 0.99647 -0.0541197 -23.0757 -0.832962 -0.0254316 0.553212 262.028
0.562173 0.0833876 0.823155 452.435 -0.0683738 0.996326 -0.0542536 -23.0873 -0.824517 -0.0257887 0.565746 262.262
0.575023 0.0858296 0.813963 452.641 -0.0724219 0.99606 -0.0538823 -23.0886 -0.81521 -0.027976 0.578937 262.518
0.588909 0.0881129 0.803741 452.82 -0.0735119 0.995901 -0.055336 -23.0905 -0.805185 -0.0265029 0.592904 262.769
0.604991 0.0897631 0.791505 453.06 -0.0739239 0.995808 -0.0564423 -23.1087 -0.793087 -0.0243752 0.609048 263.001
0.618035 0.0914224 0.781188 453.212 -0.0741889 0.995708 -0.0578539 -23.0966 -0.782988 -0.0222065 0.62209 263.282
0.631381 0.0958059 0.76989 453.347 -0.0807006 0.995213 -0.0576764 -23.1065 -0.771564 -0.0257257 0.636043 263.552
0.642023 0.0994468 0.760591 453.583 -0.0858245 0.994785 -0.057644 -23.144 -0.762222 -0.0282737 0.64713 263.844
0.645853 0.104928 0.756581 453.771 -0.0923898 0.994118 -0.0590157 -23.1597 -0.758158 -0.0317944 0.651698 264.065
0.64437 0.106424 0.757656 453.976 -0.0942997 0.993912 -0.0594326 -23.1801 -0.759233 -0.0331541 0.650404 264.292
0.639964 0.108111 0.761125 454.176 -0.0956059 0.993708 -0.0607726 -23.1803 -0.762739 -0.0338851 0.646224 264.469
0.633278 0.10854 0.766655 454.433 -0.095434 0.993656 -0.0618688 -23.2043 -0.76837 -0.0339885 0.639541 264.633
0.623486 0.107551 0.774759 454.678 -0.0915079 0.993869 -0.0643391 -23.218 -0.776761 -0.0307917 0.629459 264.754
0.612581 0.1063 0.783597 454.921 -0.0875954 0.994085 -0.0663962 -23.231 -0.785883 -0.0279714 0.618196 264.87
0.598731 0.103219 0.794622 455.184 -0.0815708 0.994508 -0.0677348 -23.2539 -0.797079 -0.0242739 0.60382 264.996
0.583651 0.102281 0.805896 455.454 -0.079549 0.994609 -0.0686394 -23.2878 -0.808433 -0.0240523 0.588575 265.1
0.567818 0.101587 0.817203 455.722 -0.0778425 0.994679 -0.0695746 -23.3151 -0.81975 -0.0241184 0.572668 265.215
0.551332 0.1014 0.828449 455.981 -0.0789636 0.994617 -0.0692071 -23.34 -0.830867 -0.0272662 0.556311 265.319
0.535701 0.100915 0.83869 456.259 -0.078805 0.994619 -0.069354 -23.3635 -0.841 -0.0289502 0.54074 265.435
0.520329 0.0999956 0.848431 456.513 -0.0742003 0.994804 -0.0717592 -23.3714 -0.851055 -0.0256206 0.524992 265.534
0.50572 0.0991399 0.85731 456.753 -0.069296 0.994979 -0.0741961 -23.3632 -0.860183 -0.0218969 0.510025 265.658
0.492111 0.0983012 0.865297 457.006 -0.0651463 0.995122 -0.0760172 -23.3747 -0.868405 -0.0189684 0.496067 265.781
0.480745 0.0984842 0.871636 457.252 -0.0643206 0.995102 -0.0769719 -23.3874 -0.874768 -0.019072 0.484703 265.896
0.471811 0.0974877 0.876622 457.511 -0.0638753 0.995181 -0.076311 -23.3932 -0.879693 -0.0199965 0.475721 266.024
0.463716 0.0941056 0.881293 457.738 -0.0621804 0.995494 -0.0735956 -23.4188 -0.884067 -0.0206832 0.467459 266.142
0.457975 0.0917296 0.884545 457.955 -0.0605611 0.995715 -0.0719196 -23.4476 -0.887208 -0.0206382 0.461527 266.269
0.455068 0.0920759 0.886002 458.174 -0.0609782 0.995672 -0.0721668 -23.4742 -0.888633 -0.0211976 0.458696 266.4
0.457985 0.0928331 0.884425 458.361 -0.0599842 0.995638 -0.0734616 -23.4654 -0.887243 -0.0194141 0.461514 266.506
0.463608 0.0925534 0.881514 458.568 -0.0556038 0.995754 -0.0753182 -23.4497 -0.884562 -0.0141098 0.466767 266.618
0.471171 0.0922311 0.877535 458.728 -0.0541453 0.995812 -0.0756075 -23.4281 -0.880689 -0.0118984 0.474148 266.734
0.480126 0.0920261 0.872683 458.886 -0.0570889 0.995798 -0.0736133 -23.4595 -0.87561 -0.0144893 0.483341 266.859
0.491977 0.094683 0.865778 459.061 -0.0624247 0.995491 -0.0734138 -23.4642 -0.868682 -0.0179348 0.49562 266.992
0.503684 0.0979587 0.858645 459.213 -0.067586 0.99512 -0.0738954 -23.4681 -0.861514 -0.0208238 0.507821 267.109
0.513988 0.0990487 0.852399 459.337 -0.0726857 0.994912 -0.0717985 -23.4825 -0.855032 -0.0250591 0.518519 267.242
0.524656 0.0989802 0.845874 459.447 -0.075742 0.994853 -0.0694471 -23.48 -0.848217 -0.0276425 0.529423 267.374
0.535494 0.097664 0.839219 459.548 -0.0763863 0.994966 -0.0670671 -23.4907 -0.841402 -0.0281958 0.5402 267.482
0.548755 0.095129 0.830892 459.652 -0.0666638 0.995467 -0.0699574 -23.4865 -0.833604 -0.0170124 0.552576 267.567
0.563213 0.0978831 0.820848 459.763 -0.0634484 0.995295 -0.0751707 -23.4768 -0.824204 -0.00975239 0.56671 267.642
0.574859 0.101642 0.812261 459.832 -0.0651209 0.994939 -0.0784271 -23.4579 -0.815947 -0.0078231 0.578531 267.749
0.587112 0.105081 0.80302 459.94 -0.0728728 0.994519 -0.0768813 -23.4566 -0.806558 -0.0133873 0.591483 267.836
0.59795 0.105983 0.794849 460.016 -0.0798952 0.994312 -0.0724882 -23.4674 -0.797838 -0.0201707 0.602974 267.929
0.608633 0.104055 0.786971 460.085 -0.0795472 0.994516 -0.0699982 -23.4804 -0.789801 -0.0200041 0.6135 268.025
0.618316 0.105854 0.77913 460.155 -0.0840153 0.99426 -0.068422 -23.4664 -0.78173 -0.0231624 0.623614 268.094
0.628609 0.105102 0.770967 460.226 -0.0823644 0.994396 -0.0684265 -23.4588 -0.773701 -0.0204927 0.633666 268.159
0.637775 0.104036 0.763532 460.297 -0.081486 0.994536 -0.0674603 -23.4596 -0.76621 -0.0192034 0.642719 268.245
0.646755 0.102821 0.756124 460.369 -0.0805323 0.994684 -0.0664003 -23.4539 -0.758795 -0.0179543 0.651516 268.308
0.6554 0.100843 0.748895 460.432 -0.0796241 0.994898 -0.0642987 -23.4528 -0.75139 -0.0174999 0.660033 268.371
0.663104 0.100811 0.742105 460.49 -0.0768817 0.994966 -0.0664867 -23.4273 -0.744937 -0.0129744 0.667432 268.422
0.668577 0.105667 0.73648 460.529 -0.0840595 0.994396 -0.0663766 -23.4373 -0.7392 -0.0175414 0.673658 268.502
0.676014 0.111293 0.728841 460.563 -0.0920287 0.993687 -0.0664004 -23.4536 -0.731495 -0.0221924 0.681899 268.562
0.680702 0.117224 0.72351 460.59 -0.0985497 0.992941 -0.0681725 -23.4489 -0.72623 -0.024906 0.687392 268.62
0.684361 0.117619 0.720005 460.623 -0.0999171 0.992867 -0.0672476 -23.4435 -0.722644 -0.025924 0.691142 268.659
0.689266 0.112844 0.71606 460.654 -0.0959343 0.99346 -0.0642296 -23.4523 -0.718462 -0.024433 0.695525 268.71
0.69363 0.108022 0.712601 460.694 -0.0914114 0.994044 -0.0617316 -23.4524 -0.714893 -0.022327 0.699279 268.741
0.69578 0.106902 0.710651 460.719 -0.0904387 0.994178 -0.0610202 -23.4463 -0.712874 -0.021824 0.701338 268.787
0.701116 0.108401 0.705179 460.74 -0.094032 0.993947 -0.0593246 -23.4514 -0.707209 -0.0247216 0.706969 268.82
0.704321 0.110822 0.701579 460.768 -0.0980176 0.993608 -0.0585641 -23.459 -0.703422 -0.0275283 0.71062 268.852
0.706961 0.11336 0.698532 460.794 -0.099717 0.993334 -0.0603057 -23.4546 -0.700581 -0.0270268 0.713454 268.898
