1 0.000664581 0.0011288 -0.00123572 -0.000660075 0.999992 -0.00410154 -0.00608229 -0.00113124 0.00410068 0.999994 0.987001
0.999997 -0.00203816 0.00130628 0.010056 0.00204435 0.999985 -0.00503241 -0.00469834 -0.00129603 0.00503517 0.999987 1.94014
0.999995 -0.00380222 0.00143417 0.00994557 0.00380348 0.999994 -0.00116237 -0.00292423 -0.0014293 0.00116768 1 2.91001
0.999978 -0.00680309 -0.000486516 0.031446 0.00680419 0.999967 0.00465032 -0.00103515 0.000454844 -0.00465346 0.999991 3.87208
0.999952 -0.00997937 -0.00184343 0.0302275 0.00998742 0.999941 0.00465972 0.00241706 0.00179723 -0.00467799 0.999991 4.8408
0.999918 -0.0125244 -0.0035225 0.0348205 0.0125305 0.999921 0.00201303 0.00743116 0.00349698 -0.00205693 0.999995 5.80725
0.999903 -0.0133315 -0.00469725 0.0364319 0.0133248 0.999912 -0.0012987 0.00699987 0.0047145 0.00123586 0.999993 6.74907
0.9999 -0.0132079 -0.00568175 0.028221 0.0131959 0.999913 -0.00192736 0.0106644 0.00570663 0.00185219 0.999986 7.69249
0.999892 -0.0129298 -0.00752949 0.0246282 0.0129291 0.999918 -5.60656e-05 0.010939 0.00753 -4.14108e-05 0.999977 8.63728
0.999889 -0.012204 -0.00884559 0.0205598 0.0122285 0.999923 0.00286054 0.0143615 0.0088099 -0.00296838 0.999961 9.57934
0.999871 -0.0126127 -0.0104315 0.0128397 0.0126592 0.999912 0.00447309 0.0176282 0.0103746 -0.00460467 0.999941 10.5327
0.999841 -0.0139928 -0.0113788 0.00785585 0.0140505 0.99989 0.00512797 0.0234812 0.0113056 -0.005287 0.999927 11.4681
0.999824 -0.0144584 -0.0124397 -0.00265963 0.0145182 0.999886 0.00477659 0.034805 0.0123697 -0.00495648 0.999918 12.3959
0.999809 -0.01482 -0.0131148 -0.0153009 0.0148589 0.999888 0.00298322 0.044147 0.0130688 -0.00317752 0.999916 13.3188
0.999774 -0.0154546 -0.0150492 -0.027445 0.0154691 0.999882 0.000896279 0.0496863 0.0150339 -0.00112905 0.999894 14.2729
0.999719 -0.0166048 -0.0171952 -0.0344151 0.016602 0.999865 -0.000219525 0.0478856 0.0171963 -6.59964e-05 0.999858 15.1985
0.999676 -0.0165926 -0.0196134 -0.0437203 0.0165718 0.999865 -0.00119118 0.0452427 0.0196309 0.000865615 0.999814 16.124
0.999645 -0.0150739 -0.0221968 -0.0559194 0.0150285 0.999888 -0.00214034 0.0459863 0.0222262 0.00180597 0.999757 17.013
0.99961 -0.0136024 -0.0246761 -0.0747709 0.0135541 0.999908 -0.00209768 0.0467699 0.0247027 0.00176227 0.9997 17.9211
0.999534 -0.0141691 -0.0272472 -0.086209 0.0141454 0.999903 -0.000998882 0.0424256 0.0272584 0.000612926 0.999635 18.8249
0.999498 -0.0137167 -0.0287816 -0.115665 0.0137368 0.999908 0.000525603 0.0402888 0.0287721 -0.000920829 0.999594 19.7473
0.999457 -0.013577 -0.0302031 -0.145709 0.0135881 0.99991 0.000214359 0.0395612 0.0301973 -0.000624664 0.999551 20.6322
0.99939 -0.0144685 -0.0320047 -0.174139 0.0144796 0.999897 0.000133229 0.0389274 0.0319999 -0.000596687 0.999495 21.5263
0.999356 -0.0145184 -0.032982 -0.216032 0.0145391 0.999897 0.000439519 0.0297679 0.0329721 -0.000918732 0.999463 22.4269
0.999356 -0.0144396 -0.0330615 -0.265506 0.0144862 0.999897 0.00118351 0.0269079 0.0330415 -0.00166178 0.99946 23.3074
0.999321 -0.0143803 -0.0341148 -0.301166 0.0144796 0.999895 0.00271863 0.0326687 0.034072 -0.00321085 0.999422 24.1871
0.999259 -0.0155419 -0.0354217 -0.328519 0.0157403 0.999865 0.00534687 0.035758 0.0353343 -0.00590053 0.999367 25.0576
0.999204 -0.0151005 -0.0371182 -0.350414 0.015391 0.999856 0.00760619 0.02959 0.036998 -0.00817156 0.99929 25.9215
0.999161 -0.0144955 -0.0385194 -0.378394 0.0147614 0.999872 0.00664815 0.0316012 0.0384186 -0.00721124 0.999245 26.7783
0.999072 -0.0129783 -0.0412524 -0.396239 0.0131663 0.999908 0.0043371 0.032624 0.0411922 -0.00487639 0.999148 27.6151
0.999014 -0.0125946 -0.0427622 -0.427017 0.0127277 0.999919 0.00285924 0.0338911 0.042723 -0.0034008 0.999091 28.437
0.998969 -0.0114784 -0.0440855 -0.460123 0.011606 0.999934 0.00268597 0.0345981 0.0440517 -0.003195 0.999034 29.2604
0.99893 -0.0116131 -0.0449668 -0.503048 0.0117458 0.999931 0.00270599 0.0291986 0.0449328 -0.00323137 0.998995 30.0579
0.998857 -0.0114271 -0.0465934 -0.545465 0.0115306 0.999936 0.00199267 0.0261792 0.0465679 -0.00252774 0.998923 30.8522
0.998773 -0.0115763 -0.048341 -0.592539 0.0116791 0.999933 0.00186187 0.030315 0.0483168 -0.00242425 0.998839 31.6275
0.998657 -0.0116215 -0.0506843 -0.627346 0.0117682 0.999932 0.00262841 0.0398502 0.0506508 -0.00322138 0.998723 32.4161
0.998587 -0.0115879 -0.0520282 -0.680792 0.0118488 0.999921 0.00472428 0.0439123 0.05197 -0.00533419 0.998644 33.1699
0.998459 -0.0103154 -0.0547021 -0.716619 0.0106423 0.999932 0.00571887 0.0516609 0.0546398 -0.00629226 0.998498 33.9335
0.998342 -0.00874355 -0.0570618 -0.754169 0.00907228 0.999946 0.00551849 0.0610617 0.0570113 -0.00602717 0.998366 34.6848
0.998144 -0.00553829 -0.060806 -0.769913 0.00581366 0.999979 0.00437926 0.0764281 0.0607808 -0.00472468 0.998152 35.3935
0.998037 -0.00382523 -0.0626741 -0.820895 0.00406783 0.999989 0.0037553 0.0785281 0.06266 -0.00400315 0.998039 36.1133
0.997909 -0.00450531 -0.0646228 -0.855354 0.00479622 0.999984 0.00437165 0.0908938 0.0646027 -0.00467248 0.997912 36.7935
0.997884 -0.00323605 -0.0650957 -0.913677 0.0036532 0.999978 0.00630098 0.0939498 0.0650748 -0.00652563 0.997872 37.5071
0.997901 -0.000397888 -0.0649272 -0.96912 0.000831476 0.999983 0.00667691 0.0975772 0.0649241 -0.00671694 0.99788 38.2007
0.997981 0.00275226 -0.063629 -1.02154 -0.0024829 0.999993 0.00432267 0.103968 0.0636414 -0.00415616 0.997977 38.8872
0.99807 0.00419907 -0.0621352 -1.06105 -0.00411675 0.999997 0.00147825 0.102508 0.0621418 -0.00121963 0.99808 39.5782
0.998202 0.00317537 -0.0600365 -1.09809 -0.0031607 1 0.000348464 0.0999881 0.0600385 -0.000158304 0.99821 40.2329
0.998359 0.00432907 -0.0572947 -1.13061 -0.00427771 0.999997 0.00104622 0.105851 0.0572995 -0.000799413 0.998371 40.9167
0.998515 0.00923262 -0.0539008 -1.17493 -0.00900561 0.999955 0.00446335 0.0946699 0.0539404 -0.00397152 0.998551 41.5811
0.998689 0.0132423 -0.0496475 -1.22441 -0.0128468 0.999891 0.00830518 0.090721 0.0497524 -0.00765643 0.998747 42.1994
0.998814 0.0184951 -0.0452846 -1.25806 -0.0181163 0.999803 0.0087734 0.102074 0.0454387 -0.00794283 0.998951 42.8295
0.999003 0.0223158 -0.0389653 -1.3014 -0.0220079 0.999732 0.00834308 0.118432 0.0391412 -0.00747707 0.999222 43.4305
0.999143 0.0262092 -0.0324084 -1.33836 -0.0258777 0.999615 0.0106134 0.119449 0.0326748 -0.00976574 0.999435 44.0007
0.999169 0.0320193 -0.0256962 -1.37314 -0.031735 0.99944 0.0114345 0.117846 0.0260482 -0.0106093 0.999621 44.5462
0.999224 0.0356506 -0.0175382 -1.40324 -0.035465 0.999319 0.0108005 0.124172 0.017912 -0.0101701 0.999805 45.0912
0.999209 0.0386432 -0.010658 -1.40618 -0.038523 0.999204 0.0113495 0.119853 0.0110883 -0.0109298 0.999896 45.6151
0.999081 0.0430917 -0.00278252 -1.42267 -0.0430604 0.999025 0.0104982 0.131749 0.00323273 -0.0103688 0.999958 46.147
0.998893 0.0471013 0.00463106 -1.42191 -0.0471333 0.998876 0.00676458 0.149629 -0.0043072 -0.00697541 0.999985 46.6418
0.998705 0.0494805 0.0129283 -1.42163 -0.0495289 0.998774 0.00346233 0.155094 -0.0127406 -0.00409834 0.999929 47.1061
0.998555 0.0499329 0.0205697 -1.40476 -0.0500139 0.998753 0.00337095 0.156046 -0.0203756 -0.00439488 0.999803 47.5229
0.998375 0.0495898 0.0285594 -1.38857 -0.0497384 0.998761 0.00453374 0.15794 -0.0282987 -0.00594704 0.999602 47.9127
0.99803 0.0513023 0.0365077 -1.37365 -0.0515056 0.998672 0.00461354 0.171299 -0.0362226 -0.00648483 0.999345 48.3174
0.99745 0.0548068 0.0460534 -1.36951 -0.0550928 0.998479 0.00498193 0.16752 -0.0457101 -0.00750641 0.998948 48.6478
0.996756 0.0593289 0.0546224 -1.34476 -0.0596741 0.998218 0.00469434 0.166741 -0.0542467 -0.00793876 0.998518 48.9589
0.995954 0.0628914 0.0644407 -1.3472 -0.0632779 0.997999 0.00398549 0.181829 -0.0640618 -0.00804718 0.997941 49.2853
0.995339 0.0621046 0.0739597 -1.32444 -0.0626059 0.99804 0.00447009 0.185517 -0.0735373 -0.00907959 0.997274 49.5804
0.994374 0.061521 0.086444 -1.32725 -0.0620193 0.998081 0.00309581 0.169101 -0.0860885 -0.00843998 0.996282 49.8409
0.993235 0.0613375 0.0987404 -1.28713 -0.0616382 0.998109 -1.30172e-05 0.1333 -0.0985549 -0.00607335 0.995137 50.0881
0.991748 0.0618503 0.11249 -1.26143 -0.0617567 0.998093 -0.00431248 0.141437 -0.112543 -0.00267071 0.993677 50.3644
0.98974 0.0633794 0.128169 -1.22634 -0.0630646 0.998001 -0.00652337 0.142403 -0.128326 -0.00162674 0.991758 50.6347
0.987404 0.0649216 0.144443 -1.18569 -0.0645128 0.9979 -0.00751235 0.135959 -0.144629 -0.00190141 0.989519 50.8762
0.984683 0.0653761 0.161711 -1.13781 -0.0647725 0.997871 -0.0090121 0.137877 -0.161956 -0.0016006 0.986822 51.1538
0.981555 0.0648655 0.179975 -1.08066 -0.0639317 0.997905 -0.0109866 0.152002 -0.180312 -0.000722907 0.983646 51.4144
0.977914 0.0639566 0.199044 -1.00695 -0.0630128 0.997963 -0.0110823 0.141197 -0.199348 -0.00170516 0.979954 51.6411
0.973779 0.0639936 0.218421 -0.924565 -0.0630186 0.997958 -0.0114328 0.1232 -0.218708 -0.00263242 0.975824 51.8401
0.968502 0.0661249 0.240125 -0.86212 -0.0646283 0.997822 -0.0141125 0.129971 -0.240535 -0.00185121 0.970668 52.1165
0.96245 0.0673767 0.263059 -0.779084 -0.0652808 0.997738 -0.0167083 0.132319 -0.263591 -0.00109269 0.964672 52.3789
0.955377 0.068122 0.287482 -0.685796 -0.0659168 0.997687 -0.0173563 0.118736 -0.287999 -0.00236837 0.957659 52.6241
0.947217 0.0706072 0.312802 -0.571524 -0.0684395 0.997506 -0.0179168 0.107067 -0.313289 -0.0044379 0.949686 52.8797
0.93953 0.0718709 0.334889 -0.36799 -0.0692556 0.997416 -0.0197629 0.106874 -0.335444 -0.00462529 0.942082 53.0613
0.930791 0.0714802 0.358565 -0.130161 -0.0686332 0.997439 -0.0206782 0.0921062 -0.359127 -0.00536341 0.933314 53.2912
0.921221 0.0686387 0.382982 0.134597 -0.0649024 0.997646 -0.0226872 0.0763643 -0.383637 -0.0039565 0.923509 53.5382
0.90777 0.065886 0.414315 0.310802 -0.0607263 0.997839 -0.0256279 0.0710944 -0.415108 -0.00189671 0.909811 53.7654
0.892174 0.0645046 0.447101 0.500421 -0.0573611 0.997932 -0.0295144 0.059441 -0.448077 0.000685771 0.894032 53.9814
0.874494 0.0667965 0.480464 0.712843 -0.057091 0.997776 -0.0348044 0.0565992 -0.481719 0.00300477 0.876365 54.2135
0.856771 0.0676205 0.511279 1.01941 -0.056121 0.997719 -0.0379133 0.019529 -0.512673 0.00378959 0.858615 54.397
0.83753 0.0688348 0.542081 1.35823 -0.055806 0.997636 -0.0404606 -0.0150916 -0.543582 0.00363428 0.839395 54.5641
0.813364 0.072804 0.577216 1.6263 -0.0585885 0.997359 -0.0432409 -0.0257912 -0.578836 0.0013525 0.815488 54.7881
0.786931 0.0776734 0.612171 1.93232 -0.0624369 0.996992 -0.0462392 -0.0343787 -0.61392 -0.00183655 0.789416 55.0218
0.758642 0.0788477 0.646752 2.25317 -0.0621172 0.996894 -0.0486734 -0.0516199 -0.648577 -0.00324847 0.761191 55.2001
0.727826 0.07548 0.681629 2.57043 -0.0569404 0.997158 -0.0496208 -0.0741625 -0.683437 -0.00269851 0.73006 55.3558
0.692025 0.074863 0.718003 2.89426 -0.0547713 0.997199 -0.0511848 -0.0884705 -0.71982 -0.00390449 0.694194 55.5772
0.653347 0.0744929 0.753416 3.19227 -0.0529663 0.997221 -0.0526679 -0.104272 -0.755245 -0.00549676 0.655482 55.7642
0.609746 0.0747474 0.789084 3.56997 -0.0502824 0.997199 -0.0556075 -0.125649 -0.791028 -0.00577037 0.611803 56.0041
0.564979 0.0723664 0.821955 3.96082 -0.0438958 0.997386 -0.0576401 -0.145945 -0.823978 -0.00351658 0.566684 56.221
0.519147 0.0701251 0.851822 4.41325 -0.0410633 0.997537 -0.057095 -0.176919 -0.853726 -0.00533785 0.520755 56.4408
0.472384 0.0681485 0.878782 4.87676 -0.0395851 0.997655 -0.0560889 -0.207237 -0.880544 -0.00829288 0.47398 56.6357
0.424511 0.0686681 0.902834 5.32014 -0.0418384 0.997557 -0.0562004 -0.215613 -0.904483 -0.0139154 0.426354 56.8127
0.378197 0.0684402 0.923218 5.8363 -0.0384742 0.997578 -0.0581925 -0.238245 -0.924966 -0.0135137 0.379921 56.9807
0.334978 0.0645764 0.940028 6.31237 -0.0269633 0.997912 -0.0589444 -0.262434 -0.941868 -0.00560096 0.336027 57.0596
0.293842 0.0576034 0.954143 6.80653 -0.0140236 0.99835 -0.0559543 -0.297429 -0.955792 0.00305912 0.294171 57.1243
0.254268 0.0563772 0.965506 7.34286 -0.00585646 0.998386 -0.0567547 -0.323224 -0.967145 0.00877681 0.254195 57.1896
0.21833 0.0575916 0.974198 7.92505 -0.00388784 0.998315 -0.0581468 -0.357612 -0.975908 0.00890566 0.218193 57.2809
0.187773 0.0571421 0.980566 8.45309 0.00401065 0.99827 -0.0589415 -0.394411 -0.982235 0.0150008 0.187225 57.317
0.160406 0.0546828 0.985561 9.00258 0.0109116 0.99832 -0.0571677 -0.430138 -0.987032 0.019922 0.159547 57.3539
0.13584 0.0522191 0.989371 9.60371 0.0173248 0.998349 -0.0550713 -0.466574 -0.990611 0.0246219 0.134717 57.4161
0.115624 0.0506271 0.992029 10.191 0.0214028 0.998358 -0.0534456 -0.497805 -0.993104 0.0274095 0.114357 57.4742
0.10013 0.0515078 0.993659 10.7848 0.0236112 0.998273 -0.054126 -0.532077 -0.994727 0.0288815 0.0987472 57.5147
0.0885239 0.0514298 0.994774 11.3888 0.0238719 0.998287 -0.0537368 -0.559775 -0.995832 0.0285017 0.0871518 57.5322
0.0765829 0.0518 0.995737 12.0337 0.0244196 0.998271 -0.05381 -0.596485 -0.996798 0.0284368 0.0751925 57.5887
0.0685021 0.0544443 0.996193 12.667 0.0291611 0.997991 -0.056549 -0.621558 -0.997269 0.0329213 0.0667841 57.6094
0.0617292 0.0558667 0.996549 13.2989 0.0337607 0.997764 -0.0580257 -0.650105 -0.997556 0.0372264 0.059712 57.6465
0.0577744 0.0546824 0.99686 13.9613 0.0340798 0.997826 -0.0567117 -0.690283 -0.997794 0.0372468 0.0557927 57.6692
0.0532932 0.0521598 0.997238 14.6379 0.0316464 0.998065 -0.0538941 -0.720922 -0.998114 0.0344312 0.0515464 57.7291
0.0506823 0.0445999 0.99775 15.3165 0.029818 0.998508 -0.0461495 -0.760774 -0.998317 0.0320873 0.0492844 57.7671
0.0497427 0.0388649 0.998029 16.0007 0.0311718 0.998715 -0.0404453 -0.788406 -0.998312 0.0331222 0.0484745 57.7961
0.050049 0.0357908 0.998137 16.728 0.0340556 0.998733 -0.0375209 -0.817447 -0.998212 0.0358674 0.0487744 57.8163
0.0494926 0.0372557 0.998103 17.4144 0.0374041 0.998554 -0.0391273 -0.851166 -0.99811 0.0392697 0.0480348 57.8597
0.050111 0.0443732 0.997793 18.1445 0.0387074 0.998197 -0.0463363 -0.876551 -0.99804 0.0409409 0.048311 57.8999
0.0527206 0.0522313 0.997266 18.8877 0.0395194 0.997759 -0.0543462 -0.901417 -0.997863 0.0422767 0.0505456 57.9353
0.0539921 0.0527694 0.997182 19.53 0.04224 0.99761 -0.0550803 -0.917505 -0.997695 0.0450919 0.0516419 57.9799
0.0548508 0.0491575 0.997307 20.2984 0.0411248 0.997847 -0.0514459 -0.94016 -0.997684 0.043836 0.0527184 58.0426
0.0562069 0.0432184 0.99752 21.0538 0.0402533 0.998175 -0.0455162 -0.971614 -0.997654 0.0427088 0.0543725 58.1046
0.0569117 0.0419992 0.99752 21.8311 0.0381127 0.998315 -0.0442071 -1.00119 -0.997689 0.0405341 0.0552224 58.1903
0.0592465 0.0469827 0.997176 22.559 0.0456317 0.997744 -0.0497221 -1.03415 -0.997248 0.0484455 0.0569774 58.2425
0.0627 0.0526147 0.99667 23.2985 0.0475707 0.997338 -0.0556425 -1.0623 -0.996936 0.0509012 0.0600375 58.2805
0.0649575 0.053644 0.996486 24.0524 0.041538 0.997568 -0.0564116 -1.09527 -0.997071 0.0450535 0.0625798 58.3475
0.0692378 0.0504021 0.996352 24.8312 0.0373782 0.997911 -0.0530785 -1.12983 -0.996937 0.040917 0.0672166 58.3948
0.0736551 0.0462997 0.99625 25.5889 0.0418534 0.997923 -0.0494732 -1.16885 -0.996454 0.0453372 0.0715728 58.4478
0.0766826 0.0472635 0.99596 26.2226 0.0468595 0.997621 -0.0509503 -1.19371 -0.995991 0.0505774 0.0742929 58.4742
0.0788878 0.0512415 0.995608 27.0027 0.0463883 0.997433 -0.0550126 -1.2422 -0.995854 0.0505212 0.0763166 58.5525
0.0813168 0.051634 0.995376 27.7818 0.0425367 0.997588 -0.0552239 -1.29051 -0.995818 0.0468308 0.0789318 58.658
0.0842433 0.0509335 0.995189 28.5898 0.041751 0.997661 -0.0545963 -1.33546 -0.995624 0.046146 0.081928 58.7485
0.0883472 0.0473932 0.99499 29.3232 0.0458186 0.997638 -0.0515882 -1.3732 -0.995075 0.0501468 0.0859748 58.7911
0.0922367 0.0466748 0.994689 30.0499 0.0512038 0.997383 -0.0515513 -1.41544 -0.994474 0.055683 0.0896133 58.8468
0.0950749 0.0470327 0.994387 30.8529 0.0540616 0.997187 -0.0523345 -1.45808 -0.994042 0.0587339 0.0922724 58.9435
0.0987395 0.0469993 0.994051 31.6015 0.0544873 0.997156 -0.0525606 -1.48826 -0.993676 0.0593485 0.095906 58.9968
0.102898 0.0455856 0.993677 32.3686 0.0561358 0.997114 -0.0515569 -1.52088 -0.993147 0.061086 0.100049 59.064
0.107033 0.0446801 0.993299 33.1516 0.0581852 0.997023 -0.0511197 -1.55244 -0.992605 0.0632622 0.104123 59.1322
0.110493 0.0456827 0.992858 33.9652 0.0564223 0.997068 -0.0521562 -1.57931 -0.992315 0.0617822 0.107599 59.2188
0.112997 0.0473966 0.992515 34.7178 0.0536582 0.99714 -0.0537289 -1.61761 -0.992201 0.0593228 0.110139 59.3237
0.116806 0.0473792 0.992057 35.5077 0.0554461 0.997017 -0.0541451 -1.65173 -0.991648 0.0613299 0.113838 59.3989
0.120018 0.0468497 0.991716 36.2816 0.0531776 0.997176 -0.0535455 -1.69721 -0.991402 0.0591586 0.117195 59.4878
0.123334 0.0468547 0.991291 37.0702 0.0520234 0.997231 -0.0536088 -1.73794 -0.991043 0.0581819 0.120562 59.573
0.127037 0.0459756 0.990883 37.8406 0.0496157 0.997408 -0.0526417 -1.79251 -0.990713 0.0558459 0.124434 59.6825
0.132156 0.0486848 0.990066 38.6068 0.0487928 0.997287 -0.0555535 -1.82363 -0.99007 0.0556496 0.129429 59.7486
0.135123 0.0510994 0.98956 39.4469 0.0473562 0.997223 -0.0579638 -1.88693 -0.989752 0.0546893 0.132335 59.8906
0.139889 0.0519477 0.988837 40.1981 0.0473266 0.997156 -0.0590804 -1.94347 -0.989078 0.0550628 0.13704 59.9695
0.142112 0.0544031 0.988406 40.9924 0.0412163 0.997326 -0.0608225 -1.9873 -0.989049 0.0493775 0.139496 60.1057
0.145308 0.0540995 0.98794 41.7763 0.0372446 0.997523 -0.0601027 -2.02762 -0.988727 0.0455287 0.14294 60.22
0.148606 0.0548042 0.987429 42.5398 0.0393493 0.997374 -0.0612806 -2.06949 -0.988171 0.0479568 0.146067 60.3348
0.152355 0.0562376 0.986759 43.3472 0.0389219 0.997291 -0.0628476 -2.11233 -0.987601 0.0479815 0.14976 60.4647
0.155967 0.0570293 0.986168 44.1464 0.0349709 0.997417 -0.0632131 -2.15999 -0.987202 0.0443415 0.153576 60.6023
0.159758 0.054678 0.985677 44.9349 0.0342531 0.997583 -0.0608908 -2.20553 -0.986604 0.0434899 0.157506 60.7373
0.165447 0.0546348 0.984758 45.7308 0.0348809 0.997543 -0.0612073 -2.25095 -0.985661 0.044471 0.163142 60.8547
0.171224 0.0580056 0.983561 46.5298 0.0313855 0.997466 -0.06429 -2.30263 -0.984775 0.0418772 0.168976 60.9909
0.176809 0.0667097 0.982036 47.3388 0.0298308 0.996907 -0.073094 -2.35244 -0.983853 0.0422138 0.174279 61.1572
0.184179 0.0717745 0.980309 48.1291 0.0282746 0.996562 -0.0782771 -2.3961 -0.982529 0.0421338 0.181522 61.3142
0.189701 0.0753943 0.978998 48.9632 0.0236527 0.996436 -0.0813237 -2.45109 -0.981618 0.0385786 0.187248 61.5186
0.195468 0.0740345 0.977953 49.7756 0.0198595 0.996675 -0.079422 -2.51185 -0.980553 0.0349451 0.193354 61.7176
0.202258 0.0720637 0.976733 50.5816 0.0199924 0.996806 -0.077688 -2.5733 -0.97919 0.0352356 0.200178 61.9076
0.208529 0.0689337 0.975626 51.3659 0.0192654 0.997062 -0.0745669 -2.63023 -0.97787 0.034344 0.206594 62.1041
0.215955 0.0635027 0.974395 52.1845 0.0172617 0.997508 -0.0688382 -2.68753 -0.976314 0.031681 0.214327 62.2907
0.222702 0.0560995 0.973314 53.0134 0.014667 0.998069 -0.0608836 -2.74513 -0.97482 0.0278332 0.221455 62.4959
0.22984 0.0533303 0.971825 53.8434 0.0143356 0.998233 -0.0581732 -2.8046 -0.973186 0.0272976 0.228675 62.705
0.236399 0.0549278 0.970146 54.6216 0.0128786 0.998167 -0.0596539 -2.86507 -0.971615 0.0265948 0.235264 62.89
0.24169 0.0599323 0.96856 55.4329 0.0135135 0.997815 -0.0651182 -2.9333 -0.970322 0.0288224 0.240357 63.1153
0.246228 0.0622761 0.967253 56.2363 0.0119732 0.997693 -0.0672852 -3.00117 -0.969182 0.0281471 0.24492 63.3422
0.250798 0.0644382 0.965951 57.0218 0.0105824 0.997569 -0.0692986 -3.06504 -0.968045 0.0275974 0.249511 63.5603
0.256926 0.0641714 0.964343 57.7925 0.00820992 0.997644 -0.068576 -3.11626 -0.96644 0.0255346 0.255798 63.7566
0.26372 0.0607771 0.962743 58.5486 0.0120407 0.997759 -0.0662893 -3.16453 -0.964587 0.029069 0.262402 63.9272
0.268351 0.0540465 0.96185 59.3114 0.0126584 0.998173 -0.0596204 -3.21331 -0.963284 0.0281727 0.267181 64.1395
0.27089 0.0478654 0.961481 60.0797 0.0105594 0.998587 -0.0526908 -3.2647 -0.962617 0.0244212 0.270005 64.3801
0.273681 0.044208 0.960851 60.8283 0.00639046 0.99887 -0.0477787 -3.31721 -0.961846 0.0192144 0.273093 64.6153
0.277198 0.0441119 0.959862 61.548 0.00484884 0.998901 -0.0473098 -3.35845 -0.960865 0.0177636 0.276683 64.8224
0.280623 0.0465383 0.958736 62.2744 0.00308523 0.998808 -0.0493878 -3.3906 -0.959859 0.0168153 0.28015 65.0262
0.2818 0.0506447 0.958199 62.9843 -0.00112877 0.998655 -0.0524548 -3.4339 -0.959537 0.0136956 0.281482 65.2536
0.285172 0.0547731 0.956958 63.6742 -0.00230135 0.998436 -0.0564624 -3.47349 -0.95852 0.0138973 0.284856 65.4444
0.288028 0.0597245 0.955821 64.3606 -0.00268062 0.998132 -0.0615645 -3.51439 -0.957683 0.0151656 0.287654 65.6492
0.289912 0.0620765 0.955086 65.0393 -0.00186005 0.997962 -0.0642997 -3.54889 -0.957099 0.0168628 0.289441 65.8533
0.291025 0.0624911 0.954737 65.7223 -0.00453388 0.997976 -0.0639432 -3.58723 -0.95677 0.0142756 0.290724 66.0755
0.290728 0.0595967 0.954997 66.3613 -0.00435001 0.998163 -0.0609675 -3.62698 -0.956844 0.0135685 0.290457 66.2796
0.290806 0.0576269 0.955109 67.0184 -0.00474926 0.998292 -0.0587902 -3.66714 -0.956836 0.0125557 0.290587 66.4892
0.291069 0.0564288 0.955086 67.6506 -0.0034683 0.998348 -0.0579292 -3.70232 -0.956745 0.0135467 0.290788 66.6717
0.289732 0.0554658 0.955564 68.2926 -0.00313134 0.998401 -0.0570068 -3.73847 -0.957168 0.0135197 0.289447 66.8707
0.289511 0.0567596 0.95554 68.9177 -0.00413054 0.998338 -0.0580517 -3.77183 -0.957215 0.0128574 0.289268 67.0416
0.287149 0.0597048 0.956089 69.5373 -0.00484682 0.998167 -0.0608807 -3.80807 -0.957939 0.0128431 0.286916 67.2355
0.284429 0.0634384 0.956645 70.1273 -0.00283905 0.997893 -0.0653309 -3.8441 -0.958742 0.0158642 0.284015 67.4134
0.28228 0.0648202 0.957205 70.7286 -0.000224691 0.997752 -0.0675038 -3.86627 -0.959399 0.018835 0.281665 67.5942
0.279589 0.0638183 0.958047 71.3133 -0.00091369 0.997841 -0.0662038 -3.90105 -0.960169 0.0176327 0.279048 67.7725
0.276974 0.0609075 0.95901 71.8927 -0.00139158 0.998046 -0.0629889 -3.94082 -0.960943 0.0161069 0.276523 67.9421
0.274288 0.0570937 0.960003 72.4678 -0.00118158 0.99829 -0.0590346 -3.98067 -0.961697 0.0150561 0.273891 68.1155
0.272938 0.0554347 0.960501 73.0228 0.00266263 0.998326 -0.0583781 -4.02085 -0.962096 0.0184858 0.272339 68.2538
0.271616 0.056545 0.960795 73.5722 0.0067713 0.998171 -0.0606604 -4.05029 -0.962432 0.02298 0.270742 68.3938
0.269268 0.0577237 0.961403 74.1164 0.0107533 0.997996 -0.0629362 -4.0881 -0.963075 0.0272789 0.268114 68.5365
0.267977 0.0593367 0.96165 74.6655 0.0102695 0.997905 -0.0644373 -4.1227 -0.963422 0.027141 0.266813 68.6845
0.266333 0.0619189 0.96196 75.2053 0.00973134 0.997747 -0.0669206 -4.15858 -0.963903 0.0271783 0.265137 68.8414
0.264129 0.0592638 0.962719 75.7497 0.0107722 0.997904 -0.0643871 -4.2167 -0.964479 0.0273748 0.262943 69.0061
0.265524 0.0561354 0.962538 76.3142 0.0167583 0.99792 -0.0628255 -4.2641 -0.964031 0.0328057 0.264037 69.14
0.268282 0.0534475 0.961911 76.8723 0.0216953 0.997908 -0.0615007 -4.29949 -0.963148 0.037366 0.266567 69.2686
0.270594 0.0517595 0.961371 77.4219 0.0246354 0.997891 -0.0606635 -4.33822 -0.962451 0.0400921 0.268754 69.409
0.27387 0.0509511 0.960471 77.9881 0.0222886 0.998029 -0.059301 -4.38369 -0.961561 0.0376457 0.272201 69.5836
0.277664 0.0509955 0.959396 78.5511 0.0211658 0.99806 -0.0591802 -4.42455 -0.960519 0.0367317 0.276052 69.7859
0.284363 0.049499 0.957494 79.1168 0.02283 0.998071 -0.0583792 -4.45252 -0.958499 0.0384576 0.282689 69.951
0.290835 0.0494509 0.955568 79.6982 0.0212324 0.998121 -0.0581191 -4.48768 -0.956611 0.0371851 0.289244 70.1633
0.299536 0.0472022 0.952973 80.2746 0.0219451 0.998209 -0.056343 -4.51649 -0.953887 0.0377869 0.297969 70.3395
0.30822 0.0470749 0.950224 80.8668 0.0182787 0.998335 -0.0553913 -4.55592 -0.951214 0.0344348 0.306851 70.5471
0.318323 0.0466883 0.946889 81.4384 0.01698 0.998384 -0.0549382 -4.59216 -0.947886 0.0335634 0.31702 70.726
0.327316 0.0499896 0.943667 82.035 0.0116333 0.998348 -0.0569254 -4.64021 -0.944919 0.029604 0.326197 70.9585
0.335393 0.0532602 0.940629 82.5588 0.00789359 0.998244 -0.0593395 -4.66127 -0.9421 0.0273241 0.334387 71.1746
0.344771 0.0567161 0.937046 83.2269 0.0041275 0.99811 -0.0619348 -4.69339 -0.938753 0.025215 0.343889 71.5091
0.355649 0.0586695 0.932835 83.815 0.00316606 0.997983 -0.0639766 -4.71854 -0.934671 0.0257037 0.354749 71.7034
0.365373 0.0595491 0.929031 84.4559 0.000933324 0.997966 -0.064339 -4.74887 -0.930937 0.0243689 0.364577 71.9812
0.375565 0.0592122 0.924962 85.0726 0.000513684 0.997981 -0.064098 -4.79178 -0.926853 0.0245453 0.374779 72.236
0.386414 0.0602373 0.920433 85.7249 -0.0034508 0.997991 -0.0638686 -4.82794 -0.922396 0.0214977 0.385847 72.5144
0.399029 0.0561764 0.915276 86.3645 -0.00274884 0.998227 -0.0600722 -4.86016 -0.916991 0.0214518 0.398477 72.7953
0.410845 0.0489571 0.910468 87.0287 0.00130388 0.998564 -0.0542868 -4.89134 -0.911783 0.0234846 0.410192 73.0615
0.420724 0.0443843 0.906164 87.6785 0.00341659 0.998755 -0.0505091 -4.92477 -0.907241 0.0243432 0.420049 73.3725
0.431122 0.0410042 0.901442 88.3763 0.00297732 0.998936 -0.0468673 -4.95861 -0.902369 0.0228834 0.430541 73.708
0.439823 0.0376508 0.897358 89.0524 0.00961271 0.998903 -0.0466265 -4.98852 -0.898092 0.0291302 0.438979 74.0379
0.447694 0.0323618 0.893683 89.7355 0.0159781 0.998936 -0.0441817 -5.00361 -0.894125 0.0340526 0.446699 74.3774
0.454856 0.0217818 0.890364 90.4416 0.0265016 0.998964 -0.0379814 -5.03014 -0.890231 0.0408685 0.453808 74.716
0.46138 0.0177623 0.887108 91.1594 0.031337 0.99889 -0.0363029 -5.04948 -0.886731 0.0445413 0.46031 75.0786
0.467572 0.0170917 0.883857 91.8488 0.0338511 0.99877 -0.0372259 -5.08694 -0.883368 0.0473212 0.466419 75.4549
0.475384 0.0221486 0.879586 92.5741 0.0356723 0.998419 -0.0444249 -5.13028 -0.879138 0.0524879 0.47384 75.8269
0.480677 0.0253029 0.876602 93.2341 0.0395536 0.997978 -0.0504999 -5.17072 -0.876069 0.0589426 0.478704 76.2221
0.485526 0.0274485 0.873878 93.9647 0.0382865 0.997924 -0.0526215 -5.2021 -0.873465 0.0589987 0.483466 76.6484
0.489809 0.0301273 0.871381 94.6461 0.0308885 0.998214 -0.0518803 -5.23547 -0.871346 0.0523232 0.488004 77.048
0.493049 0.0339259 0.869429 95.3447 0.02423 0.99836 -0.0527027 -5.28852 -0.869749 0.0470437 0.491417 77.4856
0.495343 0.0373517 0.867966 96.037 0.0236428 0.998164 -0.0564526 -5.34296 -0.86844 0.048481 0.49355 77.9132
0.499377 0.0418117 0.86547 96.7818 0.020106 0.99805 -0.0598242 -5.40461 -0.866236 0.0472685 0.497564 78.3946
0.502671 0.0460976 0.863321 97.4643 0.0167746 0.997907 -0.0630559 -5.43454 -0.86438 0.0461746 0.500845 78.8169
0.506704 0.0455562 0.86101 98.1053 0.0152382 0.998018 -0.0617789 -5.46473 -0.862069 0.0444165 0.505007 79.1839
0.511321 0.0385237 0.858598 98.7666 0.0215755 0.998141 -0.0576386 -5.53458 -0.859184 0.0479927 0.509538 79.5903
0.514694 0.0356888 0.856729 99.3534 0.0212572 0.99834 -0.0543647 -5.57593 -0.857196 0.046185 0.513083 79.9148
0.519216 0.034883 0.854004 99.9988 0.020273 0.99842 -0.0531126 -5.61783 -0.854468 0.0448861 0.517688 80.295
0.520066 0.0384122 0.853362 100.616 0.0180196 0.998318 -0.0559252 -5.64146 -0.854023 0.0444541 0.518501 80.7369
0.522945 0.0384245 0.851574 101.201 0.0191992 0.998236 -0.0568375 -5.68244 -0.852216 0.0460682 0.521284 81.0869
0.521774 0.0373165 0.852367 101.767 0.0210003 0.998223 -0.0565636 -5.71606 -0.852913 0.0474051 0.520064 81.5045
0.525066 0.0349962 0.850417 102.383 0.0230781 0.998238 -0.0553336 -5.76687 -0.850816 0.0486752 0.523333 81.8529
0.527726 0.0345327 0.848815 102.971 0.0220666 0.998323 -0.054341 -5.80749 -0.849218 0.0473991 0.526081 82.2106
0.530925 0.0334563 0.846834 103.545 0.0236995 0.99828 -0.0543036 -5.84339 -0.847156 0.0488961 0.529217 82.5361
0.533537 0.0353192 0.845142 104.096 0.023057 0.998193 -0.0562778 -5.87772 -0.845552 0.0495041 0.53176 82.8778
0.535583 0.0350874 0.84383 104.626 0.0264628 0.997986 -0.0582991 -5.90687 -0.844137 0.0535494 0.533574 83.211
0.537342 0.0342205 0.842772 105.162 0.0278537 0.997955 -0.0582873 -5.95413 -0.842994 0.0547857 0.535291 83.5862
0.539505 0.0318731 0.841457 105.682 0.0313391 0.997868 -0.0578965 -5.9893 -0.84147 0.0576009 0.537353 83.9319
0.543418 0.0307584 0.839002 106.197 0.032745 0.997835 -0.0577966 -6.02179 -0.838912 0.0588715 0.541236 84.2361
0.545511 0.0298421 0.837651 106.712 0.0339428 0.997797 -0.0576577 -6.06369 -0.837488 0.0598796 0.543294 84.6112
0.549154 0.0292716 0.835312 107.195 0.0339353 0.997823 -0.057283 -6.09727 -0.835121 0.0597943 0.546968 84.8925
0.552162 0.0284187 0.833335 107.694 0.0355458 0.997747 -0.0575835 -6.13615 -0.833052 0.0614113 0.549905 85.2302
0.556244 0.0297131 0.830594 108.189 0.0347315 0.997699 -0.0589573 -6.17345 -0.830384 0.0616326 0.553935 85.5621
0.560132 0.0294378 0.827964 108.683 0.0372067 0.997506 -0.0606422 -6.20588 -0.827641 0.0647676 0.557637 85.9072
0.564809 0.03285 0.824676 109.16 0.0343408 0.997449 -0.0632586 -6.25236 -0.824599 0.0640389 0.562243 86.2311
0.570309 0.0386464 0.820607 109.639 0.0306334 0.997237 -0.0682596 -6.29479 -0.820936 0.0640611 0.567546 86.5733
0.576356 0.0457275 0.816028 110.113 0.025887 0.996954 -0.0741567 -6.32924 -0.816883 0.0638551 0.573419 86.9203
0.58196 0.0519844 0.811642 110.572 0.0210391 0.996698 -0.0789271 -6.36608 -0.813023 0.0630029 0.578942 87.2697
0.58799 0.0560696 0.807035 111.04 0.0174012 0.996531 -0.0819204 -6.41465 -0.808777 0.0622021 0.584977 87.6333
0.593219 0.0567577 0.803128 111.518 0.0132475 0.996728 -0.0802296 -6.45661 -0.805011 0.0582274 0.590522 88.0092
0.598659 0.0564977 0.799124 111.995 0.00728917 0.997129 -0.0759644 -6.4949 -0.801069 0.0512925 0.596529 88.3859
0.604008 0.0551842 0.795158 112.474 0.000721122 0.997603 -0.0697869 -6.53652 -0.797059 0.0427197 0.602515 88.7781
0.609192 0.0542057 0.791284 112.959 -0.00589218 0.997989 -0.0638364 -6.5822 -0.793101 0.034218 0.608285 89.1875
0.615818 0.0528415 0.786208 113.448 -0.00902423 0.998198 -0.0600263 -6.62187 -0.787918 0.0298652 0.615179 89.5563
0.621727 0.0564014 0.781319 113.939 -0.0143212 0.998101 -0.0606617 -6.66329 -0.783205 0.0265177 0.621352 89.9722
0.627302 0.0603289 0.776532 114.437 -0.0180137 0.997894 -0.0629801 -6.70088 -0.778651 0.0255144 0.627061 90.4079
0.629854 0.0631545 0.774265 114.893 -0.0204515 0.997737 -0.0647533 -6.738 -0.776552 0.0249424 0.629718 90.8353
0.635973 0.0652477 0.769045 115.414 -0.0224027 0.997603 -0.0661182 -6.77381 -0.771469 0.0248162 0.635903 91.2825
0.642374 0.0663338 0.76364 115.937 -0.0258369 0.9976 -0.0649307 -6.8165 -0.766065 0.0219722 0.642543 91.7317
0.648478 0.0685871 0.758236 116.47 -0.0318108 0.997547 -0.0630339 -6.85844 -0.760653 0.0167517 0.649062 92.2186
0.655114 0.0666322 0.752715 116.993 -0.0335995 0.997731 -0.0590872 -6.91659 -0.754895 0.0134108 0.655864 92.664
0.662423 0.0646575 0.746436 117.545 -0.0343666 0.997886 -0.0559456 -6.96137 -0.748428 0.011403 0.663236 93.1668
0.669867 0.064379 0.739816 118.098 -0.0338937 0.99789 -0.0561561 -6.98738 -0.741822 0.0125347 0.670633 93.6745
0.677411 0.0666331 0.732684 118.655 -0.0388249 0.997784 -0.0548518 -7.03557 -0.734668 0.00870649 0.678487 94.2094
0.685978 0.0669874 0.724667 119.217 -0.0395875 0.997758 -0.0547663 -7.07278 -0.726661 0.00887374 0.687088 94.7176
0.692832 0.0676809 0.718024 119.776 -0.0417284 0.997724 -0.0537869 -7.10947 -0.719982 0.00729908 0.694069 95.2675
0.697404 0.0661438 0.713757 120.336 -0.0414785 0.997832 -0.0519494 -7.1514 -0.715596 0.00661724 0.698632 95.8375
0.701555 0.0646853 0.709782 120.916 -0.0400696 0.997921 -0.0513451 -7.18067 -0.71158 0.00757637 0.702678 96.4062
0.70607 0.0620482 0.705558 121.507 -0.036485 0.998064 -0.0512682 -7.20918 -0.707324 0.0104491 0.706959 96.9653
0.708978 0.0578488 0.702965 122.096 -0.0308537 0.998264 -0.0510383 -7.2444 -0.704649 0.0144912 0.709521 97.5789
0.712867 0.0504889 0.699621 122.694 -0.0231139 0.998602 -0.0485214 -7.29214 -0.701043 0.0184102 0.713029 98.1609
0.716778 0.043821 0.696035 123.299 -0.0172406 0.998877 -0.0451394 -7.33443 -0.697182 0.0203496 0.716717 98.7655
0.720015 0.0379464 0.693064 123.906 -0.0116462 0.999073 -0.0426088 -7.36984 -0.693987 0.0225985 0.71978 99.381
0.723033 0.0363568 0.689969 124.501 -0.0112978 0.999148 -0.040816 -7.4028 -0.690816 0.0217107 0.722816 100.011
0.725217 0.0373287 0.687653 125.091 -0.0118539 0.999107 -0.0417415 -7.44049 -0.688546 0.0221114 0.725002 100.66
0.727868 0.0417223 0.684562 125.686 -0.017342 0.998992 -0.0424535 -7.47673 -0.685595 0.0190235 0.727846 101.331
0.730154 0.0453501 0.681924 126.29 -0.0235936 0.998924 -0.0411763 -7.50959 -0.683004 0.0139678 0.730427 102.027
0.733198 0.0422216 0.678819 126.888 -0.0235281 0.999094 -0.0367359 -7.5398 -0.679705 0.0109581 0.733515 102.667
0.737414 0.0399595 0.674408 127.511 -0.0267995 0.999244 -0.0299101 -7.56779 -0.675041 0.00397478 0.737916 103.34
0.740233 0.0343681 0.67159 128.109 -0.0259223 0.999455 -0.0225819 -7.59163 -0.67195 -0.000698481 0.740707 104.014
0.744299 0.0300971 0.667322 128.725 -0.0235691 0.999597 -0.0188022 -7.61151 -0.667565 -0.00174141 0.744696 104.71
0.748275 0.0262276 0.66299 129.323 -0.0173887 0.999697 -0.0199296 -7.6292 -0.663262 0.00337887 0.74849 105.385
0.751747 0.0222274 0.659234 129.904 -0.00687104 0.999693 -0.0258781 -7.64578 -0.659554 0.0149148 0.751656 106.066
0.755501 0.0228735 0.654872 130.511 -0.000761439 0.999467 -0.0340391 -7.66421 -0.655251 0.0252119 0.755102 106.803
0.760112 0.022709 0.649554 131.12 0.00256746 0.999329 -0.0379485 -7.68574 -0.649927 0.0305026 0.759529 107.539
0.765418 0.0177673 0.643414 131.738 0.00565255 0.999442 -0.0343315 -7.71304 -0.643614 0.0299084 0.764875 108.272
0.768948 0.011901 0.639362 132.325 0.0105227 0.999508 -0.0312666 -7.74498 -0.639367 0.0307597 0.768429 109.059
0.772966 0.00849704 0.634521 132.889 0.0146728 0.999451 -0.0312667 -7.78016 -0.634389 0.0334713 0.7724 109.705
0.775081 0.00888741 0.631964 133.459 0.0171121 0.999292 -0.0350468 -7.83392 -0.631777 0.0379671 0.774364 110.521
0.779392 0.010176 0.626587 134.061 0.0167391 0.99922 -0.0370575 -7.85229 -0.626427 0.0393636 0.778596 111.224
0.782552 0.00726886 0.622707 134.671 0.0193878 0.999216 -0.0360346 -7.88042 -0.622428 0.0402607 0.781782 111.986
0.784364 0.00179462 0.620432 135.255 0.0227174 0.99929 -0.0316192 -7.91127 -0.62 0.0388881 0.783748 112.698
0.785491 -0.00243446 0.619035 135.857 0.0259459 0.999296 -0.028999 -7.9338 -0.618475 0.0388284 0.784985 113.462
0.786514 -0.00729291 0.617665 136.465 0.0299084 0.999254 -0.026295 -7.95089 -0.616965 0.0391469 0.786126 114.204
0.786784 -0.00849756 0.617337 137.064 0.0304334 0.999277 -0.0250379 -7.97044 -0.616624 0.0384754 0.786458 114.985
0.787034 -0.00759482 0.616999 137.661 0.0284116 0.999357 -0.0239493 -7.9958 -0.616373 0.0363712 0.786724 115.735
0.786867 -0.00542177 0.617266 138.253 0.0266019 0.999384 -0.0251389 -8.02022 -0.616696 0.0361899 0.78651 116.496
0.785738 -0.00146087 0.618693 138.831 0.0224802 0.999453 -0.0261989 -8.04196 -0.618268 0.0344864 0.785322 117.239
0.784347 0.00235809 0.620485 139.421 0.0186222 0.999507 -0.0273449 -8.07012 -0.620189 0.0329916 0.783901 117.982
0.783404 0.00510329 0.621629 140.033 0.014145 0.99961 -0.0260414 -8.10059 -0.621471 0.0291868 0.783007 118.752
0.781818 0.00734525 0.62363 140.635 0.0105752 0.999686 -0.0250382 -8.1335 -0.623562 0.0261597 0.781479 119.494
0.780393 0.00654448 0.625391 141.242 0.00969063 0.999747 -0.0225633 -8.15642 -0.625333 0.0236617 0.780114 120.222
0.778575 0.00562049 0.627693 141.847 0.00794173 0.999847 -0.0188093 -8.1822 -0.627647 0.0196191 0.778396 120.972
0.776849 0.00146054 0.629822 142.458 0.0122046 0.999823 -0.0173812 -8.19225 -0.629689 0.0211823 0.776674 121.677
0.774564 0.00545791 0.632639 143.051 0.0111674 0.999744 -0.0223037 -8.21521 -0.632541 0.0243297 0.774293 122.376
0.771961 0.0154172 0.635616 143.65 0.00530296 0.999561 -0.0306935 -8.23811 -0.635767 0.0270581 0.771521 123.108
0.768794 0.0211009 0.639315 144.262 0.00305627 0.99938 -0.0366665 -8.26593 -0.639633 0.0301323 0.76824 123.884
0.766564 0.0200507 0.64199 144.839 0.00100739 0.999521 -0.0324285 -8.292 -0.642287 0.0254984 0.766158 124.537
0.763348 0.0189545 0.645876 145.475 -0.00222288 0.9997 -0.0267168 -8.31808 -0.646127 0.0189483 0.763149 125.302
0.760073 0.0170719 0.649746 146.08 -0.00405524 0.999808 -0.0215346 -8.34754 -0.649943 0.0137264 0.759978 126.037
0.756769 0.0165422 0.653639 146.694 -0.0037276 0.999832 -0.0209936 -8.37631 -0.653814 0.0134408 0.756691 126.775
0.75512 0.0139319 0.655571 147.319 -0.00140424 0.999854 -0.0196399 -8.39965 -0.655703 0.0139032 0.755012 127.435
0.752643 0.0126808 0.658473 147.939 0.00243209 0.999813 -0.0220401 -8.41536 -0.658567 0.0181793 0.752459 128.127
0.749432 0.0110937 0.662119 148.556 0.00592667 0.999754 -0.0234677 -8.43997 -0.662172 0.0215045 0.749165 128.806
0.74624 0.0110059 0.665749 149.181 0.00874327 0.999674 -0.0263325 -8.46029 -0.66576 0.0254601 0.745889 129.485
0.74239 0.0120485 0.669988 149.803 0.00778793 0.999662 -0.0266152 -8.47298 -0.670038 0.0249696 0.74203 130.175
0.738247 0.013984 0.674547 150.431 0.00522769 0.999694 -0.0264519 -8.49266 -0.67465 0.0230434 0.737939 130.883
0.732976 0.0142681 0.680233 151.036 0.00535655 0.999675 -0.0267488 -8.50893 -0.680349 0.0232427 0.732646 131.546
0.727481 0.0170288 0.686074 151.662 0.00210924 0.999687 -0.0270553 -8.53626 -0.686261 0.0211186 0.727211 132.223
0.72154 0.02392 0.692086 152.302 -0.00212345 0.999523 -0.0323397 -8.5639 -0.692483 0.021858 0.721233 132.92
0.719111 0.0292863 0.694436 152.999 -0.00435821 0.999339 -0.0376382 -8.57209 -0.695014 0.0240291 0.718761 133.572
0.713659 0.0318156 0.699896 153.661 -0.0047489 0.999211 -0.0405872 -8.59518 -0.700591 0.025635 0.713235 134.243
0.707711 0.0273503 0.706128 154.323 -0.00618831 0.999509 -0.0325175 -8.61925 -0.706606 0.0186332 0.70753 134.898
0.70193 0.0244345 0.711952 155.002 -0.0124413 0.999727 -0.0220531 -8.6403 -0.712251 0.0066157 0.702031 135.571
0.694406 0.0202664 0.719452 155.66 -0.0123924 0.999848 -0.0162094 -8.65576 -0.719607 0.00233079 0.694551 136.237
0.68726 0.0223788 0.726189 156.343 -0.0181798 0.99979 -0.013613 -8.6651 -0.726296 -0.00385236 0.687512 136.915
0.679815 0.0233108 0.733164 157.029 -0.0169513 0.999783 -0.0160758 -8.67526 -0.733314 -0.0015086 0.680064 137.544
0.674423 0.0224374 0.738126 157.739 -0.0114211 0.999785 -0.0199632 -8.69171 -0.738367 0.00502702 0.674526 138.139
0.667807 0.030292 0.743869 158.474 -0.0109859 0.99952 -0.0308465 -8.71304 -0.74438 0.0124176 0.667821 138.805
0.66079 0.0317217 0.750023 159.221 -0.00767555 0.999392 -0.0355136 -8.71527 -0.750642 0.0177036 0.660624 139.463
0.654416 0.0275821 0.755781 159.947 -0.00518839 0.99953 -0.0319914 -8.74262 -0.756243 0.0170042 0.654255 140.073
0.64723 0.0218858 0.762101 160.669 -0.00167778 0.999678 -0.027291 -8.76904 -0.762403 0.016378 0.647052 140.673
0.640351 0.0210281 0.767942 161.388 -0.00160742 0.999715 -0.0260405 -8.79613 -0.768204 0.0154303 0.640208 141.284
0.633087 0.0218114 0.773892 162.085 -0.00324416 0.999723 -0.0255297 -8.83654 -0.774182 0.0136451 0.632977 141.881
0.626017 0.01965 0.779708 162.836 0.000875543 0.99972 -0.025904 -8.85395 -0.779931 0.0168885 0.625832 142.544
0.620466 0.0148215 0.784211 163.584 0.00480244 0.999785 -0.0227029 -8.86395 -0.784326 0.0178453 0.620256 143.151
0.615786 0.0117406 0.787972 164.302 0.00544729 0.999858 -0.0191605 -8.88933 -0.788016 0.0160802 0.615642 143.707
0.610885 0.0103027 0.791771 165.03 0.00395173 0.99992 -0.0160678 -8.91721 -0.791817 0.0129372 0.610791 144.304
0.606744 0.0122732 0.794948 165.797 0.00398055 0.999879 -0.0184812 -8.92393 -0.795008 0.0143666 0.606631 144.9
0.602965 0.0143516 0.797759 166.471 0.00571347 0.999791 -0.0223122 -8.93157 -0.797852 0.0180043 0.602757 145.408
0.599749 0.0201192 0.80008 167.18 0.00489219 0.999631 -0.0288105 -8.94624 -0.800296 0.021182 0.599437 145.953
0.59579 0.0224221 0.802947 167.914 0.00285594 0.999601 -0.0300402 -8.97406 -0.80324 0.0201839 0.595489 146.556
0.593135 0.0178147 0.80505 168.606 0.00310914 0.999756 -0.0244194 -8.99705 -0.805219 0.016976 0.592943 147.055
0.590686 0.00943394 0.806965 169.311 0.00696776 0.999892 -0.0167974 -9.01685 -0.806976 0.0155374 0.590557 147.586
0.588047 0.00382702 0.808962 169.998 0.0113184 0.999912 -0.0129627 -9.03505 -0.808871 0.016767 0.587959 148.065
0.585411 0.00170468 0.810854 170.7 0.0163931 0.999825 -0.013945 -9.05289 -0.810676 0.0214482 0.585282 148.581
0.583976 0.00346783 0.811911 171.376 0.0173327 0.99977 -0.0167419 -9.07616 -0.811713 0.023837 0.583789 149.04
0.582622 0.0105622 0.812794 172.057 0.0142845 0.999684 -0.0232375 -9.10016 -0.812723 0.0251416 0.58229 149.529
0.581116 0.0181725 0.813766 172.716 0.012437 0.999497 -0.0312067 -9.13073 -0.813855 0.0282431 0.580604 149.996
0.579855 0.0188395 0.814623 173.379 0.0155553 0.999352 -0.0341915 -9.15677 -0.814677 0.0324905 0.57919 150.436
0.57794 0.0126842 0.816128 174.047 0.014895 0.99961 -0.0260884 -9.17885 -0.816072 0.0272212 0.577533 150.905
0.576902 0.00576657 0.816917 174.698 0.00706834 0.999963 -0.0120579 -9.20636 -0.81689 0.0127229 0.576843 151.314
0.574309 0.00287431 0.818782 175.367 -0.00125058 1.00006 -0.00263771 -9.23157 -0.818767 0.000479581 0.574352 151.826
0.572476 0.00463861 0.820032 176.008 -0.00346783 1.00005 -0.00324337 -9.25259 -0.820021 -0.000993894 0.572524 152.287
0.571635 0.00651334 0.820629 176.635 -0.000614974 1.00003 -0.00751318 -9.25577 -0.820637 0.0037786 0.571665 152.683
0.569244 0.00780894 0.822256 177.26 1.84043e-05 1.00002 -0.00951672 -9.27145 -0.822276 0.00542531 0.569257 153.125
0.568158 0.00657631 0.823041 177.883 -0.000297447 1.00003 -0.00778927 -9.27815 -0.82305 0.004169 0.568184 153.528
0.566862 0.00547148 0.82392 178.502 -0.00142309 1.00004 -0.00566878 -9.29379 -0.82392 0.00203366 0.566899 153.938
0.565227 0.00415128 0.825073 179.108 -0.00164324 1.00005 -0.00390988 -9.30934 -0.825065 0.000842545 0.56527 154.347
0.562739 0.00401347 0.826752 179.712 -0.000358438 1.00005 -0.00461755 -9.3174 -0.826744 0.00229505 0.562775 154.758
0.559933 0.00516086 0.828671 180.31 0.000508572 1.00004 -0.00657579 -9.32436 -0.82867 0.00409165 0.559961 155.153
0.556808 0.00675769 0.830742 180.899 7.70394e-05 1.00003 -0.00819314 -9.3337 -0.830751 0.00461894 0.55683 155.539
0.553631 0.00875694 0.832867 181.481 0.000387271 1 -0.0107759 -9.33389 -0.832895 0.00627671 0.553639 155.906
0.551523 0.0102577 0.834225 182.112 2.64148e-05 0.999985 -0.0123201 -9.35123 -0.83427 0.00680994 0.551521 156.264
0.546385 0.0130487 0.837584 182.697 0.000961855 0.99993 -0.0162097 -9.35514 -0.837666 0.0096506 0.546344 156.647
0.540815 0.0151916 0.841131 183.279 0.00277382 0.99986 -0.0198484 -9.36041 -0.841247 0.0130606 0.540705 157.011
0.534733 0.0178568 0.844984 183.873 0.000719025 0.999829 -0.0215888 -9.3692 -0.845153 0.0121401 0.53464 157.393
0.528934 0.0200075 0.848553 184.505 -0.0039427 0.999829 -0.0211232 -9.38022 -0.848764 0.00782063 0.528932 157.784
0.523212 0.0224568 0.852056 185.108 -0.00732333 0.999798 -0.0218586 -9.37206 -0.852303 0.00518588 0.523282 158.153
0.517137 0.0234647 0.855708 185.703 -0.00783655 0.999773 -0.0226857 -9.38107 -0.855978 0.00501965 0.517213 158.524
0.509883 0.0259753 0.86 186.295 -0.00907049 0.999714 -0.0248224 -9.399 -0.860328 0.00484517 0.509985 158.898
0.503783 0.0314983 0.863381 186.93 -0.0131625 0.99956 -0.0287923 -9.41112 -0.863841 0.00313507 0.503986 159.245
0.497086 0.0356571 0.867117 187.585 -0.015824 0.999425 -0.0320316 -9.41672 -0.867689 0.00219107 0.497377 159.614
0.491053 0.0399928 0.870336 188.22 -0.018293 0.99926 -0.0356018 -9.4245 -0.871049 0.00155591 0.491433 159.958
0.484558 0.0421498 0.873891 188.894 -0.019216 0.999174 -0.0375428 -9.45153 -0.874681 0.00138916 0.484982 160.318
0.478362 0.0442836 0.877169 189.57 -0.0213965 0.99908 -0.0387755 -9.48127 -0.878012 -0.000224821 0.478882 160.675
0.470574 0.0439049 0.881416 190.226 -0.0176973 0.999095 -0.0403238 -9.50623 -0.882317 0.00336665 0.47094 161.038
0.463413 0.0434479 0.885201 190.939 -0.016776 0.999109 -0.0402622 -9.52304 -0.886096 0.00380255 0.463743 161.402
0.455011 0.0404465 0.889713 191.64 -0.0155994 0.999241 -0.0374532 -9.54893 -0.890481 0.00315246 0.455313 161.778
0.447699 0.0386523 0.893473 192.371 -0.0176877 0.999314 -0.0343739 -9.56977 -0.894122 -0.000419718 0.44809 162.144
0.441584 0.034925 0.896685 193.116 -0.0175939 0.999452 -0.0302684 -9.5864 -0.897179 -0.00242001 0.441974 162.503
0.434451 0.0307048 0.900296 193.829 -0.0137165 0.999591 -0.0274779 -9.60177 -0.900704 -0.000416915 0.43471 162.866
0.428505 0.0243263 0.903356 194.575 -0.0145706 0.999759 -0.0200158 -9.6224 -0.903553 -0.00459551 0.428774 163.229
0.420751 0.0179013 0.907122 195.328 -0.0129183 0.999883 -0.0137458 -9.63486 -0.907198 -0.00594086 0.420949 163.608
0.414479 0.0179687 0.910025 196.11 -0.00914952 0.999904 -0.0155817 -9.6296 -0.910145 -0.0018782 0.414622 163.979
0.408292 0.0267699 0.91258 196.844 -0.00599014 0.999686 -0.0266512 -9.61443 -0.912948 0.00540934 0.408343 164.274
0.401334 0.0382187 0.915276 197.648 -0.00202715 0.999231 -0.0408411 -9.60885 -0.916063 0.0145248 0.401122 164.659
0.39452 0.0461845 0.917847 198.479 0.00308744 0.998724 -0.051587 -9.60663 -0.918999 0.0231806 0.393894 165.049
0.388253 0.0432728 0.920678 199.292 0.00859648 0.998752 -0.0505732 -9.6105 -0.921647 0.0275384 0.387418 165.422
0.382161 0.0373964 0.923455 200.162 0.0130311 0.998923 -0.045851 -9.62218 -0.924111 0.0295501 0.381285 165.782
0.377027 0.0331413 0.925752 201.019 0.0141792 0.999104 -0.0415477 -9.63864 -0.926229 0.0287792 0.376241 166.14
0.372061 0.0401281 0.927458 201.849 0.0105271 0.998878 -0.0474468 -9.66456 -0.928256 0.0274107 0.371246 166.482
0.365815 0.0505049 0.929458 202.776 0.00271061 0.998532 -0.0553311 -9.71228 -0.930819 0.0227496 0.365164 166.883
0.360922 0.0507084 0.931334 203.624 0.00093103 0.998562 -0.0547351 -9.77029 -0.932703 0.0206172 0.360381 167.227
0.354979 0.0458114 0.933893 204.444 -0.00294322 0.998916 -0.0478879 -9.82602 -0.935006 0.0142402 0.354753 167.563
0.348293 0.0427857 0.936527 205.316 -0.00618865 0.9991 -0.0433487 -9.86785 -0.937476 0.00929732 0.348271 167.924
0.341489 0.044513 0.938972 206.145 -0.00888735 0.999053 -0.0441347 -9.91639 -0.939981 0.00671658 0.341586 168.244
0.336448 0.0492941 0.940529 207.043 -0.0118211 0.998833 -0.0481266 -9.95052 -0.941737 0.00506963 0.336665 168.57
0.329297 0.0499056 0.94305 207.912 -0.00982901 0.998795 -0.0494295 -9.98114 -0.944316 0.0069977 0.329417 168.905
0.324555 0.0486847 0.944734 208.854 -0.00349228 0.998788 -0.0502763 -10.0082 -0.94597 0.0130134 0.324362 169.229
0.324336 0.047294 0.944902 209.86 -0.000214983 0.998818 -0.049925 -10.0373 -0.946083 0.0159785 0.32399 169.527
0.323775 0.0468467 0.945095 210.783 0.00124664 0.998811 -0.049942 -10.0747 -0.946244 0.017343 0.323362 169.794
0.322617 0.0457363 0.945569 211.765 0.0025002 0.998852 -0.0491731 -10.1221 -0.946668 0.0182172 0.32216 170.095
0.319956 0.0448514 0.946493 212.703 0.00125911 0.998918 -0.0477671 -10.156 -0.947543 0.0164698 0.319584 170.428
0.31882 0.0431003 0.946979 213.688 0.000583155 0.99902 -0.0456717 -10.1917 -0.947957 0.0151026 0.318511 170.743
0.3177 0.0424034 0.947368 214.614 -0.00270639 0.999098 -0.043817 -10.244 -0.948301 0.0113513 0.317558 171.048
0.319306 0.0443576 0.946758 215.57 -0.00537577 0.999036 -0.0450005 -10.2927 -0.947779 0.00926899 0.319265 171.337
0.318221 0.0481022 0.946923 216.496 -0.00783652 0.998878 -0.0481133 -10.3072 -0.948099 0.00788501 0.31827 171.644
0.316185 0.0486318 0.947598 217.413 -0.00749829 0.998848 -0.0487665 -10.3409 -0.948814 0.00830389 0.316212 171.965
0.31423 0.0478907 0.948267 218.351 -0.00832762 0.998894 -0.0476935 -10.3801 -0.949427 0.00708483 0.314309 172.281
0.313386 0.0426367 0.948817 219.273 -0.00758094 0.999138 -0.0424002 -10.4222 -0.949742 0.00608453 0.313467 172.589
0.308877 0.0413332 0.950326 220.117 -0.00830123 0.999202 -0.0407658 -10.4665 -0.951178 0.00469738 0.309002 172.943
0.309201 0.0424089 0.950198 221.049 -0.0109349 0.999166 -0.041042 -10.5092 -0.951081 0.00229002 0.309433 173.211
0.30691 0.0499227 0.950555 222.039 -0.0113567 0.998812 -0.0487951 -10.5296 -0.951787 0.00417555 0.30714 173.561
0.306556 0.0524239 0.950558 222.945 -0.0108639 0.998678 -0.0515803 -10.568 -0.951937 0.00547591 0.306747 173.832
0.304417 0.054334 0.951118 223.889 -0.0135745 0.998588 -0.0527059 -10.614 -0.95256 0.00312928 0.304753 174.14
0.30268 0.0504823 0.951903 224.82 -0.0152648 0.998794 -0.048121 -10.6603 -0.953116 2.54436e-05 0.303113 174.427
0.301439 0.0451562 0.952545 225.783 -0.0146099 0.999048 -0.0427424 -10.6947 -0.953492 -0.00103686 0.30184 174.71
0.298661 0.0421469 0.95358 226.767 -0.0142608 0.999179 -0.0397017 -10.7196 -0.954402 -0.00175082 0.299045 175
0.29721 0.0439808 0.953929 227.713 -0.0168015 0.999095 -0.0408334 -10.742 -0.954784 -0.00389591 0.297707 175.264
0.293323 0.0456297 0.955076 228.646 -0.0177754 0.999017 -0.0422758 -10.7716 -0.955997 -0.0045852 0.293874 175.551
0.28916 0.0459076 0.956309 229.569 -0.0175898 0.999005 -0.0426435 -10.8103 -0.957238 -0.00449488 0.289708 175.842
0.284685 0.0454576 0.957694 230.487 -0.0187168 0.999018 -0.0418612 -10.8441 -0.958587 -0.00601653 0.285284 176.128
0.280876 0.0444805 0.958845 231.415 -0.0186831 0.99906 -0.0408784 -10.8792 -0.959683 -0.00643668 0.281471 176.399
0.2774 0.0443553 0.95988 232.338 -0.0200727 0.999055 -0.0403703 -10.9105 -0.960693 -0.0080773 0.278056 176.666
0.274432 0.04562 0.960656 233.241 -0.021535 0.998985 -0.0412934 -10.9433 -0.961486 -0.0093596 0.275165 176.916
0.270854 0.0464575 0.961649 234.176 -0.0240211 0.998921 -0.0414982 -10.9788 -0.962469 -0.011868 0.271706 177.18
0.266845 0.0462052 0.962763 235.139 -0.0267737 0.998891 -0.0405233 -11.0103 -0.963487 -0.0149671 0.267816 177.456
0.263518 0.0477896 0.963621 236.047 -0.0315131 0.998737 -0.0409193 -11.0412 -0.964289 -0.0195911 0.26472 177.712
0.262595 0.0529478 0.963585 236.957 -0.0359045 0.998411 -0.0450816 -11.0726 -0.96436 -0.022762 0.264107 177.94
0.260115 0.0591777 0.963914 237.882 -0.0389923 0.998022 -0.0507554 -11.0951 -0.964938 -0.0243895 0.261938 178.195
0.257911 0.0624312 0.964283 238.8 -0.0413978 0.997781 -0.0535323 -11.1189 -0.965404 -0.0261154 0.259952 178.438
0.254915 0.0605402 0.965217 239.716 -0.0435939 0.997816 -0.0510774 -11.1555 -0.966129 -0.0290633 0.257027 178.691
0.249979 0.0582296 0.966631 240.632 -0.04399 0.997916 -0.0487427 -11.1879 -0.967373 -0.0303403 0.252049 178.961
0.245541 0.05617 0.967909 241.544 -0.0446809 0.997988 -0.0465865 -11.2171 -0.968504 -0.0318141 0.247588 179.222
0.241531 0.0559605 0.968911 242.494 -0.0446155 0.997994 -0.0465232 -11.2522 -0.969489 -0.0319944 0.243573 179.468
0.235138 0.0560117 0.970498 243.371 -0.044902 0.997972 -0.046724 -11.2875 -0.971076 -0.0325968 0.237207 179.742
0.230752 0.0586961 0.971373 244.306 -0.0455311 0.997811 -0.0494823 -11.3191 -0.97207 -0.0328122 0.232949 179.97
0.228616 0.0630355 0.971623 245.286 -0.046496 0.997544 -0.0537826 -11.3473 -0.972557 -0.0328868 0.231017 180.157
0.224612 0.0571471 0.972906 246.207 -0.037035 0.998133 -0.0500839 -11.389 -0.973868 -0.0247849 0.22634 180.346
0.220557 0.0526025 0.974105 247.128 -0.037587 0.998336 -0.0454061 -11.4237 -0.974801 -0.0266057 0.222199 180.55
0.215386 0.0540149 0.975168 248.028 -0.0373522 0.998269 -0.0470496 -11.4666 -0.975939 -0.0262934 0.217062 180.752
0.211367 0.06627 0.975309 248.922 -0.0360203 0.997625 -0.059986 -11.5079 -0.976895 -0.0224582 0.213284 180.943
0.206586 0.0780273 0.975449 249.812 -0.0348458 0.996846 -0.0723639 -11.5549 -0.977933 -0.0190428 0.208685 181.12
0.200763 0.0821487 0.976341 250.697 -0.0360369 0.9965 -0.0764409 -11.6099 -0.97913 -0.0198435 0.203053 181.31
0.197198 0.0774571 0.977436 251.578 -0.0396348 0.996767 -0.0709974 -11.6666 -0.979688 -0.0247418 0.199663 181.454
0.190406 0.072615 0.979169 252.486 -0.0412061 0.99705 -0.0659345 -11.6992 -0.980992 -0.0277989 0.192871 181.668
0.185104 0.0687028 0.98045 253.394 -0.0426465 0.997254 -0.0618335 -11.7462 -0.981918 -0.0303692 0.187558 181.856
0.179321 0.0686991 0.981544 254.313 -0.0462436 0.997123 -0.0613475 -11.8025 -0.982857 -0.0343942 0.182018 182.04
0.173835 0.0669538 0.982631 255.185 -0.0494036 0.997102 -0.0592044 -11.8509 -0.98366 -0.0382554 0.176673 182.173
0.166821 0.0633754 0.984104 256.095 -0.0534294 0.997125 -0.0551632 -11.8962 -0.984693 -0.0433819 0.169764 182.345
0.160667 0.0596454 0.985339 256.996 -0.0546398 0.997258 -0.051462 -11.9535 -0.985621 -0.0455722 0.163521 182.492
0.153479 0.0607492 0.986438 257.906 -0.0509775 0.997345 -0.0534957 -11.9958 -0.986991 -0.0420803 0.156206 182.646
0.148002 0.0653455 0.986961 258.784 -0.0475167 0.997211 -0.0589033 -12.0261 -0.987971 -0.0381808 0.150731 182.767
0.142562 0.0668186 0.987682 259.668 -0.0457985 0.997172 -0.0608567 -12.0788 -0.988883 -0.0365636 0.145257 182.885
0.137123 0.0660011 0.988491 260.562 -0.0458457 0.997211 -0.0602285 -12.1142 -0.989621 -0.0370603 0.139803 183.008
0.1313 0.063137 0.989487 261.46 -0.0473876 0.997309 -0.0573545 -12.1675 -0.990368 -0.0393637 0.133977 183.131
0.124325 0.0614952 0.990473 262.349 -0.0449409 0.997483 -0.0562943 -12.2212 -0.991351 -0.0375148 0.126813 183.269
0.119567 0.0642125 0.990906 263.197 -0.0435166 0.997366 -0.0593872 -12.256 -0.992031 -0.0360255 0.122086 183.384
0.118924 0.0676776 0.990735 264.335 -0.0431718 0.997164 -0.0629395 -12.3133 -0.992092 -0.0352876 0.121547 183.45
0.114079 0.0686366 0.991259 265.183 -0.0422986 0.997123 -0.0641817 -12.3684 -0.992732 -0.0346121 0.116694 183.577
0.11132 0.0662496 0.991716 266.069 -0.0368052 0.997448 -0.0625061 -12.4274 -0.993231 -0.0295432 0.113513 183.674
0.109337 0.063763 0.99212 266.952 -0.0353168 0.997641 -0.0602329 -12.4735 -0.993539 -0.0284586 0.111372 183.772
0.106409 0.0620021 0.992529 267.829 -0.033923 0.997782 -0.0586984 -12.5246 -0.993873 -0.0274249 0.108315 183.886
0.10412 0.0595382 0.992944 268.689 -0.0318272 0.997976 -0.0565097 -12.5769 -0.994218 -0.0257252 0.105846 183.999
0.103235 0.0610552 0.992924 269.595 -0.0298835 0.997937 -0.0582614 -12.6255 -0.994338 -0.0236589 0.104886 184.091
0.101718 0.0624519 0.993014 270.478 -0.0280502 0.997893 -0.0598925 -12.6723 -0.994581 -0.0217686 0.103297 184.202
0.101894 0.0631899 0.992929 271.341 -0.0246691 0.997918 -0.0609807 -12.7262 -0.99462 -0.0182825 0.10328 184.296
0.103969 0.0639512 0.992687 272.215 -0.0228339 0.997904 -0.0619031 -12.7781 -0.994482 -0.0162381 0.105252 184.369
0.104445 0.0643567 0.99259 273.066 -0.0219934 0.997894 -0.0623912 -12.8252 -0.994419 -0.0153156 0.10568 184.465
0.105587 0.0642509 0.992499 273.904 -0.0199846 0.99793 -0.062484 -12.8745 -0.994373 -0.0132452 0.106694 184.568
0.10679 0.063008 0.992427 274.742 -0.0196476 0.998014 -0.0612534 -12.9236 -0.994219 -0.0129593 0.107854 184.671
0.108771 0.0609387 0.992364 275.577 -0.0183015 0.998158 -0.0592958 -12.9732 -0.994062 -0.0117205 0.109727 184.77
0.111747 0.0578975 0.992194 276.404 -0.0180005 0.998342 -0.056234 -13.018 -0.993706 -0.0115779 0.112642 184.87
0.114056 0.0553717 0.992097 277.218 -0.0188585 0.998473 -0.0535665 -13.0551 -0.99346 -0.0126084 0.114966 184.986
0.117418 0.0528754 0.99182 278.019 -0.0198279 0.998594 -0.0508944 -13.1039 -0.993016 -0.0136919 0.118339 185.087
0.121466 0.0533987 0.991327 278.82 -0.0243711 0.998499 -0.050806 -13.146 -0.992462 -0.0179963 0.122624 185.192
0.127507 0.054619 0.990479 279.594 -0.0265865 0.998399 -0.0516384 -13.1879 -0.991613 -0.0197506 0.128792 185.272
0.130525 0.0535217 0.99017 280.338 -0.0263287 0.998464 -0.0505066 -13.2323 -0.991262 -0.019485 0.131771 185.393
0.133601 0.0512558 0.989856 281.094 -0.026861 0.998569 -0.0480869 -13.2685 -0.990803 -0.0201658 0.134823 185.505
0.137702 0.04845 0.989461 281.835 -0.0284109 0.998674 -0.0449545 -13.3034 -0.990233 -0.0219285 0.138933 185.604
0.141897 0.0467034 0.988927 282.558 -0.0307933 0.998698 -0.0427521 -13.3399 -0.989535 -0.0243873 0.143186 185.704
0.14629 0.0473006 0.988284 283.305 -0.0296102 0.998707 -0.0434237 -13.373 -0.988965 -0.0229182 0.147537 185.812
0.149903 0.0485201 0.987657 283.972 -0.0291283 0.998664 -0.0446456 -13.4031 -0.988404 -0.0220777 0.15115 185.928
0.153351 0.050405 0.98706 284.669 -0.0294906 0.998576 -0.0464188 -13.4346 -0.987898 -0.0219979 0.154655 186.037
0.156412 0.0530213 0.986417 285.336 -0.0302765 0.998432 -0.0488721 -13.471 -0.987361 -0.0222222 0.157806 186.156
0.159399 0.0536047 0.985933 285.996 -0.0331559 0.998342 -0.0489263 -13.5019 -0.986823 -0.0248974 0.160947 186.275
0.161172 0.0558389 0.985495 286.643 -0.037163 0.998119 -0.050482 -13.5108 -0.986359 -0.0284882 0.162978 186.419
0.163869 0.0550208 0.985122 287.245 -0.0383318 0.998133 -0.0493787 -13.5508 -0.985902 -0.029676 0.165707 186.54
0.166574 0.0548755 0.984651 287.856 -0.0393413 0.998111 -0.0489759 -13.5796 -0.985377 -0.0305798 0.168451 186.653
0.170062 0.0557435 0.984032 288.465 -0.0405842 0.998036 -0.0495305 -13.6124 -0.984764 -0.0315187 0.172024 186.757
0.172782 0.058842 0.983352 289.05 -0.0433804 0.997787 -0.0520891 -13.6447 -0.984138 -0.0336584 0.174984 186.875
0.17544 0.0579253 0.982962 289.633 -0.0448104 0.997793 -0.0508091 -13.6814 -0.983637 -0.0351381 0.177682 186.982
0.178475 0.0581763 0.982375 290.191 -0.0460298 0.997739 -0.0507293 -13.7086 -0.983001 -0.0361651 0.180781 187.091
0.181386 0.0574009 0.981915 290.736 -0.0480294 0.997711 -0.0494597 -13.742 -0.982406 -0.038194 0.183761 187.197
0.183202 0.0587122 0.981475 291.275 -0.0476426 0.997661 -0.0507933 -13.7584 -0.982055 -0.0374549 0.185602 187.314
0.185876 0.0596774 0.980941 291.805 -0.0486227 0.99758 -0.0514843 -13.7854 -0.981537 -0.0381306 0.18836 187.426
0.18837 0.0611541 0.980348 292.333 -0.0486722 0.997502 -0.0528779 -13.8074 -0.981027 -0.037755 0.190907 187.534
0.190975 0.0619632 0.97982 292.852 -0.0474417 0.997513 -0.0538433 -13.8368 -0.980616 -0.0362057 0.193472 187.639
0.195546 0.0631131 0.978817 293.299 -0.0483901 0.997421 -0.0546512 -13.8698 -0.979635 -0.0366781 0.198126 187.717
0.197547 0.0641275 0.978379 293.781 -0.0490949 0.997345 -0.055466 -13.8923 -0.979233 -0.03708 0.200202 187.815
0.199185 0.0660133 0.977892 294.311 -0.0493889 0.997226 -0.0572642 -13.9133 -0.978852 -0.0368905 0.201923 187.933
0.20092 0.067143 0.977489 294.806 -0.0502124 0.997134 -0.0581797 -13.9426 -0.978489 -0.0373958 0.203746 188.029
0.201276 0.0682823 0.977308 295.322 -0.0493058 0.997099 -0.0595161 -13.9652 -0.978428 -0.0362074 0.204089 188.143
0.202765 0.0689882 0.97698 295.82 -0.0492543 0.997061 -0.0601923 -13.9888 -0.978156 -0.0359188 0.205598 188.209
0.202666 0.0688705 0.97698 296.327 -0.0504996 0.997022 -0.0598132 -14.0081 -0.97808 -0.0372146 0.20557 188.313
0.202257 0.0682894 0.977135 296.851 -0.0512165 0.997029 -0.059087 -14.0248 -0.978162 -0.0380975 0.205185 188.413
0.200597 0.0689709 0.977401 297.37 -0.0499241 0.997033 -0.0601157 -14.0522 -0.978536 -0.0367363 0.203475 188.517
0.199471 0.0719276 0.977449 297.894 -0.0473758 0.996935 -0.0637023 -14.078 -0.978928 -0.0336038 0.202299 188.611
0.197663 0.0755029 0.977517 298.444 -0.0420922 0.996854 -0.0684906 -14.1087 -0.979502 -0.0276074 0.20025 188.718
0.195937 0.0799503 0.977539 298.993 -0.0396885 0.996593 -0.0735624 -14.1375 -0.979982 -0.0243874 0.198474 188.816
0.194212 0.0829863 0.977604 299.548 -0.0408794 0.996327 -0.0764598 -14.1685 -0.980246 -0.0251137 0.196921 188.918
0.191738 0.0838636 0.978045 300.134 -0.0417367 0.996232 -0.0772498 -14.1912 -0.980728 -0.0260122 0.194548 189.041
0.193165 0.0798326 0.978076 300.694 -0.0368038 0.996666 -0.074087 -14.244 -0.980617 -0.0216853 0.195488 189.11
0.190429 0.0734067 0.979145 301.26 -0.0271609 0.997307 -0.069495 -14.2922 -0.981496 -0.0133663 0.191943 189.235
0.18896 0.0725921 0.97946 301.887 -0.0260784 0.997377 -0.0688943 -14.3258 -0.981779 -0.0125252 0.190386 189.331
0.187065 0.0765114 0.979556 302.494 -0.0311414 0.997017 -0.0719376 -14.3573 -0.982027 -0.0170526 0.188922 189.441
0.186257 0.0790737 0.979476 303.116 -0.0344852 0.996762 -0.0739168 -14.3878 -0.982037 -0.0200097 0.18841 189.549
0.184268 0.078098 0.979961 303.741 -0.0307476 0.996901 -0.0736759 -14.411 -0.982567 -0.0165604 0.186131 189.665
0.183237 0.0762559 0.980271 304.361 -0.0256571 0.997113 -0.0727756 -14.4423 -0.982876 -0.0118164 0.184695 189.781
0.180622 0.076414 0.980772 305.005 -0.0240927 0.997116 -0.0732598 -14.479 -0.983429 -0.010403 0.181976 189.912
0.177454 0.0792902 0.981094 305.662 -0.0290022 0.996833 -0.0753218 -14.5047 -0.983845 -0.0150881 0.179222 190.049
0.175122 0.0822554 0.981297 306.337 -0.0312556 0.99656 -0.0779665 -14.5383 -0.984223 -0.0170221 0.177125 190.176
0.17304 0.0851925 0.98139 307.02 -0.0325186 0.9963 -0.0807584 -14.5821 -0.984522 -0.0179388 0.175201 190.309
0.170369 0.0878216 0.981652 307.765 -0.0314003 0.996093 -0.0836738 -14.6198 -0.985053 -0.0165735 0.172495 190.464
0.168992 0.0861805 0.98201 308.452 -0.0342446 0.99618 -0.0815363 -14.6786 -0.985166 -0.0198492 0.17133 190.583
0.167366 0.0871227 0.982232 309.191 -0.0380528 0.99601 -0.081871 -14.7153 -0.985333 -0.0236779 0.170049 190.714
0.165541 0.0882249 0.982418 309.911 -0.0390937 0.995893 -0.0828532 -14.7687 -0.985573 -0.0246899 0.168342 190.835
0.163553 0.0935619 0.982283 310.653 -0.0349531 0.995511 -0.0890128 -14.8158 -0.986089 -0.0197795 0.166125 190.972
0.161152 0.0999861 0.982022 311.411 -0.0338361 0.994929 -0.0957528 -14.8648 -0.986495 -0.0177961 0.163751 191.111
0.160032 0.103911 0.981823 312.183 -0.0339965 0.994527 -0.0997261 -14.9226 -0.9867 -0.017423 0.162725 191.242
0.159493 0.101341 0.982154 312.934 -0.0303374 0.994852 -0.0977297 -14.9851 -0.986879 -0.0142081 0.161779 191.358
0.159048 0.0944218 0.982944 313.728 -0.0250858 0.995572 -0.0915876 -15.0623 -0.987128 -0.0100962 0.16075 191.469
0.157802 0.0906454 0.983474 314.501 -0.0214478 0.995959 -0.0883603 -15.137 -0.987385 -0.00715051 0.159141 191.586
0.154233 0.0911268 0.984024 315.277 -0.0191588 0.995917 -0.0892376 -15.1987 -0.988026 -0.00509492 0.155387 191.748
0.152015 0.0932977 0.984138 316.069 -0.0180899 0.995733 -0.0916081 -15.256 -0.98836 -0.00387785 0.153088 191.898
0.152077 0.0941408 0.984074 316.877 -0.0171138 0.995647 -0.092615 -15.3247 -0.988396 -0.00276231 0.153066 192.003
0.152207 0.0929887 0.984139 317.668 -0.0170705 0.995766 -0.0914529 -15.3957 -0.988348 -0.00288078 0.153184 192.114
0.152213 0.0912965 0.984321 318.471 -0.016451 0.995913 -0.0898393 -15.4586 -0.988386 -0.00252436 0.153131 192.25
0.152556 0.0906261 0.984306 319.297 -0.0151074 0.995988 -0.0893659 -15.5104 -0.988327 -0.00123788 0.153347 192.388
0.153719 0.090273 0.98418 320.141 -0.0148367 0.996009 -0.089052 -15.5725 -0.98818 -0.000919139 0.154483 192.527
0.155724 0.0880149 0.98405 320.961 -0.0142355 0.996222 -0.0868574 -15.6383 -0.987848 -0.000483981 0.156423 192.647
0.157134 0.0864899 0.983981 321.886 -0.0111832 0.996342 -0.0858018 -15.7036 -0.98769 0.00247131 0.157564 192.805
0.161031 0.0845739 0.983501 322.739 -0.0094165 0.996511 -0.0841581 -15.778 -0.987056 0.00428937 0.1613 192.911
0.161152 0.0835968 0.983583 323.629 -0.00907785 0.996582 -0.0832258 -15.8501 -0.987065 0.00447567 0.161398 193.092
0.163262 0.0835906 0.983217 324.487 -0.00827171 0.996589 -0.0833612 -15.92 -0.9867 0.00547524 0.16343 193.256
0.168181 0.0824985 0.982499 325.347 -0.00568775 0.996649 -0.0827243 -15.98 -0.985918 0.00831629 0.168124 193.363
0.170556 0.0811837 0.982181 326.226 -0.00360685 0.996748 -0.081769 -16.0414 -0.985494 0.0104014 0.170327 193.515
0.172085 0.0809308 0.981953 327.165 -0.00165991 0.996737 -0.0818693 -16.0911 -0.98526 0.0124497 0.171694 193.718
0.176662 0.0816187 0.981066 328.046 -0.00054788 0.996666 -0.0828255 -16.1565 -0.984424 0.0140919 0.17615 193.845
0.180201 0.0823547 0.980379 328.951 0.000749035 0.996573 -0.0838638 -16.2164 -0.98381 0.0158377 0.179557 194.003
0.184434 0.083879 0.979445 329.876 0.000446593 0.996447 -0.085427 -16.2783 -0.982998 0.0161905 0.183773 194.161
0.18721 0.0854978 0.978798 330.782 -0.00186364 0.996331 -0.0866843 -16.3455 -0.982499 0.0143958 0.186717 194.338
0.188879 0.0877712 0.978258 331.685 -0.00335725 0.996152 -0.0887367 -16.4011 -0.982149 0.0134743 0.188478 194.529
0.190853 0.0887714 0.977803 332.641 -0.00573713 0.996083 -0.0893229 -16.4716 -0.981784 0.0114301 0.190648 194.724
0.192577 0.0876366 0.97755 333.578 -0.00593568 0.996191 -0.0881472 -16.5463 -0.981419 0.0111709 0.192394 194.911
0.193655 0.0854512 0.977549 334.526 -0.00618513 0.996383 -0.085884 -16.6137 -0.981232 0.0105778 0.193516 195.112
0.195299 0.082638 0.977446 335.474 -0.00640812 0.996631 -0.0829887 -16.6891 -0.980878 0.00994201 0.195201 195.293
0.197036 0.082287 0.977146 336.408 -0.00475491 0.996637 -0.0829815 -16.7583 -0.980567 0.0116959 0.196797 195.473
0.198676 0.0846725 0.976591 337.348 -0.00248737 0.996403 -0.0858932 -16.8271 -0.980217 0.0146334 0.198203 195.648
0.199285 0.0845994 0.976493 338.275 -0.00339606 0.996418 -0.0856445 -16.8877 -0.980119 0.0137431 0.198891 195.841
0.19729 0.083271 0.976993 339.19 -0.00582602 0.996569 -0.0837721 -16.9623 -0.980483 0.0108331 0.197128 196.072
0.195746 0.0822954 0.977407 340.109 -0.00832535 0.996674 -0.0822624 -17.0306 -0.980803 0.00795775 0.195813 196.29
0.196881 0.0839126 0.977021 341.063 -0.0100088 0.996552 -0.0835822 -17.0987 -0.980531 0.00667505 0.197072 196.476
0.198485 0.084762 0.976646 341.987 -0.00992739 0.996475 -0.0844778 -17.172 -0.980239 0.00706469 0.19866 196.643
0.199643 0.0853181 0.97634 342.904 -0.00980144 0.996426 -0.0850786 -17.2443 -0.979976 0.00741382 0.199796 196.817
0.199426 0.0859336 0.976352 343.828 -0.011582 0.996384 -0.0853434 -17.3222 -0.98003 0.00570465 0.199732 197.018
0.199517 0.0859331 0.976312 344.745 -0.0111466 0.996382 -0.0854313 -17.4056 -0.979987 0.00616077 0.199783 197.212
0.202621 0.0853002 0.975751 345.645 -0.0115589 0.996437 -0.084721 -17.4865 -0.979376 0.00588065 0.202917 197.348
0.204135 0.0836991 0.975552 346.59 -0.00998713 0.996565 -0.0834217 -17.5576 -0.979048 0.00728429 0.2043 197.53
0.203891 0.0849526 0.975516 347.506 -0.0106692 0.996461 -0.0845593 -17.6267 -0.979122 0.00682579 0.204109 197.737
0.204325 0.0869405 0.975229 348.391 -0.00956934 0.996279 -0.0868216 -17.6999 -0.979013 0.00840573 0.204427 197.922
0.2059 0.0886984 0.974763 349.334 -0.00663743 0.996088 -0.0892498 -17.7631 -0.978737 0.0118988 0.205715 198.11
0.206899 0.085005 0.974858 350.245 -0.00375761 0.996382 -0.0860939 -17.8319 -0.978512 0.0141473 0.206499 198.304
0.209723 0.0816733 0.974563 351.168 -0.00189001 0.996638 -0.0831295 -17.9064 -0.977946 0.0155834 0.209204 198.487
0.21319 0.0822383 0.97374 352.055 0.00228007 0.996508 -0.0846701 -17.9874 -0.977165 0.0202682 0.212287 198.66
0.217853 0.086689 0.972345 352.982 0.00824637 0.99595 -0.0906542 -18.0624 -0.976135 0.0277571 0.216287 198.837
0.221575 0.0884608 0.971321 353.908 0.0114721 0.995674 -0.0933056 -18.1418 -0.975233 0.0318136 0.21963 199.03
0.224477 0.0875262 0.970761 354.8 0.0147208 0.995642 -0.0931863 -18.223 -0.974558 0.0351971 0.22224 199.24
0.226695 0.0870489 0.970267 355.672 0.0159184 0.995636 -0.0930542 -18.297 -0.973993 0.0365358 0.224348 199.46
0.228307 0.0900064 0.969642 356.585 0.0164083 0.995325 -0.0962665 -18.3711 -0.973643 0.0378766 0.225791 199.694
0.23079 0.0890479 0.969123 357.47 0.0166712 0.9954 -0.0954428 -18.4575 -0.97302 0.038179 0.228271 199.919
0.234951 0.0858016 0.968439 358.388 0.0160451 0.995724 -0.0921246 -18.5358 -0.972071 0.0371712 0.232596 200.132
0.241043 0.0822517 0.967227 359.291 0.0140332 0.996108 -0.0882155 -18.6075 -0.970573 0.0348323 0.238975 200.324
0.245517 0.0809481 0.966235 360.2 0.0124209 0.99627 -0.0866333 -18.6832 -0.969509 0.0332596 0.243621 200.562
0.251483 0.0804149 0.964722 361.089 0.0105214 0.996363 -0.0858059 -18.7524 -0.967966 0.0317245 0.249746 200.772
0.257382 0.0799732 0.963224 361.977 0.00959218 0.996415 -0.0853049 -18.8139 -0.96646 0.0311837 0.255715 200.993
0.263196 0.0799868 0.961633 362.883 0.00931118 0.996407 -0.0854393 -18.8827 -0.964861 0.0314366 0.261529 201.263
0.271451 0.0808213 0.959282 363.755 0.00633468 0.996404 -0.0857537 -18.9722 -0.962638 0.0293433 0.269982 201.463
0.278744 0.0825643 0.95701 364.648 0.00437333 0.996287 -0.0872359 -19.0302 -0.960507 0.0284984 0.277369 201.749
0.287033 0.0841952 0.954445 365.533 0.0019376 0.996185 -0.0884723 -19.0964 -0.958127 0.0272329 0.285791 202.038
0.295985 0.0846482 0.951632 366.432 0.000872779 0.996149 -0.0888884 -19.1661 -0.955341 0.0271373 0.29479 202.336
0.30637 0.0844215 0.948394 367.293 -0.00103043 0.996197 -0.0883563 -19.2529 -0.952109 0.0260824 0.305308 202.598
0.31516 0.084374 0.945471 368.183 -0.00253346 0.99622 -0.0880659 -19.3278 -0.949176 0.0253573 0.314198 202.907
0.323364 0.0845303 0.942725 369.035 -0.00423858 0.996229 -0.0878865 -19.4005 -0.946462 0.0244138 0.322517 203.206
0.329574 0.0856641 0.940426 369.989 -0.00573416 0.996147 -0.0887377 -19.4474 -0.944253 0.0238512 0.328809 203.578
0.336694 0.085782 0.937941 370.902 -0.00820061 0.996178 -0.0881786 -19.5269 -0.941782 0.021988 0.336123 203.892
0.343394 0.085603 0.935475 371.755 -0.00982687 0.996219 -0.087562 -19.6066 -0.939281 0.020874 0.342949 204.193
0.349434 0.0862677 0.933223 372.629 -0.0102181 0.996151 -0.0882728 -19.6835 -0.937108 0.0213004 0.348981 204.511
0.354212 0.0864066 0.931357 373.488 -0.0108754 0.996143 -0.0882888 -19.7484 -0.935241 0.0211425 0.353796 204.844
0.359776 0.0867988 0.929233 374.371 -0.0124232 0.996128 -0.088251 -19.8206 -0.933156 0.0201976 0.35947 205.171
0.364069 0.0870498 0.927487 375.23 -0.0124188 0.996095 -0.088622 -19.8853 -0.931428 0.0207448 0.363737 205.514
0.369039 0.0872086 0.925557 376.12 -0.0123857 0.996069 -0.0889279 -19.9627 -0.929533 0.0213451 0.368676 205.862
0.373288 0.087259 0.923794 376.999 -0.0130151 0.996068 -0.0888343 -20.0311 -0.927763 0.021136 0.372963 206.217
0.377532 0.0862308 0.922218 377.851 -0.0133638 0.996166 -0.0876884 -20.1004 -0.926102 0.0207717 0.377243 206.58
0.381542 0.0850352 0.920625 378.694 -0.0143755 0.996292 -0.0860745 -20.1716 -0.924378 0.0196051 0.381356 206.95
0.38549 0.0830312 0.919215 379.568 -0.0136938 0.996456 -0.0842792 -20.2405 -0.922812 0.019892 0.385266 207.332
0.389098 0.081272 0.917798 380.438 -0.0139627 0.996612 -0.08234 -20.3081 -0.921229 0.0192215 0.38892 207.723
0.392739 0.0802515 0.91639 381.311 -0.0151766 0.996722 -0.0807962 -20.3724 -0.919728 0.0178151 0.392674 208.113
0.397532 0.080666 0.914232 382.163 -0.0154795 0.996682 -0.0812185 -20.4397 -0.917598 0.0181331 0.397465 208.479
0.402698 0.0840534 0.911716 382.999 -0.0176944 0.996411 -0.0840607 -20.5125 -0.915366 0.0177102 0.402742 208.844
0.407763 0.0872652 0.909104 383.877 -0.0195693 0.996135 -0.08685 -20.5844 -0.913019 0.0176223 0.407895 209.22
0.411825 0.0890118 0.907158 384.846 -0.0203867 0.995976 -0.0884868 -20.635 -0.91124 0.0179385 0.411983 209.629
0.415643 0.086597 0.90559 385.699 -0.0219149 0.996223 -0.0852142 -20.69 -0.909407 0.0155711 0.41597 210.015
0.416541 0.0866218 0.905236 386.525 -0.0276168 0.996305 -0.0826435 -20.7385 -0.908904 0.00941762 0.417393 210.413
0.418625 0.0889595 0.903986 387.383 -0.0326506 0.996123 -0.082915 -20.8051 -0.907715 0.00519386 0.419905 210.813
0.420412 0.09374 0.902736 388.259 -0.0355346 0.995696 -0.0868601 -20.8833 -0.906844 0.0044328 0.421933 211.218
0.422134 0.0978782 0.90143 389.066 -0.0365984 0.995285 -0.0909388 -20.9577 -0.905938 0.00539743 0.423724 211.593
0.423623 0.0983075 0.900747 389.908 -0.0387524 0.99526 -0.0904132 -21.0395 -0.905216 0.00338974 0.425423 211.973
0.425157 0.0943814 0.900382 390.732 -0.0417748 0.995636 -0.0846494 -21.1272 -0.904299 -0.00162373 0.427242 212.349
0.426466 0.0907816 0.900197 391.532 -0.04516 0.995956 -0.0790598 -21.2067 -0.903583 -0.00694035 0.428839 212.727
0.426395 0.0890874 0.900336 392.326 -0.0467518 0.99608 -0.0764289 -21.2768 -0.903472 -0.0095028 0.428885 213.124
0.425895 0.0881958 0.900725 393.088 -0.0466774 0.996163 -0.0754859 -21.3443 -0.903776 -0.00989803 0.428376 213.508
0.426081 0.0891888 0.900474 393.881 -0.046904 0.996069 -0.0764724 -21.4064 -0.903613 -0.00965171 0.428586 213.882
0.426081 0.0899653 0.900462 394.673 -0.0479401 0.996 -0.076842 -21.4713 -0.903623 -0.0104307 0.428686 214.262
0.426295 0.0853152 0.900749 395.417 -0.0420173 0.996438 -0.0745023 -21.5295 -0.903752 -0.00608684 0.428357 214.627
0.426719 0.083238 0.900808 396.221 -0.0408385 0.996623 -0.0727617 -21.5914 -0.903672 -0.00574349 0.428674 214.992
0.426688 0.0850491 0.900589 396.974 -0.0415149 0.996465 -0.074443 -21.6659 -0.90359 -0.0056238 0.428705 215.358
0.426649 0.08882 0.900309 397.745 -0.0405631 0.996153 -0.0790693 -21.7278 -0.903716 -0.0027895 0.428608 215.728
0.427235 0.0918549 0.899661 398.516 -0.0398023 0.995877 -0.0827855 -21.8002 -0.903409 -0.000439652 0.429124 216.093
0.428334 0.0903887 0.899354 399.318 -0.0406115 0.996017 -0.0807776 -21.8722 -0.902914 -0.00192927 0.430296 216.429
0.430116 0.0874155 0.898729 400.115 -0.0401813 0.996273 -0.0776817 -21.9301 -0.902024 -0.00269997 0.432019 216.785
0.431705 0.0874036 0.898038 400.862 -0.0409748 0.996278 -0.0772839 -21.9923 -0.90129 -0.0034382 0.433678 217.145
0.432463 0.0886229 0.897485 401.68 -0.0414016 0.996166 -0.0784258 -22.0581 -0.900846 -0.00324078 0.434467 217.53
0.434221 0.0906193 0.896506 402.47 -0.0397266 0.995998 -0.0814511 -22.1263 -0.900139 -0.000253165 0.43608 217.908
0.435386 0.091129 0.89582 403.27 -0.0393373 0.995945 -0.0822041 -22.1942 -0.89953 0.000551203 0.437197 218.298
0.436186 0.0896712 0.895648 404.074 -0.0397076 0.996082 -0.0804055 -22.26 -0.899189 -0.000497937 0.438035 218.699
0.436714 0.0870115 0.895583 404.915 -0.0395096 0.996313 -0.0775405 -22.3223 -0.898879 -0.00152145 0.438533 219.111
0.437882 0.0862442 0.895158 405.727 -0.0376906 0.996385 -0.0775767 -22.3876 -0.898453 0.000223784 0.439546 219.514
0.43931 0.0854851 0.89446 406.541 -0.0337139 0.996436 -0.0786812 -22.4544 -0.89785 0.00440863 0.440617 219.923
0.440029 0.0842242 0.894297 407.379 -0.0302649 0.996529 -0.078977 -22.5235 -0.897684 0.00767825 0.441047 220.344
0.441565 0.0819114 0.893685 408.201 -0.0280271 0.996705 -0.0775143 -22.5903 -0.896939 0.00917814 0.442395 220.765
0.443317 0.0796229 0.893094 409.053 -0.022696 0.996837 -0.0776217 -22.6638 -0.896289 0.0141314 0.443716 221.184
0.44424 0.0771143 0.892786 409.856 -0.0185402 0.996975 -0.076897 -22.7299 -0.895864 0.017605 0.444315 221.609
0.444881 0.0750942 0.89271 410.701 -0.0211273 0.997194 -0.07337 -22.7892 -0.895552 0.0137705 0.445213 222.037
0.444983 0.0699009 0.893011 411.501 -0.0235845 0.997627 -0.0663469 -22.8599 -0.895379 0.00845885 0.445563 222.468
0.446632 0.0647879 0.892644 412.335 -0.0227574 0.997989 -0.0610617 -22.9316 -0.89464 0.00694834 0.447201 222.883
0.448187 0.065754 0.891723 413.187 -0.0230176 0.997919 -0.0620247 -22.9916 -0.893794 0.00726985 0.448754 223.287
0.449278 0.0675611 0.891109 413.981 -0.0230607 0.997793 -0.0640379 -23.05 -0.893306 0.00821118 0.449838 223.701
0.450856 0.0687894 0.890148 414.82 -0.0225004 0.997695 -0.0657128 -23.1099 -0.892464 0.00959431 0.45135 224.116
0.452227 0.0667289 0.88968 415.689 -0.0212579 0.997833 -0.06405 -23.1686 -0.891862 0.0100419 0.452657 224.533
0.453328 0.0637428 0.889268 416.471 -0.0205361 0.998032 -0.0610793 -23.2285 -0.891258 0.00942247 0.45373 224.939
0.453949 0.0626719 0.889097 417.256 -0.0218061 0.998119 -0.0592377 -23.2796 -0.890973 0.00749272 0.454453 225.356
0.454837 0.0631517 0.88854 418.068 -0.0231855 0.998094 -0.0590788 -23.3388 -0.890425 0.00626572 0.455418 225.758
0.454871 0.0627002 0.888626 418.829 -0.0236182 0.99813 -0.0583514 -23.3949 -0.890458 0.00554442 0.455492 226.169
0.454281 0.0607319 0.888993 419.611 -0.0230329 0.998251 -0.0564354 -23.445 -0.890712 0.00515707 0.454869 226.574
0.453501 0.0581665 0.889634 420.388 -0.0228646 0.998412 -0.0536374 -23.4918 -0.891176 0.0039733 0.454102 226.978
0.45293 0.0561693 0.889982 421.157 -0.0237959 0.998529 -0.0509196 -23.543 -0.891381 0.00188053 0.453584 227.37
0.451865 0.0560478 0.890603 421.887 -0.0244187 0.998541 -0.0504653 -23.582 -0.891968 0.00104622 0.452564 227.753
0.451573 0.0568721 0.890629 422.593 -0.022483 0.998486 -0.0523696 -23.6298 -0.892103 0.00361947 0.45215 228.122
0.450066 0.0612578 0.891175 423.356 -0.0232302 0.998223 -0.0568995 -23.6708 -0.89291 0.00489577 0.45068 228.511
0.448906 0.067164 0.891261 424.086 -0.0260966 0.997842 -0.0620604 -23.715 -0.893351 0.00459508 0.449673 228.886
0.449435 0.0716751 0.890715 424.828 -0.0279009 0.997531 -0.0662076 -23.7584 -0.893094 0.00489378 0.450314 229.228
0.448307 0.0729643 0.891107 425.551 -0.0282617 0.997432 -0.0674608 -23.8018 -0.893587 0.00505385 0.4492 229.603
0.446922 0.0697234 0.892134 426.272 -0.0299409 0.997681 -0.0629879 -23.8503 -0.894289 0.00142961 0.447962 229.972
0.445008 0.0660123 0.893301 426.992 -0.0306205 0.997929 -0.0584993 -23.893 -0.895157 -0.00132567 0.446091 230.347
0.446518 0.0633798 0.89281 427.69 -0.0295255 0.998106 -0.0561025 -23.9486 -0.894504 -0.00131962 0.447532 230.67
0.446817 0.0634916 0.892581 428.423 -0.0273226 0.998092 -0.0573287 -23.9955 -0.894362 0.00122262 0.447683 231.014
0.446883 0.0654063 0.89248 429.136 -0.0280008 0.997973 -0.0591316 -24.037 -0.89437 0.0014247 0.447798 231.364
0.446144 0.0661703 0.892723 429.817 -0.0276265 0.997916 -0.0601701 -24.0798 -0.894689 0.00217667 0.447026 231.724
0.445479 0.0672436 0.893045 430.52 -0.0271689 0.997847 -0.0615969 -24.1117 -0.895096 0.00316668 0.446336 232.076
0.445917 0.0675597 0.892733 431.217 -0.0268289 0.997819 -0.0621206 -24.1605 -0.894827 0.00374444 0.44674 232.421
0.446499 0.0681681 0.892466 431.932 -0.0254523 0.997773 -0.0634931 -24.2081 -0.894639 0.0056235 0.447229 232.765
0.447248 0.0701985 0.891864 432.631 -0.0273296 0.997634 -0.0648275 -24.2507 -0.894148 0.00461444 0.448091 233.109
0.446206 0.069531 0.892508 433.321 -0.0268507 0.997683 -0.064316 -24.2997 -0.894744 0.00472307 0.447028 233.476
0.447003 0.0686545 0.892108 434.027 -0.0271342 0.997745 -0.0631973 -24.3421 -0.894277 0.00403741 0.44784 233.825
0.447385 0.0675993 0.892067 434.73 -0.0264022 0.997818 -0.062387 -24.3775 -0.894168 0.00434787 0.448183 234.189
0.449496 0.0669078 0.890988 435.431 -0.0262008 0.997862 -0.0617248 -24.4105 -0.893055 0.00439489 0.45027 234.53
0.450281 0.0645612 0.890835 436.114 -0.0254035 0.99802 -0.0595035 -24.4575 -0.892743 0.0041522 0.451018 234.891
0.451437 0.0628766 0.890301 436.799 -0.0253359 0.998128 -0.0576546 -24.5063 -0.892101 0.00346523 0.452166 235.25
0.45199 0.0635482 0.890042 437.468 -0.026514 0.99809 -0.0578131 -24.5495 -0.891848 0.00252188 0.4528 235.612
0.452683 0.0655382 0.889477 438.128 -0.0287182 0.997963 -0.0589255 -24.5887 -0.891367 0.00112518 0.453624 235.972
0.455691 0.0668928 0.887911 438.777 -0.0290276 0.997872 -0.0602954 -24.6244 -0.889885 0.00169195 0.456652 236.288
0.458222 0.066999 0.886526 439.43 -0.0296455 0.997865 -0.0601 -24.6616 -0.888501 0.00125242 0.45921 236.618
0.461005 0.0667845 0.885172 440.076 -0.0306548 0.997881 -0.0593387 -24.6973 -0.88709 0.000210905 0.462064 236.934
0.463802 0.0657856 0.883714 440.708 -0.0305807 0.997947 -0.0582497 -24.7329 -0.885573 -1.3172e-05 0.464841 237.241
0.466172 0.0655833 0.882554 441.325 -0.0310653 0.997961 -0.0577665 -24.7717 -0.884373 -0.00049707 0.467247 237.548
0.468727 0.065645 0.881123 441.933 -0.0316447 0.997956 -0.0575255 -24.8087 -0.882939 -0.000924063 0.469824 237.85
0.469623 0.0657898 0.880707 442.531 -0.0317613 0.997946 -0.0576277 -24.8424 -0.88252 -0.00091838 0.470736 238.168
0.471992 0.0650639 0.879422 443.136 -0.0303792 0.997995 -0.0575421 -24.8835 -0.881243 0.000438305 0.472999 238.474
0.472982 0.0641293 0.87903 443.702 -0.0290006 0.998053 -0.0572243 -24.9174 -0.88082 0.00156357 0.473907 238.788
0.474305 0.0641367 0.878245 444.282 -0.0291193 0.998054 -0.0571702 -24.9587 -0.880042 0.00153692 0.475226 239.093
0.475868 0.0660179 0.877329 444.859 -0.0319758 0.997931 -0.0577652 -24.9946 -0.879162 -0.000574063 0.476978 239.397
0.477156 0.0662921 0.876539 445.401 -0.0325463 0.997913 -0.0577649 -25.0292 -0.87838 -0.000970092 0.478294 239.693
0.47801 0.0677319 0.876033 445.925 -0.0342327 0.997812 -0.0584851 -25.0461 -0.877915 -0.0020413 0.479267 239.983
0.478951 0.0665063 0.875543 446.449 -0.0341488 0.997896 -0.0571303 -25.1029 -0.877341 -0.0025409 0.48019 240.28
0.479139 0.0669307 0.875477 446.96 -0.0358735 0.99786 -0.0566704 -25.1324 -0.877235 -0.00426171 0.480497 240.571
0.481836 0.0712526 0.873584 447.463 -0.041585 0.997539 -0.0584361 -25.1141 -0.875438 -0.00817534 0.483588 240.781
0.482292 0.0690885 0.873574 447.947 -0.0410811 0.997683 -0.0562399 -25.16 -0.875276 -0.00877048 0.483994 241.061
0.482116 0.0701927 0.873517 448.427 -0.0419401 0.997607 -0.0570261 -25.1738 -0.875267 -0.00914619 0.48388 241.339
0.483783 0.0722068 0.872498 448.833 -0.0431797 0.997457 -0.0586229 -25.2171 -0.874352 -0.00932021 0.485652 241.527
0.484985 0.0751086 0.871518 449.312 -0.0444263 0.997249 -0.0612313 -25.251 -0.873558 -0.00902577 0.486962 241.779
0.484651 0.0780189 0.871517 449.707 -0.0459727 0.997019 -0.0637063 -25.2824 -0.873729 -0.00919725 0.486776 242.027
0.486079 0.0792647 0.87054 450.167 -0.0460426 0.996931 -0.0650739 -25.3208 -0.872866 -0.00845424 0.488212 242.275
0.487089 0.0815171 0.869837 450.557 -0.0470107 0.996748 -0.0671041 -25.344 -0.872318 -0.00821254 0.48932 242.466
0.487691 0.0809587 0.869486 450.97 -0.0461044 0.996804 -0.066964 -25.3773 -0.871964 -0.00743302 0.489841 242.693
0.486993 0.0798609 0.870044 451.366 -0.046348 0.996881 -0.0655787 -25.4039 -0.872406 -0.00839499 0.489158 242.929
0.485478 0.078941 0.870909 451.707 -0.0479704 0.996936 -0.0636341 -25.4382 -0.873098 -0.0108884 0.487752 243.129
0.483636 0.0778229 0.8721 452.057 -0.0481089 0.997007 -0.0623078 -25.4748 -0.874176 -0.0118275 0.485916 243.348
0.482283 0.0773483 0.872825 452.422 -0.0480447 0.997045 -0.0618196 -25.4984 -0.874863 -0.0121237 0.48455 243.559
0.479778 0.0781495 0.8742 452.753 -0.047216 0.996992 -0.0632318 -25.462 -0.876349 -0.0109453 0.48201 243.77
0.477595 0.0785299 0.875295 453.092 -0.0479622 0.996956 -0.0632857 -25.4776 -0.877436 -0.0117597 0.479885 243.988
0.476682 0.0774201 0.875958 453.439 -0.0472717 0.997042 -0.0624157 -25.5014 -0.878035 -0.0116618 0.478916 244.179
0.475427 0.0765169 0.876653 453.754 -0.0468785 0.997113 -0.0616188 -25.5262 -0.878673 -0.0118047 0.477619 244.367
0.474062 0.0759055 0.877511 454.034 -0.0462986 0.997159 -0.0612612 -25.5468 -0.879504 -0.0115923 0.476215 244.525
0.473245 0.075811 0.877895 454.356 -0.0469248 0.997159 -0.0608256 -25.568 -0.879848 -0.0124132 0.475436 244.695
0.47117 0.0759749 0.879061 454.615 -0.0480296 0.997127 -0.0604536 -25.5878 -0.880965 -0.013743 0.473451 244.879
0.470089 0.0762637 0.87955 454.898 -0.0502704 0.997071 -0.059597 -25.6296 -0.881354 -0.0162027 0.472525 245.032
0.468541 0.0767943 0.880395 455.174 -0.048697 0.997057 -0.0610724 -25.6157 -0.882331 -0.0142639 0.470887 245.21
0.467218 0.0772795 0.880991 455.451 -0.047495 0.997042 -0.0622825 -25.6265 -0.883033 -0.0127467 0.469487 245.368
0.466428 0.078127 0.8814 455.71 -0.0468767 0.996988 -0.0635844 -25.6467 -0.883548 -0.0116662 0.468672 245.51
0.465269 0.0795256 0.881823 455.95 -0.0459899 0.996897 -0.0656493 -25.6317 -0.884141 -0.0100139 0.467464 245.657
0.464852 0.0793291 0.882125 456.168 -0.0467379 0.996901 -0.0650397 -25.646 -0.884385 -0.0110014 0.467106 245.757
0.465426 0.0782716 0.881852 456.417 -0.0462428 0.996986 -0.0640962 -25.6594 -0.884045 -0.0109507 0.467624 245.903
0.464707 0.0784965 0.882276 456.606 -0.0480858 0.996944 -0.0633895 -25.686 -0.88439 -0.0129734 0.467048 246.06
0.464819 0.0781949 0.882179 456.844 -0.0493338 0.996945 -0.0623855 -25.7126 -0.884196 -0.0145264 0.467239 246.221
0.465808 0.0783372 0.88171 457.059 -0.0507742 0.996913 -0.0617668 -25.7345 -0.883661 -0.0160019 0.468334 246.353
0.466733 0.0788535 0.881108 457.278 -0.0512073 0.996869 -0.0620998 -25.7403 -0.88308 -0.016138 0.469292 246.521
0.468966 0.0797132 0.879911 457.499 -0.0513028 0.99681 -0.062979 -25.7474 -0.881959 -0.0156121 0.471544 246.693
0.471475 0.0793818 0.878534 457.656 -0.0504792 0.99685 -0.0629941 -25.745 -0.880601 -0.0146505 0.473978 246.879
0.475962 0.0796186 0.876155 457.883 -0.0519371 0.996814 -0.0623876 -25.7902 -0.878166 -0.015816 0.478565 247.091
0.484602 0.0797941 0.871324 458.116 -0.0534622 0.996784 -0.0615616 -25.8223 -0.873269 -0.0167527 0.487289 247.22
0.493311 0.0808081 0.866395 458.351 -0.0547346 0.9967 -0.0618154 -25.843 -0.868367 -0.0169324 0.496087 247.4
0.5028 0.0810565 0.860833 458.582 -0.05475 0.996694 -0.0618827 -25.8637 -0.862839 -0.0160186 0.505551 247.583
0.514638 0.0812557 0.853857 458.811 -0.0569772 0.996653 -0.0605224 -25.8822 -0.855753 -0.0175078 0.517522 247.77
0.52898 0.0828506 0.844824 459.063 -0.0595311 0.996508 -0.0604634 -25.8975 -0.846719 -0.0183116 0.532035 247.955
0.542338 0.0854351 0.836121 459.281 -0.0637554 0.996247 -0.0604627 -25.8969 -0.837985 -0.0205195 0.54572 248.197
0.558509 0.0869416 0.825181 459.519 -0.0650863 0.996133 -0.0609135 -25.9188 -0.827123 -0.019689 0.561971 248.406
0.574631 0.089229 0.813859 459.735 -0.0664835 0.995957 -0.0622731 -25.9391 -0.815963 -0.0183278 0.578204 248.612
0.58808 0.0908974 0.803938 459.902 -0.0669096 0.995841 -0.0636636 -25.9323 -0.806219 -0.0163537 0.591673 248.886
0.605333 0.0942469 0.790709 460.128 -0.0723515 0.995485 -0.0632872 -25.9467 -0.792941 -0.018902 0.609378 249.098
0.616788 0.0981152 0.781257 460.388 -0.0775437 0.995063 -0.0637599 -25.98 -0.783495 -0.0212563 0.621302 249.369
0.620936 0.103495 0.777339 460.585 -0.0841906 0.994432 -0.0651704 -25.9992 -0.779596 -0.0249789 0.626147 249.581
0.61941 0.104933 0.778291 460.8 -0.0861099 0.994244 -0.0655301 -26.0219 -0.780527 -0.0264285 0.624831 249.8
0.614815 0.106592 0.781776 461.002 -0.0875467 0.994041 -0.0667069 -26.0255 -0.784066 -0.0274298 0.620439 249.971
0.607874 0.107004 0.787056 461.265 -0.0873582 0.993991 -0.0676801 -26.0525 -0.789407 -0.0276143 0.613521 250.13
0.597947 0.106132 0.794814 461.514 -0.0833929 0.994169 -0.0700378 -26.067 -0.79745 -0.0244042 0.60327 250.24
0.586766 0.104975 0.803183 461.762 -0.0793708 0.994357 -0.0719894 -26.0807 -0.806046 -0.0215086 0.591744 250.347
0.57238 0.102339 0.813904 462.026 -0.073833 0.994699 -0.0731702 -26.1056 -0.816915 -0.0182146 0.576867 250.465
0.556629 0.101484 0.824792 462.297 -0.0716303 0.994792 -0.0740724 -26.1381 -0.827851 -0.0178502 0.560963 250.565
0.540487 0.100783 0.835613 462.566 -0.0698254 0.994864 -0.0748473 -26.1666 -0.8387 -0.0178961 0.544719 250.669
0.523401 0.100765 0.846354 462.828 -0.0704747 0.994814 -0.0748699 -26.1879 -0.849346 -0.0204604 0.527758 250.764
0.507471 0.100338 0.85612 463.107 -0.0700606 0.994829 -0.0750875 -26.209 -0.859061 -0.0218778 0.511854 250.87
0.490939 0.0991969 0.865769 463.36 -0.0653085 0.995006 -0.0769826 -26.2226 -0.868917 -0.0187491 0.494942 250.977
0.475486 0.0980843 0.874545 463.622 -0.0595274 0.995191 -0.0792714 -26.235 -0.877948 -0.0143711 0.479022 251.099
0.461449 0.0972519 0.882058 463.88 -0.0555017 0.995306 -0.080714 -26.2507 -0.885602 -0.011712 0.464662 251.215
0.44977 0.0973331 0.888127 464.128 -0.0546699 0.995297 -0.0814126 -26.2671 -0.891707 -0.0119413 0.452964 251.32
0.440524 0.0964026 0.892784 464.393 -0.0538121 0.99538 -0.0809402 -26.2744 -0.896298 -0.0123881 0.443662 251.438
0.432325 0.0929961 0.89721 464.622 -0.0520932 0.995698 -0.0781234 -26.3012 -0.900449 -0.0129681 0.435301 251.546
0.426088 0.0904628 0.90038 464.843 -0.0503404 0.995932 -0.0762523 -26.3312 -0.903451 -0.0128373 0.428896 251.667
0.423173 0.0907847 0.901787 465.065 -0.050852 0.995895 -0.0764161 -26.3599 -0.904856 -0.0135247 0.426045 251.789
0.426048 0.0914473 0.9003 465.256 -0.0500164 0.995853 -0.0774955 -26.3549 -0.903487 -0.0120147 0.428843 251.89
0.431804 0.0913315 0.897631 465.465 -0.0456505 0.995914 -0.0793917 -26.3403 -0.901048 -0.00670159 0.434201 251.995
0.43959 0.0911808 0.893793 465.634 -0.044155 0.995941 -0.0798967 -26.3209 -0.897284 -0.00434631 0.441817 252.104
0.449118 0.0907628 0.889152 465.8 -0.0472661 0.995965 -0.0778114 -26.3545 -0.89246 -0.00708579 0.451584 252.222
0.461116 0.0934173 0.882647 465.979 -0.0529916 0.995683 -0.0777086 -26.3615 -0.88593 -0.0109422 0.464057 252.349
0.473003 0.0966871 0.876046 466.132 -0.0583358 0.995334 -0.078376 -26.367 -0.87937 -0.0140366 0.476419 252.46
0.483422 0.0975153 0.870182 466.261 -0.0635637 0.995179 -0.0762229 -26.3848 -0.873253 -0.0184652 0.487267 252.591
0.494354 0.0974015 0.864097 466.375 -0.0668421 0.995138 -0.0739524 -26.3844 -0.866933 -0.0212016 0.498439 252.718
0.505486 0.0959553 0.857728 466.481 -0.067565 0.995263 -0.071536 -26.3972 -0.860364 -0.0217926 0.509548 252.822
0.519035 0.0937427 0.849913 466.587 -0.0580383 0.995658 -0.0743947 -26.3956 -0.853031 -0.0107196 0.522195 252.903
0.534133 0.0968526 0.840085 466.7 -0.0544532 0.995411 -0.0801506 -26.3847 -0.843828 -0.00293689 0.536923 252.976
0.546128 0.100708 0.83195 466.771 -0.0562167 0.995035 -0.0835673 -26.3663 -0.83607 -0.00113767 0.549046 253.079
0.558645 0.103949 0.823124 466.884 -0.0640542 0.994676 -0.0821528 -26.3663 -0.827117 -0.00683257 0.562292 253.163
0.56987 0.104632 0.815377 466.963 -0.0711278 0.994538 -0.077933 -26.3774 -0.818912 -0.0135878 0.574163 253.252
0.580857 0.102745 0.807757 467.037 -0.0708436 0.994735 -0.0755982 -26.3908 -0.811109 -0.0133141 0.585036 253.346
0.590834 0.104278 0.800363 467.108 -0.0752566 0.994532 -0.0740429 -26.379 -0.803544 -0.0164882 0.595409 253.413
0.601299 0.103602 0.792546 467.181 -0.0737145 0.994638 -0.0741072 -26.3725 -0.795813 -0.0138625 0.605666 253.477
0.611013 0.102866 0.785253 467.255 -0.0735207 0.994728 -0.0731229 -26.373 -0.788474 -0.0130565 0.615309 253.558
0.620937 0.101126 0.777582 467.33 -0.0724623 0.994919 -0.0715403 -26.377 -0.780705 -0.0119247 0.62506 253.622
0.63013 0.099318 0.770462 467.397 -0.0717654 0.995109 -0.0696055 -26.3766 -0.773446 -0.0114357 0.634127 253.68
0.637648 0.0999199 0.764097 467.458 -0.0724802 0.995052 -0.0696501 -26.3692 -0.767115 -0.0109711 0.641683 253.727
0.643829 0.104341 0.758377 467.501 -0.0788575 0.99455 -0.0699121 -26.3768 -0.761379 -0.0147947 0.648497 253.801
0.651023 0.112029 0.751029 467.528 -0.0885432 0.993622 -0.0714767 -26.381 -0.754086 -0.0199656 0.656734 253.866
0.655971 0.117758 0.745907 467.558 -0.0949924 0.9929 -0.0732385 -26.3769 -0.749075 -0.0228131 0.662445 253.92
0.659789 0.118248 0.742376 467.594 -0.0963666 0.992819 -0.0725065 -26.3722 -0.745459 -0.0237004 0.666389 253.958
0.665853 0.112804 0.737876 467.636 -0.0921043 0.99349 -0.0687921 -26.3775 -0.740671 -0.0221564 0.671854 253.991
0.670491 0.107903 0.73432 467.675 -0.0873732 0.994084 -0.0663096 -26.3776 -0.736972 -0.0197002 0.675892 254.025
0.672976 0.106662 0.732307 467.703 -0.0863672 0.99423 -0.0654671 -26.3726 -0.734904 -0.0191909 0.678249 254.067
0.677236 0.108816 0.727968 467.726 -0.0900687 0.993944 -0.0647968 -26.3678 -0.730451 -0.0216845 0.682874 254.107
0.680511 0.111229 0.724625 467.743 -0.0938608 0.993621 -0.0643985 -26.3709 -0.727004 -0.0241898 0.686553 254.142
0.683068 0.114333 0.721646 467.765 -0.0976542 0.993219 -0.0649398 -26.3683 -0.724018 -0.0261128 0.689537 254.177
