1 0 0 0 0 1 0 0 0 0 1 0
0.999999 0.000898474 0.00139677 -0.00625535 -0.000893254 0.999993 -0.00377217 -0.00717311 -0.0014002 0.00377101 0.999993 0.954732
0.999998 -0.000824585 0.00163787 -0.0119092 0.000831485 0.999991 -0.00424063 -0.0356606 -0.00163445 0.00424198 0.99999 1.93589
0.999995 -0.00209601 0.00258934 -0.0119322 0.00209708 0.999998 -0.000443951 -0.0349659 -0.0025884 0.000449531 0.999998 2.8885
0.99999 -0.004526 0.000766675 -0.00939738 0.00452306 0.999983 0.00377728 -0.0427161 -0.000783874 -0.00377375 0.999994 3.85264
0.999982 -0.00620914 -0.000448334 -0.00856549 0.00621115 0.999969 0.00487419 -0.0587401 0.000418098 -0.00487672 0.99999 4.7927
0.999962 -0.0087773 -0.000511766 -0.0095697 0.00877837 0.99996 0.00216934 -0.0717225 0.000492465 -0.00217369 0.999999 5.73488
0.999963 -0.00862671 -0.00177941 -0.00973095 0.00862707 0.999964 0.000265608 -0.0812299 0.00177713 -0.00028078 1 6.66005
0.999961 -0.00855389 -0.00247481 -0.0208685 0.00855151 0.999964 -0.000975859 -0.0894298 0.00248284 0.000954865 0.999998 7.59004
0.999972 -0.00749884 -0.00199943 -0.0328618 0.00749937 0.999973 0.000318719 -0.0954865 0.00199706 -0.000333519 1 8.52314
0.999958 -0.00835486 -0.00405434 -0.0417041 0.00836638 0.999962 0.00285681 -0.105868 0.0040301 -0.00289035 0.99999 9.45375
0.999955 -0.00847948 -0.00481064 -0.0528874 0.00850061 0.999956 0.00440379 -0.121877 0.00477315 -0.00444431 0.999983 10.3728
0.999955 -0.00893151 -0.00341289 -0.0820312 0.00895322 0.99994 0.00645713 -0.130238 0.00335484 -0.00648715 0.999975 11.3088
0.999951 -0.00855184 -0.00541998 -0.0810173 0.00858845 0.999942 0.00678884 -0.129294 0.00536183 -0.00683479 0.999966 12.2218
0.999948 -0.00856424 -0.00579118 -0.100105 0.00859285 0.999952 0.00497577 -0.133815 0.00574805 -0.00502509 0.999973 13.1291
0.999944 -0.0085819 -0.00675753 -0.107878 0.00860015 0.999962 0.00268331 -0.133746 0.00673455 -0.00274101 0.999978 14.0467
0.999919 -0.00896976 -0.0092181 -0.112268 0.00898631 0.99996 0.00178195 -0.139442 0.00920155 -0.00186446 0.99996 14.948
0.999894 -0.00807653 -0.012348 -0.120149 0.0080875 0.999969 0.000837625 -0.106155 0.0123412 -0.000937278 0.999928 15.9116
0.999894 -0.00738381 -0.0127255 -0.133122 0.0073884 0.999975 0.000319652 -0.107484 0.0127228 -0.00041346 0.999923 16.7794
0.999861 -0.00557595 -0.0159273 -0.16589 0.00557794 0.999986 8.09024e-05 -0.118248 0.0159271 -0.000169599 0.999877 17.679
0.99979 -0.00814151 -0.0189139 -0.206952 0.0081543 0.999969 0.000603198 -0.12994 0.0189083 -0.00075708 0.999826 18.5939
0.999788 -0.00859945 -0.0189646 -0.235301 0.00863491 0.999963 0.00178816 -0.131533 0.0189491 -0.00195164 0.999824 19.4722
0.999727 -0.00823466 -0.0220003 -0.276596 0.00827402 0.999967 0.00169963 -0.128256 0.0219855 -0.00188095 0.999762 20.3705
0.99969 -0.00866414 -0.0235674 -0.29613 0.00871824 0.999962 0.00219284 -0.146658 0.023548 -0.00239772 0.999725 21.2396
0.999635 -0.00883145 -0.0256658 -0.326655 0.00888593 0.999961 0.00201026 -0.15001 0.0256469 -0.00223732 0.999674 22.0997
0.999561 -0.0087593 -0.0284971 -0.351616 0.00881998 0.999962 0.00200446 -0.163763 0.0284789 -0.00225497 0.999598 22.977
0.999501 -0.00842333 -0.0305583 -0.380688 0.00854944 0.999958 0.00399751 -0.173437 0.0305232 -0.00425641 0.999531 23.8274
0.999429 -0.00948183 -0.0326118 -0.413064 0.00969444 0.999936 0.00636728 -0.184476 0.0325498 -0.00667987 0.999454 24.6987
0.999337 -0.0102548 -0.0350244 -0.439156 0.0105261 0.999918 0.00756837 -0.198601 0.0349438 -0.0079316 0.999364 25.5516
0.999347 -0.0094212 -0.0350688 -0.472835 0.00966466 0.999934 0.00677705 -0.213613 0.0350031 -0.00711159 0.999368 26.3726
0.999304 -0.00769678 -0.0365931 -0.498711 0.00788821 0.999959 0.0050862 -0.207776 0.0365524 -0.00537087 0.999324 27.2083
0.999247 -0.00687244 -0.0383736 -0.535441 0.00700429 0.999974 0.00329861 -0.212732 0.0383504 -0.0035649 0.999265 28.0178
0.99921 -0.00675254 -0.0392415 -0.574176 0.00692881 0.999969 0.00435447 -0.216165 0.0392108 -0.00462248 0.999227 28.8137
0.999069 -0.0063368 -0.0428422 -0.613639 0.00651853 0.999974 0.00409923 -0.233125 0.0428155 -0.0043747 0.99908 29.6386
0.998985 -0.0057257 -0.0447613 -0.649459 0.00590266 0.999978 0.00382141 -0.239812 0.0447382 -0.00408134 0.998997 30.4123
0.998926 -0.00554907 -0.0461408 -0.686775 0.0057471 0.999979 0.00415504 -0.242954 0.0461171 -0.00441574 0.998934 31.1774
0.998801 -0.00556966 -0.0487204 -0.725106 0.00586288 0.999968 0.00587632 -0.24988 0.0486858 -0.00615451 0.998802 31.9583
0.998642 -0.00639226 -0.0518362 -0.770501 0.00676853 0.999956 0.00708246 -0.248862 0.0517888 -0.00742372 0.998639 32.7245
0.998556 -0.00637502 -0.0534227 -0.812432 0.00685712 0.99994 0.00884505 -0.251025 0.0533628 -0.00919822 0.998539 33.4636
0.998414 -0.00528309 -0.0561624 -0.856668 0.00580778 0.999945 0.00917864 -0.247762 0.056111 -0.00949027 0.998388 34.2085
0.998351 -0.00391735 -0.0573433 -0.908271 0.00441995 0.999955 0.00863816 -0.242938 0.0573065 -0.00887695 0.998324 34.9233
0.998145 -0.00239955 -0.0609488 -0.971196 0.00289492 0.999967 0.00803674 -0.248522 0.0609277 -0.00819831 0.998117 35.6476
0.998057 -0.00130592 -0.0623548 -1.02243 0.0019014 0.999955 0.00948912 -0.248039 0.0623392 -0.0095888 0.998015 36.3533
0.998018 -0.000607353 -0.0630487 -1.07054 0.00129213 0.999944 0.0108165 -0.252688 0.0630389 -0.0108765 0.997961 37.0401
0.997979 0.00150803 -0.0636051 -1.11914 -0.000793365 0.999939 0.0112567 -0.256401 0.0636177 -0.011183 0.997919 37.7143
0.998032 0.00399935 -0.0627141 -1.17979 -0.00337876 0.999948 0.00999317 -0.255691 0.062751 -0.00976151 0.997991 38.3928
0.998107 0.00567995 -0.0613148 -1.22349 -0.00523203 0.999961 0.00745857 -0.246843 0.0613542 -0.00712321 0.998099 39.0544
0.998191 0.00556241 -0.0600072 -1.26596 -0.00519373 0.99997 0.00629148 -0.251316 0.0600407 -0.00596822 0.998188 39.7015
0.998309 0.00574425 -0.0579361 -1.3045 -0.00533944 0.999963 0.00713354 -0.240628 0.0579742 -0.00681162 0.998303 40.3613
0.998423 0.00964167 -0.0554751 -1.34881 -0.00915211 0.99992 0.00906449 -0.253507 0.0555583 -0.00854218 0.998429 41.0124
0.998548 0.0138901 -0.0521524 -1.39044 -0.0132463 0.999835 0.0126622 -0.251845 0.0523189 -0.0119525 0.998567 41.6335
0.998624 0.0190291 -0.0490522 -1.44403 -0.0184358 0.999755 0.0125097 -0.248668 0.0492784 -0.0115879 0.998728 42.253
0.99882 0.0225003 -0.0431894 -1.47293 -0.0219547 0.999677 0.013055 -0.246237 0.0434685 -0.0120908 0.99899 42.8419
0.998933 0.0263597 -0.0381583 -1.50759 -0.0258007 0.999557 0.0150564 -0.249838 0.0385384 -0.0140556 0.999169 43.4256
0.99905 0.0300172 -0.0318153 -1.5289 -0.0295209 0.99944 0.0159362 -0.238141 0.0322751 -0.0149811 0.999376 43.9745
0.999183 0.0327028 -0.0241568 -1.54444 -0.0323147 0.999348 0.0162693 -0.230865 0.0246733 -0.0154751 0.999586 44.512
0.999174 0.0368621 -0.0175179 -1.57156 -0.0365718 0.999197 0.0165785 -0.251703 0.0181142 -0.0159234 0.999718 45.039
0.999153 0.040147 -0.0100553 -1.58433 -0.0399879 0.999083 0.0155045 -0.25045 0.0106686 -0.0150891 0.99984 45.5329
0.99905 0.0437257 -0.00155618 -1.58868 -0.043699 0.998951 0.0139555 -0.243967 0.00216409 -0.0138734 0.999911 45.9995
0.998998 0.0445186 0.00630126 -1.58803 -0.0445971 0.998924 0.0130059 -0.249673 -0.00571533 -0.0132736 0.999906 46.442
0.99887 0.0453701 0.0147143 -1.57077 -0.0455546 0.998887 0.0124987 -0.242731 -0.0141316 -0.0131541 0.999824 46.8717
0.998761 0.04483 0.0220068 -1.55953 -0.0451091 0.998909 0.0123858 -0.263257 -0.0214274 -0.013363 0.999691 47.2852
0.998495 0.0460736 0.030022 -1.55275 -0.046481 0.998838 0.0130395 -0.263117 -0.029387 -0.0144146 0.999475 47.6606
0.99807 0.0483363 0.0392215 -1.54655 -0.048881 0.998723 0.0130675 -0.269714 -0.0385396 -0.0149592 0.999155 48.0285
0.99749 0.0526622 0.0475038 -1.54048 -0.053308 0.998505 0.0124493 -0.267214 -0.0467776 -0.0149497 0.998804 48.3619
0.996862 0.0556723 0.0564311 -1.52637 -0.0564491 0.998334 0.0122776 -0.271693 -0.0556534 -0.0154243 0.998342 48.6788
0.996301 0.0551466 0.0660417 -1.49655 -0.0560998 0.998349 0.0126786 -0.277651 -0.0652339 -0.0163358 0.997747 48.9656
0.995624 0.05418 0.0762653 -1.47206 -0.0552071 0.998414 0.0114331 -0.282312 -0.0755247 -0.0155932 0.997033 49.2388
0.994685 0.053581 0.0880329 -1.43846 -0.054504 0.998484 0.00812329 -0.274505 -0.0874647 -0.0128774 0.996095 49.5125
0.993349 0.0543718 0.101592 -1.40149 -0.0550835 0.998477 0.00421877 -0.277562 -0.101208 -0.00978657 0.994829 49.7782
0.99163 0.0551562 0.116817 -1.37231 -0.0558823 0.998437 0.00295575 -0.275394 -0.116471 -0.00945823 0.99316 50.0463
0.989582 0.055828 0.132777 -1.34031 -0.0566511 0.998395 0.0024322 -0.270281 -0.132428 -0.00992862 0.991155 50.3163
0.987152 0.0560073 0.149707 -1.29629 -0.056886 0.998384 0.00159647 -0.270566 -0.149376 -0.0100915 0.988741 50.5638
0.984278 0.0554666 0.167757 -1.23837 -0.0563726 0.998414 0.00064367 -0.278938 -0.167455 -0.0100902 0.98584 50.8296
0.980815 0.0545211 0.187211 -1.17203 -0.0554748 0.998465 -0.000139934 -0.278062 -0.186931 -0.0102475 0.982332 51.0884
0.976787 0.054622 0.207181 -1.10564 -0.0556199 0.998456 -0.00100623 -0.28602 -0.206916 -0.0105403 0.978314 51.3287
0.97198 0.0562245 0.228286 -1.04462 -0.0572285 0.998363 -0.00222051 -0.284111 -0.228037 -0.0109055 0.973604 51.5855
0.966223 0.0572709 0.251307 -0.9573 -0.0581666 0.998304 -0.00386581 -0.283557 -0.251101 -0.0108822 0.967912 51.8302
0.959699 0.05856 0.274898 -0.893533 -0.0594441 0.998223 -0.00511704 -0.306179 -0.274709 -0.0114295 0.961473 52.0832
0.952035 0.0597666 0.300131 -0.798223 -0.0607268 0.99814 -0.00613449 -0.30661 -0.299938 -0.0123855 0.953891 52.3457
0.942895 0.0614668 0.3274 -0.710114 -0.0625776 0.998019 -0.00714776 -0.3151 -0.32719 -0.0137476 0.944872 52.603
0.932651 0.0617139 0.355491 -0.605587 -0.0628813 0.997991 -0.0082797 -0.3151 -0.355287 -0.0146314 0.934655 52.85
0.920868 0.0595953 0.38532 -0.47291 -0.0606549 0.998119 -0.00941382 -0.312994 -0.385156 -0.014702 0.922749 53.0964
0.90667 0.0572422 0.417964 -0.334427 -0.0574712 0.998279 -0.0120489 -0.317831 -0.417933 -0.0130963 0.908396 53.3282
0.890511 0.056323 0.451486 -0.200057 -0.0553836 0.998352 -0.0153046 -0.331958 -0.451604 -0.0113754 0.892161 53.5661
0.872355 0.0573128 0.485524 -0.045418 -0.0547299 0.998315 -0.0195087 -0.343158 -0.485823 -0.00955389 0.874019 53.8371
0.851506 0.0580434 0.521144 0.117897 -0.054252 0.998277 -0.0225408 -0.343893 -0.521553 -0.00907899 0.853186 54.0671
0.828117 0.0598101 0.557375 0.304745 -0.0548618 0.99817 -0.0255993 -0.344772 -0.557885 -0.00937916 0.82988 54.3225
0.802325 0.0619232 0.593687 0.495989 -0.0562546 0.998026 -0.0280718 -0.35413 -0.594252 -0.0108744 0.804223 54.5818
0.774505 0.0619815 0.629541 0.704927 -0.0550668 0.998021 -0.0305127 -0.367671 -0.630185 -0.0110343 0.776382 54.8189
0.743097 0.0621519 0.666309 0.950248 -0.0544295 0.997997 -0.0323879 -0.378583 -0.666986 -0.0121991 0.74499 55.0661
0.707888 0.0601018 0.703779 1.23418 -0.0516407 0.998116 -0.033295 -0.406808 -0.704452 -0.0127743 0.709654 55.3249
0.670575 0.0581846 0.739573 1.53381 -0.0495512 0.998211 -0.0336033 -0.427376 -0.740203 -0.0141128 0.672257 55.5706
0.629496 0.057113 0.774917 1.86136 -0.0479201 0.998255 -0.0346457 -0.432188 -0.775541 -0.0153245 0.631131 55.8199
0.584962 0.0563438 0.809117 2.20639 -0.0453433 0.9983 -0.0367357 -0.446327 -0.80981 -0.0151985 0.586522 56.0402
0.538902 0.055362 0.840561 2.58679 -0.0427321 0.998355 -0.038358 -0.478696 -0.8413 -0.0152475 0.540379 56.2691
0.491173 0.0526932 0.869482 2.99977 -0.0415167 0.998455 -0.0370558 -0.50205 -0.870089 -0.0178968 0.492601 56.4953
0.443316 0.05093 0.894931 3.40854 -0.0414226 0.998487 -0.0363038 -0.520952 -0.895423 -0.020976 0.444753 56.6894
0.394345 0.0503654 0.917596 3.85103 -0.0426345 0.99843 -0.0364789 -0.555134 -0.91799 -0.0247355 0.395871 56.8691
0.345692 0.0500279 0.937026 4.30728 -0.0395208 0.998473 -0.0387279 -0.568263 -0.937531 -0.0236438 0.347139 57.0138
0.299334 0.0455523 0.953075 4.77849 -0.0316371 0.99879 -0.0378002 -0.593697 -0.95364 -0.0188372 0.300411 57.1388
0.255339 0.0395527 0.966055 5.26848 -0.018409 0.999186 -0.0360432 -0.620646 -0.966693 -0.0085806 0.255857 57.2328
0.213594 0.0370525 0.976235 5.77682 -0.0115981 0.999312 -0.0353901 -0.645192 -0.97687 -0.00376302 0.213876 57.317
0.175515 0.0390961 0.983713 6.29416 -0.00866434 0.99924 -0.0381669 -0.639286 -0.984456 -0.00182403 0.175718 57.3944
0.142762 0.0391824 0.988997 6.82492 -0.00201779 0.999232 -0.0392959 -0.672712 -0.989772 0.00361453 0.14273 57.4549
0.113582 0.0379292 0.992818 7.37341 0.00432856 0.999249 -0.0386698 -0.689624 -0.993537 0.00868986 0.11333 57.5108
0.0892332 0.0354944 0.995394 7.9536 0.00986886 0.99929 -0.0365174 -0.712351 -0.995979 0.013082 0.0888185 57.5461
0.0693467 0.0346539 0.997004 8.53086 0.0136357 0.999277 -0.035681 -0.736288 -0.997517 0.0160694 0.0688216 57.5768
0.0530612 0.0354831 0.997978 9.11319 0.0149313 0.999235 -0.0363211 -0.748542 -0.998497 0.0168283 0.0524897 57.6046
0.0397614 0.0353901 0.998596 9.69909 0.0156544 0.999234 -0.0360357 -0.765345 -0.999104 0.0170654 0.0391746 57.6224
0.0279745 0.0363218 0.998966 10.3008 0.0158649 0.999204 -0.0367742 -0.785144 -0.9995 0.0168772 0.027375 57.6381
0.0191074 0.038045 0.999107 10.9026 0.0204149 0.999059 -0.0384333 -0.810937 -0.999627 0.0211312 0.0183105 57.6409
0.0118851 0.0390213 0.999186 11.5131 0.0242782 0.998939 -0.0392999 -0.831437 -0.999652 0.0247254 0.0109241 57.6434
0.00753123 0.0386053 0.999239 12.1491 0.0246408 0.99895 -0.0387794 -0.847474 -0.999686 0.0249142 0.00656987 57.6475
0.00320741 0.0363832 0.999351 12.7845 0.0224723 0.99909 -0.0364452 -0.868882 -0.99976 0.0225744 0.00238596 57.6574
0.00124947 0.0304357 0.999549 13.4535 0.0208978 0.999324 -0.0304547 -0.888465 -0.999798 0.0209265 0.000610442 57.6656
0.000465459 0.0261257 0.999677 14.1361 0.0207925 0.999449 -0.0261288 -0.906374 -0.999802 0.0207978 -7.89769e-05 57.6622
0.000265907 0.0248636 0.999705 14.8314 0.0232969 0.999426 -0.0248626 -0.92283 -0.999746 0.0232967 -0.000315635 57.6617
0.000313865 0.0262182 0.999674 15.5057 0.0259023 0.999328 -0.0262167 -0.952785 -0.999683 0.0259018 -0.000366537 57.6583
0.00229431 0.0331982 0.99946 16.211 0.0260767 0.999113 -0.0332464 -0.966192 -0.999675 0.0261388 0.00142445 57.6592
0.00457705 0.0404799 0.999188 16.9117 0.0260621 0.998844 -0.0405848 -0.995028 -0.999669 0.0262263 0.00351569 57.6569
0.00665332 0.0415665 0.999128 17.6126 0.0269814 0.99877 -0.041731 -1.00845 -0.999632 0.0272354 0.00552147 57.6691
0.00996513 0.0386314 0.999223 18.3536 0.0264713 0.998901 -0.0388824 -1.04995 -0.99962 0.0268377 0.00893037 57.6843
0.0127096 0.0332674 0.99938 19.074 0.0266008 0.999088 -0.0335957 -1.08474 -0.999584 0.0270112 0.0118108 57.6834
0.0162434 0.0321172 0.999371 19.8032 0.0256199 0.999151 -0.0325259 -1.10033 -0.99956 0.0261316 0.0154055 57.7069
0.0201284 0.035413 0.999185 20.5227 0.0295292 0.998922 -0.0359983 -1.14626 -0.99938 0.0302296 0.0190588 57.7107
0.0233995 0.0398268 0.998952 21.2487 0.031341 0.998694 -0.04055 -1.17804 -0.999255 0.0322564 0.0221196 57.7309
0.0247372 0.0408413 0.998876 21.9651 0.0261976 0.998803 -0.0414868 -1.19663 -0.99937 0.0271942 0.0236355 57.757
0.0294096 0.0392106 0.998818 22.7252 0.0219738 0.998972 -0.0398631 -1.22841 -0.999347 0.0231196 0.0285165 57.7949
0.0340427 0.0368754 0.998757 23.455 0.0246589 0.998992 -0.0377243 -1.2945 -0.999136 0.0259122 0.0330968 57.8108
0.0365352 0.0375488 0.998647 24.177 0.0287077 0.998851 -0.0386063 -1.34064 -0.998941 0.0300787 0.0354139 57.8351
0.0412027 0.0414506 0.998308 24.9311 0.0282342 0.9987 -0.0426317 -1.38316 -0.998772 0.0299427 0.0399764 57.8734
0.0450905 0.0434803 0.998057 25.66 0.0253836 0.998689 -0.0446542 -1.41419 -0.998682 0.0273471 0.0439263 57.9125
0.047663 0.0433226 0.997941 26.4002 0.0236987 0.998737 -0.0444887 -1.45898 -0.998603 0.0257701 0.0465737 57.9484
0.0516489 0.0421189 0.997798 27.1367 0.0268804 0.998699 -0.043548 -1.50338 -0.998325 0.0290698 0.0504482 57.985
0.0549801 0.0419751 0.997622 27.8712 0.0302165 0.998596 -0.0436809 -1.55258 -0.998051 0.0325459 0.0536322 58.0207
0.0568517 0.042685 0.997492 28.5965 0.0317963 0.998511 -0.0445406 -1.58536 -0.997898 0.034248 0.0554085 58.0628
0.0602707 0.0425443 0.997293 29.3412 0.0315096 0.99852 -0.0445004 -1.62824 -0.997706 0.034106 0.0588386 58.1077
0.0634462 0.0418587 0.997129 30.0874 0.0320379 0.998529 -0.0439558 -1.66702 -0.997494 0.0347341 0.0620103 58.1506
0.0661398 0.040447 0.997009 30.8242 0.0338859 0.998519 -0.0427559 -1.72379 -0.997257 0.036612 0.0646688 58.1941
0.0694974 0.0407419 0.996773 31.5673 0.0325353 0.998551 -0.0430829 -1.75711 -0.997075 0.0354237 0.0680696 58.2475
0.072737 0.0429769 0.996444 32.336 0.0304081 0.998519 -0.0452858 -1.78858 -0.99691 0.0335934 0.07132 58.3043
0.0747908 0.0430284 0.996294 33.085 0.0317444 0.998469 -0.0455053 -1.84325 -0.996718 0.0350293 0.0733089 58.3592
0.078118 0.0429097 0.99604 33.8327 0.0307303 0.998503 -0.0454257 -1.8719 -0.996493 0.0341566 0.07668 58.424
0.0793633 0.0428816 0.995947 34.6017 0.0305469 0.998509 -0.0454261 -1.90791 -0.996403 0.0340274 0.0779336 58.5002
0.0862982 0.042865 0.995367 35.3915 0.028676 0.998561 -0.0454886 -1.95762 -0.99588 0.0324682 0.0849423 58.5831
0.0880195 0.0442122 0.995162 36.1663 0.0268426 0.998555 -0.0467371 -1.98839 -0.995782 0.0308257 0.0867039 58.6508
0.0907498 0.0470368 0.994783 36.9223 0.0250026 0.99847 -0.0494917 -2.04829 -0.995583 0.0293629 0.0894323 58.7181
0.0948015 0.0470611 0.994408 37.6829 0.025219 0.998457 -0.0496569 -2.08316 -0.995202 0.0297847 0.0934666 58.789
0.0977126 0.0496017 0.993999 38.4608 0.0204519 0.998455 -0.0518342 -2.128 -0.995028 0.0253934 0.0965446 58.8654
0.0999312 0.0496643 0.993779 39.2456 0.016245 0.998548 -0.0515362 -2.1618 -0.994888 0.0212932 0.0989775 58.9599
0.103256 0.0491138 0.993463 40.0285 0.0174678 0.998545 -0.0511803 -2.2202 -0.994525 0.0226377 0.102245 59.042
0.106172 0.0498603 0.993122 40.8098 0.0178863 0.998494 -0.0520422 -2.26347 -0.994213 0.0232879 0.105118 59.1268
0.109274 0.0499434 0.992777 41.5949 0.0166704 0.998513 -0.0520666 -2.29777 -0.993896 0.022239 0.108276 59.2223
0.113341 0.0486804 0.992388 42.3896 0.0158196 0.998593 -0.0507915 -2.33973 -0.993456 0.0214552 0.11241 59.3149
0.11793 0.0480228 0.991882 43.1822 0.0160808 0.998616 -0.0502605 -2.3961 -0.992916 0.0218769 0.116992 59.4082
0.122082 0.0519465 0.991186 43.973 0.0129337 0.998471 -0.0539214 -2.42688 -0.992462 0.0194018 0.121221 59.52
0.128525 0.0592343 0.989959 44.7647 0.0107631 0.998082 -0.0611174 -2.48448 -0.991673 0.0185095 0.127638 59.6285
0.135525 0.0635215 0.988762 45.5593 0.00918061 0.997829 -0.0653624 -2.53456 -0.990758 0.0179348 0.134646 59.7385
0.141949 0.0664145 0.987668 46.3594 0.00544146 0.997689 -0.06787 -2.59046 -0.989885 0.0150076 0.141256 59.8694
0.149791 0.0654737 0.986574 47.1687 0.00180006 0.997794 -0.0664917 -2.64807 -0.988743 0.0117349 0.14934 60.0002
0.157955 0.0643393 0.985372 48.0063 0.00149095 0.997868 -0.0653938 -2.71876 -0.987471 0.0117975 0.157519 60.129
0.164631 0.06299 0.98437 48.8143 0.000987017 0.997956 -0.0640248 -2.7722 -0.986383 0.0115112 0.16423 60.2678
0.173042 0.0582313 0.983216 49.6302 -0.000901057 0.99827 -0.0589639 -2.82524 -0.984941 0.00931632 0.172792 60.4248
0.180292 0.0523278 0.98225 50.4334 -0.00185168 0.998611 -0.0528597 -2.86336 -0.98364 0.00771054 0.180136 60.5833
0.188324 0.0503029 0.980843 51.2527 -0.00167513 0.998713 -0.0508974 -2.89591 -0.982133 0.0079412 0.188162 60.7358
0.196749 0.052257 0.979091 52.0552 -0.0017823 0.998607 -0.0529407 -2.95094 -0.980482 0.00867025 0.196566 60.8976
0.203845 0.057951 0.977312 52.846 -0.00188735 0.998278 -0.0588002 -2.9967 -0.979029 0.0101407 0.203599 61.0449
0.208267 0.0591396 0.976314 53.619 -0.00198252 0.998205 -0.060043 -3.05239 -0.9781 0.0105685 0.208007 61.2135
0.214249 0.0614855 0.974868 54.3975 -0.00288026 0.998064 -0.062315 -3.10757 -0.976803 0.0105421 0.214007 61.3936
0.219575 0.0612058 0.973707 55.1584 -0.00413035 0.998092 -0.0618074 -3.15462 -0.975618 0.00954875 0.219405 61.5748
0.223985 0.0576168 0.972914 55.9258 -0.00104803 0.998276 -0.058877 -3.20284 -0.97462 0.012167 0.223655 61.7413
0.230005 0.0524938 0.971805 56.6883 0.000190839 0.998554 -0.0539838 -3.2435 -0.973221 0.0126011 0.229659 61.9186
0.233651 0.0460752 0.971255 57.4364 -0.000992273 0.998899 -0.0471476 -3.29468 -0.972349 0.0100513 0.233436 62.1033
0.236665 0.0437671 0.970638 58.2039 -0.00338087 0.999029 -0.0442228 -3.32534 -0.971617 0.0071836 0.23658 62.2941
0.241401 0.0430451 0.969498 58.9441 -0.00427287 0.999064 -0.0432936 -3.37488 -0.970446 0.0063076 0.241355 62.4729
0.243105 0.0440098 0.969034 59.6511 -0.00574452 0.999031 -0.0439311 -3.40799 -0.970015 0.00511256 0.243118 62.6589
0.24562 0.0474085 0.968234 60.3543 -0.00805573 0.99888 -0.0468652 -3.44001 -0.969362 0.00371022 0.245722 62.8498
0.247572 0.0510035 0.967559 61.0375 -0.00916902 0.998705 -0.0502992 -3.48073 -0.968858 0.0035804 0.247715 63.0325
0.249204 0.0550063 0.966915 61.7033 -0.00898478 0.998485 -0.0544863 -3.52898 -0.968439 0.00488964 0.249316 63.2323
0.252178 0.0555463 0.966119 62.3816 -0.00783015 0.998448 -0.0553613 -3.57436 -0.967682 0.00639526 0.252217 63.4121
0.253346 0.0558161 0.965791 63.0637 -0.00818539 0.998433 -0.055555 -3.6024 -0.967371 0.0061682 0.253402 63.5941
0.253772 0.0529983 0.965845 63.7254 -0.00891755 0.998597 -0.0524525 -3.65756 -0.967256 0.00469743 0.253884 63.7744
0.25534 0.0520337 0.965478 64.3702 -0.00992494 0.998651 -0.0511963 -3.69977 -0.966831 0.00348901 0.255507 63.9421
0.253956 0.051866 0.965858 65.0221 -0.009319 0.99866 -0.0511773 -3.73605 -0.967204 0.00399549 0.254095 64.1114
0.251384 0.0510333 0.966569 65.6558 -0.00926152 0.998702 -0.0503207 -3.76671 -0.967873 0.00369671 0.251526 64.283
0.249593 0.0525854 0.966956 66.2902 -0.0122171 0.99863 -0.0511544 -3.80608 -0.968307 0.000953944 0.249889 64.4351
0.245877 0.0550268 0.967766 66.9019 -0.0111255 0.998493 -0.0539468 -3.84078 -0.969267 0.00249618 0.246115 64.6071
0.244503 0.0591404 0.967877 67.4961 -0.0109964 0.998257 -0.0582188 -3.88464 -0.969621 0.00359102 0.244723 64.759
0.242433 0.0595456 0.968368 68.0883 -0.00982918 0.998226 -0.0589202 -3.92112 -0.97015 0.00476462 0.242584 64.9025
0.2398 0.059635 0.969023 68.6976 -0.010446 0.998226 -0.0588472 -3.96492 -0.970801 0.00398866 0.239993 65.0588
0.237886 0.0563665 0.969685 69.2726 -0.0103502 0.998417 -0.0554969 -3.98749 -0.97127 0.0031642 0.238088 65.2063
0.236067 0.0536123 0.970291 69.8346 -0.00982024 0.998571 -0.0527857 -4.02561 -0.971723 0.00293203 0.236252 65.3465
0.233387 0.0522746 0.971007 70.3953 -0.00742809 0.998633 -0.0519759 -4.07385 -0.972388 0.00491652 0.233452 65.4732
0.232075 0.0533518 0.971269 70.9341 -0.00394987 0.998552 -0.0539068 -4.115 -0.972726 0.00867354 0.231946 65.5996
0.229753 0.0547755 0.971735 71.4712 -0.00107495 0.998441 -0.056026 -4.15286 -0.973282 0.0118263 0.229449 65.7206
0.228119 0.0569709 0.972001 72.0357 -0.00256504 0.998331 -0.0579125 -4.17493 -0.973665 0.0107173 0.227882 65.8557
0.227493 0.0606561 0.971918 72.5847 -0.0034755 0.998115 -0.0614767 -4.22835 -0.973807 0.0106065 0.22727 66.0014
0.22574 0.059414 0.97241 73.1387 -0.0022961 0.998181 -0.0604559 -4.26366 -0.97422 0.0114141 0.225463 66.1488
0.225135 0.0573794 0.972665 73.6832 0.00033964 0.998272 -0.0589678 -4.31842 -0.974361 0.013605 0.224722 66.2681
0.227211 0.0558224 0.972281 74.2281 0.00496903 0.99829 -0.0584772 -4.35715 -0.973869 0.0181173 0.226542 66.3895
0.226947 0.0563163 0.972306 74.8021 0.0065888 0.998228 -0.0593547 -4.39789 -0.973919 0.0198757 0.226169 66.5314
0.2287 0.0562308 0.971909 75.3657 0.00488798 0.998266 -0.0589063 -4.4377 -0.973523 0.0182218 0.228025 66.6748
0.234486 0.056835 0.970487 75.9136 0.00274438 0.998259 -0.0591239 -4.47181 -0.97215 0.0165261 0.233917 66.8202
0.240276 0.056206 0.969114 76.4715 0.0032164 0.998285 -0.0586957 -4.52247 -0.970738 0.0172195 0.239679 66.9499
0.247454 0.0561976 0.967299 77.0393 0.00175828 0.998301 -0.0584478 -4.55447 -0.968934 0.016163 0.24693 67.1038
0.255549 0.0553664 0.965249 77.6068 0.00176754 0.998344 -0.0577334 -4.59428 -0.966834 0.0164592 0.255024 67.2609
0.264262 0.0546903 0.96293 78.1821 -0.000453143 0.99841 -0.0565806 -4.63456 -0.964486 0.0145147 0.263862 67.4408
0.272956 0.0550376 0.960491 78.7653 -0.00272496 0.998416 -0.056437 -4.68257 -0.962063 0.012787 0.272669 67.6133
0.281092 0.0578275 0.957969 79.3614 -0.00831582 0.998305 -0.0578217 -4.72794 -0.959681 0.00828594 0.281091 67.8257
0.289479 0.0602909 0.955324 79.9563 -0.0117913 0.998177 -0.0594232 -4.76585 -0.957152 0.00593683 0.289658 68.0181
0.300533 0.0621484 0.951777 80.5497 -0.0144054 0.998069 -0.060622 -4.79766 -0.953699 0.00450726 0.300843 68.2148
0.310627 0.0635458 0.948447 81.1577 -0.0157013 0.997984 -0.0617233 -4.85012 -0.950443 0.00428073 0.310994 68.4224
0.319219 0.0646017 0.94551 81.7722 -0.0169969 0.997917 -0.0624435 -4.88332 -0.947566 0.00386152 0.319646 68.6396
0.328356 0.0645809 0.942386 82.402 -0.0176236 0.997919 -0.0622469 -4.92539 -0.944431 0.00383064 0.328806 68.8767
0.338083 0.0660311 0.938831 83.0396 -0.0210861 0.997831 -0.0625869 -4.96424 -0.940918 0.00136244 0.338736 69.1213
0.349521 0.0632874 0.934831 83.6717 -0.0214859 0.998009 -0.0595321 -5.00219 -0.936724 0.000721773 0.35018 69.3721
0.357971 0.0562233 0.932074 84.3403 -0.0173173 0.998427 -0.0535746 -5.05024 -0.933611 0.0030364 0.358375 69.6409
0.368022 0.0536914 0.928308 85.026 -0.0172007 0.998568 -0.0509368 -5.06273 -0.929701 0.00277812 0.368414 69.9137
0.37833 0.0500787 0.924351 85.712 -0.0156344 0.998753 -0.0477104 -5.09612 -0.925578 0.00359776 0.378635 70.2104
0.3869 0.0505605 0.920778 86.3902 -0.0137679 0.998716 -0.0490559 -5.13831 -0.922062 0.00630225 0.387094 70.4963
0.395196 0.0473125 0.917415 87.0777 -0.00855159 0.998834 -0.0478276 -5.14593 -0.918597 0.011055 0.395132 70.8059
0.403713 0.0374431 0.914163 87.7858 0.00110052 0.999156 -0.0414111 -5.17959 -0.914929 0.0177238 0.403326 71.0991
0.409371 0.0326686 0.911822 88.496 0.00401933 0.9993 -0.0376072 -5.23666 -0.912402 0.0190593 0.408945 71.4252
0.417098 0.0314518 0.908362 89.1967 0.00740316 0.999265 -0.0379995 -5.2565 -0.908877 0.0225737 0.416553 71.7427
0.422798 0.0364482 0.905531 89.9049 0.00891487 0.998991 -0.0443723 -5.29787 -0.906223 0.0268323 0.422038 72.0758
0.429296 0.0400697 0.902319 90.6036 0.0137272 0.998626 -0.0508782 -5.32426 -0.903105 0.0342275 0.42815 72.4098
0.434737 0.0403978 0.899692 91.3104 0.0141308 0.998581 -0.051666 -5.35349 -0.90049 0.0351735 0.433541 72.7562
0.437933 0.0423184 0.898056 92.024 0.0103843 0.998602 -0.052121 -5.38246 -0.898994 0.0321506 0.436875 73.1159
0.44245 0.0446844 0.895722 92.6969 0.00646654 0.998589 -0.0530102 -5.41403 -0.896816 0.0292455 0.441528 73.4653
0.445496 0.0485015 0.894015 93.3912 0.00546468 0.998381 -0.0568874 -5.46964 -0.895314 0.0302279 0.444503 73.8009
0.448864 0.0514334 0.892162 94.0581 0.00334868 0.998255 -0.0592344 -5.51042 -0.89364 0.0295747 0.4479 74.141
0.451858 0.0540357 0.890498 94.7192 0.000742274 0.998157 -0.060946 -5.55897 -0.892137 0.0281993 0.450978 74.4728
0.455128 0.0529251 0.888896 95.4003 0.00131132 0.998208 -0.0601051 -5.60903 -0.890472 0.02852 0.454234 74.8317
0.458229 0.0497461 0.887488 96.0427 0.00247536 0.998374 -0.0572404 -5.66242 -0.888878 0.0284255 0.457354 75.158
0.46141 0.0482396 0.885919 96.6734 0.00182347 0.998484 -0.0553188 -5.70654 -0.887233 0.027139 0.460613 75.4901
0.463166 0.0451769 0.885166 97.2995 0.00378985 0.998606 -0.0529506 -5.74411 -0.886312 0.0278789 0.462342 75.8115
0.46509 0.0471981 0.884049 97.9042 0.00161095 0.998549 -0.0541587 -5.78206 -0.88531 0.0266118 0.46433 76.1384
0.467513 0.0474955 0.882757 98.508 0.00225053 0.998505 -0.054916 -5.83234 -0.884032 0.02766 0.4667 76.4556
0.468901 0.0461924 0.882088 99.1029 0.00404596 0.998527 -0.0544409 -5.87441 -0.883291 0.029095 0.468013 76.7653
0.46882 0.0446183 0.882214 99.6831 0.00678087 0.998529 -0.0541052 -5.92022 -0.883317 0.0313471 0.46782 77.0804
0.469724 0.0449172 0.881716 100.257 0.00582217 0.998543 -0.0539706 -5.9609 -0.882844 0.0304836 0.468768 77.3916
0.469868 0.0447073 0.881651 100.826 0.00786905 0.998482 -0.0548262 -6.0035 -0.882751 0.0326982 0.468795 77.7017
0.471856 0.0458356 0.88053 101.385 0.00712327 0.998435 -0.0557905 -6.04627 -0.881697 0.0325961 0.470781 78.0073
0.474959 0.0451021 0.8789 101.929 0.00829962 0.998429 -0.0557222 -6.08928 -0.880019 0.0337595 0.47383 78.2993
0.477559 0.0443296 0.877527 102.477 0.00997689 0.998406 -0.0558656 -6.14022 -0.878593 0.0354329 0.476346 78.5952
0.47963 0.0427539 0.876478 103.017 0.0129495 0.998375 -0.0557874 -6.17178 -0.877426 0.0381063 0.478289 78.8874
0.482408 0.0418429 0.874993 103.538 0.013953 0.998382 -0.0554365 -6.21841 -0.875886 0.0389505 0.481034 79.1672
0.484986 0.040574 0.87363 104.065 0.0150538 0.998405 -0.0547272 -6.25279 -0.874442 0.0396926 0.483595 79.4597
0.487762 0.0398932 0.872112 104.575 0.0153362 0.998428 -0.0542489 -6.29331 -0.872893 0.0398341 0.486373 79.7481
0.490871 0.0392393 0.870398 105.078 0.016598 0.9984 -0.0543717 -6.33037 -0.871125 0.0411354 0.489426 80.0315
0.493442 0.0405508 0.86888 105.597 0.0155786 0.998359 -0.0554409 -6.37461 -0.869691 0.0408914 0.49199 80.311
0.497246 0.039708 0.866751 106.092 0.01829 0.998268 -0.056227 -6.40706 -0.867469 0.0438106 0.49565 80.6091
0.501116 0.0421294 0.864402 106.581 0.0165468 0.998183 -0.0582424 -6.4398 -0.865274 0.0434879 0.499498 80.899
0.505837 0.047565 0.861368 107.066 0.013458 0.99794 -0.0630109 -6.47735 -0.862577 0.0434646 0.504146 81.1952
0.511013 0.0542303 0.857909 107.553 0.0085647 0.997655 -0.0681656 -6.51683 -0.859582 0.0421798 0.50934 81.5034
0.516473 0.060174 0.854239 108.026 0.00292753 0.997416 -0.0720308 -6.56077 -0.856352 0.039702 0.514953 81.806
0.521848 0.0647128 0.850629 108.528 0.000725979 0.997102 -0.0763014 -6.59426 -0.853091 0.0404337 0.520279 82.1156
0.526727 0.0653266 0.847573 109.007 -0.00235145 0.997169 -0.0753965 -6.64217 -0.850086 0.0377196 0.52538 82.4414
0.531503 0.0646133 0.844639 109.505 -0.0082597 0.997453 -0.0711058 -6.69498 -0.84707 0.0308151 0.530672 82.7814
0.536288 0.0627395 0.841753 110.013 -0.0122078 0.997724 -0.066588 -6.74512 -0.844002 0.0254338 0.535823 83.134
0.542758 0.061195 0.837707 110.516 -0.0176609 0.997972 -0.0614598 -6.78691 -0.839758 0.018562 0.542726 83.4784
0.547676 0.0600203 0.834589 111.038 -0.0190834 0.998079 -0.0592561 -6.83402 -0.836529 0.0165259 0.547758 83.8399
0.553519 0.0629496 0.830505 111.553 -0.0233552 0.997938 -0.0600748 -6.8779 -0.832564 0.0138547 0.553836 84.2049
0.560077 0.0668174 0.825796 112.064 -0.0272682 0.997708 -0.0622344 -6.91412 -0.828048 0.0123378 0.560605 84.5778
0.565916 0.0693847 0.82159 112.587 -0.0290229 0.99753 -0.0642521 -6.9502 -0.824008 0.0125151 0.56652 84.9544
0.572008 0.0714536 0.817185 113.131 -0.0308584 0.997387 -0.0656113 -6.99607 -0.819725 0.0123127 0.572706 85.3544
0.578893 0.0708834 0.81237 113.668 -0.0307173 0.997422 -0.0651412 -7.03273 -0.814882 0.0127546 0.579565 85.752
0.585277 0.0726408 0.807629 114.228 -0.0343336 0.997325 -0.0648228 -7.07198 -0.810165 0.0102103 0.586194 86.1731
0.591568 0.0713346 0.803149 114.79 -0.0346177 0.997426 -0.0630924 -7.12677 -0.80557 0.00951884 0.592502 86.5993
0.600151 0.0693263 0.796934 115.362 -0.0340222 0.997567 -0.0611595 -7.17572 -0.799223 0.00959132 0.601037 87.0452
0.607522 0.0689287 0.791363 115.939 -0.0346805 0.997599 -0.0602686 -7.21965 -0.793606 0.00916812 0.608441 87.4986
0.614704 0.0710292 0.785612 116.523 -0.0378344 0.997466 -0.0605812 -7.24138 -0.787911 0.00751647 0.615821 87.9819
0.621991 0.071644 0.779797 117.112 -0.0391605 0.997425 -0.0604032 -7.27743 -0.782105 0.00703154 0.623182 88.4682
0.628604 0.0723198 0.774415 117.707 -0.0402285 0.997377 -0.0604887 -7.32539 -0.776747 0.00687001 0.629852 88.9662
0.633634 0.0708473 0.770441 118.299 -0.0392987 0.99748 -0.0594049 -7.36927 -0.772696 0.00736208 0.634807 89.4689
0.638021 0.0693727 0.766949 118.91 -0.0380147 0.997577 -0.0586107 -7.42534 -0.769145 0.00823949 0.639098 89.9875
0.640966 0.0673548 0.764667 119.528 -0.0348524 0.997689 -0.0586661 -7.47201 -0.76684 0.0109509 0.641818 90.512
0.645048 0.0645357 0.761475 120.152 -0.0308097 0.997834 -0.0584695 -7.52587 -0.763586 0.0142547 0.645626 91.0327
0.648426 0.0587486 0.759067 120.797 -0.0243052 0.998127 -0.0564887 -7.58007 -0.760953 0.018178 0.648626 91.5615
0.652181 0.0530092 0.756272 121.428 -0.0186061 0.998391 -0.053936 -7.61563 -0.757902 0.0211045 0.652104 92.1067
0.655407 0.0519497 0.753548 122.073 -0.0173208 0.998423 -0.0537669 -7.66744 -0.755143 0.0221855 0.655258 92.6583
0.659095 0.0511461 0.750383 122.715 -0.0163936 0.998445 -0.0536559 -7.70387 -0.751948 0.0230626 0.658895 93.2287
0.661567 0.0519397 0.748147 123.359 -0.0175253 0.998417 -0.0538175 -7.76694 -0.749748 0.0224906 0.661415 93.806
0.666203 0.0553372 0.74378 124.002 -0.0216312 0.998278 -0.0548975 -7.80036 -0.745525 0.0204837 0.66624 94.3935
0.668756 0.0577908 0.741295 124.644 -0.0259295 0.998201 -0.0544267 -7.85607 -0.743096 0.0171751 0.669037 94.9948
0.671808 0.0558734 0.738682 125.292 -0.0267238 0.99835 -0.0512109 -7.91027 -0.740313 0.0146632 0.672179 95.593
0.675552 0.0534482 0.735436 125.946 -0.0280791 0.998531 -0.046776 -7.937 -0.736845 0.0109478 0.676046 96.2249
0.678677 0.0492137 0.732854 126.603 -0.0279746 0.998781 -0.0411659 -7.99335 -0.733974 0.00743694 0.679213 96.8637
0.683759 0.0484687 0.728162 127.262 -0.028484 0.998825 -0.0397378 -8.03817 -0.729221 0.00642876 0.68432 97.4843
0.687999 0.0457483 0.724337 127.921 -0.0246726 0.998929 -0.0396573 -8.08872 -0.725364 0.00941279 0.688377 98.0994
0.693653 0.0421492 0.719143 128.57 -0.0137043 0.9989 -0.0453274 -8.13773 -0.720249 0.0215846 0.693452 98.7027
0.697621 0.0455745 0.715086 129.242 -0.0125141 0.998618 -0.0514371 -8.17359 -0.71643 0.0269347 0.697214 99.373
0.704201 0.0459345 0.708583 129.883 -0.0100023 0.99847 -0.0547863 -8.2288 -0.710002 0.0314915 0.703567 100.003
0.710017 0.0429864 0.702943 130.532 -0.0089676 0.998627 -0.0520109 -8.25436 -0.704202 0.0306246 0.709413 100.662
0.715913 0.038902 0.697176 131.167 -0.00567182 0.998759 -0.0499063 -8.32768 -0.698241 0.0317727 0.71523 101.326
0.721255 0.035992 0.691807 131.829 -0.00187805 0.998767 -0.0500049 -8.37351 -0.692743 0.0347666 0.720419 102.004
0.726583 0.0380108 0.6861 132.446 -0.000335101 0.99851 -0.0549641 -8.43515 -0.687154 0.0397043 0.725498 102.666
0.729266 0.0387522 0.683207 133.077 -0.000312621 0.998434 -0.0562996 -8.47895 -0.684307 0.0408432 0.728123 103.348
0.733019 0.0360573 0.679326 133.697 0.00180105 0.998509 -0.0549425 -8.53084 -0.680282 0.0414954 0.731846 104.024
0.735486 0.0301034 0.676946 134.326 0.00585666 0.998714 -0.0507762 -8.58831 -0.677593 0.0413091 0.734349 104.705
0.736431 0.026867 0.676055 134.971 0.00810961 0.998811 -0.0485277 -8.65078 -0.676543 0.0412178 0.735321 105.401
0.737532 0.0227639 0.675005 135.591 0.011483 0.998885 -0.0462341 -8.701 -0.675295 0.0418495 0.736433 106.087
0.737551 0.0211448 0.675036 136.217 0.0120664 0.998959 -0.0444753 -8.74392 -0.675262 0.0409458 0.736512 106.781
0.736321 0.0213961 0.676373 136.864 0.0109904 0.999012 -0.0435679 -8.78243 -0.676625 0.0395129 0.735342 107.494
0.736313 0.0231039 0.676324 137.482 0.00920786 0.999004 -0.0441514 -8.82877 -0.676659 0.0387339 0.735351 108.179
0.734817 0.0247606 0.677892 138.115 0.00765401 0.99899 -0.0447866 -8.86289 -0.678305 0.038098 0.733868 108.878
0.733127 0.0271745 0.679626 138.732 0.00490931 0.998986 -0.0452397 -8.90951 -0.680154 0.0365002 0.732234 109.563
0.731309 0.0285103 0.68153 139.367 0.00290486 0.999011 -0.0449089 -8.94564 -0.682124 0.0348215 0.730484 110.259
0.729028 0.0305143 0.683881 139.992 -0.000360783 0.999046 -0.0441921 -8.98463 -0.684564 0.0319679 0.728327 110.947
0.726336 0.0298323 0.686771 140.648 -0.00105965 0.999129 -0.0422807 -9.025 -0.687423 0.0299819 0.725716 111.658
0.723773 0.0286807 0.689519 141.254 -0.00149969 0.999222 -0.0399883 -9.07109 -0.690116 0.0279058 0.723236 112.331
0.720914 0.024804 0.69266 141.894 0.00237413 0.99929 -0.0382556 -9.11045 -0.693105 0.0292232 0.720323 113.006
0.718868 0.0270932 0.694695 142.524 0.002186 0.99917 -0.0412295 -9.1728 -0.695223 0.0311545 0.718195 113.655
0.713267 0.0375282 0.699966 143.159 -0.0026958 0.998731 -0.0507997 -9.2053 -0.700972 0.0343463 0.712442 114.336
0.710993 0.0428144 0.701971 143.785 -0.00566406 0.998485 -0.0551622 -9.25822 -0.703256 0.035241 0.710141 114.986
0.707728 0.0410052 0.705374 144.433 -0.00621372 0.998664 -0.0518208 -9.31384 -0.706544 0.0322915 0.707015 115.645
0.703552 0.0384292 0.709681 145.068 -0.00921519 0.998972 -0.0449584 -9.37178 -0.710663 0.0250881 0.703165 116.296
0.699465 0.0369382 0.713791 145.716 -0.0110963 0.999131 -0.0408312 -9.41703 -0.714667 0.0206393 0.699244 116.947
0.69638 0.0370808 0.716792 146.358 -0.0114348 0.999137 -0.0405775 -9.45818 -0.717661 0.0200582 0.696185 117.582
0.69337 0.035735 0.719773 147.016 -0.0109904 0.999204 -0.0390212 -9.49588 -0.720582 0.0191453 0.69319 118.233
0.689537 0.034891 0.723488 147.67 -0.00867094 0.999192 -0.0399227 -9.5459 -0.724278 0.021252 0.689263 118.852
0.686672 0.0344824 0.726227 148.312 -0.00578391 0.999129 -0.0419716 -9.59583 -0.727029 0.0246198 0.686251 119.466
0.682941 0.0351257 0.729707 148.964 -0.00433397 0.999048 -0.0440343 -9.64405 -0.73054 0.0269072 0.682424 120.085
0.678538 0.0351622 0.733801 149.617 -0.00408265 0.999046 -0.0440972 -9.68419 -0.734638 0.0269254 0.678012 120.698
0.675005 0.035997 0.737013 150.287 -0.00557944 0.999057 -0.0436854 -9.72463 -0.737871 0.0253726 0.674551 121.309
0.670004 0.0363118 0.741547 150.953 -0.00605509 0.999065 -0.0434508 -9.78613 -0.742418 0.0246216 0.669574 121.919
0.663747 0.0372497 0.747107 151.619 -0.00696467 0.999052 -0.0436235 -9.81772 -0.748004 0.0237487 0.663358 122.519
0.658391 0.0413884 0.751615 152.284 -0.0095877 0.998895 -0.0466063 -9.86058 -0.752699 0.0234783 0.658039 123.124
0.652365 0.0474661 0.756495 152.953 -0.0128518 0.998615 -0.0515747 -9.90403 -0.757875 0.0239202 0.652052 123.714
0.644741 0.0498231 0.762855 153.642 -0.0140998 0.998508 -0.0532969 -9.94791 -0.764356 0.0236059 0.64446 124.303
0.63883 0.0443907 0.768143 154.357 -0.014006 0.998867 -0.0460761 -10.0019 -0.769299 0.0186733 0.638708 124.897
0.631992 0.0400273 0.77402 155.062 -0.0192085 0.999198 -0.0359878 -10.0271 -0.774822 0.00787602 0.632232 125.504
0.623827 0.0352804 0.780842 155.782 -0.01863 0.999397 -0.0302716 -10.0844 -0.781418 0.00433474 0.624088 126.095
0.617489 0.0363692 0.785817 156.516 -0.0223778 0.999369 -0.0286682 -10.1097 -0.786345 0.000117418 0.617891 126.69
0.608538 0.0382903 0.792675 157.245 -0.022618 0.999295 -0.0309077 -10.1457 -0.793279 0.000877497 0.608955 127.263
0.600587 0.0386578 0.798702 157.991 -0.0166162 0.99925 -0.0358696 -10.1815 -0.799469 0.00827111 0.600757 127.828
0.59413 0.0460143 0.803127 158.735 -0.016473 0.998878 -0.045044 -10.2115 -0.804278 0.0135294 0.594202 128.389
0.586696 0.0484766 0.808431 159.493 -0.0140904 0.998698 -0.0496595 -10.2628 -0.809766 0.0177432 0.586594 128.928
0.578822 0.0445903 0.81431 160.267 -0.011052 0.998871 -0.0468412 -10.3014 -0.815457 0.0181101 0.578642 129.48
0.572216 0.0392624 0.819238 161.039 -0.0071601 0.999086 -0.0428803 -10.3579 -0.820153 0.0186703 0.571953 130.023
0.564087 0.038774 0.824879 161.816 -0.00811439 0.999139 -0.0414169 -10.3971 -0.825752 0.0166665 0.563898 130.553
0.557048 0.0400347 0.82959 162.575 -0.00920007 0.999106 -0.0420374 -10.4457 -0.83051 0.0157841 0.556898 131.071
0.55089 0.0385101 0.833763 163.335 -0.00615755 0.999126 -0.0420801 -10.4814 -0.834631 0.0180447 0.550627 131.569
0.545836 0.0323356 0.837343 164.104 -0.00147899 0.999323 -0.0376263 -10.5408 -0.837971 0.0192989 0.545495 132.06
0.539919 0.030036 0.841255 164.862 -0.00120912 0.999421 -0.0349078 -10.5861 -0.841793 0.0178273 0.539623 132.55
0.536572 0.0289849 0.843432 165.606 -0.00237887 0.99949 -0.0328341 -10.616 -0.843931 0.0156111 0.536348 133.032
0.531775 0.030073 0.846426 166.345 -0.00313397 0.999464 -0.0335422 -10.6623 -0.846957 0.0151815 0.531565 133.507
0.527171 0.0325003 0.849212 167.096 -0.00253479 0.999357 -0.0366725 -10.7044 -0.849835 0.0171798 0.526895 133.97
0.524273 0.0373535 0.850805 167.832 -0.00322496 0.999149 -0.04188 -10.7499 -0.851621 0.0192098 0.523929 134.445
0.520805 0.039947 0.852815 168.564 -0.00506197 0.999064 -0.0437058 -10.7809 -0.85374 0.0184448 0.520501 134.901
0.517114 0.0359555 0.855236 169.318 -0.00456763 0.999251 -0.0392493 -10.8388 -0.855982 0.0163871 0.516872 135.371
0.515471 0.0296228 0.856469 170.046 -0.00518209 0.999525 -0.0314515 -10.9115 -0.85697 0.0117737 0.51536 135.803
0.512082 0.0261176 0.858615 170.757 -0.00246523 0.999609 -0.0289372 -10.9781 -0.85901 0.0126989 0.511928 136.229
0.510394 0.0247699 0.85966 171.463 0.00207577 0.99958 -0.0300338 -11.0004 -0.860018 0.0171127 0.510109 136.648
0.507521 0.0263585 0.861312 172.17 0.00368615 0.999488 -0.0327603 -11.0392 -0.861709 0.0197986 0.507145 137.056
0.506814 0.0323123 0.861526 172.852 0.0017391 0.999291 -0.0385023 -11.0725 -0.862134 0.0210107 0.506379 137.469
0.499776 0.0397962 0.865316 173.527 0.00145206 0.998937 -0.0467816 -11.0844 -0.866231 0.0246338 0.499169 137.886
0.498121 0.0409346 0.866216 174.196 0.00415333 0.998796 -0.0495884 -11.1376 -0.867177 0.0282972 0.497332 138.265
0.495509 0.035775 0.867942 174.878 0.00527471 0.999042 -0.0441916 -11.1582 -0.868665 0.0264724 0.494827 138.657
0.491993 0.027368 0.870246 175.554 -0.00135589 0.999564 -0.0306686 -11.1952 -0.870679 0.0139076 0.491796 139.061
0.48841 0.0240466 0.872359 176.225 -0.00617493 0.999724 -0.0241017 -11.2239 -0.87267 0.00638233 0.488404 139.471
0.484557 0.0249735 0.874479 176.878 -0.00636206 0.999702 -0.0250246 -11.2452 -0.874817 0.00656148 0.484552 139.855
0.482967 0.02741 0.875285 177.524 -0.00501815 0.999614 -0.028536 -11.2811 -0.875702 0.00938718 0.482899 140.221
0.479793 0.0301477 0.87694 178.181 -0.00554159 0.999529 -0.0313303 -11.3101 -0.877444 0.0101713 0.479715 140.576
0.4762 0.0284002 0.878954 178.826 -0.00480251 0.999582 -0.0296975 -11.3388 -0.879402 0.00991831 0.476119 140.933
0.473647 0.0269351 0.880379 179.458 -0.00573087 0.999641 -0.0275008 -11.3763 -0.880776 0.00797927 0.473613 141.275
0.471052 0.0266193 0.88178 180.083 -0.00592889 0.999652 -0.0270119 -11.4002 -0.882163 0.00749373 0.471027 141.617
0.467183 0.0269294 0.883826 180.701 -0.00526213 0.999639 -0.0276765 -11.4299 -0.884225 0.00827811 0.467137 141.945
0.463855 0.0278869 0.885548 181.303 -0.00406934 0.999595 -0.0293483 -11.4619 -0.885979 0.0100073 0.463762 142.267
0.459132 0.0292106 0.887964 181.906 -0.00409199 0.999554 -0.0307657 -11.4866 -0.888439 0.0104907 0.459028 142.584
0.453101 0.0317591 0.890969 182.482 -0.00539857 0.999479 -0.0328831 -11.4914 -0.89152 0.0100871 0.453019 142.896
0.447876 0.0332882 0.893551 183.049 -0.00436496 0.999412 -0.035044 -11.5278 -0.894165 0.0117938 0.44774 143.179
0.441681 0.0365977 0.896501 183.649 -0.0038378 0.99927 -0.0389038 -11.5591 -0.897241 0.01374 0.441481 143.471
0.433898 0.0383178 0.900222 184.245 -0.0012838 0.999156 -0.04191 -11.5806 -0.90104 0.0170275 0.433563 143.759
0.427839 0.0401396 0.90304 184.85 -0.00244815 0.999096 -0.0432508 -11.6115 -0.903929 0.016291 0.427533 144.048
0.419381 0.04148 0.906937 185.452 -0.00568467 0.999092 -0.0430659 -11.6403 -0.907871 0.012904 0.419218 144.341
0.410583 0.0397191 0.911033 186.076 -0.00725237 0.999196 -0.0402959 -11.6576 -0.911871 0.00993536 0.410525 144.645
0.403175 0.0401124 0.914317 186.689 -0.00637668 0.999173 -0.0410231 -11.6959 -0.915179 0.0107079 0.403082 144.919
0.395939 0.0410873 0.917432 187.316 -0.00680677 0.999138 -0.0418101 -11.724 -0.918328 0.0103074 0.39586 145.193
0.387374 0.0455008 0.920874 187.959 -0.00954697 0.998962 -0.045343 -11.7498 -0.921951 0.0087718 0.38739 145.475
0.379294 0.0489128 0.924058 188.596 -0.0116421 0.998811 -0.0480922 -11.774 -0.925279 0.00748102 0.379396 145.76
0.370582 0.0517785 0.92743 189.257 -0.0136603 0.998678 -0.0502977 -11.8316 -0.928777 0.00596927 0.370783 146.037
0.363314 0.0533529 0.930214 189.908 -0.0139276 0.998595 -0.0518366 -11.8641 -0.931639 0.00587507 0.36353 146.295
0.35555 0.0552481 0.933098 190.58 -0.0155698 0.9985 -0.0531876 -11.9102 -0.934606 0.00438157 0.355861 146.562
0.34657 0.0549863 0.936487 191.295 -0.0132026 0.998504 -0.0537433 -11.9489 -0.938008 0.00625931 0.346761 146.829
0.338813 0.0558707 0.939268 192.004 -0.0126593 0.998453 -0.0548247 -11.9919 -0.940846 0.00668348 0.338981 147.103
0.331236 0.0535598 0.942102 192.725 -0.0116218 0.99858 -0.0526862 -12.04 -0.943553 0.00650024 0.331373 147.362
0.323087 0.0514667 0.945043 193.48 -0.0127365 0.998703 -0.0500347 -12.07 -0.946362 0.0041278 0.323309 147.617
0.317201 0.0479302 0.947223 194.225 -0.011872 0.998881 -0.0465705 -12.1121 -0.94836 0.00352433 0.317401 147.881
0.310523 0.0459858 0.949528 194.995 -0.00987423 0.998968 -0.045151 -12.1668 -0.950592 0.00464337 0.310643 148.145
0.304416 0.0410109 0.951733 195.781 -0.0101866 0.999193 -0.0397997 -12.2048 -0.952561 0.00241828 0.304574 148.4
0.299105 0.0366783 0.95359 196.569 -0.0105206 0.999364 -0.0351391 -12.2405 -0.95424 0.000476899 0.299287 148.67
0.294011 0.0359597 0.955203 197.371 -0.00615515 0.99938 -0.0357303 -12.287 -0.955859 0.00462316 0.294036 148.912
0.28614 0.041116 0.95738 198.16 -0.00102293 0.999129 -0.0426033 -12.3038 -0.958265 0.0112096 0.28592 149.153
0.282349 0.0533031 0.957907 198.951 0.00259055 0.998447 -0.0563245 -12.3374 -0.959384 0.0183816 0.281758 149.381
0.277668 0.0608417 0.958823 199.777 0.00656373 0.997886 -0.0652213 -12.3959 -0.960733 0.0244013 0.276668 149.618
0.272235 0.0583721 0.960536 200.636 0.0131083 0.997879 -0.0643584 -12.4504 -0.962218 0.0301082 0.270879 149.856
0.268083 0.0524985 0.962038 201.508 0.017777 0.998112 -0.0594208 -12.5188 -0.963309 0.0330295 0.266631 150.105
0.261859 0.0472876 0.964024 202.378 0.0188528 0.998396 -0.0540965 -12.6097 -0.964998 0.0323368 0.260534 150.354
0.257398 0.0515032 0.965006 203.224 0.0162157 0.998245 -0.0576026 -12.6704 -0.966247 0.0304728 0.256099 150.591
0.252695 0.0633513 0.965548 204.077 0.0113504 0.99763 -0.0684286 -12.702 -0.967556 0.0282475 0.251364 150.829
0.24697 0.0677592 0.966726 204.945 0.00957771 0.997371 -0.0723541 -12.753 -0.969054 0.0271259 0.245659 151.065
0.242985 0.0643631 0.967972 205.827 0.00936813 0.997633 -0.0686888 -12.8302 -0.970062 0.0257552 0.241794 151.298
0.237294 0.0593651 0.969697 206.711 0.00724301 0.998034 -0.0628726 -12.9029 -0.971489 0.0219405 0.236385 151.527
0.23169 0.0609644 0.970957 207.603 0.00749464 0.997932 -0.0644485 -12.9651 -0.972839 0.0222057 0.23074 151.743
0.224839 0.0655668 0.972263 208.502 0.00529439 0.997676 -0.068505 -13.0264 -0.97446 0.020548 0.223957 151.955
0.221172 0.064122 0.973205 209.403 0.00663683 0.997753 -0.0672497 -13.0938 -0.975291 0.0213295 0.220237 152.164
0.216661 0.0637108 0.974242 210.32 0.00739484 0.997772 -0.0668945 -13.1626 -0.976299 0.0216954 0.215695 152.372
0.212602 0.063112 0.97518 211.259 0.00735491 0.99782 -0.0661829 -13.2283 -0.977191 0.0212395 0.211661 152.58
0.209102 0.0615111 0.976034 212.199 0.00886155 0.997899 -0.064788 -13.2925 -0.977933 0.0221941 0.208106 152.784
0.204089 0.0609264 0.977136 213.147 0.00971523 0.997926 -0.0642541 -13.3651 -0.978984 0.0226031 0.203061 152.99
0.202626 0.0599944 0.977493 214.035 0.00797036 0.998027 -0.0629073 -13.436 -0.979303 0.0205354 0.201736 153.181
0.199387 0.058623 0.978247 214.989 0.00768299 0.998124 -0.0613822 -13.5111 -0.97997 0.0197514 0.19855 153.382
0.194857 0.0588533 0.979141 215.925 0.00655841 0.998138 -0.0613009 -13.5673 -0.98089 0.0183641 0.194096 153.58
0.193899 0.0621643 0.979132 216.898 0.00302365 0.997989 -0.0639624 -13.6255 -0.981097 0.0153597 0.193308 153.792
0.18673 0.0619092 0.980538 217.832 0.00347451 0.998006 -0.0636745 -13.6916 -0.982487 0.0152948 0.186131 154.009
0.186421 0.0614162 0.980631 218.781 0.00348685 0.998038 -0.0631715 -13.758 -0.982544 0.0151926 0.185829 154.191
0.185734 0.0596786 0.980865 219.732 0.0038106 0.998144 -0.0614523 -13.8357 -0.982675 0.0151494 0.18515 154.383
0.185009 0.0562333 0.981209 220.683 0.00385219 0.998354 -0.0579444 -13.8589 -0.98281 0.0144969 0.184475 154.564
0.182642 0.0520087 0.981883 221.624 0.00848114 0.998522 -0.0544684 -13.945 -0.983226 0.0182738 0.181919 154.739
0.182383 0.0540801 0.981823 222.552 0.00726923 0.998427 -0.0563472 -13.993 -0.983283 0.0174106 0.18169 154.919
0.179551 0.0596846 0.982017 223.445 0.00726092 0.998092 -0.0619902 -14.0458 -0.983805 0.0182587 0.178763 155.118
0.177574 0.0621717 0.982228 224.37 0.00750149 0.997931 -0.0645244 -14.0963 -0.984162 0.0188224 0.176727 155.284
0.177122 0.0631209 0.982244 225.286 0.00735004 0.997871 -0.0654515 -14.1735 -0.984245 0.0188103 0.176269 155.462
0.172392 0.0608324 0.983237 226.3 0.00685575 0.998037 -0.0629529 -14.2635 -0.98509 0.0175898 0.171623 155.629
0.179217 0.05538 0.982331 227.206 0.0111271 0.998279 -0.0583101 -14.3426 -0.983832 0.0213789 0.17828 155.832
0.176342 0.0513742 0.983077 228.139 0.0133247 0.998466 -0.0545713 -14.4161 -0.984325 0.0227186 0.175373 156.013
0.173065 0.0514115 0.98365 229.057 0.0118067 0.9985 -0.054266 -14.4677 -0.984926 0.0210035 0.172186 156.176
0.168359 0.0531693 0.984383 230.052 0.0144242 0.998349 -0.0563936 -14.5266 -0.985707 0.0236895 0.167299 156.359
0.165295 0.0527945 0.984913 230.955 0.0147265 0.998366 -0.0559882 -14.5891 -0.986221 0.0237572 0.164235 156.513
0.161863 0.0521467 0.985527 231.906 0.014513 0.998414 -0.0552152 -14.6476 -0.986794 0.0232366 0.160836 156.668
0.157556 0.051316 0.986261 232.828 0.0147828 0.998459 -0.0543134 -14.7049 -0.987488 0.0231351 0.156543 156.827
0.153918 0.0507808 0.986872 233.742 0.014029 0.99851 -0.0535708 -14.7601 -0.988073 0.0220867 0.152962 156.976
0.149742 0.0510458 0.987493 234.671 0.0144805 0.99849 -0.0538113 -14.808 -0.988709 0.0223552 0.148765 157.138
0.145434 0.0509729 0.988149 235.598 0.0135018 0.998521 -0.0534983 -14.8595 -0.989366 0.0211188 0.144517 157.283
0.145358 0.04898 0.988252 236.548 0.00433043 0.998777 -0.0501398 -14.9284 -0.98946 0.0115663 0.144956 157.452
0.14181 0.04939 0.988757 237.474 0.00330471 0.998769 -0.0503674 -14.9747 -0.989979 0.0104072 0.141458 157.596
0.137757 0.0533178 0.989117 238.382 -0.000916031 0.998601 -0.0537026 -15.0137 -0.990557 0.00649054 0.137602 157.743
0.134872 0.0579268 0.989265 239.299 -0.00457861 0.998362 -0.0578384 -15.0708 -0.990943 0.00326862 0.134902 157.881
0.131188 0.0590199 0.989687 240.223 -0.00589616 0.9983 -0.0587531 -15.116 -0.991432 0.00187128 0.131302 158.019
0.1272 0.057112 0.990329 241.14 -0.00685088 0.998414 -0.0567017 -15.1695 -0.991945 0.000425079 0.127376 158.153
0.123873 0.053484 0.990946 242.065 -0.0111786 0.998606 -0.0525013 -15.2108 -0.992329 -0.00457487 0.124286 158.28
0.121263 0.0516815 0.991373 242.987 -0.0128782 0.998688 -0.050491 -15.2433 -0.992629 -0.00664665 0.121757 158.406
0.117268 0.0513541 0.991863 243.902 -0.0146004 0.998691 -0.0499826 -15.2834 -0.993087 -0.00862109 0.117853 158.519
0.115238 0.0504129 0.992156 244.776 -0.0106226 0.998764 -0.0495181 -15.352 -0.993374 -0.00483526 0.115618 158.614
0.112239 0.0527359 0.992372 245.678 -0.0113879 0.998641 -0.0517822 -15.4079 -0.99371 -0.00549009 0.112676 158.714
0.110604 0.05474 0.992455 246.567 -0.00909494 0.998543 -0.0540655 -15.4717 -0.993917 -0.00304896 0.110928 158.815
0.105443 0.0514018 0.993188 247.472 -0.0035674 0.998724 -0.0513109 -15.525 -0.994514 0.00186577 0.105481 158.908
0.10217 0.0450813 0.993844 248.388 0.00255709 0.999005 -0.0455815 -15.5939 -0.994858 0.00719535 0.10194 159.011
0.100227 0.0452675 0.994027 249.284 0.00536851 0.998974 -0.0460354 -15.6648 -0.995045 0.00994849 0.0998712 159.097
0.0961068 0.0533648 0.994039 250.168 0.0098814 0.99851 -0.0545636 -15.7505 -0.995418 0.015063 0.0954237 159.181
0.090163 0.0647469 0.993914 251.062 0.0107922 0.997811 -0.065981 -15.8011 -0.995964 0.0166732 0.0892575 159.268
0.0857076 0.0686126 0.994054 251.963 0.00886046 0.997582 -0.0696234 -15.8615 -0.996378 0.0147713 0.0848803 159.355
0.0823401 0.064896 0.994583 252.869 0.00436243 0.997894 -0.0654744 -15.9039 -0.99669 0.00972802 0.0818746 159.435
0.0776298 0.0584532 0.995366 253.764 0.00479253 0.998295 -0.0590022 -15.971 -0.997068 0.00934715 0.0772054 159.506
0.073446 0.0538216 0.99594 254.66 0.00348838 0.998573 -0.0542223 -16.0268 -0.997388 0.00745487 0.0731448 159.577
0.0680809 0.0538826 0.996323 255.553 -0.000202767 0.99859 -0.0539947 -16.0828 -0.997777 0.00347098 0.0679844 159.649
0.0609205 0.0523914 0.996861 256.437 -0.00361428 0.998678 -0.052267 -16.1326 -0.998231 -0.000420255 0.0610211 159.719
0.0561367 0.0491129 0.997315 257.324 -0.00695518 0.998833 -0.0487994 -16.1834 -0.998496 -0.0041997 0.0564019 159.786
0.0507628 0.0455936 0.997764 258.187 -0.00778334 0.998997 -0.045255 -16.2151 -0.998775 -0.00546988 0.0510591 159.84
0.0435928 0.0457423 0.998103 259.042 -0.00476312 0.998999 -0.0455786 -16.2702 -0.999135 -0.00276987 0.0437566 159.885
0.0384609 0.0470598 0.998246 259.917 -0.00440009 0.99894 -0.0469243 -16.3055 -0.999346 -0.00258905 0.0386203 159.919
0.0349371 0.0473079 0.99837 260.812 -0.00152244 0.99893 -0.0472843 -16.3544 -0.999486 0.000129169 0.0349617 159.957
0.0277434 0.0458172 0.998659 261.682 -0.00148126 0.999001 -0.0457929 -16.3962 -0.99971 -0.000210408 0.0277774 159.984
0.0232081 0.0438232 0.998871 262.578 -0.00211603 0.999089 -0.0437867 -16.425 -0.999825 -0.00110013 0.0232704 160.011
0.0178233 0.0425174 0.999032 263.446 0.000978836 0.999145 -0.0425409 -16.4695 -0.999936 0.00173438 0.0177609 160.021
0.0114601 0.0435714 0.999087 264.309 0.00200159 0.999098 -0.0435979 -16.5132 -1.00003 0.00249649 0.0113539 160.03
0.00865247 0.0449679 0.999046 265.196 0.000922248 0.999039 -0.0449769 -16.5528 -1.00006 0.00130889 0.00859778 160.052
0.00674297 0.0460478 0.999019 266.071 0.00359918 0.998983 -0.0460737 -16.5939 -1.00007 0.0039033 0.00656202 160.047
0.00391871 0.0446423 0.999091 266.947 0.00706798 0.999028 -0.0446685 -16.6451 -1.00006 0.00723472 0.00359491 160.051
0.0040251 0.0420035 0.999214 267.811 0.0100062 0.999118 -0.0420433 -16.6969 -1.00004 0.0101644 0.00359322 160.055
0.00463438 0.0406087 0.99926 268.688 0.0117939 0.999155 -0.0406604 -16.7153 -1.00002 0.0119715 0.00414707 160.04
0.00202483 0.0393989 0.999327 269.567 0.0133625 0.999186 -0.039424 -16.759 -1.00001 0.0134299 0.00148888 160.038
0.00282535 0.0401255 0.999286 270.432 0.0157274 0.999121 -0.0401646 -16.7959 -0.999969 0.0158276 0.00218745 160.038
0.00300209 0.0414456 0.999241 271.297 0.0176848 0.999036 -0.0414937 -16.8424 -0.999938 0.0177924 0.00225846 160.04
0.00261721 0.0428229 0.999175 272.157 0.0209524 0.998913 -0.0428678 -16.882 -0.999874 0.021045 0.00171284 160.046
0.00454069 0.0450518 0.999081 273 0.0239172 0.998748 -0.0451491 -16.9319 -0.999803 0.0240962 0.00344963 160.046
0.00458444 0.045375 0.999055 273.841 0.0262865 0.998672 -0.0454794 -16.9778 -0.999741 0.0264675 0.00338124 160.056
0.00724249 0.0455572 0.999043 274.666 0.0282478 0.998608 -0.0457457 -17.0269 -0.999675 0.0285477 0.00593736 160.055
0.0094489 0.0442409 0.999072 275.495 0.0296621 0.998622 -0.0445027 -17.067 -0.999613 0.0300521 0.0081188 160.065
0.013283 0.0417832 0.999145 276.293 0.0314555 0.998669 -0.0421849 -17.103 -0.999517 0.0319846 0.0119424 160.077
0.0185729 0.0382697 0.999191 277.143 0.0315018 0.998802 -0.0388417 -17.141 -0.999429 0.0321947 0.0173394 160.112
0.0235651 0.0356515 0.999193 277.883 0.0303301 0.998933 -0.0363608 -17.1795 -0.999362 0.0311581 0.0224491 160.128
0.0301271 0.0335197 0.99908 278.731 0.0300746 0.999008 -0.0344256 -17.2086 -0.999192 0.0310811 0.0290827 160.165
0.0332431 0.032072 0.999041 279.481 0.0303932 0.999046 -0.0330868 -17.2388 -0.999087 0.0314595 0.0322268 160.198
0.0366974 0.0331755 0.998873 280.208 0.0292691 0.999038 -0.0342577 -17.258 -0.998996 0.0304902 0.0356842 160.229
0.0424971 0.0337679 0.998635 281.036 0.0284685 0.999037 -0.0349963 -17.2925 -0.998793 0.0299124 0.0414846 160.274
0.0468941 0.0313854 0.998504 281.791 0.0301018 0.999062 -0.032818 -17.3133 -0.998545 0.0315927 0.0458979 160.307
0.0505285 0.0288808 0.998413 282.485 0.0288657 0.999177 -0.0303667 -17.3249 -0.998408 0.0303497 0.0496428 160.346
0.0529502 0.0280742 0.998302 283.179 0.0290166 0.999194 -0.0296396 -17.3437 -0.998278 0.0305334 0.0520855 160.393
0.0576658 0.0284139 0.998041 283.869 0.0295877 0.999162 -0.0301581 -17.3771 -0.998001 0.0312642 0.0567663 160.44
0.0624474 0.0306362 0.997679 284.528 0.0288329 0.999111 -0.0324861 -17.4028 -0.997734 0.0307911 0.0615006 160.485
0.0633694 0.0307812 0.997628 285.159 0.0287847 0.999107 -0.0326578 -17.4241 -0.997682 0.0307808 0.0624164 160.529
0.0650002 0.033134 0.997435 285.766 0.027297 0.99907 -0.0349685 -17.461 -0.997614 0.0294966 0.0640271 160.563
0.0682499 0.0321555 0.997261 286.379 0.0255432 0.999151 -0.0339673 -17.4839 -0.997448 0.0277868 0.0673596 160.611
0.0714884 0.0327515 0.997004 287 0.0235803 0.999181 -0.0345149 -17.5229 -0.997266 0.0259738 0.0706489 160.662
0.0741221 0.0326377 0.996829 287.606 0.0235594 0.999184 -0.0344692 -17.5468 -0.997078 0.0260349 0.0732818 160.712
0.0788879 0.0325088 0.996454 288.214 0.02304 0.999197 -0.0344233 -17.5654 -0.996721 0.0256706 0.0780665 160.769
0.0813622 0.033536 0.996234 288.808 0.0227802 0.999166 -0.0354977 -17.579 -0.996532 0.0255777 0.0805193 160.813
0.0854559 0.0360503 0.99579 289.402 0.0191567 0.999157 -0.037817 -17.6215 -0.996262 0.0223045 0.0846837 160.878
0.08836 0.0363471 0.995539 289.975 0.0186981 0.999153 -0.038141 -17.6577 -0.996021 0.02198 0.0875941 160.936
0.0911371 0.0363226 0.995277 290.529 0.0180278 0.999166 -0.0381162 -17.689 -0.995779 0.0214133 0.0903965 160.981
0.094007 0.0362924 0.995024 291.088 0.0179265 0.999167 -0.0381396 -17.703 -0.995519 0.0214179 0.0932664 161.051
0.0978564 0.0368947 0.994618 291.634 0.0179794 0.999139 -0.0388322 -17.7389 -0.995143 0.0216793 0.0970986 161.107
0.100618 0.0376994 0.994326 292.148 0.0163774 0.99914 -0.0395416 -17.7775 -0.994899 0.0202583 0.0999014 161.168
0.101999 0.0396889 0.994094 292.679 0.0164439 0.999056 -0.041575 -17.8034 -0.994754 0.020584 0.101239 161.217
0.105433 0.0396331 0.993754 293.169 0.0165546 0.999053 -0.0416034 -17.8284 -0.994398 0.0208328 0.104665 161.266
0.10702 0.0403277 0.993542 293.662 0.0163697 0.999027 -0.0423144 -17.8517 -0.994228 0.0207892 0.106245 161.323
0.107933 0.0403737 0.993456 294.146 0.0163467 0.999025 -0.0423786 -17.8749 -0.994135 0.020809 0.107155 161.376
0.110741 0.042132 0.993059 294.645 0.0148379 0.998976 -0.0440385 -17.9273 -0.993844 0.0196085 0.109991 161.43
0.111946 0.0422159 0.992936 295.132 0.0149323 0.998971 -0.0441587 -17.948 -0.993715 0.0197655 0.111187 161.49
0.11131 0.0423946 0.992985 295.62 0.0152248 0.998956 -0.044357 -17.9696 -0.993775 0.0200521 0.110537 161.549
0.111713 0.042537 0.992949 296.115 0.0151589 0.998951 -0.0445025 -17.9906 -0.993738 0.0200187 0.110937 161.596
0.110648 0.0425178 0.993054 296.613 0.0150791 0.998954 -0.0444515 -18.0109 -0.993852 0.0198895 0.10988 161.659
0.107484 0.0423522 0.993425 297.131 0.0153138 0.99896 -0.044248 -18.038 -0.994202 0.0199643 0.10671 161.726
0.106488 0.0417924 0.99354 297.633 0.01607 0.99897 -0.0437441 -18.073 -0.994292 0.0206212 0.105695 161.786
0.104193 0.043725 0.993716 298.15 0.0182138 0.998838 -0.0458631 -18.0957 -0.994504 0.0228732 0.103263 161.839
0.102815 0.04681 0.993704 298.68 0.0235967 0.998553 -0.0494808 -18.1361 -0.994529 0.0285318 0.10155 161.884
0.100388 0.0518798 0.993714 299.204 0.023772 0.998286 -0.0545231 -18.1695 -0.994779 0.0290908 0.0989695 161.931
0.0977977 0.054664 0.993809 299.754 0.0235063 0.998141 -0.0572164 -18.1893 -0.995037 0.0289527 0.0963205 161.983
0.0959921 0.0555619 0.993949 300.313 0.0229201 0.998109 -0.0580111 -18.2093 -0.995233 0.0283448 0.094524 162.045
0.0946059 0.0531352 0.994202 300.887 0.0275862 0.998108 -0.0559699 -18.24 -0.995241 0.0327175 0.0929509 162.089
0.0930405 0.0479171 0.994627 301.478 0.0358292 0.99809 -0.0514382 -18.2865 -0.995133 0.0404166 0.091133 162.132
0.0914526 0.0468916 0.994811 302.064 0.037339 0.998084 -0.0504793 -18.3232 -0.995218 0.0417575 0.0895163 162.176
0.0883811 0.0501826 0.99494 302.666 0.033215 0.998084 -0.0532945 -18.3576 -0.995648 0.0377514 0.086532 162.235
0.0861264 0.0523658 0.995013 303.28 0.0300695 0.998084 -0.0551309 -18.3784 -0.99594 0.0346641 0.084377 162.3
0.0850509 0.0506545 0.995207 303.9 0.034539 0.998014 -0.053752 -18.4249 -0.995894 0.0389393 0.0831198 162.353
0.0837775 0.0488638 0.995392 304.537 0.0385232 0.997949 -0.0522325 -18.4562 -0.995849 0.0427177 0.0817136 162.397
0.081822 0.0489854 0.995561 305.182 0.0400074 0.997882 -0.0523905 -18.4936 -0.99596 0.0441103 0.0796765 162.449
0.0794618 0.050289 0.995675 305.836 0.0378057 0.997914 -0.0534201 -18.5204 -0.99623 0.0418831 0.0773854 162.518
0.0779729 0.0524792 0.995693 306.503 0.0352262 0.997903 -0.0553572 -18.5495 -0.996449 0.0393849 0.0759485 162.572
0.0751531 0.0555276 0.995731 307.174 0.0346399 0.997758 -0.0582559 -18.59 -0.99668 0.0388664 0.073052 162.629
0.0748788 0.0585624 0.995592 307.869 0.0366565 0.997495 -0.0614343 -18.6185 -0.996634 0.0410889 0.0725325 162.664
0.0730902 0.0571185 0.995794 308.574 0.0343006 0.997682 -0.0597451 -18.6625 -0.996846 0.0385193 0.0709525 162.718
0.0711748 0.0568806 0.995962 309.282 0.0309969 0.997823 -0.0592051 -18.6987 -0.997097 0.0350799 0.069245 162.777
0.0694433 0.0580473 0.996002 309.993 0.0305001 0.997774 -0.0602778 -18.7403 -0.99723 0.0345604 0.0675093 162.836
0.0672799 0.0616095 0.995951 310.716 0.0336242 0.997443 -0.0639765 -18.795 -0.997283 0.0377863 0.0650246 162.885
0.06508 0.066847 0.995746 311.438 0.0351311 0.99704 -0.0692308 -18.8458 -0.997373 0.0394832 0.0625302 162.931
0.0646599 0.0709305 0.995504 312.179 0.0350566 0.996751 -0.0732997 -18.8751 -0.997407 0.0396322 0.0619517 162.975
0.0644874 0.068475 0.995674 312.938 0.0375791 0.996827 -0.0709891 -18.9461 -0.997321 0.0419903 0.0617009 163.013
0.0625904 0.0633396 0.996149 313.71 0.0430451 0.996942 -0.0660978 -19.0096 -0.997227 0.0470096 0.059661 163.06
0.062119 0.0603135 0.996353 314.486 0.0462234 0.996986 -0.0632347 -19.068 -0.997109 0.0499783 0.0591352 163.102
0.0607573 0.0613239 0.996388 315.251 0.0481496 0.996828 -0.0642902 -19.1168 -0.997107 0.0518747 0.0576002 163.147
0.0593472 0.0634059 0.99633 316.035 0.0485963 0.996673 -0.0663234 -19.163 -0.997165 0.0523494 0.05606 163.192
0.0594012 0.0646784 0.996257 316.829 0.0489417 0.996569 -0.0676198 -19.2146 -0.99715 0.0527681 0.0560204 163.235
0.0605881 0.0634625 0.996252 317.629 0.0496605 0.996609 -0.0665063 -19.273 -0.997038 0.0534991 0.0572226 163.289
0.0607313 0.0621897 0.996337 318.431 0.0502358 0.996661 -0.0652753 -19.3289 -0.997006 0.0540088 0.0573926 163.335
0.0630419 0.0605162 0.996283 319.257 0.0505213 0.996747 -0.0637423 -19.3799 -0.996843 0.0543471 0.0597705 163.372
0.0639255 0.0596656 0.996292 320.079 0.0506388 0.99679 -0.0629479 -19.4343 -0.996785 0.0544676 0.060687 163.428
0.0662581 0.0591163 0.996159 320.923 0.0497986 0.996863 -0.0624715 -19.4841 -0.996671 0.0537417 0.0630971 163.47
0.0696659 0.0575458 0.996032 321.776 0.0506521 0.996902 -0.0611422 -19.5486 -0.9964 0.0547033 0.066523 163.531
0.0725178 0.056336 0.995884 322.637 0.0514209 0.996924 -0.0601403 -19.597 -0.996153 0.0555656 0.0693882 163.595
0.0747322 0.055875 0.99576 323.492 0.0521824 0.996901 -0.0598586 -19.6558 -0.995954 0.0564271 0.0715724 163.655
0.0752614 0.0553396 0.995737 324.348 0.0524166 0.996918 -0.0593685 -19.711 -0.995898 0.0566562 0.0721189 163.7
0.0843021 0.055432 0.99502 325.255 0.0547529 0.996745 -0.0601701 -19.7731 -0.995052 0.0595452 0.0809796 163.779
0.0838048 0.055024 0.995072 326.121 0.0566395 0.996657 -0.059883 -19.8338 -0.994984 0.0613735 0.0803977 163.842
0.0878212 0.053727 0.994809 326.998 0.058942 0.996574 -0.0590288 -19.8953 -0.994508 0.0638122 0.0843403 163.909
0.0917289 0.053905 0.994435 327.89 0.0591164 0.996538 -0.0594733 -19.9448 -0.994141 0.0642372 0.0882138 163.991
0.0945625 0.0542624 0.994163 328.782 0.0599782 0.996449 -0.0600953 -20.0049 -0.993829 0.0653027 0.0909585 164.078
0.0993268 0.0550815 0.993641 329.688 0.05896 0.996447 -0.0611322 -20.0586 -0.993421 0.0646514 0.0957149 164.162
0.103304 0.0559871 0.993197 330.609 0.0555858 0.99659 -0.0619632 -20.0902 -0.993214 0.0616009 0.0998252 164.247
0.105915 0.057134 0.992845 331.506 0.0542549 0.996589 -0.0631386 -20.1583 -0.993009 0.0605485 0.102442 164.345
0.109575 0.057387 0.992444 332.421 0.051968 0.996696 -0.0633739 -20.2186 -0.992738 0.0585118 0.106216 164.449
0.111379 0.0562398 0.992298 333.343 0.050799 0.996831 -0.0622001 -20.2726 -0.992594 0.0573302 0.108157 164.554
0.111254 0.0530547 0.992499 334.286 0.0508383 0.997022 -0.0589984 -20.3305 -0.99261 0.0570132 0.10821 164.657
0.113779 0.0524067 0.992236 335.246 0.0539169 0.996872 -0.0588356 -20.4077 -0.992157 0.0601871 0.110585 164.774
0.114943 0.0525704 0.992104 336.171 0.055195 0.996778 -0.059216 -20.4696 -0.991957 0.0615579 0.111656 164.879
0.113896 0.0531956 0.992181 337.096 0.0546266 0.99678 -0.0597144 -20.5203 -0.992105 0.0609951 0.110611 164.976
0.115155 0.0534792 0.992031 338.035 0.0534419 0.996831 -0.0599446 -20.5703 -0.992029 0.0599114 0.111917 165.082
0.115363 0.0525047 0.992048 338.949 0.0514625 0.997006 -0.058753 -20.6259 -0.992105 0.0578259 0.112304 165.196
0.114782 0.051739 0.992167 339.858 0.0512717 0.997064 -0.057929 -20.691 -0.992187 0.0575119 0.111777 165.309
0.115667 0.0517474 0.992053 340.786 0.049791 0.997145 -0.0578197 -20.757 -0.992156 0.056078 0.112748 165.424
0.116735 0.0526963 0.991889 341.692 0.0504107 0.997051 -0.0589065 -20.8163 -0.992003 0.056871 0.113719 165.531
0.115097 0.0528245 0.992062 342.642 0.0496443 0.997092 -0.0588532 -20.8855 -0.99223 0.0560189 0.112127 165.648
0.116411 0.0532667 0.991897 343.562 0.0491368 0.99709 -0.0593155 -20.9457 -0.992106 0.0556362 0.11344 165.76
0.116431 0.0536502 0.991862 344.465 0.049716 0.997034 -0.0597673 -21.0101 -0.992071 0.0562651 0.113406 165.87
0.11572 0.0548174 0.991894 345.361 0.047496 0.99709 -0.060649 -21.051 -0.992267 0.0541221 0.112765 165.978
0.117132 0.0534805 0.991789 346.274 0.0481012 0.997132 -0.059451 -21.1162 -0.992068 0.0546649 0.114211 166.079
0.117232 0.0542522 0.991747 347.165 0.0464031 0.997178 -0.0600379 -21.1672 -0.992141 0.0530514 0.114368 166.197
0.117397 0.0554253 0.991652 348.037 0.0461414 0.997119 -0.061195 -21.2207 -0.99213 0.0529354 0.114489 166.292
0.118876 0.0554793 0.991485 348.942 0.0476501 0.99703 -0.0615063 -21.2816 -0.991889 0.0545487 0.115864 166.395
0.120221 0.0542244 0.99138 349.859 0.0489216 0.997031 -0.0604677 -21.3196 -0.991659 0.0557643 0.117198 166.487
0.123714 0.0517061 0.991097 350.776 0.0511338 0.997045 -0.0584027 -21.3881 -0.991123 0.0578964 0.120689 166.601
0.123144 0.0526939 0.991104 351.643 0.0547043 0.996772 -0.0597938 -21.4467 -0.990998 0.0615754 0.119851 166.708
0.124853 0.0579286 0.99061 352.544 0.0590947 0.996149 -0.0657042 -21.521 -0.990537 0.0667351 0.120933 166.816
0.128082 0.0595881 0.990088 353.434 0.061127 0.995883 -0.067846 -21.5747 -0.989997 0.069205 0.123899 166.928
0.132789 0.0592902 0.989497 354.329 0.0635368 0.995709 -0.0681925 -21.6444 -0.98923 0.0719163 0.128436 167.035
0.135088 0.0591108 0.989185 355.229 0.0654849 0.995566 -0.0684366 -21.7249 -0.988786 0.0740155 0.130605 167.158
0.137508 0.0605327 0.988776 356.119 0.0644957 0.995527 -0.0699189 -21.7757 -0.988523 0.0733778 0.132972 167.283
0.142133 0.0602778 0.988127 357.004 0.0650512 0.995479 -0.0700849 -21.8193 -0.987827 0.0742341 0.137555 167.42
0.146751 0.0595347 0.987508 357.859 0.0618642 0.995743 -0.0692281 -21.8792 -0.987362 0.0712425 0.142426 167.545
0.149463 0.0557442 0.987311 358.759 0.0607395 0.996068 -0.0654352 -21.934 -0.98702 0.069743 0.145475 167.675
0.155001 0.054013 0.986566 359.646 0.0591554 0.996268 -0.0638418 -21.9954 -0.986267 0.0682482 0.15121 167.812
0.159867 0.0552665 0.985707 360.55 0.0534494 0.996544 -0.0645443 -22.024 -0.98581 0.0629984 0.156345 167.965
0.16308 0.0552213 0.985195 361.444 0.0542105 0.996485 -0.0648312 -22.1021 -0.985247 0.0639731 0.159496 168.117
0.169711 0.0544415 0.984107 362.326 0.0528039 0.996598 -0.0642403 -22.1811 -0.984199 0.0628614 0.166243 168.265
0.177041 0.0545 0.982822 363.21 0.0510328 0.996677 -0.0644645 -22.2387 -0.983005 0.0615616 0.173652 168.426
0.183961 0.0561104 0.981449 364.087 0.0492464 0.996652 -0.0662117 -22.3029 -0.98182 0.0605079 0.180564 168.589
0.192767 0.0568415 0.979726 364.983 0.0472443 0.996688 -0.0671248 -22.3738 -0.980233 0.0592186 0.189424 168.763
0.201322 0.0567148 0.978 365.863 0.0454578 0.996769 -0.0671622 -22.4402 -0.978592 0.0579738 0.198076 168.95
0.20845 0.0560964 0.976553 366.781 0.0454711 0.996781 -0.0669679 -22.5267 -0.977102 0.0583571 0.205208 169.147
0.218582 0.0550375 0.974385 367.671 0.0437925 0.996912 -0.0661354 -22.5765 -0.974959 0.0571215 0.215478 169.351
0.229527 0.0547584 0.971892 368.556 0.0426426 0.996954 -0.0662447 -22.6348 -0.972495 0.0566419 0.226472 169.565
0.234411 0.0538704 0.970766 369.5 0.0424521 0.997008 -0.0655793 -22.6982 -0.971336 0.0565782 0.231402 169.794
0.244195 0.0532632 0.968394 370.391 0.0404239 0.997127 -0.0650405 -22.7464 -0.969012 0.0550218 0.241318 170.034
0.249477 0.0532215 0.96704 371.294 0.0385504 0.997216 -0.0648293 -22.802 -0.967739 0.0534481 0.246709 170.266
0.253602 0.0535985 0.965954 372.186 0.0373167 0.997242 -0.0651352 -22.8706 -0.966718 0.0525578 0.25088 170.5
0.259522 0.0532989 0.964389 373.064 0.0370831 0.997254 -0.0650964 -22.9379 -0.965152 0.0526513 0.25681 170.743
0.264401 0.0532278 0.963075 373.945 0.0367002 0.997261 -0.0651961 -23.004 -0.963844 0.0525762 0.261699 170.988
0.268725 0.0530745 0.961878 374.819 0.0376035 0.997207 -0.0655312 -23.0697 -0.962611 0.0537746 0.265955 171.238
0.273974 0.0536983 0.96037 375.715 0.0361394 0.997224 -0.0660721 -23.1235 -0.961189 0.0528025 0.271248 171.496
0.278453 0.0534351 0.959088 376.591 0.0356803 0.997251 -0.0659225 -23.1823 -0.959917 0.0525717 0.275757 171.753
0.282841 0.0524152 0.957868 377.461 0.0359559 0.997289 -0.0651927 -23.2528 -0.958624 0.0528734 0.280164 172.005
0.28811 0.0516017 0.956332 378.346 0.0353414 0.997359 -0.0644645 -23.3113 -0.957076 0.0523657 0.2855 172.271
0.292525 0.0505246 0.955058 379.22 0.0350379 0.997431 -0.0635013 -23.3738 -0.955749 0.0520322 0.289977 172.537
0.296395 0.0483681 0.953967 380.087 0.0347838 0.997573 -0.0613883 -23.4368 -0.954563 0.0513726 0.293968 172.804
0.301798 0.0469934 0.952349 380.97 0.0322985 0.997772 -0.0594735 -23.483 -0.952958 0.0487018 0.299582 173.09
0.306348 0.0472548 0.950873 381.832 0.0322625 0.997743 -0.0599803 -23.5475 -0.951504 0.0490473 0.304106 173.373
0.310554 0.0487011 0.949443 382.669 0.0308082 0.997711 -0.0612573 -23.598 -0.950191 0.0482678 0.308316 173.647
0.315788 0.0505998 0.947607 383.525 0.0289011 0.997666 -0.062906 -23.6395 -0.948522 0.0472468 0.313562 173.941
0.319783 0.0506041 0.946275 384.37 0.0271363 0.997739 -0.0625299 -23.7022 -0.947238 0.045668 0.317659 174.228
0.322643 0.047721 0.945445 385.202 0.0255154 0.997992 -0.0590827 -23.7647 -0.94631 0.0431812 0.320751 174.515
0.325588 0.0452685 0.944565 386.057 0.0231401 0.998238 -0.0558204 -23.8214 -0.945364 0.0400257 0.323938 174.822
0.327929 0.0459415 0.943713 386.882 0.019958 0.998322 -0.0555372 -23.8727 -0.944625 0.0370425 0.326435 175.125
0.328899 0.0502747 0.943164 387.701 0.0160709 0.998205 -0.0588162 -23.9215 -0.944365 0.0344965 0.327472 175.424
0.330326 0.0543636 0.942429 388.506 0.0141017 0.99801 -0.0625145 -23.974 -0.943896 0.0339357 0.328874 175.726
0.331501 0.0544312 0.942022 389.334 0.0128378 0.998047 -0.0621896 -24.0278 -0.943504 0.0327038 0.330126 176.026
0.332377 0.0510525 0.941893 390.139 0.0106782 0.998331 -0.0578817 -24.0752 -0.943221 0.0292921 0.331249 176.321
0.333422 0.0470151 0.941743 390.952 0.00868188 0.998625 -0.0529322 -24.1247 -0.942875 0.0258199 0.332527 176.623
0.335003 0.0447742 0.941282 391.763 0.00749297 0.998777 -0.050178 -24.1729 -0.942322 0.023859 0.334229 176.931
0.334525 0.0438335 0.941506 392.546 0.00706677 0.998838 -0.0490171 -24.2222 -0.942498 0.0230461 0.333798 177.211
0.334626 0.0441263 0.941447 393.357 0.00698168 0.998825 -0.0492995 -24.2682 -0.942461 0.0230661 0.333897 177.507
0.334168 0.0443071 0.941611 394.146 0.00677291 0.998821 -0.0494063 -24.309 -0.942627 0.0228827 0.333445 177.791
0.334324 0.0413874 0.941679 394.929 0.0106198 0.998871 -0.0476736 -24.3497 -0.942534 0.025935 0.333479 178.059
0.334398 0.0396288 0.941737 395.741 0.0124599 0.998908 -0.0464624 -24.4 -0.942488 0.0272659 0.33351 178.346
0.333812 0.0407216 0.941889 396.527 0.012287 0.998859 -0.0475414 -24.4358 -0.942695 0.0274389 0.332903 178.627
0.333223 0.0437075 0.941975 397.304 0.0141827 0.998646 -0.0513579 -24.4846 -0.94288 0.0304682 0.332123 178.899
0.333092 0.0452593 0.941938 398.102 0.0148871 0.998536 -0.0532454 -24.5366 -0.942913 0.0317541 0.331903 179.181
0.332787 0.0449975 0.942069 398.901 0.0145385 0.998564 -0.0528353 -24.5647 -0.943028 0.0312738 0.331626 179.465
0.331644 0.042253 0.942589 399.701 0.0146445 0.998712 -0.0499235 -24.6222 -0.943427 0.0303564 0.330571 179.739
0.331669 0.041953 0.942603 400.522 0.0138729 0.998753 -0.049337 -24.6608 -0.943432 0.0294349 0.330645 180.031
0.331804 0.0428001 0.942508 401.337 0.014494 0.998687 -0.0504559 -24.7054 -0.943373 0.030398 0.330721 180.319
0.331669 0.0446928 0.942478 402.133 0.0153288 0.998557 -0.0527502 -24.7602 -0.94341 0.0319372 0.330477 180.602
0.332334 0.0457623 0.942182 402.973 0.0156197 0.998484 -0.0540085 -24.8084 -0.943169 0.0326611 0.331088 180.902
0.33141 0.0452809 0.942541 403.792 0.0156663 0.998512 -0.053482 -24.8479 -0.943496 0.0324851 0.33018 181.191
0.332513 0.0435198 0.942226 404.678 0.0161612 0.998592 -0.0518285 -24.8986 -0.943097 0.0324566 0.331314 181.511
0.332473 0.0429098 0.942277 405.498 0.0183148 0.998549 -0.0519383 -24.9577 -0.943073 0.0345201 0.331177 181.793
0.334271 0.0396383 0.941775 406.372 0.0230055 0.998542 -0.0501951 -25.031 -0.942334 0.0384398 0.332844 182.118
0.334093 0.0408616 0.941795 407.205 0.0234513 0.998457 -0.051643 -25.0999 -0.942386 0.039334 0.332591 182.407
0.335569 0.0405329 0.941276 408.086 0.0251564 0.998399 -0.0519631 -25.1413 -0.941818 0.041111 0.333984 182.722
0.336707 0.0386576 0.940957 408.95 0.0300476 0.998274 -0.0517682 -25.2073 -0.94127 0.0456978 0.334936 183.019
0.337946 0.0369654 0.940573 409.819 0.0337704 0.998176 -0.051365 -25.2769 -0.940698 0.0491163 0.336053 183.323
0.337748 0.0349727 0.940729 410.668 0.0323854 0.998354 -0.0487461 -25.3141 -0.940819 0.0469234 0.336031 183.633
0.339901 0.0295073 0.940132 411.542 0.0318405 0.99864 -0.042858 -25.3462 -0.940061 0.0444965 0.338472 183.963
0.340798 0.0252075 0.939942 412.411 0.0329789 0.998772 -0.0387463 -25.406 -0.939699 0.0441966 0.33952 184.272
0.340396 0.0252951 0.940076 413.25 0.0339713 0.998721 -0.0391766 -25.4353 -0.939807 0.0452658 0.339074 184.558
0.341563 0.0281117 0.939583 414.118 0.0332061 0.998635 -0.0419537 -25.4796 -0.939413 0.0455232 0.340135 184.869
0.341663 0.0286183 0.939521 414.958 0.033045 0.998619 -0.0424381 -25.5322 -0.939381 0.0455406 0.340218 185.179
0.341016 0.0264016 0.939831 415.81 0.0355669 0.998596 -0.0409617 -25.5682 -0.939526 0.0473888 0.33957 185.48
0.342861 0.0236414 0.939223 416.661 0.0370909 0.998629 -0.0386793 -25.6137 -0.938794 0.0480926 0.341486 185.8
0.343139 0.0225741 0.939158 417.495 0.0370778 0.998674 -0.0375555 -25.6494 -0.938695 0.047702 0.341818 186.102
0.341924 0.0210584 0.939627 418.31 0.0363511 0.998771 -0.0356143 -25.6913 -0.939166 0.0463282 0.340709 186.4
0.341134 0.0207283 0.939931 419.113 0.0362085 0.998792 -0.0351715 -25.7218 -0.939459 0.046025 0.339943 186.692
0.34326 0.0189059 0.939187 419.942 0.0362073 0.998856 -0.0333431 -25.757 -0.938685 0.0454451 0.342154 186.98
0.342115 0.0181813 0.939628 420.709 0.0357476 0.998905 -0.0323478 -25.7837 -0.939121 0.0446495 0.341062 187.255
0.341707 0.0166222 0.939797 421.497 0.0356507 0.998962 -0.030634 -25.8122 -0.939273 0.0439667 0.340731 187.552
0.340478 0.0158605 0.940264 422.279 0.0355481 0.998993 -0.0297273 -25.8542 -0.939724 0.0435396 0.339542 187.832
0.337449 0.0164528 0.941339 423.025 0.0371536 0.998903 -0.0307804 -25.8844 -0.940756 0.0453549 0.336439 188.104
0.337226 0.0211077 0.941332 423.816 0.0371288 0.99874 -0.0357 -25.9196 -0.940836 0.0469825 0.335989 188.398
0.335542 0.0265436 0.941791 424.552 0.0356509 0.998598 -0.0408491 -25.9528 -0.941497 0.0472759 0.334097 188.669
0.334182 0.0322411 0.942103 425.299 0.0336358 0.998438 -0.0461042 -25.9962 -0.942053 0.0470883 0.332547 188.939
0.332936 0.0326271 0.942526 426.052 0.0339755 0.998406 -0.0465657 -26.0271 -0.942485 0.0475195 0.331268 189.21
0.33064 0.0299476 0.943428 426.801 0.0334719 0.998564 -0.0434326 -26.0811 -0.943308 0.0459315 0.329135 189.444
0.3296 0.0261647 0.943899 427.541 0.0347479 0.998671 -0.0398193 -26.0993 -0.943629 0.0459162 0.328225 189.707
0.328873 0.0247172 0.944199 428.282 0.0345608 0.998741 -0.0381868 -26.1434 -0.943889 0.0451834 0.327577 189.964
0.328196 0.0244202 0.944437 429.013 0.0343084 0.998766 -0.0377503 -26.1871 -0.944136 0.0447848 0.326926 190.218
0.326778 0.0245332 0.944934 429.723 0.0336497 0.998795 -0.0375726 -26.2256 -0.944651 0.0440671 0.325532 190.473
0.32652 0.0239484 0.94503 430.455 0.0342282 0.998792 -0.0371401 -26.253 -0.944721 0.0444669 0.325278 190.726
0.326314 0.02386 0.945113 431.17 0.0347952 0.998769 -0.0372324 -26.2877 -0.944771 0.045027 0.325055 190.971
0.326197 0.023525 0.945154 431.883 0.0347252 0.998786 -0.0368476 -26.3254 -0.944814 0.0448333 0.324956 191.219
0.325697 0.0239283 0.945324 432.586 0.0354313 0.998738 -0.0374919 -26.3615 -0.94496 0.0456973 0.324411 191.458
0.326542 0.0232405 0.945043 433.399 0.0355049 0.99876 -0.0368327 -26.3799 -0.944667 0.0455738 0.325284 191.754
0.326433 0.0224063 0.945108 434.089 0.0379894 0.99867 -0.0368018 -26.4081 -0.944608 0.0479094 0.32512 191.995
0.327343 0.0217139 0.944803 434.825 0.03833 0.998677 -0.0362353 -26.4372 -0.944279 0.0480682 0.326051 192.255
0.327428 0.0199836 0.944819 435.546 0.0379093 0.998763 -0.0342665 -26.4828 -0.944267 0.0470292 0.326238 192.493
0.329372 0.0180405 0.944175 436.28 0.0381327 0.998817 -0.0323902 -26.5128 -0.943582 0.0466648 0.328267 192.745
0.33084 0.0162866 0.943702 437.005 0.0379954 0.998879 -0.0305636 -26.5419 -0.943074 0.0459598 0.329823 192.989
0.332485 0.0145772 0.943145 437.719 0.0380416 0.998929 -0.0288533 -26.5743 -0.942495 0.0454644 0.331547 193.241
0.334059 0.0143864 0.942602 438.409 0.0370051 0.998982 -0.0283661 -26.6042 -0.941979 0.0443486 0.333159 193.497
0.336218 0.0153666 0.941808 439.11 0.0351553 0.999035 -0.0288536 -26.6326 -0.941283 0.0428031 0.335325 193.748
0.338028 0.0149677 0.941177 439.773 0.0344511 0.999076 -0.0282663 -26.6639 -0.940661 0.0419708 0.337172 193.996
0.340223 0.0143334 0.940386 440.444 0.033799 0.999122 -0.02746 -26.6903 -0.939892 0.0411192 0.339411 194.247
0.341471 0.0138102 0.939953 441.101 0.033159 0.999162 -0.0267309 -26.7138 -0.939463 0.040287 0.340699 194.499
0.342135 0.0123426 0.939721 441.751 0.0331621 0.999203 -0.0252009 -26.7283 -0.939221 0.0397779 0.341424 194.744
0.343387 0.0120376 0.939279 442.366 0.0325845 0.999233 -0.024723 -26.7591 -0.938785 0.0390869 0.342703 194.987
0.3444 0.0115643 0.938904 442.992 0.0326501 0.999241 -0.0242872 -26.7814 -0.938411 0.0390124 0.343733 195.222
0.345521 0.0108883 0.93851 443.615 0.0332281 0.999232 -0.0238305 -26.8033 -0.937979 0.0394101 0.344866 195.451
0.347091 0.0104881 0.937926 444.226 0.0335505 0.999228 -0.0235926 -26.8249 -0.937387 0.0396492 0.346443 195.695
0.34818 0.00959989 0.937541 444.822 0.0345025 0.999208 -0.0230491 -26.8439 -0.93695 0.0403638 0.347545 195.914
0.34907 0.00934116 0.937204 445.407 0.03514 0.999186 -0.0230504 -26.8473 -0.936594 0.0409719 0.348429 196.139
0.350385 0.00907434 0.936726 445.974 0.0352293 0.999187 -0.0228616 -26.8616 -0.936103 0.0410016 0.349752 196.358
0.351259 0.00876073 0.936392 446.533 0.0354009 0.999186 -0.022631 -26.878 -0.935766 0.0410907 0.350635 196.573
0.352181 0.00791522 0.936063 447.081 0.0363153 0.999166 -0.0221166 -26.874 -0.935387 0.0417733 0.351571 196.789
0.352592 0.00769983 0.935901 447.626 0.036168 0.999176 -0.0218494 -26.8955 -0.935237 0.0415454 0.351995 196.994
0.354769 0.00758208 0.935089 448.134 0.0356491 0.9992 -0.0216316 -26.91 -0.934435 0.041 0.354186 197.189
0.354773 0.00739317 0.93508 448.689 0.0352993 0.99922 -0.0212961 -26.9223 -0.934447 0.0405549 0.354206 197.412
0.355928 0.00687009 0.934655 449.195 0.0351135 0.999239 -0.0207211 -26.9399 -0.934015 0.0401851 0.355387 197.603
0.356508 0.00644332 0.934428 449.688 0.0352424 0.999241 -0.0203393 -26.9564 -0.933789 0.0401745 0.355982 197.785
0.356998 0.00621967 0.934252 450.182 0.0350284 0.999255 -0.0200423 -26.9783 -0.933611 0.0398714 0.356486 197.973
0.35758 0.00664929 0.934018 450.651 0.0340299 0.999287 -0.0201452 -26.9927 -0.933424 0.03898 0.357071 198.149
0.358045 0.00924225 0.933827 451.112 0.0317209 0.999324 -0.0220576 -27.0177 -0.933329 0.0375105 0.357481 198.331
0.358539 0.00892012 0.933631 451.573 0.0320277 0.999317 -0.0218503 -27.0285 -0.933128 0.0377283 0.35798 198.509
0.359725 0.00992544 0.933174 452.032 0.0327894 0.999261 -0.023273 -27.0388 -0.932646 0.0389611 0.359105 198.689
0.360141 0.00973704 0.933007 452.466 0.032698 0.999268 -0.0230531 -27.0543 -0.932488 0.0388017 0.359531 198.858
0.359637 0.00870879 0.933219 452.899 0.0330019 0.999282 -0.0220481 -27.076 -0.932672 0.0387183 0.359063 199.02
0.358456 0.00818668 0.933671 453.326 0.0315433 0.999353 -0.0208758 -27.0748 -0.933177 0.0369259 0.357938 199.205
0.357393 0.00755977 0.934091 453.724 0.0318976 0.999355 -0.0202971 -27.0895 -0.933573 0.0370404 0.356892 199.363
0.356258 0.00713368 0.934521 454.104 0.0318625 0.999366 -0.0197784 -27.1065 -0.934008 0.0368142 0.355777 199.509
0.35464 0.00684811 0.935146 454.478 0.0321891 0.999361 -0.0195304 -27.1135 -0.934613 0.0370188 0.354164 199.65
0.353395 0.00660031 0.935612 454.842 0.03179 0.999382 -0.0190609 -27.1372 -0.935097 0.0364709 0.35294 199.798
0.35227 0.0062547 0.936045 455.205 0.0323089 0.99937 -0.0188417 -27.1405 -0.935504 0.036871 0.351818 199.939
0.351165 0.00575264 0.936457 455.555 0.0326131 0.999369 -0.0183718 -27.1641 -0.935909 0.0369839 0.350728 200.069
0.350231 0.00544469 0.936816 455.889 0.0327995 0.999368 -0.0180752 -27.1749 -0.936253 0.0370485 0.349803 200.192
0.349316 0.00529466 0.937151 456.236 0.032452 0.999385 -0.0177456 -27.1861 -0.936606 0.036603 0.348903 200.317
0.348366 0.00542714 0.937512 456.543 0.0309628 0.999441 -0.0172957 -27.2041 -0.937011 0.0350442 0.347975 200.441
0.347188 0.00673803 0.937932 456.852 0.0293864 0.999475 -0.0180609 -27.223 -0.937498 0.0338249 0.34678 200.564
0.345748 0.00649856 0.938474 457.148 0.0294887 0.999476 -0.0177897 -27.2363 -0.938028 0.0338163 0.345347 200.672
0.34538 0.00687453 0.938598 457.446 0.0293837 0.999473 -0.0181359 -27.2531 -0.938166 0.0338352 0.344969 200.776
0.345235 0.0073797 0.938656 457.726 0.0304526 0.999424 -0.0190625 -27.2519 -0.938187 0.0351566 0.344784 200.885
0.344763 0.00820681 0.938814 458.017 0.0307485 0.999396 -0.0200313 -27.2588 -0.938349 0.035765 0.344276 200.975
0.344646 0.00756278 0.938871 458.29 0.0313039 0.999388 -0.0195461 -27.2622 -0.938375 0.0361177 0.344171 201.074
0.345583 0.00666166 0.938525 458.565 0.0298478 0.999461 -0.0180877 -27.2895 -0.938076 0.0342557 0.345171 201.184
0.346243 0.00647094 0.938292 458.83 0.0295825 0.999473 -0.017814 -27.3022 -0.937842 0.0339162 0.345842 201.286
0.347827 0.00631371 0.937699 459.1 0.0290534 0.999494 -0.0175098 -27.3182 -0.937273 0.0333257 0.34744 201.389
0.34888 0.00644486 0.937316 459.36 0.0277491 0.999537 -0.017206 -27.3387 -0.936922 0.0320037 0.348512 201.506
0.351325 0.0065437 0.936393 459.616 0.0277333 0.999534 -0.0173932 -27.3348 -0.936007 0.032072 0.350952 201.609
0.355433 0.00643111 0.934851 459.881 0.0279974 0.999524 -0.0175256 -27.3425 -0.934449 0.0323937 0.355056 201.704
0.360934 0.00605176 0.932734 460.152 0.0281774 0.999521 -0.0173918 -27.3594 -0.932331 0.0325514 0.360563 201.802
0.36825 0.00615286 0.92988 460.409 0.0278825 0.999525 -0.0176606 -27.3639 -0.929477 0.032422 0.367875 201.912
0.377616 0.00681545 0.926101 460.679 0.0280297 0.9995 -0.0187877 -27.3759 -0.925705 0.0330449 0.377207 202.024
0.3879 0.00782644 0.921844 460.948 0.0270296 0.999507 -0.0198645 -27.3807 -0.921475 0.0326135 0.387467 202.149
0.399431 0.00724156 0.916901 461.225 0.028381 0.999462 -0.0202603 -27.3997 -0.916492 0.0341071 0.39898 202.278
0.413839 0.00784707 0.910494 461.51 0.0273511 0.999474 -0.0210507 -27.4005 -0.910112 0.0336056 0.413375 202.412
0.429316 0.00936382 0.903275 461.784 0.0259029 0.999477 -0.0226754 -27.3971 -0.902954 0.0331242 0.428816 202.574
0.446567 0.0112707 0.89486 462.067 0.0228705 0.99952 -0.0240072 -27.404 -0.894634 0.0311779 0.446061 202.735
0.464759 0.0119536 0.885529 462.332 0.0224818 0.999497 -0.0252944 -27.4241 -0.885326 0.0316561 0.464221 202.891
0.483376 0.0141992 0.875483 462.61 0.0226109 0.999403 -0.0286984 -27.4299 -0.875302 0.0336585 0.482729 203.054
0.502634 0.0145962 0.864553 462.877 0.0227283 0.999359 -0.0300891 -27.4526 -0.86438 0.0347655 0.501941 203.224
0.52106 0.0155941 0.853568 463.109 0.0208779 0.999373 -0.0310083 -27.4528 -0.853451 0.0339688 0.520368 203.409
0.534918 0.0210272 0.844823 463.357 0.015035 0.999366 -0.0343965 -27.4707 -0.844953 0.0310934 0.534221 203.593
0.541616 0.0262914 0.840409 463.617 0.00905992 0.999342 -0.0371081 -27.4772 -0.840766 0.0277039 0.54098 203.772
0.54111 0.0281458 0.840663 463.853 0.00718131 0.999319 -0.0380832 -27.4761 -0.841105 0.0266367 0.540498 203.937
0.536913 0.0282714 0.843357 464.086 0.00679964 0.999332 -0.0378348 -27.4895 -0.843798 0.0260402 0.536322 204.091
0.528425 0.0283852 0.848686 464.312 0.00668142 0.999342 -0.0375872 -27.4989 -0.849136 0.0255249 0.527848 204.216
0.51573 0.0278525 0.856489 464.552 0.00819815 0.999336 -0.03744 -27.5108 -0.856898 0.0263221 0.51512 204.351
0.501466 0.0268086 0.864939 464.782 0.0103352 0.999334 -0.0369691 -27.5377 -0.865294 0.0274704 0.500817 204.456
0.483961 0.025387 0.874908 465.011 0.0141542 0.999293 -0.0368313 -27.5389 -0.875157 0.0301998 0.483223 204.57
0.464267 0.0253342 0.885506 465.264 0.0152367 0.999286 -0.0365808 -27.5323 -0.885739 0.0304676 0.463513 204.661
0.44384 0.0250341 0.895939 465.498 0.0160138 0.9993 -0.0358607 -27.5481 -0.896141 0.0302551 0.443094 204.78
0.423223 0.0250335 0.905849 465.75 0.0148926 0.999362 -0.0345787 -27.5548 -0.906074 0.0281172 0.422548 204.89
0.403482 0.0240556 0.91485 466.001 0.0154781 0.999403 -0.0331105 -27.5615 -0.915031 0.0275112 0.402838 204.982
0.38508 0.0229076 0.922766 466.271 0.0180772 0.999384 -0.0323564 -27.5768 -0.922874 0.0291329 0.384399 205.077
0.368302 0.0218499 0.929626 466.539 0.0209759 0.999346 -0.031804 -27.5915 -0.929642 0.0312044 0.367573 205.161
0.352743 0.0210819 0.935647 466.81 0.0232244 0.999312 -0.0312749 -27.6076 -0.935597 0.0327536 0.351984 205.258
0.338862 0.0208486 0.94078 467.066 0.0234726 0.999327 -0.0306059 -27.6122 -0.940713 0.032445 0.338118 205.352
0.328651 0.0193544 0.944416 467.33 0.0225838 0.999414 -0.0283434 -27.6227 -0.944345 0.0306354 0.327996 205.426
0.319015 0.0174393 0.947763 467.596 0.0237077 0.999443 -0.0263751 -27.6207 -0.947622 0.0308746 0.318398 205.507
0.312654 0.0159029 0.949896 467.841 0.024003 0.999479 -0.0246364 -27.6264 -0.949727 0.030495 0.312086 205.58
0.309542 0.0155011 0.950933 468.09 0.0255457 0.999443 -0.0246123 -27.6449 -0.950711 0.0319019 0.308948 205.655
0.312118 0.0160317 0.950071 468.307 0.0248768 0.999448 -0.0250405 -27.6493 -0.949881 0.0314422 0.311523 205.723
0.318291 0.015178 0.948045 468.546 0.0266322 0.999406 -0.0249465 -27.6579 -0.947788 0.0331798 0.317673 205.793
0.327478 0.0140912 0.944918 468.762 0.0288576 0.999345 -0.0249071 -27.6651 -0.944583 0.0354163 0.326832 205.862
0.338852 0.0135763 0.940917 468.952 0.0280591 0.999378 -0.0245296 -27.6664 -0.940592 0.0347041 0.338234 205.942
0.35216 0.0157912 0.935973 469.149 0.0241505 0.999444 -0.0259517 -27.6733 -0.935795 0.0317355 0.351556 206.042
0.366087 0.0178934 0.930586 469.307 0.0203417 0.999495 -0.0272258 -27.6796 -0.930531 0.0288882 0.36551 206.118
0.379782 0.0184017 0.925061 469.467 0.0180287 0.999538 -0.0272879 -27.6818 -0.925069 0.0270335 0.379246 206.21
0.394194 0.0176721 0.919039 469.634 0.0175098 0.999562 -0.0267359 -27.6848 -0.919036 0.026623 0.393681 206.295
0.408791 0.0161064 0.912657 469.783 0.0182156 0.999574 -0.0258024 -27.704 -0.912617 0.0271648 0.408292 206.331
0.423575 0.0150978 0.905919 469.907 0.0265755 0.999296 -0.0290852 -27.7076 -0.90565 0.036386 0.422844 206.396
0.438806 0.0169729 0.898596 470.037 0.0312124 0.999004 -0.0341142 -27.722 -0.898214 0.0430082 0.437805 206.449
0.453667 0.0190774 0.891155 470.139 0.0299249 0.998954 -0.0366247 -27.7294 -0.890851 0.0432735 0.452587 206.521
0.467861 0.0216112 0.883715 470.244 0.023406 0.999121 -0.0368282 -27.7208 -0.883669 0.0379065 0.466908 206.613
0.481014 0.0219576 0.87663 470.347 0.0187906 0.999272 -0.0353457 -27.7261 -0.876697 0.0334653 0.480214 206.697
0.494323 0.021516 0.869193 470.454 0.0180451 0.999298 -0.0350024 -27.7271 -0.869271 0.0329793 0.493549 206.759
0.506318 0.0208691 0.862289 470.548 0.018005 0.999308 -0.034763 -27.7346 -0.862347 0.0331179 0.505553 206.819
0.51817 0.0203289 0.85522 470.629 0.0179544 0.999313 -0.0346357 -27.7451 -0.855273 0.0332943 0.517409 206.882
0.529223 0.0201087 0.848442 470.707 0.0171576 0.999335 -0.0343929 -27.752 -0.848501 0.03275 0.528486 206.931
0.539064 0.0193581 0.842229 470.785 0.017825 0.999324 -0.034381 -27.75 -0.842263 0.0335384 0.538312 206.994
0.5483 0.0178018 0.836293 470.861 0.0188919 0.999329 -0.0336641 -27.7482 -0.836263 0.0342483 0.547554 207.058
0.555495 0.018213 0.83151 470.924 0.0176765 0.99935 -0.0337015 -27.7533 -0.831522 0.0334113 0.554768 207.113
0.563504 0.0219645 0.826024 470.982 0.0121713 0.999391 -0.0348835 -27.7582 -0.826222 0.0297022 0.56285 207.155
0.572245 0.0282619 0.819788 471.012 0.00452498 0.999356 -0.0376142 -27.7638 -0.820263 0.0252267 0.571703 207.222
0.578605 0.0334171 0.815129 471.049 -0.00231925 0.999298 -0.0393271 -27.7647 -0.815805 0.0208564 0.578231 207.271
0.583252 0.0331776 0.811808 471.104 -0.00188865 0.999293 -0.0394861 -27.7621 -0.812483 0.02149 0.582856 207.304
0.589455 0.028367 0.807511 471.14 0.00299677 0.999373 -0.0373005 -27.7674 -0.807999 0.0243985 0.588954 207.344
0.594238 0.0229479 0.804158 471.198 0.00841409 0.999436 -0.0347414 -27.7701 -0.804442 0.0274034 0.593662 207.366
0.598363 0.0220042 0.801132 471.237 0.00875232 0.999457 -0.0339944 -27.7694 -0.801382 0.027344 0.597799 207.396
0.603345 0.0232735 0.797339 471.263 0.00577792 0.999495 -0.0335495 -27.7732 -0.797659 0.0248415 0.602858 207.434
0.607918 0.0260988 0.793782 471.29 0.0019366 0.999482 -0.0343512 -27.7633 -0.794204 0.0224116 0.607505 207.466
0.610694 0.0284223 0.791557 471.307 -0.000509722 0.999444 -0.0354968 -27.7698 -0.792068 0.021267 0.61032 207.503
