1 0.000749945 0.00131058 0.00148429 -0.000749668 1 -0.00012295 -0.0321523 -0.00131073 0.000121883 1 1.23349
0.999994 0.00131637 0.00351751 -0.0146091 -0.00131772 0.999999 0.000358142 -0.0532863 -0.00351702 -0.000362743 0.999994 2.47966
0.999992 0.000841546 0.00408716 -0.0112025 -0.000846868 0.999999 0.00131976 -0.0826185 -0.00408613 -0.00132334 0.999992 3.70105
0.999987 0.000532972 0.00523538 -0.017093 -0.000542073 0.999999 0.00169947 -0.106031 -0.00523444 -0.00170224 0.999984 4.92451
0.999985 0.000456002 0.00566154 -0.0140145 -0.000466569 0.999998 0.00189358 -0.126193 -0.00566079 -0.00189643 0.999984 6.13861
0.99998 0.000796613 0.00650572 -0.016114 -0.000802178 0.999999 0.000808444 -0.14585 -0.00650498 -0.000813611 0.999978 7.34156
0.999986 0.000642234 0.00560841 0.00487472 -0.000644933 1 0.000518171 -0.164975 -0.00560803 -0.000522001 0.999987 8.5442
0.999988 6.91635e-06 0.00524901 0.00660604 -1.88482e-05 0.999999 0.00221346 -0.191045 -0.00524882 -0.00221351 0.999984 9.73875
0.999992 -0.000759942 0.00438094 -0.00392146 0.000744866 0.999994 0.00349379 -0.216422 -0.00438347 -0.00349073 0.999988 10.949
0.999998 -0.00211967 0.00234519 -0.0140134 0.00211301 0.999996 0.00274415 -0.230099 -0.00235077 -0.0027392 0.999994 12.1734
1 -0.00144731 0.00024429 -0.0217102 0.00144728 0.999999 0.000990044 -0.226119 -0.00024557 -0.000989884 1.00001 13.3975
1 -0.00147344 -0.00124131 -0.0358061 0.0014751 1 0.00138968 -0.25832 0.00123958 -0.00139158 0.999999 14.6094
1 0.00016275 -0.00141199 -0.0582193 -0.000161226 1 0.000980892 -0.273893 0.00141236 -0.00098087 1.00001 15.8289
0.999999 -1.02474e-05 -0.00288757 -0.0560638 1.25462e-05 1 0.000820861 -0.292429 0.00288784 -0.000820847 0.999998 17.0375
0.999998 -0.00068362 -0.00304667 -0.0725356 0.000689094 0.999999 0.0017428 -0.32549 0.00304559 -0.00174507 1 18.267
0.999997 -0.000895752 -0.00336047 -0.0867423 0.000904448 0.999998 0.0026168 -0.353207 0.00335849 -0.00261972 0.999993 19.4834
0.999998 -0.000203383 -0.00316803 -0.110698 0.000211798 0.999998 0.00263881 -0.381375 0.00316774 -0.0026397 0.999999 20.694
0.999995 0.00015691 -0.00433514 -0.114406 -0.00014545 0.999998 0.00266603 -0.407508 0.00433602 -0.00266543 0.999991 21.9011
0.999985 0.00142053 -0.00601287 -0.117922 -0.00140208 0.999996 0.0030717 -0.42189 0.00601787 -0.00306345 0.999987 23.1135
0.999973 0.00131565 -0.0077269 -0.118691 -0.00129653 0.999997 0.0024987 -0.434844 0.00773067 -0.00248861 0.999971 24.3396
0.99997 0.00156703 -0.00819696 -0.144932 -0.00155384 1 0.00159818 -0.453387 0.00820022 -0.00158574 0.999976 25.5736
0.999965 0.00211976 -0.00857386 -0.171411 -0.00209941 0.999996 0.0023979 -0.470822 0.00857941 -0.00237982 0.999965 26.8096
0.999957 0.00044755 -0.00984482 -0.176929 -0.000406944 0.999995 0.0041124 -0.486898 0.00984734 -0.00410858 0.999957 28.0539
0.999947 -0.00017855 -0.0107474 -0.201633 0.000222742 0.999993 0.00411217 -0.505424 0.0107473 -0.00411435 0.999938 29.2537
0.999935 -0.000453504 -0.0119051 -0.2172 0.000497183 0.999997 0.00365384 -0.522986 0.0119041 -0.00365983 0.999936 30.4758
0.999917 -0.000907529 -0.0132175 -0.233849 0.000937115 0.999998 0.00223369 -0.532365 0.0132163 -0.00224592 0.999915 31.6946
0.999906 -0.000204751 -0.0142078 -0.258003 0.000244139 0.999999 0.00276747 -0.557859 0.014208 -0.00277103 0.999908 32.9019
0.999879 -0.0011645 -0.0158111 -0.274825 0.00121002 0.999997 0.00288106 -0.57173 0.0158085 -0.00289995 0.999877 34.1143
0.999869 -0.00132101 -0.0165721 -0.301765 0.00138601 0.999994 0.00391041 -0.596991 0.0165677 -0.00393316 0.999869 35.3305
0.999833 -0.00137254 -0.0185152 -0.316692 0.00145174 0.999992 0.00428018 -0.618842 0.0185101 -0.00430645 0.999826 36.5468
0.999819 -0.00164252 -0.019396 -0.342552 0.00172402 0.999992 0.00419329 -0.634672 0.0193899 -0.00422627 0.999819 37.7411
0.999797 -0.00249243 -0.0202853 -0.362993 0.00259751 0.999986 0.00516836 -0.655868 0.020273 -0.00522018 0.999787 38.9716
0.999789 -0.00230604 -0.0207971 -0.385983 0.00244059 0.999978 0.00645638 -0.674007 0.0207828 -0.00650608 0.999778 40.1902
0.999763 -0.00202813 -0.021988 -0.404873 0.00219574 0.999971 0.00761552 -0.695031 0.0219728 -0.00766223 0.999737 41.4277
0.999754 -0.00143716 -0.0224914 -0.437131 0.00160338 0.999974 0.00738408 -0.712977 0.0224812 -0.00741866 0.999735 42.6457
0.999748 -0.000550933 -0.0227652 -0.473946 0.000727976 0.999972 0.00778546 -0.73335 0.0227612 -0.00780029 0.999718 43.8646
0.999729 0.00187438 -0.0235838 -0.500007 -0.00164958 0.999956 0.00955856 -0.744023 0.0236017 -0.00951747 0.999693 45.0766
0.99974 0.0026343 -0.0229811 -0.525441 -0.00232142 0.999906 0.0136468 -0.767315 0.0230158 -0.0135903 0.99965 46.2921
0.999763 0.00328309 -0.0219331 -0.554101 -0.00290308 0.999849 0.0173468 -0.78196 0.0219877 -0.0172794 0.999624 47.5158
0.999804 0.00385869 -0.0198879 -0.599057 -0.0034321 0.999765 0.0214497 -0.792114 0.019967 -0.0213777 0.99958 48.7578
0.999814 0.00366937 -0.0194127 -0.621326 -0.00321627 0.999726 0.0233373 -0.792574 0.019494 -0.023271 0.999554 49.9724
0.999837 0.00208925 -0.0185028 -0.646688 -0.001681 0.999757 0.0220624 -0.783985 0.0185456 -0.0220281 0.999594 51.1904
0.999839 0.00377233 -0.0180806 -0.673883 -0.00338346 0.999768 0.0215031 -0.789733 0.0181587 -0.0214389 0.999621 52.4057
0.999883 0.00391845 -0.0155095 -0.74469 -0.00358678 0.999767 0.0213633 -0.787785 0.0155909 -0.0213054 0.99966 53.6136
0.999899 0.00357264 -0.0144209 -0.784392 -0.00327797 0.999791 0.0204242 -0.776509 0.014492 -0.0203754 0.999702 54.848
0.999913 0.00324351 -0.0135535 -0.833393 -0.00299399 0.999827 0.0184014 -0.768341 0.0136122 -0.0183595 0.999748 56.0507
0.9999 0.00361516 -0.0143341 -0.869564 -0.00334197 0.999817 0.0190511 -0.768748 0.0144016 -0.0190018 0.99973 57.2913
0.99987 0.00383963 -0.0163739 -0.890738 -0.003498 0.999778 0.0208553 -0.771935 0.0164517 -0.0207957 0.999658 58.4808
0.999858 0.00327862 -0.0170651 -0.926807 -0.0029209 0.999781 0.020957 -0.769062 0.0171313 -0.0209046 0.999651 59.7095
0.999837 0.00427785 -0.0181569 -0.955316 -0.00390577 0.999784 0.0204888 -0.762367 0.0182421 -0.020415 0.999636 60.9595
0.999807 0.00523959 -0.0194569 -0.978516 -0.00482223 0.999763 0.0214433 -0.770865 0.0195657 -0.0213458 0.999597 62.1639
0.999804 0.00357859 -0.0200774 -1.00632 -0.00316696 0.999787 0.020504 -0.7656 0.020148 -0.0204369 0.999599 63.3895
0.999789 0.00231004 -0.0209303 -1.03192 -0.00190945 0.999821 0.0191414 -0.75948 0.0209718 -0.0190977 0.999616 64.6078
0.999769 0.00151167 -0.0220029 -1.06046 -0.00107848 0.999807 0.0196905 -0.749328 0.02203 -0.0196626 0.999575 65.8276
0.999757 0.00104765 -0.0224918 -1.10161 -0.000571337 0.99978 0.0211756 -0.748836 0.0225101 -0.021158 0.999541 67.0213
0.999769 0.00229411 -0.0219569 -1.14423 -0.00187333 0.999817 0.0191674 -0.742319 0.0219985 -0.0191225 0.999588 68.2512
0.999746 0.00393827 -0.0226724 -1.17083 -0.0035405 0.999843 0.0175624 -0.733341 0.0227392 -0.017478 0.999608 69.4727
0.999743 0.00596866 -0.0224657 -1.21976 -0.00557317 0.999832 0.0176247 -0.730965 0.0225687 -0.0174956 0.999605 70.6884
0.999711 0.00781695 -0.0232524 -1.24873 -0.00740706 0.99982 0.0176646 -0.730218 0.0233875 -0.0174875 0.999594 71.8952
0.999709 0.00908807 -0.0229307 -1.291 -0.00861948 0.999757 0.0204501 -0.759777 0.0231126 -0.0202471 0.999541 73.1047
0.999745 0.00777743 -0.0217925 -1.33196 -0.00726184 0.999698 0.0236409 -0.784984 0.021971 -0.023477 0.999503 74.3241
0.999776 0.0101685 -0.0193481 -1.37447 -0.0096864 0.999648 0.0248524 -0.783519 0.0195955 -0.0246601 0.999518 75.5208
0.999818 0.00876535 -0.0176667 -1.39451 -0.00835733 0.999703 0.0230428 -0.785776 0.0178645 -0.0228913 0.999599 76.7302
0.999869 0.00572746 -0.0160581 -1.40864 -0.00544239 0.999833 0.0177421 -0.781002 0.0161584 -0.017653 0.999728 77.9389
0.999881 0.0066175 -0.0148458 -1.42217 -0.00634452 0.999816 0.0183589 -0.784597 0.0149657 -0.018263 0.999743 79.1294
0.999921 0.00525149 -0.0126221 -1.43567 -0.00497998 0.999762 0.0214608 -0.779354 0.0127334 -0.0213968 0.999706 80.3208
0.999962 0.00657143 -0.00779684 -1.46828 -0.00639443 0.999728 0.0225344 -0.779114 0.0079443 -0.022484 0.999737 81.502
0.999965 0.00879862 -0.00422644 -1.46827 -0.00871489 0.999779 0.0194484 -0.760105 0.00439815 -0.0194114 0.999819 82.7027
0.999971 0.00926495 -0.00112337 -1.46946 -0.00924658 0.999841 0.0155367 -0.755174 0.00126861 -0.0155263 0.999903 83.8841
0.999979 0.00793855 0.00267172 -1.47364 -0.00797099 0.999898 0.0123304 -0.760506 -0.00257199 -0.0123521 0.99994 85.0573
0.999974 0.00667334 0.00607473 -1.4695 -0.00674293 0.999915 0.0114566 -0.769891 -0.00599623 -0.0114976 0.999942 86.2372
0.999951 0.00537458 0.00990899 -1.46789 -0.00550372 0.999905 0.0130399 -0.775158 -0.00983644 -0.0130945 0.999886 87.404
0.9999 0.00661547 0.0138187 -1.46063 -0.00680546 0.999886 0.0137284 -0.787198 -0.0137248 -0.0138215 0.999838 88.5924
0.999884 0.00549894 0.0152479 -1.42411 -0.00567211 0.999926 0.0113258 -0.790718 -0.0151831 -0.0114117 0.999841 89.7605
0.999853 0.00555814 0.0173107 -1.39747 -0.00571889 0.999946 0.00922159 -0.805807 -0.0172571 -0.00931964 0.99984 90.9196
0.999797 0.0056618 0.0201962 -1.37993 -0.00586502 0.999939 0.0100092 -0.822775 -0.020137 -0.0101262 0.999768 92.0853
0.99976 0.00451352 0.022314 -1.35009 -0.00476517 0.999931 0.0112105 -0.824692 -0.0222604 -0.0113146 0.999721 93.2556
0.999722 0.00398482 0.0239264 -1.30956 -0.0042866 0.999918 0.0125625 -0.828314 -0.023873 -0.0126621 0.999657 94.4342
0.999702 0.00212532 0.0251268 -1.26713 -0.00248823 0.999899 0.0143918 -0.838151 -0.0250921 -0.0144506 0.999615 95.6021
0.999546 0.00041668 0.0306944 -1.27831 -0.00087765 0.999893 0.014989 -0.835286 -0.0306835 -0.0150097 0.99944 96.768
0.999522 -0.000130449 0.0315894 -1.23236 -0.000298409 0.999914 0.0135502 -0.852787 -0.0315864 -0.0135539 0.999447 97.9363
0.999477 -0.00180144 0.0328576 -1.1934 0.00148453 0.99996 0.00964706 -0.85358 -0.0328722 -0.00959374 0.999439 99.1205
0.999474 -0.000958145 0.0330783 -1.1441 0.000722711 0.999981 0.00710893 -0.865381 -0.0330823 -0.00708204 0.999466 100.298
0.999459 -0.00197098 0.0333866 -1.09499 0.00179593 0.999992 0.00525342 -0.857987 -0.033395 -0.00519105 0.999455 101.486
0.999499 -0.000581147 0.0323465 -1.05742 0.00038969 0.999989 0.00590559 -0.856425 -0.0323471 -0.00589082 0.999498 102.625
0.99961 -0.00168614 0.0283956 -0.968715 0.00147109 0.999978 0.00758091 -0.873948 -0.0284056 -0.00753689 0.99959 103.827
0.999695 -0.00312327 0.0253702 -0.889735 0.00289534 0.999963 0.00899126 -0.884317 -0.0253947 -0.00891584 0.999676 105.044
0.999768 -0.00382266 0.0217472 -0.847897 0.0036114 0.999954 0.00972593 -0.896707 -0.021781 -0.00964589 0.999736 106.242
0.999849 -0.00398636 0.0182487 -0.816839 0.00380174 0.999949 0.0101098 -0.90785 -0.0182852 -0.0100396 0.999822 107.466
0.99992 -0.00495357 0.0126277 -0.809915 0.00483852 0.999956 0.00908412 -0.911452 -0.0126693 -0.00902303 0.9999 108.639
0.999992 -0.00314817 0.0072106 -0.797165 0.00308298 0.999962 0.00893514 -0.924196 -0.00723535 -0.00891353 0.999974 109.845
1 -0.00378823 0.00194909 -0.769431 0.0037703 0.999962 0.00882237 -0.932759 -0.00197931 -0.00881579 0.99998 111.108
1.00002 -0.00267753 -0.00200523 -0.786466 0.00269741 0.99995 0.0103766 -0.947719 0.00198074 -0.0103828 0.999986 112.352
0.999984 -0.0029836 -0.00673698 -0.825362 0.00305657 0.999943 0.0109334 -0.95325 0.00670728 -0.0109545 0.999938 113.558
0.999951 -0.0025724 -0.0119339 -0.847883 0.00270266 0.999944 0.0109656 -0.952547 0.0119089 -0.0109979 0.999912 114.787
0.999855 0.000150263 -0.0176911 -0.879106 6.97723e-05 0.99993 0.0124642 -0.949563 0.0176951 -0.0124644 0.999786 116.014
0.999729 0.000925371 -0.0244262 -0.951881 -0.000593582 0.999916 0.0136025 -0.970836 0.024441 -0.0135849 0.99965 117.185
0.999567 0.00083071 -0.0297927 -1.00675 -0.000400333 0.999904 0.0144696 -0.999988 0.0298052 -0.0144521 0.999473 118.515
0.999429 0.000837111 -0.034605 -1.07085 -0.000348682 0.999909 0.0141304 -1.01794 0.0346181 -0.0141109 0.999343 119.801
0.999288 0.00241105 -0.0379509 -1.12227 -0.00182568 0.999888 0.0154651 -1.03885 0.0379873 -0.0153856 0.999182 121.078
0.999165 0.00336074 -0.0414766 -1.17091 -0.00272183 0.999885 0.0154646 -1.05814 0.0415282 -0.0153394 0.999064 122.303
0.999178 0.00432942 -0.0406682 -1.26169 -0.00370878 0.999885 0.0153485 -1.06324 0.0407334 -0.0151858 0.999079 123.559
0.999169 0.00650476 -0.0410036 -1.33896 -0.00588363 0.999874 0.0152623 -1.06005 0.0411022 -0.0150089 0.999087 124.85
0.999147 0.0082953 -0.0408133 -1.4288 -0.00763829 0.999849 0.0162512 -1.05718 0.0409453 -0.0159264 0.99906 126.13
0.99925 0.00815364 -0.0386356 -1.53894 -0.00749454 0.999833 0.0171863 -1.06646 0.0387735 -0.0168845 0.999149 127.373
0.999212 0.0127303 -0.037975 -1.63224 -0.0120014 0.99975 0.0193862 -1.06586 0.0382157 -0.0189161 0.999116 128.649
0.999157 0.0137797 -0.0394584 -1.67669 -0.0129 0.999673 0.0224762 -1.06103 0.0397593 -0.0219488 0.999012 129.905
0.999126 0.0121403 -0.0403578 -1.75016 -0.0112783 0.999715 0.0215439 -1.03808 0.0406113 -0.0210707 0.998979 131.204
0.999114 0.0117584 -0.0411843 -1.81719 -0.010965 0.999759 0.0194518 -1.02199 0.0414072 -0.0189836 0.999006 132.508
0.999043 0.00813735 -0.0433307 -1.86742 -0.00729141 0.999791 0.019671 -1.00249 0.0434852 -0.0193371 0.998892 133.806
0.998945 0.00561239 -0.0462688 -1.91112 -0.00463993 0.999775 0.0211104 -0.994623 0.046381 -0.0208742 0.998751 135.086
0.998871 0.00171181 -0.0478127 -1.96521 -0.000653086 0.999764 0.0221797 -0.980493 0.0478429 -0.0221244 0.998637 136.367
0.998861 -0.000495994 -0.0483625 -2.03251 0.00158643 0.999753 0.0225271 -0.965496 0.0483435 -0.022579 0.998621 137.639
0.998847 -0.00453741 -0.0481432 -2.09978 0.00553982 0.99978 0.0207423 -0.960927 0.0480421 -0.020986 0.998651 138.93
0.998766 -0.00748405 -0.0497576 -2.15383 0.00848304 0.999775 0.0199124 -0.957838 0.0496014 -0.0203108 0.998609 140.229
0.998675 -0.00867763 -0.0510589 -2.20679 0.00971151 0.999761 0.0200689 -0.957951 0.0508761 -0.0205391 0.99852 141.51
0.998655 -0.00875433 -0.0517486 -2.26839 0.00981448 0.999756 0.0202858 -0.949467 0.0515622 -0.0207672 0.998501 142.79
0.998586 -0.0087359 -0.0527713 -2.32675 0.00987948 0.999731 0.0214811 -0.92966 0.0525729 -0.021973 0.998404 144.079
0.998575 -0.00629406 -0.0536373 -2.38696 0.00749838 0.999734 0.0222996 -0.912491 0.0534866 -0.0226709 0.998359 145.369
0.998643 -0.0059819 -0.0521108 -2.48072 0.00703695 0.999783 0.0201213 -0.898638 0.0519827 -0.0204615 0.998468 146.665
0.998587 -0.0054538 -0.0534966 -2.5333 0.00643234 0.999826 0.0181543 -0.892155 0.0533922 -0.0184737 0.998452 147.941
0.998575 -0.00565309 -0.0534136 -2.61009 0.00646554 0.999875 0.015081 -0.886257 0.0533253 -0.0154056 0.998489 149.261
0.998617 -0.00707397 -0.0527679 -2.69239 0.00765122 0.999925 0.0107622 -0.889584 0.0526916 -0.0111521 0.998599 150.545
0.998617 -0.00731011 -0.0524379 -2.77267 0.00771016 0.999953 0.00746243 -0.902274 0.0523844 -0.00785708 0.998628 151.844
0.998634 -0.00743603 -0.0523824 -2.8537 0.0077987 0.999958 0.0067404 -0.921528 0.052334 -0.00714074 0.998654 153.136
0.998616 -0.00697183 -0.0525011 -2.92796 0.0074116 0.999949 0.00822037 -0.951423 0.0524446 -0.00859886 0.998618 154.396
0.998586 -0.00614775 -0.053442 -3.00319 0.00665121 0.999946 0.00926477 -0.972866 0.0533859 -0.00960812 0.998579 155.702
0.998569 -0.00532451 -0.0535794 -3.0768 0.00590189 0.999937 0.0106591 -0.988362 0.0535228 -0.0109609 0.998539 156.975
0.998503 -0.00500598 -0.0551002 -3.14101 0.00561994 0.999934 0.0110082 -0.994024 0.0550452 -0.0113024 0.998472 158.26
0.998379 -0.00479991 -0.0570525 -3.20239 0.00541891 0.99994 0.0107292 -1.00497 0.057001 -0.0110218 0.998346 159.523
0.998317 -0.00372403 -0.0584791 -3.27525 0.00442735 0.99993 0.0119165 -1.0257 0.0584345 -0.0121563 0.998271 160.788
0.998174 -0.00392879 -0.0605947 -3.34561 0.00476537 0.999906 0.0136965 -1.04677 0.0605386 -0.0139611 0.998101 162.107
0.998204 -0.00332623 -0.0603925 -3.4538 0.00418804 0.999901 0.0141646 -1.05819 0.0603433 -0.0143931 0.998127 163.448
0.998038 -0.00278923 -0.0628357 -3.51476 0.00362084 0.999917 0.0131491 -1.06362 0.0627975 -0.0133516 0.997967 164.705
0.998076 -0.0026019 -0.0625212 -3.61878 0.0033828 0.999927 0.0124017 -1.07783 0.0624883 -0.0125903 0.998022 165.983
0.997992 -0.00173741 -0.0636065 -3.69971 0.00255656 0.999925 0.0128237 -1.092 0.0635833 -0.0129613 0.997924 167.242
0.997908 -0.00222152 -0.0651409 -3.78383 0.00299731 0.999936 0.0118269 -1.09824 0.0651143 -0.0119984 0.997861 168.567
0.997887 -0.00164983 -0.0652587 -3.88717 0.00235755 0.99995 0.0107918 -1.10689 0.0652415 -0.0109237 0.997842 169.844
0.997726 -0.000975775 -0.0679176 -3.95871 0.00180631 0.999935 0.0121811 -1.12862 0.0679049 -0.0122771 0.997673 171.127
0.997669 -1.29559e-06 -0.0685373 -4.06007 0.000965493 0.999911 0.0140558 -1.1434 0.0685352 -0.0140901 0.997582 172.409
0.997516 0.000469395 -0.0709547 -4.13881 0.000558014 0.999906 0.0144732 -1.14544 0.0709589 -0.0144778 0.997432 173.684
0.997367 0.00114635 -0.0727917 -4.23525 -9.22577e-05 0.999906 0.0145018 -1.1444 0.0728054 -0.0144577 0.997274 174.957
0.997328 0.0022821 -0.0735173 -4.34551 -0.00117517 0.999896 0.0151085 -1.15168 0.0735484 -0.0149828 0.997236 176.217
0.997344 0.00252303 -0.0730773 -4.47306 -0.00145765 0.999903 0.0146472 -1.16283 0.0731111 -0.0145025 0.997252 177.505
0.997268 0.00349401 -0.0742819 -4.57091 -0.00247135 0.999912 0.013867 -1.16242 0.074328 -0.0136466 0.997199 178.791
0.997255 0.00408193 -0.0742118 -4.68981 -0.00304358 0.999907 0.014117 -1.16501 0.0742665 -0.0138531 0.997176 180.074
0.997339 0.00389488 -0.0733257 -4.81271 -0.00295646 0.999924 0.0129145 -1.17097 0.0733747 -0.0126644 0.997283 181.366
0.997304 0.00250938 -0.0736273 -4.9157 -0.00162021 0.999937 0.0121543 -1.18709 0.0736572 -0.012003 0.997245 182.639
0.997229 -0.000477046 -0.0748985 -5.00245 0.00143849 0.999928 0.0127935 -1.20004 0.0748912 -0.0128669 0.997169 183.914
0.997077 4.44339e-06 -0.0766801 -5.08895 0.00130928 0.999865 0.0171018 -1.2103 0.0766737 -0.0171532 0.996942 185.222
0.997078 -0.000829645 -0.0768644 -5.19134 0.00248789 0.999776 0.0214902 -1.21205 0.0768337 -0.0216196 0.996868 186.516
0.997038 0.000504737 -0.0771923 -5.29398 0.00109642 0.999796 0.0207171 -1.20731 0.0771911 -0.0207412 0.996834 187.772
0.997069 0.00231072 -0.0769573 -5.40443 -0.000966027 0.999856 0.0175166 -1.20526 0.0769907 -0.017392 0.996941 189.034
0.996993 0.00223819 -0.0777293 -5.50682 -0.00101455 0.999886 0.0157977 -1.20938 0.07776 -0.0156721 0.996883 190.276
0.997068 0.00300761 -0.0769509 -5.6232 -0.0018312 0.999891 0.015364 -1.20502 0.0769929 -0.0151791 0.996978 191.528
0.997089 0.00434538 -0.0764086 -5.7325 -0.00313783 0.999879 0.0159336 -1.1983 0.0764729 -0.0156482 0.996984 192.776
0.99721 0.00482424 -0.0750122 -5.84994 -0.00351282 0.99985 0.0176134 -1.19868 0.07509 -0.0173019 0.997089 194.04
0.997256 0.00532476 -0.0741394 -5.95816 -0.00399499 0.99984 0.0180892 -1.19406 0.0742282 -0.0177443 0.997119 195.326
0.997306 0.00674848 -0.0735522 -6.04983 -0.00559186 0.999865 0.0159281 -1.17216 0.0736544 -0.0154752 0.997223 196.574
0.997414 0.0060393 -0.0719543 -6.14684 -0.00506853 0.999904 0.0136846 -1.17063 0.0720346 -0.0132852 0.99735 197.814
0.997528 0.00609637 -0.0705534 -6.241 -0.00522789 0.999917 0.0124972 -1.18167 0.0706282 -0.0120988 0.997489 199.055
0.997579 0.00528712 -0.069687 -6.32841 -0.00443614 0.999923 0.0123803 -1.19355 0.0697516 -0.0120419 0.997528 200.296
0.997646 0.00559164 -0.0689001 -6.41358 -0.00470344 0.999913 0.013054 -1.2042 0.0689712 -0.0127006 0.997599 201.526
0.997769 0.00542002 -0.0669003 -6.51115 -0.00441876 0.999886 0.0151248 -1.21328 0.0669792 -0.0147963 0.997682 202.748
0.997831 0.00668108 -0.0660708 -6.60101 -0.00562697 0.999863 0.0161337 -1.22493 0.0661736 -0.0157282 0.997745 203.969
0.997796 0.00709282 -0.0663588 -6.67965 -0.0060199 0.999857 0.0163728 -1.23017 0.0664704 -0.0159381 0.997699 205.174
0.997761 0.00715688 -0.0670692 -6.75088 -0.00607663 0.999858 0.0163024 -1.23362 0.0671805 -0.0158596 0.997676 206.398
0.997887 0.00679285 -0.0650037 -6.86936 -0.00570406 0.999851 0.0169401 -1.24792 0.065114 -0.0165344 0.99778 207.586
0.997981 0.00703981 -0.0636702 -6.96713 -0.00596284 0.999845 0.0170955 -1.25667 0.0637848 -0.0166828 0.997882 208.799
0.998074 0.00715691 -0.0620418 -7.06639 -0.00610231 0.999843 0.0171919 -1.26017 0.0621601 -0.0167809 0.997965 210.003
0.998144 0.00502072 -0.0612515 -7.15337 -0.00398781 0.999858 0.0169792 -1.26426 0.061332 -0.0167049 0.998036 211.179
0.998059 0.00524325 -0.062478 -7.21164 -0.00410278 0.999832 0.0183869 -1.27531 0.0625689 -0.0180958 0.997918 212.324
0.99803 0.00446606 -0.0631314 -7.28707 -0.00323412 0.999813 0.0196082 -1.28149 0.063211 -0.0193668 0.997871 213.488
0.997972 0.00432233 -0.0639291 -7.37013 -0.00308217 0.999815 0.0195022 -1.28468 0.0640066 -0.0192666 0.997805 214.646
0.997929 0.00509093 -0.0646971 -7.44256 -0.00384874 0.999817 0.0193123 -1.29638 0.0647875 -0.0190247 0.997777 215.743
0.99791 0.00505985 -0.0648342 -7.5281 -0.00385851 0.999829 0.0186573 -1.30051 0.0649225 -0.018369 0.997763 216.844
0.997867 0.00547675 -0.0656146 -7.60362 -0.00422437 0.999817 0.0192122 -1.31127 0.0657119 -0.0188953 0.997718 217.921
0.997775 0.00521063 -0.0668762 -7.68236 -0.0039344 0.999818 0.0192185 -1.31529 0.0669693 -0.0189137 0.997617 218.995
0.997616 0.00508486 -0.069374 -7.75325 -0.00366786 0.999793 0.0205374 -1.32095 0.0694676 -0.0202352 0.997441 220.054
0.997429 0.00458028 -0.0719023 -7.82682 -0.00296156 0.999751 0.0226309 -1.32598 0.0719934 -0.0223609 0.997196 221.093
0.997277 0.00608497 -0.0740441 -7.91702 -0.00426604 0.999696 0.0247003 -1.32442 0.0741757 -0.0243184 0.997013 222.19
0.996834 0.0062603 -0.0796376 -7.9496 -0.00432516 0.999702 0.0244745 -1.31838 0.0797728 -0.0240537 0.996566 223.153
0.996432 0.00674554 -0.0846085 -8.00975 -0.00487756 0.99975 0.0222664 -1.29039 0.0847414 -0.0217756 0.99623 224.215
0.996071 0.00656838 -0.0886601 -8.089 -0.00469261 0.999771 0.0213731 -1.2725 0.088786 -0.0208742 0.995875 225.2
0.995859 0.0073565 -0.091067 -8.18855 -0.00529431 0.999735 0.0228661 -1.2922 0.0912149 -0.0222905 0.995648 226.144
0.995559 0.00762127 -0.0941595 -8.28112 -0.00552814 0.999742 0.0224927 -1.29336 0.0943124 -0.0218735 0.995348 227.073
0.995191 0.00749252 -0.0980832 -8.36905 -0.00542693 0.999768 0.0213097 -1.2854 0.098224 -0.0206762 0.995016 227.98
0.995007 0.00784384 -0.099818 -8.48349 -0.00582065 0.999782 0.0205656 -1.28728 0.0999634 -0.0198831 0.994838 228.859
0.994857 0.00903739 -0.101295 -8.59887 -0.00699717 0.999776 0.0204804 -1.29216 0.101462 -0.0196676 0.994711 229.727
0.994558 0.00911642 -0.104087 -8.69709 -0.00705579 0.999781 0.0201704 -1.30048 0.104254 -0.0193274 0.994408 230.563
0.994358 0.0107363 -0.105918 -8.80407 -0.00860416 0.999761 0.0205677 -1.30778 0.106117 -0.0195416 0.994228 231.396
0.994314 0.0116913 -0.106147 -8.90169 -0.00949645 0.999741 0.0211798 -1.31029 0.106373 -0.0200525 0.99417 232.192
0.9944 0.0115944 -0.105432 -8.99868 -0.0092754 0.999715 0.0224592 -1.31566 0.105666 -0.0213568 0.99424 232.98
0.994468 0.0117302 -0.104696 -9.08806 -0.00934142 0.999696 0.0232986 -1.31941 0.104944 -0.0221929 0.994277 233.736
0.994535 0.0122736 -0.104075 -9.17505 -0.00998399 0.999708 0.0224914 -1.31411 0.104325 -0.0213307 0.994382 234.488
0.994593 0.0121636 -0.103467 -9.26025 -0.0100256 0.999737 0.0211803 -1.32259 0.103704 -0.0200297 0.994454 235.223
0.994669 0.0122866 -0.102787 -9.3376 -0.0103492 0.99977 0.0193615 -1.32516 0.103005 -0.0181958 0.994585 235.961
0.994771 0.0124273 -0.101707 -9.41716 -0.0106796 0.999797 0.0177312 -1.32291 0.101913 -0.0165534 0.994704 236.684
0.99495 0.0129191 -0.0999415 -9.49981 -0.0112164 0.999794 0.0175806 -1.32636 0.100152 -0.0163721 0.994906 237.412
0.995203 0.012867 -0.0973363 -9.5858 -0.0112623 0.999803 0.0170398 -1.32115 0.0975425 -0.0158629 0.995154 238.149
0.995402 0.0141668 -0.0951463 -9.66085 -0.0127351 0.999808 0.015636 -1.30432 0.0953534 -0.0143537 0.995408 238.866
0.995483 0.0145367 -0.0942212 -9.71987 -0.0132089 0.999816 0.014723 -1.2973 0.0944242 -0.013413 0.995493 239.585
0.995515 0.0133308 -0.0940883 -9.76353 -0.0120935 0.999845 0.0137064 -1.29588 0.0942602 -0.0125084 0.995536 240.307
0.995672 0.0133583 -0.0923727 -9.81696 -0.0120182 0.999827 0.0150724 -1.31054 0.0925642 -0.0138981 0.99566 241.022
0.995832 0.0123442 -0.0908139 -9.86277 -0.0108901 0.999817 0.016488 -1.32278 0.0910047 -0.0154316 0.9958 241.729
0.995989 0.0112629 -0.0891879 -9.91057 -0.00964475 0.999794 0.0185814 -1.34896 0.0893849 -0.017648 0.995892 242.436
0.996298 0.0111118 -0.0857261 -9.97868 -0.00958951 0.999802 0.0181477 -1.34484 0.0859148 -0.0172599 0.996221 243.145
0.996478 0.010749 -0.0836304 -10.0298 -0.0094116 0.999834 0.0163997 -1.3301 0.0837988 -0.0155561 0.996414 243.842
0.996643 0.00995828 -0.0817677 -10.0776 -0.00873953 0.999857 0.0152491 -1.32386 0.0819119 -0.0144847 0.996604 244.549
0.996908 0.0109139 -0.0783306 -10.1423 -0.00993176 0.99988 0.0129482 -1.31156 0.0784684 -0.0121313 0.996897 245.239
0.997027 0.0102661 -0.0769174 -10.1853 -0.00938979 0.999899 0.0117454 -1.30878 0.0770344 -0.0109897 0.997036 245.96
0.997116 0.0105831 -0.0756991 -10.2267 -0.0096522 0.999886 0.0126829 -1.31282 0.0758306 -0.0119168 0.997104 246.665
0.997285 0.0107511 -0.0734263 -10.281 -0.00976367 0.999869 0.0137938 -1.3198 0.073569 -0.0130408 0.997275 247.371
0.997429 0.00999664 -0.0715513 -10.3305 -0.00901742 0.999874 0.0140291 -1.32689 0.0716884 -0.0133489 0.997393 248.093
0.997623 0.00960464 -0.0688429 -10.3866 -0.00881089 0.999903 0.0118243 -1.32644 0.0689539 -0.0111912 0.997625 248.808
0.997755 0.00995286 -0.0668624 -10.4403 -0.00933829 0.999923 0.00953381 -1.32836 0.066958 -0.00888904 0.997771 249.526
0.997847 0.00822829 -0.0657134 -10.4903 -0.00768691 0.999946 0.00849051 -1.33412 0.0657839 -0.00796856 0.997871 250.249
0.997839 0.00897092 -0.0657284 -10.5382 -0.00852345 0.99995 0.00712215 -1.33206 0.0657951 -0.00654746 0.997866 250.98
0.997832 0.00734161 -0.066047 -10.5833 -0.00692326 0.999966 0.00656433 -1.33608 0.0660971 -0.00609436 0.997864 251.715
0.997842 0.0085847 -0.0657558 -10.6364 -0.00819936 0.99996 0.00616328 -1.33936 0.0658123 -0.00561185 0.997871 252.465
0.997806 0.00854443 -0.0663024 -10.6852 -0.00817367 0.99996 0.00586392 -1.34415 0.0663542 -0.00531076 0.99785 253.21
0.997811 0.00783984 -0.0663101 -10.7346 -0.00760693 0.999975 0.00380043 -1.3477 0.0663446 -0.00328877 0.997846 253.966
0.997839 0.00353687 -0.0662577 -10.7788 -0.00347015 1 0.00113002 -1.35066 0.0662662 -0.000899358 0.99787 254.724
0.997882 0.00037588 -0.0657254 -10.8272 -0.000397425 1.00001 -0.000270696 -1.3519 0.0657323 0.000294985 0.997894 255.5
0.997904 0.00377998 -0.0652683 -10.8818 -0.00357047 1 0.00333544 -1.35029 0.0652849 -0.00309712 0.997931 256.28
0.997921 0.00790339 -0.0646827 -10.9431 -0.00726123 0.999935 0.010198 -1.37013 0.0647654 -0.00970872 0.997909 257.09
0.997916 0.00637064 -0.0648641 -10.985 -0.0053759 0.999876 0.0155106 -1.40167 0.0649588 -0.0151313 0.997843 257.888
0.99804 0.00534911 -0.0631065 -11.0334 -0.00450415 0.999911 0.0135677 -1.40626 0.0631798 -0.0132584 0.99797 258.677
0.998357 0.00620549 -0.0576959 -11.1008 -0.0057633 0.999964 0.00783992 -1.41087 0.0577463 -0.00749636 0.998374 259.467
0.998603 0.00810963 -0.0531135 -11.1619 -0.00793913 0.999977 0.00346959 -1.40714 0.0531466 -0.00304444 0.998639 260.284
0.998768 0.00943507 -0.0495766 -11.2132 -0.00923727 0.999961 0.00422359 -1.41903 0.0496186 -0.00376217 0.998833 261.117
0.998982 0.00819061 -0.0454341 -11.2665 -0.00791948 0.999965 0.00620314 -1.42444 0.0454893 -0.00583842 0.999006 261.963
0.999183 -0.0010108 -0.0414336 -11.3219 0.0014151 0.999965 0.00974675 -1.46173 0.0414263 -0.00979923 0.999166 262.805
0.999269 -0.00313793 -0.0393623 -11.3478 0.00358917 0.999943 0.0114731 -1.46855 0.0393298 -0.0116074 0.999218 263.655
0.999411 -0.00266965 -0.0354424 -11.3933 0.00310296 0.999934 0.012201 -1.4746 0.0354115 -0.0123057 0.999371 264.499
0.999506 -0.000329599 -0.0329968 -11.4288 0.000689346 0.999956 0.0109718 -1.48471 0.0329973 -0.0109905 0.999458 265.345
0.999534 3.45959e-05 -0.0319108 -11.4443 0.00024972 0.999974 0.00892272 -1.49127 0.0319145 -0.00892861 0.999523 266.189
0.999636 0.00103265 -0.0288183 -11.4861 -0.00079336 0.99998 0.00841318 -1.48667 0.028832 -0.00838855 0.999612 267.022
0.999705 0.0023091 -0.0259117 -11.5091 -0.00207563 0.999972 0.00904977 -1.47581 0.0259363 -0.00899546 0.999697 267.89
0.999806 0.0047964 -0.0217012 -11.549 -0.00457888 0.999953 0.0101968 -1.47959 0.0217546 -0.0100967 0.999776 268.733
0.999837 0.00546438 -0.0195841 -11.5624 -0.00527344 0.999952 0.00980907 -1.48328 0.0196412 -0.00970633 0.999834 269.616
0.999911 0.00561064 -0.0160091 -11.5895 -0.0054762 0.999964 0.0086128 -1.48212 0.0160623 -0.00852555 0.9999 270.478
0.99994 0.00421281 -0.0137891 -11.5964 -0.00411613 0.999982 0.0070654 -1.47391 0.0138231 -0.00701036 0.999955 271.355
0.999978 0.00154217 -0.0123754 -11.6016 -0.00146426 0.999994 0.00655031 -1.46623 0.0123909 -0.0065332 0.999968 272.215
0.999969 -0.00018921 -0.012309 -11.6037 0.000265608 0.999996 0.00625471 -1.47313 0.0123123 -0.00625988 0.999978 273.076
0.999966 -0.0011008 -0.0133457 -11.5976 0.00116736 1 0.00522453 -1.46955 0.0133455 -0.00524109 0.999963 273.956
0.999969 -0.00167941 -0.0122617 -11.6193 0.00172736 1.00001 0.00396066 -1.46702 0.0122596 -0.00398384 0.999992 274.831
0.999987 -0.00148739 -0.0117319 -11.6432 0.00153 1.00001 0.00389344 -1.47046 0.0117318 -0.00391255 0.999989 275.709
0.999995 -0.00120812 -0.0101121 -11.686 0.00123572 1.00001 0.00279293 -1.46928 0.0101133 -0.00280754 1.00002 276.584
1 -0.0011203 -0.0104112 -11.7146 0.00113595 1.00001 0.00180612 -1.48039 0.0104148 -0.00181912 1.00001 277.44
0.999972 -0.00102037 -0.0122067 -11.7267 0.00102116 1.00002 0.000117939 -1.48901 0.012211 -0.000132531 1 278.307
0.999928 -0.000272349 -0.0161415 -11.7216 0.000254153 1.00002 -0.000944082 -1.49894 0.0161475 0.000938601 0.999937 279.178
0.999907 0.000578529 -0.0167468 -11.7511 -0.000594111 1.00002 -0.000889102 -1.52021 0.0167509 0.000896873 0.999938 280.037
0.999906 0.00237392 -0.0173313 -11.797 -0.00239365 1.00001 -0.000949458 -1.53346 0.0173348 0.000989538 0.999917 280.865
0.999831 0.00244829 -0.0207448 -11.805 -0.00243558 1.00002 0.000671463 -1.56262 0.020751 -0.000622867 0.999871 281.74
0.999776 0.00272216 -0.023743 -11.8258 -0.00272868 1.00001 -0.000113645 -1.55196 0.0237488 0.000177124 0.999787 282.617
0.999676 0.00258854 -0.0272753 -11.8618 -0.00256428 1.00002 0.000954812 -1.54628 0.0272824 -0.000886566 0.999715 283.468
0.999519 0.00171322 -0.0328861 -11.883 -0.00164919 1.00001 0.00206799 -1.55698 0.0328962 -0.0020141 0.999526 284.331
0.999275 0.00165118 -0.0393474 -11.904 -0.00155198 1.00002 0.00257218 -1.56389 0.0393563 -0.0025112 0.999311 285.164
0.999034 0.00249431 -0.0452199 -11.9343 -0.00241073 1.00001 0.00196943 -1.56389 0.0452316 -0.00185985 0.999045 286.006
0.998747 0.001163 -0.0510682 -11.9648 -0.00095854 1.00001 0.00404508 -1.59823 0.0510773 -0.00399303 0.998776 286.836
0.998567 0.00060689 -0.0546452 -12.0294 -0.000405759 1.00001 0.00374965 -1.60524 0.0546546 -0.00372351 0.99857 287.629
0.998315 0.000898573 -0.0589145 -12.0779 -0.000705659 1.00001 0.00331099 -1.61558 0.0589221 -0.00326574 0.998347 288.428
0.998053 0.00156192 -0.0633359 -12.1276 -0.00137954 1.00001 0.00297296 -1.62572 0.0633482 -0.00288114 0.998059 289.2
0.997844 0.00309614 -0.0663798 -12.1887 -0.00287319 1.00001 0.0034655 -1.63946 0.066395 -0.00326914 0.997879 289.952
0.997609 0.00305102 -0.0699499 -12.2496 -0.00285041 1.00001 0.00301013 -1.64575 0.0699667 -0.00280491 0.997619 290.68
0.997311 0.00101666 -0.0740379 -12.3141 -0.000832089 1.00002 0.00253513 -1.66426 0.0740457 -0.00246854 0.99734 291.386
0.996947 0.00225619 -0.0788596 -12.3791 -0.0022187 1.00002 0.000601413 -1.6698 0.0788693 -0.000425986 0.996959 292.074
0.996416 0.00461847 -0.0851246 -12.4487 -0.00484269 1 -0.0024198 -1.66638 0.0851176 0.00282147 0.996456 292.755
0.995657 0.00482266 -0.0936682 -12.526 -0.00523032 0.999996 -0.00407401 -1.68797 0.0936555 0.00454467 0.99567 293.392
0.994639 0.00391264 -0.103897 -12.6086 -0.00446413 0.999993 -0.00507061 -1.70326 0.10388 0.00550517 0.994667 294.03
0.993341 0.00400107 -0.115706 -12.7247 -0.00476444 0.999985 -0.00629442 -1.69232 0.115687 0.0068021 0.993338 294.62
0.991281 0.00524035 -0.132104 -12.8365 -0.005991 0.999985 -0.00527934 -1.71371 0.132078 0.00602267 0.991315 295.223
0.988477 0.00778249 -0.151603 -12.9628 -0.00853459 0.999972 -0.00429246 -1.73069 0.151574 0.00553516 0.988507 295.813
0.985076 0.00916745 -0.172222 -13.1514 -0.0100317 0.999958 -0.00414487 -1.7468 0.17218 0.0058087 0.985143 296.374
0.98081 0.0101532 -0.195042 -13.3643 -0.0111709 0.999947 -0.00410404 -1.76024 0.195 0.00620239 0.980863 296.946
0.975559 0.0110423 -0.219734 -13.5676 -0.0122196 0.999935 -0.00399828 -1.75809 0.219678 0.00658376 0.975646 297.439
0.968974 0.0111797 -0.247183 -13.7957 -0.0123201 0.999937 -0.00305573 -1.75839 0.247143 0.00600445 0.969042 297.953
0.959809 0.011409 -0.28065 -13.9714 -0.0121472 0.999944 -0.00089027 -1.77416 0.280626 0.00426188 0.959908 298.446
0.94911 0.0123595 -0.314914 -14.1522 -0.0125253 0.999939 0.00150594 -1.78672 0.314924 0.00251317 0.949199 298.868
0.936122 0.0135035 -0.351601 -14.3671 -0.0128305 0.999928 0.00424506 -1.80196 0.351634 0.000535655 0.93624 299.349
0.921374 0.0148256 -0.388567 -14.6063 -0.0130646 0.999908 0.00718086 -1.81317 0.38865 -0.00154193 0.921474 299.787
0.904905 0.0150757 -0.425502 -14.8822 -0.0121355 0.999899 0.00962109 -1.82563 0.425605 -0.00354403 0.905007 300.206
0.885786 0.0143327 -0.464017 -15.1434 -0.0101524 0.999901 0.0115123 -1.82979 0.464148 -0.00548897 0.885836 300.607
0.863009 0.0138351 -0.505111 -15.4244 -0.00801699 0.999894 0.0136914 -1.85815 0.505246 -0.0077678 0.863039 301.082
0.837528 0.0137893 -0.546341 -15.7483 -0.00615935 0.999876 0.0158001 -1.88704 0.546504 -0.00987052 0.837501 301.533
0.809499 0.0134123 -0.587069 -16.0779 -0.00369319 0.999855 0.0177524 -1.90592 0.58722 -0.012204 0.809441 301.92
0.77822 0.0132636 -0.627956 -16.403 -0.00100141 0.999821 0.0198818 -1.91388 0.62812 -0.0148462 0.778087 302.262
0.744586 0.0145218 -0.66746 -16.8069 -0.000727624 0.9998 0.0209427 -1.9208 0.667627 -0.0151095 0.744456 302.6
0.708362 0.0143431 -0.705795 -17.2226 0.000791059 0.999797 0.0211159 -1.92762 0.705968 -0.0155187 0.708199 302.891
0.66945 0.0128105 -0.742831 -17.6513 0.00588886 0.999748 0.0225502 -1.91601 0.742928 -0.0194722 0.669213 303.102
0.626162 0.011166 -0.779692 -18.0895 0.0128526 0.999632 0.0246411 -1.89327 0.779696 -0.0254533 0.625782 303.312
0.579018 0.011021 -0.815316 -18.5318 0.017617 0.999527 0.0260243 -1.87244 0.81521 -0.0294336 0.578555 303.468
0.529707 0.0150456 -0.84812 -18.96 0.0158018 0.999513 0.0276037 -1.85364 0.848137 -0.0280268 0.529207 303.555
0.478911 0.0212642 -0.877677 -19.4411 0.0106414 0.999511 0.0300244 -1.84152 0.877882 -0.0237202 0.478455 303.629
0.426405 0.0250358 -0.904254 -19.8845 0.00702016 0.999514 0.0309866 -1.82682 0.904606 -0.0195639 0.426018 303.649
0.373381 0.0263064 -0.927374 -20.3903 0.00648117 0.999517 0.0309641 -1.80587 0.927738 -0.017573 0.373032 303.634
0.32073 0.0279923 -0.946822 -20.8501 0.00827855 0.999461 0.0323556 -1.785 0.947233 -0.0182187 0.320322 303.574
0.266054 0.0294504 -0.963573 -21.2605 0.00917921 0.999426 0.0330825 -1.75612 0.96399 -0.0176476 0.265633 303.545
0.209582 0.0326645 -0.977308 -21.7287 0.0112222 0.999315 0.0358091 -1.73201 0.977823 -0.0184757 0.209069 303.511
0.149942 0.035522 -0.988121 -22.1211 0.0131759 0.99921 0.0379219 -1.71895 0.988682 -0.0187063 0.149356 303.47
0.0893004 0.0394094 -0.995289 -22.5795 0.0122533 0.999119 0.0406628 -1.70798 0.996025 -0.0158299 0.0887375 303.385
0.0244826 0.0448254 -0.998761 -23.0298 0.0139104 0.998901 0.0451748 -1.68819 0.999679 -0.0149999 0.0238302 303.333
-0.0413792 0.0516906 -0.997871 -23.4535 0.0152343 0.998599 0.0510987 -1.67701 0.999122 -0.0130906 -0.0421084 303.248
-0.108188 0.057429 -0.992537 -23.9404 0.0173223 0.998306 0.055877 -1.6405 0.994056 -0.0111482 -0.109003 303.139
-0.17456 0.0633289 -0.982677 -24.3828 0.0193109 0.99798 0.0608868 -1.61631 0.984555 -0.00835125 -0.175428 303.003
-0.239546 0.0696352 -0.968453 -24.8346 0.0229791 0.997571 0.0660476 -1.60378 0.97069 -0.00643315 -0.240568 302.835
-0.303471 0.0722511 -0.950169 -25.2838 0.0263052 0.997398 0.067443 -1.56089 0.952577 -0.00453017 -0.304579 302.646
-0.366105 0.0752623 -0.927598 -25.7531 0.0302703 0.997179 0.0689638 -1.54113 0.930161 -0.002831 -0.367356 302.436
-0.423267 0.0763786 -0.902857 -26.189 0.0342409 0.997099 0.0683012 -1.51999 0.905461 -0.00200762 -0.424649 302.153
-0.477972 0.0758925 -0.875168 -26.6354 0.0367348 0.997136 0.0664099 -1.47865 0.87769 -0.000407322 -0.479398 301.85
-0.52936 0.0757702 -0.845093 -27.1044 0.038968 0.997146 0.0649968 -1.44015 0.847611 0.00147256 -0.530794 301.516
-0.575848 0.075141 -0.814179 -27.5545 0.0404059 0.997187 0.0634566 -1.3988 0.816644 0.00364355 -0.577272 301.163
-0.616212 0.0748708 -0.784108 -28.0168 0.0409781 0.997191 0.0630168 -1.35596 0.78663 0.00669794 -0.617542 300.76
-0.653348 0.077503 -0.753168 -28.4717 0.0447509 0.996982 0.0637761 -1.31353 0.755826 0.00796268 -0.654852 300.333
-0.688821 0.0846456 -0.72008 -28.9011 0.0528997 0.996404 0.0665288 -1.28275 0.723125 0.00773255 -0.690811 299.869
-0.724282 0.0876808 -0.684004 -29.3587 0.0568943 0.996121 0.0674499 -1.22539 0.687253 0.00993646 -0.726469 299.364
-0.757114 0.0883424 -0.647406 -29.8076 0.0586667 0.996028 0.0673116 -1.18005 0.650783 0.0129798 -0.759278 298.814
-0.787518 0.0851767 -0.610488 -30.2371 0.058916 0.996296 0.0630104 -1.13851 0.613579 0.0136544 -0.789628 298.241
-0.813507 0.083509 -0.575668 -30.6009 0.0608971 0.996451 0.0584992 -1.11572 0.578512 0.0125315 -0.815692 297.629
-0.837903 0.0792169 -0.540167 -30.9941 0.0601045 0.996812 0.0529575 -1.07818 0.542626 0.0119069 -0.839999 296.951
-0.859991 0.0769155 -0.50464 -31.3701 0.0606385 0.996997 0.0486281 -1.04392 0.506867 0.0112176 -0.862058 296.244
-0.8797 0.0758573 -0.469588 -31.7071 0.0606213 0.997054 0.0475074 -1.01492 0.471796 0.0133252 -0.881713 295.52
-0.89824 0.0726718 -0.433646 -32.0475 0.0583395 0.997246 0.0462877 -0.991309 0.435817 0.0162771 -0.89999 294.704
-0.915171 0.0723195 -0.396699 -32.3575 0.0597055 0.997267 0.0440759 -0.953628 0.398792 0.0166517 -0.916994 293.899
-0.931078 0.0749034 -0.35729 -32.6679 0.0632282 0.99704 0.0442657 -0.929381 0.359548 0.0186226 -0.93304 293.057
-0.944432 0.0786 -0.319387 -32.9286 0.0681525 0.99674 0.0437766 -0.902836 0.321776 0.019577 -0.946717 292.198
-0.955608 0.0807678 -0.283659 -33.1409 0.0705484 0.996467 0.0460768 -0.883704 0.286378 0.0240181 -0.957912 291.277
-0.965171 0.0840197 -0.248034 -33.3442 0.0745528 0.996119 0.0473348 -0.865321 0.251039 0.0271946 -0.967697 290.313
-0.972054 0.084394 -0.219496 -33.3431 0.0762877 0.996086 0.0451673 -0.815999 0.222447 0.0271585 -0.974668 289.406
-0.979053 0.0825678 -0.186462 -33.5205 0.0764229 0.996303 0.0399181 -0.7693 0.18906 0.0248323 -0.981751 288.362
-0.984845 0.0807959 -0.1541 -33.6653 0.0761197 0.996472 0.0360231 -0.73869 0.156465 0.0237455 -0.9875 287.312
-0.989011 0.080154 -0.124757 -33.74 0.0764003 0.996505 0.0345951 -0.705732 0.127086 0.0246838 -0.991684 286.261
-0.992536 0.0794491 -0.0935833 -33.838 0.0765485 0.996504 0.0342034 -0.683294 0.0959705 0.0267827 -0.995126 285.177
-0.994881 0.0796839 -0.0631846 -33.9349 0.0778004 0.996491 0.0317302 -0.647435 0.065485 0.0266524 -0.997597 284.002
-0.996393 0.0787442 -0.0346332 -34.0017 0.0777062 0.996538 0.0303896 -0.618466 0.0369027 0.0275869 -0.999042 282.842
-0.997121 0.0757004 -0.0122933 -33.9625 0.0752956 0.996721 0.030592 -0.589767 0.0145635 0.0295788 -0.999556 281.712
-0.997299 0.0739429 0.0113525 -33.943 0.0742605 0.996795 0.0306001 -0.561704 -0.00905758 0.0313585 -0.999572 280.533
-0.996997 0.0717042 0.0313899 -33.8901 0.0726202 0.996965 0.0290794 -0.538276 -0.0292138 0.0312722 -0.999183 279.315
-0.996682 0.0673347 0.0478506 -33.8148 0.0686825 0.997296 0.0270806 -0.526208 -0.0459022 0.0302754 -0.998592 278.097
-0.996286 0.0623379 0.0604933 -33.7351 0.0639843 0.997651 0.0256553 -0.503034 -0.0587556 0.0294311 -0.997938 276.859
-0.996141 0.057472 0.0678627 -33.6385 0.0594487 0.997878 0.0274504 -0.48476 -0.0661456 0.0313767 -0.99742 275.632
-0.995892 0.0554238 0.0725365 -33.5503 0.0576336 0.997955 0.0287154 -0.462705 -0.0708 0.0327784 -0.997054 274.362
-0.99595 0.0525464 0.0743653 -33.464 0.0547124 0.998152 0.0273661 -0.431629 -0.0727944 0.0313218 -0.996961 273.085
-0.996043 0.0503903 0.0741107 -33.3846 0.0524438 0.998316 0.0260039 -0.398143 -0.0726788 0.029788 -0.997013 271.813
-0.996103 0.050024 0.0740703 -33.3313 0.0520999 0.998319 0.0263302 -0.366774 -0.0726332 0.0300846 -0.997011 270.472
-0.996367 0.0484958 0.0709003 -33.2137 0.0504915 0.9984 0.0266053 -0.335043 -0.0695002 0.0300891 -0.997226 269.145
-0.996761 0.0468169 0.0669796 -33.1134 0.0486449 0.998505 0.0258881 -0.291855 -0.0656721 0.0290604 -0.997524 267.793
-0.997096 0.0458556 0.061853 -33.0194 0.0476658 0.998497 0.0280798 -0.277464 -0.0604764 0.030947 -0.99779 266.431
-0.997421 0.0458069 0.0571666 -32.943 0.0475689 0.998448 0.0298036 -0.250271 -0.0557172 0.032444 -0.998025 265.098
-0.997699 0.0453017 0.051678 -32.8568 0.0469481 0.998443 0.0310572 -0.22784 -0.050195 0.0334126 -0.99828 263.729
-0.997894 0.0458086 0.0482134 -32.8005 0.047353 0.998411 0.0313349 -0.211268 -0.046706 0.0335499 -0.99845 262.347
-0.998102 0.0449083 0.0436215 -32.7399 0.0462484 0.998505 0.0301596 -0.185945 -0.0422065 0.0321204 -0.998693 260.972
-0.99845 0.0430821 0.0381875 -32.6824 0.0442215 0.998614 0.0294376 -0.168485 -0.0368707 0.0310783 -0.998945 259.607
-0.99858 0.0428977 0.0335435 -32.6358 0.0438821 0.998643 0.0291047 -0.149413 -0.0322545 0.0305359 -0.999115 258.234
-0.998724 0.0430355 0.0302871 -32.6042 0.0439715 0.998583 0.030841 -0.120399 -0.0289213 0.0321311 -0.999174 256.854
-0.998847 0.0425869 0.0249203 -32.5482 0.0434092 0.998533 0.0333368 -0.0929427 -0.0234694 0.0343809 -0.999236 255.527
-0.998932 0.0444577 0.0197042 -32.4894 0.0451209 0.998415 0.0344052 -0.0910118 -0.018148 0.035255 -0.999321 254.171
-0.998899 0.0457712 0.0153586 -32.4471 0.0462807 0.998364 0.0344861 -0.0759823 -0.0137608 0.0351596 -0.99939 252.812
-0.998912 0.046607 0.0152912 -32.4605 0.0470937 0.998374 0.0329318 -0.0439901 -0.0137363 0.0336136 -0.99945 251.4
-0.998924 0.0464539 0.011133 -32.4145 0.0467633 0.998512 0.0291446 -0.02097 -0.00976867 0.0296345 -0.999617 250.053
-0.998993 0.046496 0.00932097 -32.4034 0.0467353 0.998571 0.0269219 -0.00292509 -0.00806077 0.0273282 -0.999704 248.667
-0.998988 0.0457935 0.00754058 -32.3863 0.0459926 0.998569 0.0284087 0.0216315 -0.00623505 0.0287274 -0.999672 247.278
-0.998988 0.0473278 0.0047573 -32.3545 0.0474543 0.99844 0.0303291 0.0399282 -0.00331918 0.0305216 -0.999641 245.888
-0.998951 0.0470857 0.00313697 -32.3366 0.047163 0.998434 0.0311036 0.0593403 -0.0016738 0.0312196 -0.999615 244.508
-0.998957 0.0481086 0.00313863 -32.3252 0.0481871 0.998373 0.0313904 0.0803368 -0.00162812 0.0315064 -0.999615 243.113
-0.998914 0.0478408 0.00458227 -32.3241 0.0479643 0.998381 0.0316092 0.0984752 -0.00306862 0.0317957 -0.999597 241.73
-0.99883 0.0507244 -0.000221335 -32.2392 0.0506976 0.99828 0.0304335 0.107075 0.00176003 0.0303844 -0.999652 240.269
-0.998686 0.052602 2.60907e-05 -32.2262 0.0525826 0.998227 0.0290637 0.126252 0.00149674 0.0290277 -0.999686 238.866
-0.998675 0.0536699 0.00194116 -32.2383 0.0537074 0.998147 0.029628 0.152477 -0.00035218 0.0296907 -0.999676 237.506
-0.998611 0.0539434 0.0026511 -32.2166 0.0540031 0.998052 0.0322447 0.175561 -0.000912607 0.032344 -0.999585 236.064
-0.998727 0.0524573 0.00516725 -32.2244 0.0525947 0.998177 0.0306246 0.233435 -0.0035563 0.0308552 -0.999634 234.682
-0.99874 0.0511114 0.00695532 -32.2133 0.0513038 0.998246 0.0306301 0.263861 -0.00538348 0.0309492 -0.999616 233.267
-0.998843 0.0499086 0.00746944 -32.189 0.0501161 0.998317 0.0302331 0.283376 -0.00595289 0.0305702 -0.999631 231.828
-0.998864 0.0484882 0.00796198 -32.1709 0.0487117 0.998383 0.0303822 0.298532 -0.0064818 0.0307364 -0.999616 230.409
-0.998904 0.0486339 0.00770532 -32.1472 0.0488421 0.998415 0.0290955 0.317183 -0.00628292 0.0294377 -0.999664 228.985
-0.998857 0.0484946 0.00889399 -32.1349 0.0487264 0.998461 0.027673 0.330831 -0.00754415 0.0280755 -0.999689 227.554
-0.998849 0.0496027 0.00844978 -32.1116 0.0498265 0.998391 0.0282617 0.350392 -0.00703912 0.028648 -0.999683 226.103
-0.998802 0.0497309 0.00826812 -32.0863 0.0499512 0.998374 0.0286301 0.375796 -0.00683676 0.0290096 -0.999667 224.641
-0.99885 0.0496287 0.00821048 -32.0642 0.0498458 0.998389 0.0282944 0.413782 -0.00679786 0.0286688 -0.999684 223.182
-0.998811 0.0493108 0.00968486 -32.0665 0.0495787 0.998371 0.0293946 0.433707 -0.00822538 0.0298407 -0.999634 221.707
-0.99879 0.0504762 0.0101086 -32.0545 0.0507514 0.99833 0.0287368 0.454754 -0.00864593 0.0292128 -0.999654 220.253
-0.998756 0.0501147 0.0112002 -32.0431 0.0504145 0.998368 0.0280418 0.46947 -0.00978239 0.0285725 -0.999657 218.764
-0.998663 0.0527572 0.0110128 -32.0127 0.0530614 0.9982 0.0290844 0.482561 -0.00946324 0.0296276 -0.999636 217.315
-0.998578 0.0532844 0.0124439 -32.0005 0.0536459 0.998126 0.0305697 0.503072 -0.0107974 0.0311948 -0.999569 215.844
-0.998622 0.0530395 0.0131571 -31.9819 0.0534293 0.998123 0.0310081 0.504845 -0.0114921 0.031666 -0.999553 214.379
-0.998587 0.0527822 0.0138455 -31.9636 0.0531571 0.998225 0.0280597 0.530696 -0.0123454 0.0287568 -0.999627 212.93
-0.998589 0.0533427 0.0145023 -31.9449 0.0537283 0.998213 0.0273663 0.561022 -0.0130209 0.0281046 -0.999641 211.474
-0.998538 0.0532167 0.0156498 -31.93 0.0536207 0.998244 0.026461 0.58841 -0.0142196 0.0272621 -0.999644 210.004
-0.99863 0.0523761 0.0151994 -31.89 0.052738 0.998348 0.0242116 0.618994 -0.0139104 0.0249778 -0.999715 208.453
-0.998638 0.0510863 0.0164287 -31.8744 0.0514944 0.998387 0.0252725 0.644186 -0.0151165 0.0260847 -0.999664 207.004
-0.998783 0.0492004 0.0158683 -31.8326 0.0495436 0.99857 0.0217484 0.732125 -0.0147799 0.0225059 -0.999763 205.511
-0.998839 0.047088 0.0161192 -31.8064 0.0473379 0.998796 0.0152895 0.819126 -0.0153852 0.0160353 -0.999874 204.042
-0.998883 0.0478422 0.0135887 -31.7461 0.0480286 0.998791 0.0133863 0.82789 -0.0129362 0.0140222 -0.999944 202.582
-0.998839 0.0482265 0.0124083 -31.6979 0.0483863 0.998784 0.012668 0.826611 -0.0117876 0.0132542 -0.999965 201.072
-0.998921 0.0475404 0.0118231 -31.6697 0.047721 0.998783 0.0150803 0.809807 -0.0110961 0.0156264 -0.999942 199.572
-0.998928 0.0467676 0.0107929 -31.6422 0.0469627 0.998765 0.0182621 0.801836 -0.00993088 0.0187499 -0.999897 198.089
-0.999065 0.0449392 0.0096142 -31.6175 0.0451131 0.998853 0.0181687 0.804742 -0.00879098 0.0185836 -0.999914 196.608
-0.999088 0.0437013 0.00862656 -31.5947 0.0438558 0.998909 0.0181566 0.8011 -0.00782907 0.0185189 -0.999921 195.108
-0.999197 0.0423744 0.00743205 -31.5655 0.0425104 0.998964 0.0184119 0.805401 -0.00664838 0.0187112 -0.99993 193.627
-0.999131 0.0429172 0.00758058 -31.567 0.0430476 0.998958 0.0174639 0.804712 -0.00682869 0.0177757 -0.999943 192.066
-0.999119 0.0442664 0.00712003 -31.5537 0.044381 0.998926 0.0159657 0.803041 -0.00640992 0.0162661 -0.999975 190.57
-0.999056 0.0446157 0.00763706 -31.5505 0.0447436 0.998892 0.0169884 0.790185 -0.00687613 0.0173147 -0.999953 189.122
-0.999137 0.0438374 0.00706332 -31.5311 0.0439611 0.998918 0.0175562 0.779998 -0.00629032 0.01785 -0.999949 187.633
-0.999126 0.0433093 0.00599696 -31.5068 0.0434108 0.998946 0.0172664 0.780729 -0.00524853 0.0175124 -0.99996 186.142
-0.999169 0.0432887 0.00588659 -31.4957 0.0433975 0.998922 0.018716 0.771034 -0.00507435 0.0189542 -0.999936 184.675
-0.999136 0.0429852 0.00671883 -31.4942 0.0431276 0.998865 0.0220311 0.757083 -0.00576975 0.0223024 -0.999863 183.202
-0.999225 0.0420869 0.0052166 -31.4777 0.0422009 0.998888 0.0228377 0.758094 -0.00425385 0.0230384 -0.999855 181.769
-0.999245 0.0408345 0.00254486 -31.463 0.0408822 0.998997 0.0203529 0.77156 -0.00171712 0.0204424 -0.999918 180.315
-0.99928 0.041092 0.00177929 -31.4678 0.0411243 0.99901 0.019277 0.767865 -0.000989976 0.0193348 -0.999946 178.864
-0.999247 0.0409239 -0.000830984 -31.4587 0.0409016 0.998974 0.0212786 0.768558 0.00169478 0.0212293 -0.999901 177.413
-0.998735 0.0527363 -0.00231811 -31.4754 0.0527004 0.998534 0.0153107 0.681566 0.00311766 0.0151685 -1.00001 176.786
-0.992709 -0.103791 0.0630134 -31.735 -0.100658 0.993675 0.0505827 0.568668 -0.0678648 0.0438695 -0.996877 177.196
-0.941944 -0.308625 0.133209 -31.9217 -0.306356 0.951223 0.0375285 0.345143 -0.138297 -0.00546099 -0.990512 176.998
-0.936278 -0.31955 0.146577 -31.9883 -0.315033 0.947614 0.0534289 0.188532 -0.155971 0.00384581 -0.987902 176.304
-0.936753 -0.319749 0.143201 -31.755 -0.315062 0.947536 0.054729 0.228394 -0.153191 0.00614845 -0.988315 174.931
-0.937081 -0.319609 0.14122 -31.5465 -0.314806 0.947572 0.0554702 0.264028 -0.151543 0.00752139 -0.98857 173.588
-0.937243 -0.319951 0.139509 -31.3429 -0.315311 0.947459 0.0546093 0.305639 -0.149654 0.00719164 -0.988851 172.269
-0.937344 -0.319546 0.139607 -31.1609 -0.314827 0.947592 0.055001 0.352599 -0.149865 0.00760114 -0.988825 170.966
-0.937255 -0.32071 0.13768 -30.9494 -0.315761 0.94718 0.0568105 0.405395 -0.148631 0.00977007 -0.988984 169.676
-0.937069 -0.32198 0.135817 -30.7387 -0.317126 0.94675 0.056291 0.459985 -0.146709 0.00967562 -0.989281 168.423
-0.936907 -0.322419 0.136047 -30.5379 -0.317919 0.946622 0.054016 0.513146 -0.146204 0.0073542 -0.989366 167.173
-0.936767 -0.322493 0.136678 -30.3532 -0.318168 0.946607 0.052708 0.568591 -0.146377 0.00588694 -0.98936 165.937
-0.936864 -0.322816 0.1354 -30.1399 -0.319186 0.946514 0.0481254 0.664344 -0.143697 0.00186745 -0.989759 164.739
-0.93683 -0.322663 0.135846 -29.9588 -0.319153 0.946565 0.0471925 0.706475 -0.143814 0.000854112 -0.989755 163.549
-0.936439 -0.323373 0.137004 -29.7945 -0.319752 0.946324 0.0480873 0.73959 -0.145204 0.00122192 -0.989541 162.4
-0.936219 -0.32382 0.137309 -29.6357 -0.319831 0.946165 0.0505161 0.764453 -0.146274 0.00337698 -0.989391 161.309
-0.935666 -0.324453 0.139711 -29.477 -0.320174 0.945946 0.0525339 0.785624 -0.149206 0.00442062 -0.988938 160.189
-0.93501 -0.325419 0.141702 -29.3211 -0.321122 0.945617 0.0525792 0.813017 -0.151104 0.00365698 -0.988666 159.134
-0.935263 -0.324589 0.142086 -29.1577 -0.320394 0.945903 0.0519458 0.848848 -0.151265 0.00305744 -0.98863 158.104
-0.936562 -0.324496 0.133298 -28.9569 -0.321482 0.945941 0.0438329 0.920834 -0.140314 -0.00180237 -0.990262 157.163
-0.938273 -0.324442 0.121017 -28.7577 -0.321906 0.945956 0.0402908 0.974723 -0.127553 -0.00115436 -0.991971 156.238
-0.93888 -0.324402 0.116108 -28.5598 -0.321997 0.945973 0.039077 1.02331 -0.12251 -0.000699168 -0.992621 155.281
-0.939586 -0.323484 0.113179 -28.3856 -0.32123 0.946285 0.0379257 1.05811 -0.119372 -0.000723899 -0.992987 154.343
-0.939895 -0.322436 0.113346 -28.2603 -0.320155 0.946643 0.0379354 1.08464 -0.119529 -0.000634565 -0.992985 153.411
-0.940145 -0.321925 0.112995 -28.1293 -0.319657 0.946817 0.0379399 1.11499 -0.119204 -0.000452269 -0.993009 152.518
-0.939348 -0.322788 0.116863 -28.0482 -0.320409 0.946524 0.0387905 1.11262 -0.123134 -0.00100765 -0.99255 151.651
-0.939669 -0.321213 0.118818 -27.9378 -0.319004 0.947057 0.0374826 1.11513 -0.124572 -0.00268404 -0.992346 150.774
-0.93957 -0.320508 0.121284 -27.8428 -0.318491 0.947286 0.0358841 1.1438 -0.126391 -0.00491354 -0.992132 149.936
-0.939781 -0.319481 0.122543 -27.7451 -0.317588 0.947627 0.0350103 1.16107 -0.127315 -0.00601766 -0.991984 149.136
-0.939695 -0.318944 0.124396 -27.6555 -0.31709 0.947801 0.0346645 1.17474 -0.128958 -0.00687215 -0.991791 148.347
-0.939675 -0.318651 0.125485 -27.5514 -0.316855 0.947897 0.0343659 1.18489 -0.129903 -0.0074695 -0.991639 147.546
-0.939802 -0.318145 0.125623 -27.4416 -0.316443 0.948061 0.0335104 1.18844 -0.129759 -0.00826085 -0.991671 146.796
-0.940678 -0.315812 0.125149 -27.316 -0.314304 0.94883 0.031952 1.21043 -0.128842 -0.00927987 -0.991763 146.025
-0.940336 -0.316497 0.125791 -27.241 -0.314924 0.948606 0.0324127 1.22154 -0.129585 -0.00913706 -0.991688 145.199
-0.940955 -0.314378 0.126675 -27.1771 -0.312842 0.949307 0.0321742 1.23035 -0.130375 -0.00935646 -0.991562 144.403
-0.941958 -0.312162 0.124476 -27.0188 -0.310781 0.95003 0.0305538 1.2441 -0.127795 -0.00990569 -0.991916 143.663
-0.942126 -0.311445 0.125203 -26.9072 -0.310098 0.950265 0.0304158 1.25792 -0.128455 -0.0101711 -0.991804 142.933
-0.942748 -0.309294 0.125665 -26.7936 -0.30808 0.950955 0.0291643 1.26307 -0.128525 -0.0112217 -0.991809 142.237
-0.943423 -0.305914 0.129014 -26.6475 -0.304939 0.95202 0.0275519 1.27788 -0.13126 -0.0133496 -0.991399 141.633
-0.943353 -0.305497 0.130329 -26.4947 -0.304754 0.952124 0.0258028 1.29386 -0.131974 -0.0153783 -0.991299 141.035
-0.944452 -0.302326 0.129954 -26.3518 -0.301956 0.953095 0.0228325 1.30577 -0.130769 -0.0176775 -0.991397 140.422
-0.944183 -0.303204 0.129668 -26.2015 -0.303089 0.952777 0.0207934 1.31778 -0.129852 -0.0196694 -0.991503 139.825
-0.943703 -0.305067 0.128981 -26.0519 -0.305079 0.952164 0.0199648 1.33082 -0.128909 -0.0205097 -0.991587 139.228
-0.944356 -0.303766 0.127074 -25.9139 -0.303547 0.952622 0.021249 1.3381 -0.127511 -0.0185075 -0.991831 138.622
-0.945097 -0.30203 0.125888 -25.8176 -0.301462 0.953227 0.0238104 1.33606 -0.127199 -0.0154486 -0.991899 137.889
-0.943945 -0.305568 0.125795 -25.717 -0.30511 0.952081 0.0230527 1.33604 -0.126814 -0.016622 -0.991954 137.183
-0.942061 -0.311288 0.126092 -25.6307 -0.311124 0.950179 0.0213011 1.33373 -0.126449 -0.0191647 -0.991931 136.388
-0.941661 -0.311327 0.128763 -25.5302 -0.311837 0.950037 0.0163856 1.335 -0.127435 -0.0247245 -0.991706 135.684
-0.942109 -0.308597 0.132202 -25.4842 -0.309961 0.950741 0.0104607 1.32018 -0.128926 -0.0311235 -0.991311 134.838
-0.940462 -0.311856 0.136038 -25.4224 -0.313522 0.949579 0.00924126 1.31447 -0.132064 -0.033961 -0.990826 134.146
-0.938811 -0.315827 0.138449 -25.3593 -0.317391 0.948281 0.0110227 1.30809 -0.134778 -0.0335953 -0.990452 133.381
-0.937632 -0.319166 0.138587 -25.2525 -0.320305 0.947248 0.0143068 1.32398 -0.135846 -0.0309769 -0.990414 132.648
-0.936764 -0.320762 0.140954 -25.168 -0.321563 0.946777 0.0174939 1.32294 -0.139072 -0.0289389 -0.990008 131.864
-0.936141 -0.321127 0.144038 -25.0784 -0.321782 0.946663 0.0190827 1.32452 -0.142486 -0.0284858 -0.989556 131.098
-0.935478 -0.321184 0.148354 -24.9743 -0.321836 0.946632 0.0200833 1.31848 -0.146896 -0.0289588 -0.988879 130.296
-0.934164 -0.32284 0.15278 -24.8612 -0.32374 0.94599 0.0193699 1.33842 -0.150785 -0.0313674 -0.98824 129.547
-0.932986 -0.324974 0.155627 -24.7317 -0.325753 0.94527 0.0210402 1.35269 -0.153956 -0.0310661 -0.987741 128.738
-0.932421 -0.326327 0.155983 -24.558 -0.326512 0.944908 0.0248951 1.37025 -0.155517 -0.027719 -0.987612 127.949
-0.932063 -0.327638 0.155582 -24.3836 -0.326838 0.94461 0.0312795 1.38123 -0.157223 -0.0216962 -0.987476 127.126
-0.931839 -0.32669 0.158684 -24.255 -0.325168 0.945017 0.0359487 1.38652 -0.161706 -0.0181018 -0.986839 126.278
-0.931827 -0.325555 0.161241 -24.0929 -0.323967 0.945405 0.0366446 1.42029 -0.164378 -0.018091 -0.986381 125.451
-0.93145 -0.325271 0.163811 -23.9222 -0.324032 0.945452 0.0347359 1.47977 -0.166178 -0.0207268 -0.986043 124.603
-0.931431 -0.323636 0.167283 -23.7418 -0.322502 0.945986 0.03452 1.49383 -0.169429 -0.0217964 -0.985455 123.722
-0.931592 -0.321808 0.169751 -23.5611 -0.320797 0.946586 0.0338767 1.53613 -0.17159 -0.0228977 -0.985072 122.816
-0.931344 -0.32063 0.173443 -23.388 -0.319226 0.94702 0.0365671 1.55395 -0.175989 -0.0213114 -0.984316 121.873
-0.931082 -0.319977 0.1759 -23.2146 -0.318158 0.947279 0.0390029 1.59067 -0.17911 -0.0196503 -0.983804 120.954
-0.930431 -0.31942 0.18043 -23.0479 -0.31688 0.947519 0.0433938 1.61418 -0.184833 -0.0168004 -0.982779 119.99
-0.930613 -0.316671 0.184173 -22.8745 -0.313785 0.948462 0.0451902 1.64184 -0.188994 -0.0157374 -0.982024 119.044
-0.930201 -0.314967 0.189229 -22.6793 -0.312233 0.948998 0.0447639 1.67777 -0.193687 -0.0174446 -0.981062 118.053
-0.929734 -0.313023 0.194557 -22.4753 -0.310703 0.949582 0.042936 1.72 -0.19819 -0.0205315 -0.980123 117.031
-0.929374 -0.312375 0.19741 -22.2487 -0.310293 0.949757 0.0420877 1.77034 -0.200648 -0.02214 -0.97957 116.025
-0.928869 -0.312723 0.199123 -22.0203 -0.310618 0.949636 0.0423516 1.81929 -0.202341 -0.0225132 -0.979231 115.007
-0.928532 -0.311987 0.201933 -21.8086 -0.309884 0.949864 0.0426618 1.85348 -0.205128 -0.0229632 -0.978623 113.955
-0.928018 -0.312708 0.203073 -21.5604 -0.31115 0.949554 0.0402142 1.90328 -0.205407 -0.0258676 -0.978509 112.867
-0.928123 -0.312375 0.203212 -21.2982 -0.311671 0.949548 0.0361806 1.94762 -0.204271 -0.0297553 -0.97862 111.775
-0.928431 -0.31048 0.204604 -21.0758 -0.310081 0.950123 0.0346594 1.9724 -0.205163 -0.031266 -0.978404 110.693
-0.928838 -0.310174 0.203313 -20.8441 -0.309065 0.950334 0.0378905 2.00541 -0.204977 -0.0276428 -0.978534 109.575
-0.928919 -0.311282 0.201138 -20.6019 -0.308857 0.950135 0.0439656 2.03314 -0.204797 -0.0212834 -0.978747 108.432
-0.928773 -0.311558 0.201484 -20.3712 -0.308777 0.95008 0.0457934 2.07475 -0.205702 -0.0196823 -0.978576 107.274
-0.928268 -0.312701 0.201948 -20.1153 -0.310514 0.949637 0.0430715 2.13686 -0.205249 -0.0227269 -0.97862 106.094
-0.927834 -0.313309 0.203081 -19.8769 -0.311423 0.949394 0.0419082 2.17284 -0.205943 -0.0243605 -0.97842 104.871
-0.927492 -0.314648 0.202488 -19.6167 -0.312717 0.948955 0.0421307 2.21735 -0.205411 -0.0242463 -0.97855 103.637
-0.927844 -0.314517 0.201159 -19.3329 -0.312987 0.948958 0.0400949 2.27082 -0.203511 -0.0257586 -0.978892 102.445
-0.92827 -0.314177 0.199637 -19.0493 -0.312858 0.949052 0.0387695 2.3245 -0.20165 -0.0264705 -0.979274 101.22
-0.92844 -0.314677 0.198137 -18.7856 -0.312945 0.948946 0.0407095 2.37379 -0.20084 -0.0242096 -0.979484 99.9405
-0.928433 -0.31534 0.197031 -18.5295 -0.313261 0.948769 0.0422749 2.41103 -0.200271 -0.0224737 -0.979657 98.6557
-0.928394 -0.316564 0.195321 -18.2508 -0.314785 0.948334 0.0407899 2.44678 -0.19815 -0.0236153 -0.980048 97.3551
-0.928548 -0.317163 0.193529 -18.0001 -0.315222 0.948157 0.0413857 2.48164 -0.196626 -0.022577 -0.980392 96.0758
-0.928125 -0.319251 0.192205 -17.726 -0.317878 0.947392 0.0386533 2.52267 -0.194442 -0.025223 -0.980751 94.7666
-0.928626 -0.317062 0.193327 -17.4644 -0.317389 0.947866 0.0299216 2.55456 -0.192739 -0.0335746 -0.980851 93.4364
-0.928583 -0.317301 0.193223 -17.2081 -0.318193 0.947686 0.0271105 2.5843 -0.191726 -0.0363079 -0.980939 92.1099
-0.928921 -0.318867 0.18889 -16.9388 -0.318431 0.947405 0.0332838 2.61115 -0.189573 -0.0292313 -0.981606 90.7281
-0.928608 -0.320692 0.187422 -16.6973 -0.319159 0.946947 0.0389979 2.63985 -0.189993 -0.0236038 -0.981664 89.3394
-0.928475 -0.323584 0.182973 -16.4043 -0.322352 0.945938 0.0370666 2.70406 -0.18508 -0.0245672 -0.982592 87.949
-0.928212 -0.324539 0.182689 -16.1466 -0.323746 0.945546 0.0348553 2.74483 -0.184061 -0.0267916 -0.982712 86.5525
-0.928572 -0.323853 0.182004 -15.8785 -0.323379 0.945741 0.0329023 2.78111 -0.182789 -0.0283049 -0.982921 85.1346
-0.929509 -0.322843 0.179066 -15.5954 -0.322462 0.94609 0.0319005 2.82733 -0.17972 -0.0280903 -0.98348 83.7046
-0.930107 -0.320797 0.179562 -15.3489 -0.320458 0.946784 0.0314843 2.8591 -0.180111 -0.0282591 -0.983419 82.2456
-0.930616 -0.321217 0.176217 -15.057 -0.320757 0.946676 0.0317317 2.89981 -0.17702 -0.0269927 -0.984003 80.7714
-0.930543 -0.323027 0.173211 -14.786 -0.32215 0.946133 0.0337189 2.92152 -0.174777 -0.0244238 -0.984484 79.3165
-0.93042 -0.32528 0.169693 -14.5105 -0.324192 0.945403 0.034712 2.96969 -0.171726 -0.0227165 -0.985049 77.8536
-0.930731 -0.325391 0.167691 -14.258 -0.323774 0.94544 0.0374497 3.0013 -0.170731 -0.0194392 -0.985308 76.3724
-0.931085 -0.32496 0.166635 -13.998 -0.323345 0.945593 0.037349 3.03439 -0.169712 -0.0191054 -0.985476 74.8739
-0.931313 -0.324425 0.166332 -13.7346 -0.323143 0.94574 0.0352547 3.07496 -0.168748 -0.0209166 -0.985621 73.3897
-0.932082 -0.323458 0.163967 -13.4495 -0.322353 0.946062 0.0338922 3.10603 -0.166092 -0.0212648 -0.986049 71.912
-0.932245 -0.323392 0.163091 -13.1829 -0.322336 0.946082 0.0334074 3.13893 -0.165104 -0.0214268 -0.986227 70.4343
-0.932272 -0.323951 0.161901 -12.918 -0.32276 0.945912 0.0341869 3.16573 -0.164226 -0.0203837 -0.986381 68.9589
-0.932568 -0.323265 0.161491 -12.6508 -0.322275 0.946124 0.0327939 3.1945 -0.163395 -0.0214624 -0.986512 67.4817
-0.932624 -0.322448 0.162868 -12.4103 -0.321872 0.946342 0.0304851 3.22075 -0.163965 -0.0239915 -0.986343 66.0302
-0.933091 -0.321102 0.162785 -12.163 -0.320489 0.946806 0.0305105 3.2567 -0.163926 -0.0237021 -0.986372 64.5767
-0.933189 -0.321038 0.162413 -11.9203 -0.319815 0.946914 0.0341794 3.28763 -0.164771 -0.0200463 -0.986298 63.1055
-0.933207 -0.320935 0.162444 -11.6691 -0.319364 0.946986 0.0361892 3.32176 -0.16545 -0.018107 -0.986237 61.6402
-0.932774 -0.321528 0.163822 -11.4117 -0.320208 0.946751 0.0349718 3.35803 -0.166349 -0.0198362 -0.986038 60.1698
-0.932002 -0.321604 0.167947 -11.1724 -0.32083 0.946629 0.0322719 3.38974 -0.169367 -0.0238051 -0.985449 58.7189
-0.931049 -0.322343 0.171832 -10.9206 -0.322045 0.946289 0.0302341 3.40842 -0.172355 -0.0271881 -0.984832 57.2625
-0.93094 -0.323624 0.169951 -10.631 -0.323448 0.945835 0.0292899 3.42767 -0.170229 -0.0277032 -0.9852 55.8564
-0.930556 -0.324892 0.169696 -10.3567 -0.324313 0.945464 0.0317542 3.43984 -0.170765 -0.0254852 -0.985155 54.4081
-0.930359 -0.325239 0.170048 -10.0971 -0.323958 0.945434 0.0358116 3.45717 -0.172421 -0.0217712 -0.984966 52.9637
-0.929756 -0.327301 0.169447 -9.83153 -0.325473 0.944787 0.0391089 3.48783 -0.172899 -0.0187886 -0.984934 51.5246
-0.92876 -0.329521 0.170549 -9.56751 -0.327621 0.944012 0.0397877 3.51083 -0.174116 -0.0189227 -0.984728 50.0904
-0.92893 -0.328159 0.172294 -9.29231 -0.326893 0.944407 0.0363498 3.53525 -0.174651 -0.0225554 -0.984546 48.5817
-0.929035 -0.327141 0.173604 -9.03221 -0.326431 0.944678 0.033248 3.56469 -0.174881 -0.0257816 -0.984436 47.1473
-0.929663 -0.32635 0.171772 -8.73604 -0.325553 0.944977 0.0334492 3.59268 -0.173243 -0.0248241 -0.98474 45.6861
-0.92966 -0.326429 0.17159 -8.4892 -0.325204 0.945008 0.0358051 3.62117 -0.173846 -0.0225154 -0.984701 44.2666
-0.929743 -0.326858 0.170367 -8.21947 -0.325607 0.944869 0.0358886 3.65556 -0.172712 -0.0221055 -0.984899 42.8314
-0.929193 -0.328126 0.170893 -7.9543 -0.327113 0.944393 0.0346651 3.68505 -0.172768 -0.023691 -0.984867 41.3888
-0.928447 -0.330093 0.171205 -7.69377 -0.329195 0.943686 0.0342928 3.70777 -0.172889 -0.0245205 -0.984811 39.9677
-0.928703 -0.33051 0.168952 -7.40384 -0.330099 0.943478 0.0311291 3.75132 -0.169695 -0.0268616 -0.98532 38.5483
-0.929277 -0.32839 0.169972 -7.1528 -0.328468 0.944136 0.0283245 3.79471 -0.169784 -0.029509 -0.985214 37.1299
-0.930088 -0.326167 0.169779 -6.897 -0.326431 0.944881 0.0269454 3.8261 -0.169213 -0.0303594 -0.985302 35.7206
-0.930892 -0.324218 0.169148 -6.63795 -0.324322 0.94559 0.0276441 3.8435 -0.168914 -0.0291246 -0.985376 34.2976
-0.931269 -0.322857 0.169633 -6.37653 -0.322869 0.946072 0.0280795 3.86397 -0.169554 -0.0286197 -0.985296 32.8491
-0.93109 -0.322864 0.170648 -6.12213 -0.32288 0.946064 0.0282883 3.86464 -0.170584 -0.0287598 -0.985099 31.4347
-0.930642 -0.323476 0.171882 -5.87778 -0.323615 0.945826 0.0277937 3.88782 -0.171564 -0.0297575 -0.984914 30.0238
-0.930355 -0.324881 0.170834 -5.6001 -0.325175 0.945318 0.0269052 3.91922 -0.170239 -0.030519 -0.985107 28.627
-0.930001 -0.326375 0.169859 -5.31088 -0.326705 0.944797 0.0265941 3.9348 -0.169165 -0.0307613 -0.985299 27.1991
-0.930008 -0.32668 0.169281 -5.04812 -0.326699 0.944748 0.0283943 3.94461 -0.169209 -0.0288964 -0.985334 25.8089
-0.929712 -0.326632 0.170937 -4.81266 -0.326515 0.944774 0.029405 3.95253 -0.171106 -0.0284754 -0.985033 24.4315
-0.929562 -0.326629 0.17182 -4.57458 -0.326237 0.944818 0.0311855 3.96701 -0.17253 -0.0270646 -0.98481 23.0486
-0.9298 -0.326826 0.170088 -4.29034 -0.32643 0.944757 0.0308905 4.00111 -0.170791 -0.0267996 -0.985138 21.6619
-0.92979 -0.326603 0.170629 -4.02524 -0.326881 0.944721 0.0271345 4.0355 -0.170065 -0.0305455 -0.985137 20.2702
-0.928717 -0.328281 0.173176 -3.79005 -0.329827 0.943863 0.0204052 4.0909 -0.170156 -0.0381672 -0.984874 18.9036
-0.92748 -0.331691 0.173365 -3.51481 -0.333692 0.942551 0.0181957 4.11075 -0.169446 -0.0409737 -0.984866 17.5242
-0.926794 -0.3346 0.171383 -3.24303 -0.336257 0.941603 0.0199312 4.12387 -0.168046 -0.0391563 -0.985201 16.1776
-0.926837 -0.336643 0.167153 -2.9527 -0.337487 0.941067 0.0240571 4.10846 -0.165407 -0.0341142 -0.985815 14.851
-0.927109 -0.335759 0.167374 -2.71747 -0.336211 0.941463 0.0262822 4.11656 -0.166404 -0.0319061 -0.98574 13.4911
-0.928104 -0.333355 0.166727 -2.46574 -0.332985 0.942471 0.030878 4.10687 -0.167435 -0.0268585 -0.985694 12.1186
-0.929315 -0.329863 0.166871 -2.23932 -0.328961 0.943789 0.0336245 4.11001 -0.168585 -0.0236458 -0.985604 10.781
-0.930319 -0.326935 0.167107 -1.99052 -0.326173 0.944791 0.0326483 4.13405 -0.168562 -0.0241318 -0.985573 9.4189
-0.930703 -0.325243 0.168204 -1.75042 -0.324871 0.945317 0.030314 4.15893 -0.168868 -0.0264307 -0.985485 8.06711
-0.930611 -0.325318 0.168634 -1.49796 -0.32528 0.945234 0.0285134 4.17239 -0.168682 -0.0283176 -0.985442 6.7023
-0.929709 -0.327649 0.169032 -1.24782 -0.327779 0.944392 0.0277409 4.19622 -0.168725 -0.0296138 -0.985419 5.32324
-0.929652 -0.328345 0.168062 -0.995605 -0.328502 0.944148 0.0275463 4.22109 -0.167727 -0.0295995 -0.985569 3.95136
-0.929308 -0.328951 0.16871 -0.755286 -0.329292 0.943899 0.0265624 4.24271 -0.167985 -0.0308696 -0.985507 2.59702
-0.929051 -0.328527 0.171013 -0.523659 -0.329281 0.943958 0.0246392 4.26736 -0.169531 -0.0334193 -0.98514 1.20612
-0.92851 -0.329268 0.172445 -0.28557 -0.330092 0.943675 0.0245151 4.28158 -0.170807 -0.0341598 -0.984914 -0.164777
-0.92867 -0.329121 0.171937 -0.0212127 -0.329943 0.94373 0.0244851 4.30363 -0.170328 -0.0339899 -0.984983 -1.5514
-0.928173 -0.330119 0.172635 0.233852 -0.331034 0.943355 0.0241162 4.31884 -0.170819 -0.0347633 -0.984892 -2.94089
-0.927123 -0.33227 0.174221 0.479118 -0.333336 0.942554 0.0238555 4.35267 -0.172146 -0.0359559 -0.984597 -4.32837
-0.926346 -0.334905 0.173231 0.745497 -0.33574 0.941664 0.0251517 4.38362 -0.171552 -0.0348609 -0.984762 -5.7196
-0.925534 -0.336863 0.173836 1.00518 -0.337744 0.940944 0.0252718 4.39586 -0.17209 -0.0353212 -0.98463 -7.10908
-0.925373 -0.336537 0.175257 1.2528 -0.337832 0.940967 0.0231076 4.39988 -0.17269 -0.0378237 -0.984454 -8.45741
-0.924923 -0.337562 0.175722 1.51856 -0.338811 0.940603 0.0236471 4.40494 -0.173275 -0.0376636 -0.984336 -9.86301
-0.924764 -0.338528 0.174639 1.79571 -0.339657 0.940285 0.0241147 4.42393 -0.172377 -0.0370163 -0.984538 -11.2541
-0.924371 -0.338847 0.176162 2.06364 -0.340346 0.940079 0.0224522 4.43477 -0.173221 -0.0392006 -0.984286 -12.666
-0.923784 -0.339406 0.178089 2.32861 -0.341443 0.939738 0.0198444 4.44163 -0.174095 -0.0424746 -0.984017 -14.0621
-0.923692 -0.33925 0.178931 2.59761 -0.341515 0.939734 0.0188216 4.45922 -0.17454 -0.0437211 -0.983863 -15.49
-0.923828 -0.338918 0.178791 2.86408 -0.340891 0.939929 0.0203281 4.47234 -0.174942 -0.0421678 -0.983882 -16.8855
-0.924239 -0.337099 0.18018 3.11885 -0.338776 0.940652 0.0222119 4.4671 -0.176982 -0.0405102 -0.983564 -18.2885
-0.924593 -0.335749 0.180817 3.39746 -0.337431 0.941137 0.0221314 4.47729 -0.177606 -0.0405496 -0.983474 -19.696
-0.924402 -0.335645 0.18205 3.66562 -0.337233 0.941188 0.0229952 4.47848 -0.179069 -0.0401351 -0.983203 -21.0983
-0.923775 -0.336104 0.184302 3.92798 -0.337978 0.940946 0.0219271 4.48515 -0.18079 -0.0420333 -0.982832 -22.5102
-0.923287 -0.33733 0.184579 4.21403 -0.338926 0.940562 0.0236939 4.50277 -0.181609 -0.0406808 -0.982715 -23.9312
-0.923288 -0.337176 0.184792 4.49478 -0.338063 0.940769 0.0274775 4.52182 -0.183113 -0.0371007 -0.982602 -25.3635
-0.922749 -0.337044 0.187766 4.74187 -0.337764 0.940831 0.0290273 4.52549 -0.186448 -0.0366342 -0.981968 -26.7606
-0.922817 -0.335001 0.190994 5.00646 -0.335785 0.941537 0.0290573 4.53807 -0.189564 -0.0373171 -0.98137 -28.1747
-0.922867 -0.334264 0.192109 5.29876 -0.334726 0.941856 0.0309245 4.54875 -0.191284 -0.0357632 -0.98107 -29.6074
-0.923062 -0.333901 0.191737 5.59405 -0.334172 0.942024 0.0317325 4.56644 -0.191218 -0.0347807 -0.981141 -31.0149
-0.92311 -0.333066 0.193025 5.87705 -0.333102 0.942356 0.0331471 4.58422 -0.192947 -0.0336969 -0.980817 -32.433
-0.923704 -0.33131 0.19314 6.17851 -0.331149 0.943014 0.0339131 4.61497 -0.193372 -0.0326311 -0.980793 -33.8529
-0.924277 -0.329241 0.194005 6.45906 -0.328803 0.943787 0.0353007 4.63774 -0.19473 -0.03116 -0.980549 -35.2649
-0.924703 -0.326957 0.195757 6.72925 -0.326194 0.94463 0.0369 4.66122 -0.196985 -0.0297319 -0.980167 -36.6693
-0.925058 -0.324416 0.198375 7.0105 -0.324452 0.945371 0.0331615 4.69006 -0.198304 -0.0336847 -0.979751 -38.0924
-0.925433 -0.321704 0.200951 7.29268 -0.322482 0.946162 0.0296081 4.71127 -0.199658 -0.037401 -0.979365 -39.4798
-0.925823 -0.320741 0.200766 7.60345 -0.321742 0.94645 0.0284406 4.73754 -0.199145 -0.0382617 -0.979413 -40.8773
-0.925483 -0.322027 0.200205 7.88983 -0.32232 0.946144 0.0318824 4.74439 -0.19969 -0.0350219 -0.979448 -42.2403
-0.924953 -0.323746 0.199939 8.19117 -0.323541 0.94563 0.0345419 4.75084 -0.200259 -0.0327365 -0.979386 -43.6277
-0.924675 -0.324123 0.200558 8.48821 -0.324029 0.945483 0.0340747 4.77121 -0.200669 -0.0334767 -0.979304 -45.0152
-0.924347 -0.324782 0.201055 8.78583 -0.324532 0.945269 0.0350632 4.78935 -0.201448 -0.0328357 -0.979138 -46.4023
-0.924045 -0.32521 0.201708 9.0792 -0.324699 0.945164 0.036416 4.8106 -0.202492 -0.0318426 -0.978982 -47.7977
-0.924241 -0.324123 0.202603 9.38297 -0.324103 0.945451 0.034131 4.84276 -0.202623 -0.0341168 -0.978853 -49.2368
-0.923837 -0.325202 0.202674 9.68046 -0.325274 0.945063 0.0337615 4.87043 -0.202521 -0.0347323 -0.97888 -50.6232
-0.924061 -0.32477 0.20239 9.97631 -0.324673 0.945242 0.0345408 4.89739 -0.202534 -0.0337905 -0.978884 -52.0124
-0.924384 -0.323382 0.203091 10.2637 -0.323369 0.945705 0.0340395 4.92457 -0.203074 -0.0342056 -0.978785 -53.394
-0.92447 -0.322824 0.203633 10.5566 -0.32288 0.945882 0.0338019 4.93555 -0.203533 -0.0344977 -0.978653 -54.7832
-0.924497 -0.323105 0.203025 10.8597 -0.323326 0.945761 0.0328743 4.96606 -0.202637 -0.0352488 -0.97884 -56.1714
-0.924255 -0.324172 0.202468 11.1655 -0.324223 0.945424 0.0337754 4.99151 -0.202375 -0.0344248 -0.978895 -57.5768
-0.923843 -0.325539 0.202112 11.4654 -0.325517 0.944963 0.0341603 5.01708 -0.202111 -0.0342296 -0.978984 -58.9622
-0.92353 -0.326089 0.202701 11.7539 -0.326207 0.944744 0.0337061 5.05476 -0.2025 -0.0349911 -0.978851 -60.3455
-0.923541 -0.325558 0.203461 12.0507 -0.325543 0.944947 0.0343662 5.06579 -0.203451 -0.0344943 -0.978697 -61.7464
-0.923429 -0.32595 0.203386 12.355 -0.325899 0.944818 0.0346237 5.09174 -0.203456 -0.0343077 -0.978677 -63.1538
-0.923475 -0.32456 0.20535 12.6394 -0.32475 0.945248 0.0336022 5.11686 -0.205014 -0.0356539 -0.978331 -64.5338
-0.923417 -0.323906 0.206675 12.9502 -0.324566 0.945382 0.0315885 5.14147 -0.205626 -0.0379075 -0.978091 -65.9343
-0.923282 -0.323437 0.207976 13.2514 -0.324387 0.945483 0.0303518 5.17433 -0.206457 -0.0394388 -0.977883 -67.3175
-0.923265 -0.322661 0.209287 13.5447 -0.323215 0.945817 0.0324347 5.18414 -0.20842 -0.0376958 -0.977507 -68.7075
-0.923139 -0.321698 0.211282 13.8342 -0.321712 0.946231 0.0351387 5.20178 -0.211227 -0.0355312 -0.977016 -70.0892
-0.92262 -0.321867 0.213321 14.1318 -0.321178 0.946273 0.0387785 5.21714 -0.214349 -0.032733 -0.976405 -71.4674
-0.922399 -0.320909 0.215674 14.4358 -0.320459 0.94655 0.0379025 5.25199 -0.216311 -0.0341505 -0.975952 -72.8274
-0.921607 -0.321692 0.217924 14.7428 -0.321949 0.946148 0.0352556 5.27937 -0.217538 -0.0376653 -0.975522 -74.167
-0.921172 -0.323429 0.21715 15.0917 -0.324405 0.945423 0.0320211 5.32685 -0.215657 -0.0409445 -0.975837 -75.5373
-0.920767 -0.324666 0.217067 15.4055 -0.325141 0.945086 0.0344793 5.34484 -0.216349 -0.0388264 -0.975743 -76.9036
-0.920908 -0.32557 0.215062 15.7407 -0.324939 0.944969 0.0391796 5.36402 -0.215985 -0.033798 -0.976038 -78.2665
-0.920967 -0.325336 0.215208 16.0476 -0.324309 0.945112 0.0410106 5.40569 -0.216746 -0.0320212 -0.975903 -79.6081
-0.921034 -0.325022 0.215355 16.3431 -0.323895 0.945232 0.0413949 5.43572 -0.217018 -0.0316231 -0.975882 -80.9273
-0.921176 -0.324526 0.215537 16.6657 -0.32377 0.945351 0.0397426 5.46527 -0.216664 -0.0331712 -0.975884 -82.2671
-0.920983 -0.325153 0.215379 16.9756 -0.324552 0.945108 0.039046 5.48509 -0.216255 -0.0339378 -0.975974 -83.5988
-0.920507 -0.326528 0.215375 17.2806 -0.326002 0.944617 0.0389185 5.50248 -0.216163 -0.0343846 -0.975953 -84.9224
-0.920026 -0.328573 0.214273 17.5883 -0.327616 0.943971 0.0408843 5.5228 -0.215703 -0.0325813 -0.976144 -86.2393
-0.91996 -0.329617 0.212991 17.8983 -0.328264 0.943671 0.0426563 5.55319 -0.215061 -0.0306716 -0.97632 -87.5584
-0.919784 -0.329689 0.213602 18.1887 -0.328667 0.943591 0.0412035 5.58977 -0.215139 -0.0323023 -0.97628 -88.862
-0.919614 -0.329523 0.214621 18.4809 -0.328618 0.943627 0.0408666 5.61658 -0.215996 -0.0329433 -0.976041 -90.1957
-0.9209 -0.326501 0.213695 18.7812 -0.324493 0.944848 0.0453042 5.61736 -0.216703 -0.0276184 -0.976078 -91.5091
-0.920917 -0.327034 0.212831 19.0946 -0.324761 0.9447 0.0464998 5.6551 -0.216276 -0.0262931 -0.976179 -92.8479
-0.920739 -0.327533 0.212813 19.3779 -0.325231 0.944529 0.0466345 5.68357 -0.216285 -0.0262717 -0.976208 -94.1399
-0.920978 -0.326924 0.212737 19.6853 -0.324548 0.944752 0.0469388 5.72319 -0.216337 -0.02581 -0.976179 -95.4787
-0.920741 -0.328046 0.212012 19.9741 -0.325469 0.944387 0.0478433 5.74661 -0.215919 -0.0249485 -0.976323 -96.7526
-0.92054 -0.32898 0.211454 20.2603 -0.326297 0.944075 0.0484103 5.77646 -0.215562 -0.0244296 -0.976386 -98.027
-0.920662 -0.328803 0.21118 20.5546 -0.326015 0.94415 0.0487909 5.81256 -0.215431 -0.0239242 -0.976457 -99.313
-0.920817 -0.328393 0.211163 20.8479 -0.325858 0.944267 0.0476399 5.86314 -0.215045 -0.0249377 -0.976489 -100.604
-0.920545 -0.328814 0.211676 21.1294 -0.326511 0.944086 0.0466512 5.90235 -0.215183 -0.026166 -0.976456 -101.874
-0.920683 -0.327652 0.212887 21.413 -0.325869 0.94442 0.0443659 5.95122 -0.2156 -0.028523 -0.976267 -103.222
-0.920132 -0.328351 0.214174 21.6623 -0.326103 0.944228 0.0466596 5.97396 -0.217552 -0.026906 -0.975914 -104.457
-0.920293 -0.328658 0.213031 21.9706 -0.326167 0.944155 0.0476972 6.0346 -0.216818 -0.0255847 -0.97608 -105.754
-0.920077 -0.328121 0.214767 22.2572 -0.325757 0.944319 0.0472298 6.0711 -0.218307 -0.0265028 -0.975757 -107.027
-0.919852 -0.32813 0.215735 22.5539 -0.326125 0.944263 0.045805 6.11944 -0.218748 -0.0282189 -0.975579 -108.292
-0.919933 -0.328265 0.215164 22.8614 -0.326235 0.944224 0.0458034 6.16291 -0.218201 -0.028054 -0.975737 -109.535
-0.919679 -0.328061 0.216585 23.1392 -0.325891 0.944303 0.0466426 6.19538 -0.219831 -0.0276829 -0.975352 -110.796
-0.919559 -0.327517 0.217887 23.4196 -0.325023 0.944527 0.0481236 6.23048 -0.221563 -0.0265617 -0.975023 -112.065
-0.918835 -0.328508 0.219473 23.697 -0.325971 0.944172 0.0486788 6.27066 -0.223219 -0.02681 -0.974607 -113.305
-0.918834 -0.32777 0.22055 23.978 -0.32532 0.944416 0.0482949 6.3141 -0.224122 -0.0273699 -0.974416 -114.545
-0.918643 -0.327767 0.221379 24.2578 -0.325367 0.944404 0.0482344 6.35635 -0.224889 -0.027715 -0.9742 -115.753
-0.918629 -0.327643 0.221595 24.5395 -0.325539 0.944409 0.0469112 6.40522 -0.224649 -0.0290395 -0.974248 -116.956
-0.918543 -0.329132 0.219759 24.844 -0.327326 0.943858 0.0455966 6.45145 -0.222436 -0.0300462 -0.974694 -118.134
-0.918573 -0.329931 0.21841 25.1299 -0.328057 0.943595 0.0457515 6.48699 -0.221187 -0.0296202 -0.975023 -119.33
-0.91848 -0.331726 0.216098 25.4248 -0.329777 0.942984 0.0460349 6.52641 -0.219055 -0.0289778 -0.975492 -120.512
-0.917963 -0.332965 0.216366 25.679 -0.331008 0.942542 0.046202 6.55697 -0.219319 -0.0292024 -0.975459 -121.674
-0.917799 -0.333771 0.215846 25.9591 -0.332099 0.942219 0.0450057 6.59151 -0.218403 -0.0303717 -0.975597 -122.872
-0.917933 -0.333042 0.216379 26.2242 -0.331538 0.942452 0.0442008 6.60812 -0.21865 -0.0311598 -0.975547 -124.035
-0.918028 -0.332749 0.216451 26.4894 -0.331014 0.942589 0.0452488 6.62474 -0.219087 -0.0301041 -0.975453 -125.192
-0.917899 -0.333237 0.216228 26.7483 -0.330761 0.942512 0.0485283 6.64118 -0.219971 -0.026971 -0.975375 -126.331
-0.917606 -0.332859 0.218068 26.9832 -0.329844 0.942699 0.0511235 6.67033 -0.222597 -0.0250127 -0.9748 -127.461
-0.918732 -0.329427 0.218509 27.2328 -0.326632 0.943884 0.0497561 6.72248 -0.222641 -0.0256545 -0.974802 -128.543
-0.918109 -0.330033 0.220233 27.4765 -0.327774 0.943597 0.0477502 6.76578 -0.223577 -0.028342 -0.974484 -129.635
-0.917791 -0.330592 0.2207 27.7257 -0.328437 0.94338 0.0473848 6.8143 -0.223873 -0.028992 -0.974425 -130.719
-0.917807 -0.330593 0.220657 27.9625 -0.328104 0.943426 0.0488716 6.8517 -0.224338 -0.0275392 -0.974334 -131.757
-0.917838 -0.331197 0.219601 28.2039 -0.328983 0.94318 0.0475731 6.89007 -0.222884 -0.028576 -0.974665 -132.776
-0.916224 -0.335923 0.219181 28.4316 -0.334095 0.941445 0.0464361 6.9275 -0.221953 -0.0306767 -0.974786 -133.793
-0.916454 -0.334911 0.219725 28.6477 -0.33332 0.941755 0.0453223 6.96484 -0.222114 -0.0316981 -0.974737 -134.764
-0.919694 -0.324902 0.221263 28.8399 -0.32482 0.945073 0.0377475 7.04607 -0.221381 -0.0371503 -0.974693 -135.696
-0.92003 -0.322837 0.222844 29.0329 -0.322926 0.945728 0.0370052 7.0687 -0.222706 -0.0379112 -0.97438 -136.624
-0.919503 -0.322669 0.225289 29.2274 -0.322746 0.945792 0.037481 7.08013 -0.225178 -0.0382427 -0.973782 -137.529
-0.919444 -0.321219 0.227553 29.4356 -0.321187 0.946276 0.0381486 7.08925 -0.227591 -0.0380067 -0.97325 -138.398
-0.918495 -0.317792 0.236077 29.6233 -0.31875 0.947235 0.0351057 7.1325 -0.234784 -0.0430006 -0.971315 -139.222
-0.911627 -0.326248 0.250679 29.8079 -0.328752 0.943868 0.0329883 7.21444 -0.247381 -0.0523336 -0.96774 -140.021
-0.90779 -0.323116 0.268097 30.0167 -0.324998 0.944975 0.0385735 7.23603 -0.265818 -0.0521097 -0.962837 -140.785
-0.901405 -0.32303 0.288908 30.2425 -0.323498 0.945067 0.0474729 7.25453 -0.288383 -0.0506639 -0.956416 -141.514
-0.893019 -0.326846 0.309924 30.4947 -0.324595 0.943972 0.0603406 7.28049 -0.312292 -0.0467087 -0.949065 -142.205
-0.882571 -0.330473 0.334969 30.7512 -0.324847 0.942866 0.0744087 7.31776 -0.340431 -0.043138 -0.939525 -142.867
-0.871097 -0.331775 0.3626 31.0246 -0.323091 0.942474 0.0862702 7.36154 -0.370375 -0.0419971 -0.928166 -143.523
-0.857534 -0.330239 0.394878 31.3246 -0.318573 0.942967 0.09687 7.41468 -0.404357 -0.0427234 -0.913856 -144.175
-0.837378 -0.335221 0.432189 31.6292 -0.320944 0.940958 0.108083 7.4801 -0.442916 -0.0481964 -0.895511 -144.781
-0.813279 -0.338467 0.473677 31.9261 -0.321391 0.9394 0.119522 7.56903 -0.48544 -0.0550264 -0.872802 -145.328
-0.788523 -0.33957 0.513114 32.2555 -0.316352 0.938987 0.135323 7.66425 -0.527773 -0.0556134 -0.847822 -145.857
-0.760108 -0.339289 0.554506 32.6116 -0.307295 0.939181 0.153499 7.75119 -0.572873 -0.0537163 -0.818165 -146.343
-0.727181 -0.339085 0.597142 33.1571 -0.296137 0.939416 0.17287 7.89572 -0.619595 -0.0511216 -0.783532 -146.89
-0.689875 -0.340066 0.639367 33.7931 -0.285648 0.939071 0.191324 8.08702 -0.665484 -0.0506395 -0.745004 -147.4
-0.647591 -0.341576 0.681397 34.3858 -0.273987 0.938543 0.210131 8.25908 -0.711307 -0.050609 -0.70137 -147.865
-0.603631 -0.344044 0.719463 34.9038 -0.261797 0.937642 0.228788 8.43008 -0.753323 -0.0502454 -0.656079 -148.178
-0.556481 -0.344812 0.756158 35.4076 -0.245967 0.937453 0.246505 8.60424 -0.793873 -0.0488076 -0.606479 -148.433
-0.505276 -0.34603 0.79078 35.9033 -0.229467 0.937012 0.263457 8.78236 -0.832145 -0.0483344 -0.552867 -148.639
-0.451438 -0.34824 0.821751 36.3641 -0.209963 0.936354 0.281494 8.963 -0.86749 -0.0454529 -0.495815 -148.709
-0.395704 -0.351781 0.848552 36.8799 -0.192088 0.935036 0.298111 9.16823 -0.898304 -0.0450283 -0.437583 -148.711
-0.34 -0.355918 0.870667 37.4504 -0.176059 0.933389 0.312837 9.40385 -0.924031 -0.0469167 -0.380008 -148.642
-0.284778 -0.358657 0.889191 37.9258 -0.160007 0.932182 0.324811 9.60229 -0.945382 -0.0497733 -0.322863 -148.508
-0.229102 -0.359956 0.904589 38.4226 -0.142325 0.931565 0.334674 9.81909 -0.963169 -0.052064 -0.264649 -148.342
-0.172885 -0.359801 0.917093 38.9004 -0.120965 0.931638 0.342766 10.0343 -0.977722 -0.0516715 -0.204597 -148.18
-0.112368 -0.359332 0.9266 39.3295 -0.0973756 0.931867 0.349593 10.2121 -0.989106 -0.0509374 -0.139699 -148.098
-0.0531093 -0.357785 0.93251 39.806 -0.075407 0.93242 0.353518 10.4169 -0.995972 -0.0515373 -0.0765038 -147.93
0.00716439 -0.356875 0.934304 40.3217 -0.0545125 0.932667 0.356696 10.6369 -0.998711 -0.053479 -0.0127699 -147.731
0.0675125 -0.3587 0.931222 40.743 -0.0348219 0.931762 0.361491 10.8288 -0.997342 -0.0568272 0.0504147 -147.51
0.126806 -0.365019 0.922506 41.1137 -0.0121983 0.929235 0.369386 11.0068 -0.992077 -0.0580858 0.113382 -147.262
0.185391 -0.373751 0.909031 41.4586 0.0123428 0.925702 0.378148 11.1669 -0.982821 -0.0588806 0.176233 -147.035
0.247483 -0.384353 0.88959 41.8562 0.0373264 0.921108 0.387614 11.3364 -0.968401 -0.0627153 0.242305 -146.837
0.310754 -0.394247 0.865098 42.3046 0.0627654 0.916494 0.395187 11.5252 -0.948654 -0.068503 0.309556 -146.621
0.372004 -0.400991 0.837358 42.7102 0.0869412 0.913024 0.398631 11.7059 -0.924387 -0.0754844 0.37451 -146.346
0.432909 -0.404319 0.80592 43.1377 0.115297 0.911315 0.395328 11.905 -0.894281 -0.0782158 0.441142 -146.082
0.489375 -0.40693 0.771539 43.5042 0.143351 0.910024 0.389079 12.0877 -0.860458 -0.0797982 0.503674 -145.758
0.542298 -0.410857 0.733144 43.8232 0.170948 0.908045 0.382499 12.2671 -0.822875 -0.0820934 0.562678 -145.399
0.592508 -0.416558 0.68976 44.1442 0.198629 0.905111 0.376026 12.438 -0.780955 -0.0857862 0.619022 -145.014
0.640093 -0.422001 0.642329 44.4658 0.226 0.902157 0.367578 12.591 -0.734593 -0.0901119 0.67285 -144.607
0.684822 -0.421953 0.594416 44.797 0.249041 0.901801 0.353281 12.7887 -0.685123 -0.0938951 0.722651 -144.135
0.723087 -0.417912 0.550349 45.0255 0.267507 0.903575 0.334766 12.9889 -0.637177 -0.0948366 0.765174 -143.597
0.757984 -0.416147 0.502635 45.2786 0.288865 0.904652 0.31343 13.1702 -0.585148 -0.0923756 0.805914 -143.084
0.788561 -0.415832 0.453478 45.526 0.309483 0.90505 0.291865 13.3452 -0.531778 -0.0898034 0.842397 -142.549
0.815028 -0.416693 0.403065 45.7254 0.327852 0.904655 0.272375 13.4897 -0.478136 -0.0898428 0.873924 -141.978
0.839452 -0.416602 0.349497 45.9165 0.343264 0.904375 0.253685 13.6439 -0.421753 -0.0929793 0.902203 -141.366
0.861092 -0.416247 0.292617 46.0683 0.357409 0.904091 0.234421 13.7631 -0.362133 -0.0972696 0.927267 -140.763
0.877808 -0.417646 0.235389 46.1787 0.372493 0.903166 0.21359 13.8771 -0.301791 -0.0998026 0.948396 -140.12
0.891408 -0.417076 0.178351 46.262 0.384205 0.903128 0.19189 13.9887 -0.241108 -0.102525 0.965286 -139.436
0.900894 -0.416097 0.125048 46.3147 0.393685 0.9034 0.170185 14.0943 -0.183774 -0.104081 0.977697 -138.734
0.908308 -0.411393 0.0781273 46.322 0.397386 0.905554 0.148779 14.1802 -0.131955 -0.104086 0.98599 -137.991
0.913337 -0.405944 0.0375282 46.292 0.398259 0.907991 0.130475 14.2343 -0.087034 -0.104214 0.990991 -137.268
0.916113 -0.401382 0.00185681 46.2449 0.398487 0.909951 0.115232 14.2922 -0.0479401 -0.104822 0.993548 -136.488
0.915755 -0.400921 -0.0322432 46.2024 0.40203 0.909943 0.102275 14.3541 -0.0116588 -0.106613 0.994485 -135.704
0.914477 -0.399961 -0.0643528 46.1395 0.40447 0.910063 0.090948 14.4049 0.0221917 -0.109195 0.993988 -134.886
0.912623 -0.398743 -0.0922447 46.0494 0.405926 0.91045 0.0799496 14.4577 0.0521101 -0.110399 0.992774 -134.066
0.910967 -0.39583 -0.117644 45.9494 0.405171 0.911618 0.0698134 14.4955 0.0796153 -0.11126 0.990815 -133.212
0.910251 -0.391111 -0.137336 45.8138 0.4018 0.913778 0.0604559 14.5362 0.101854 -0.110202 0.988932 -132.332
0.909777 -0.386975 -0.151455 45.667 0.398389 0.915724 0.0531186 14.5737 0.118139 -0.10866 0.987253 -131.441
0.910601 -0.382107 -0.158701 45.4925 0.393713 0.918 0.0484684 14.6061 0.127172 -0.106608 0.986391 -130.53
0.910923 -0.379462 -0.163129 45.338 0.391122 0.919262 0.0454846 14.6521 0.132702 -0.105232 0.985774 -129.594
0.911263 -0.378686 -0.163036 45.1527 0.390504 0.91946 0.046725 14.6733 0.132216 -0.106236 0.985768 -128.644
0.910562 -0.379616 -0.164783 44.9942 0.391645 0.918971 0.046876 14.7174 0.133639 -0.107216 0.985435 -127.675
0.910158 -0.380079 -0.165946 44.8152 0.39228 0.918685 0.0471008 14.7517 0.134554 -0.107957 0.985265 -126.681
0.908896 -0.382452 -0.167407 44.6511 0.39441 0.917924 0.0440685 14.8155 0.136816 -0.106076 0.985125 -125.706
0.908773 -0.381895 -0.169332 44.4714 0.393905 0.918194 0.042925 14.8488 0.139091 -0.1057 0.98488 -124.673
0.908256 -0.381822 -0.172249 44.2934 0.394174 0.918069 0.043157 14.8843 0.141661 -0.107089 0.98433 -123.625
0.90793 -0.380956 -0.175845 44.1085 0.394003 0.918043 0.0451843 14.9169 0.144224 -0.110298 0.983636 -122.544
0.907146 -0.38191 -0.177812 43.912 0.395184 0.917537 0.0451819 14.9528 0.145897 -0.11125 0.983249 -121.458
0.906749 -0.382137 -0.179349 43.7144 0.395375 0.917526 0.0436982 14.9829 0.147863 -0.110524 0.983072 -120.365
0.905841 -0.383612 -0.180775 43.5156 0.396647 0.917092 0.0412244 15.031 0.149977 -0.109042 0.982884 -119.243
0.905764 -0.38355 -0.181298 43.2872 0.396718 0.91704 0.0416712 15.0551 0.150279 -0.109659 0.982804 -118.052
0.905821 -0.382799 -0.182596 43.079 0.396019 0.917365 0.0411642 15.085 0.151753 -0.109594 0.982551 -116.886
0.905327 -0.383193 -0.184211 42.8793 0.396456 0.91722 0.0401838 15.1098 0.153568 -0.109401 0.982323 -115.727
0.905307 -0.382977 -0.184762 42.661 0.396264 0.91731 0.040008 15.1383 0.154166 -0.109429 0.982194 -114.538
0.905549 -0.38211 -0.185365 42.4409 0.395689 0.917495 0.0414564 15.1637 0.154234 -0.110878 0.982053 -113.331
0.905499 -0.381956 -0.185929 42.2287 0.395785 0.917395 0.0426974 15.1918 0.154265 -0.112245 0.981861 -112.124
0.905648 -0.381819 -0.185486 42.0225 0.395351 0.917657 0.0410964 15.2355 0.154525 -0.110541 0.982045 -110.907
0.906375 -0.381037 -0.183532 41.8061 0.394096 0.918261 0.0395974 15.2589 0.153446 -0.108214 0.982443 -109.679
0.906282 -0.382385 -0.18118 41.5719 0.394928 0.917983 0.0377769 15.3001 0.151879 -0.10578 0.982983 -108.422
0.905794 -0.383253 -0.181788 41.3606 0.395805 0.91762 0.0373797 15.3408 0.152489 -0.105805 0.982855 -107.152
0.905313 -0.383563 -0.183524 41.1262 0.396491 0.91728 0.0384961 15.3721 0.153582 -0.107607 0.98252 -105.854
0.904527 -0.384397 -0.185649 40.9072 0.397471 0.916879 0.0379017 15.4012 0.155652 -0.108067 0.982117 -104.589
0.904419 -0.3845 -0.185954 40.6471 0.397163 0.917128 0.0350516 15.4349 0.15707 -0.105546 0.982194 -103.214
0.90448 -0.383463 -0.187799 40.3893 0.395955 0.917728 0.0328955 15.4625 0.159738 -0.104107 0.981889 -101.907
0.90388 -0.383576 -0.190432 40.0953 0.396401 0.917529 0.0331312 15.4749 0.162022 -0.105424 0.981403 -100.479
0.902822 -0.383544 -0.195461 39.8634 0.396977 0.917265 0.0334877 15.5128 0.16645 -0.107821 0.980375 -99.1457
0.902957 -0.382208 -0.197431 39.5988 0.395762 0.91781 0.0329956 15.5322 0.168596 -0.107919 0.980025 -97.7812
0.902563 -0.382751 -0.198199 39.3017 0.396366 0.917554 0.0328338 15.5533 0.169294 -0.108187 0.979848 -96.3602
0.901993 -0.383729 -0.198888 39.0128 0.397163 0.917269 0.0312147 15.5814 0.170459 -0.107137 0.979789 -94.959
0.901708 -0.383585 -0.200462 38.737 0.396831 0.917476 0.0291939 15.6173 0.172725 -0.105867 0.979503 -93.5502
0.902361 -0.381155 -0.202145 38.4523 0.394575 0.918447 0.0293368 15.6434 0.17448 -0.106224 0.979183 -92.1361
0.902016 -0.380653 -0.20463 38.1721 0.394452 0.918477 0.0299946 15.6712 0.176534 -0.107766 0.978619 -90.6888
0.902177 -0.379323 -0.206371 37.8841 0.393775 0.91868 0.0326126 15.703 0.177221 -0.110676 0.978199 -89.1954
0.901628 -0.379915 -0.207688 37.5859 0.394743 0.918219 0.0338154 15.7299 0.17786 -0.112466 0.97785 -87.7488
0.901687 -0.379199 -0.208727 37.2644 0.394639 0.918162 0.0365392 15.7685 0.177792 -0.115308 0.97756 -86.2455
0.901933 -0.37761 -0.210553 36.9449 0.394133 0.918168 0.041458 15.8143 0.177671 -0.120372 0.976944 -84.7539
0.90216 -0.37624 -0.212014 36.6106 0.393897 0.918017 0.0467691 15.8531 0.177039 -0.125695 0.976415 -83.233
0.902309 -0.374645 -0.214207 36.297 0.392982 0.918284 0.0490998 15.9024 0.178311 -0.128476 0.975794 -81.733
0.902438 -0.37315 -0.216257 35.9762 0.391906 0.9187 0.0499873 15.9559 0.180024 -0.129852 0.975326 -80.2176
0.90208 -0.37326 -0.217564 35.6598 0.392182 0.918581 0.0499439 16.0085 0.181211 -0.130371 0.975009 -78.7376
0.901643 -0.373908 -0.218252 35.3482 0.392388 0.918653 0.0469833 16.0675 0.182933 -0.127991 0.975031 -77.2468
0.901377 -0.375003 -0.217479 35.0262 0.392917 0.91855 0.0444331 16.1189 0.183107 -0.125496 0.975295 -75.7477
0.901298 -0.375023 -0.217763 34.7084 0.393034 0.918489 0.0447161 16.1613 0.183246 -0.12588 0.975246 -74.2544
0.901631 -0.374381 -0.217501 34.3779 0.392781 0.918478 0.0470745 16.2058 0.182149 -0.127867 0.975167 -72.7716
0.901208 -0.375957 -0.216525 34.0474 0.394319 0.917806 0.0473835 16.2459 0.180917 -0.128072 0.975394 -71.2859
0.901138 -0.376302 -0.216227 33.7285 0.394322 0.917884 0.0457517 16.2938 0.181258 -0.126485 0.975514 -69.7783
0.900803 -0.376775 -0.21679 33.4132 0.39486 0.917662 0.0456256 16.3428 0.181752 -0.126691 0.975419 -68.2846
0.900623 -0.377254 -0.216715 33.0845 0.395586 0.917278 0.046989 16.3883 0.181064 -0.128042 0.975348 -66.7901
0.900457 -0.376743 -0.218283 32.7723 0.395702 0.917113 0.049245 16.4376 0.181639 -0.130708 0.974911 -65.3126
0.900269 -0.376573 -0.219358 32.4538 0.395889 0.916966 0.0504088 16.4854 0.182164 -0.132216 0.974587 -63.836
0.900155 -0.376634 -0.219711 32.1227 0.395797 0.917069 0.0492981 16.5332 0.182925 -0.131326 0.974588 -62.3224
0.899923 -0.377118 -0.219839 31.8081 0.395375 0.917499 0.0443878 16.5819 0.184966 -0.126857 0.974772 -60.864
0.900682 -0.3748 -0.220687 31.474 0.392521 0.918875 0.0412058 16.6344 0.187343 -0.123727 0.974743 -59.3688
0.900444 -0.374665 -0.221893 31.1328 0.392619 0.918811 0.0416504 16.672 0.188275 -0.124616 0.974429 -57.8825
0.900302 -0.373953 -0.223659 30.8072 0.392206 0.918973 0.0420416 16.7068 0.189818 -0.12556 0.974032 -56.4149
0.898937 -0.377026 -0.223996 30.4797 0.394944 0.917896 0.0397981 16.7391 0.190603 -0.124234 0.974025 -54.9437
0.898191 -0.377307 -0.226494 30.1487 0.395699 0.917544 0.0404879 16.7672 0.192543 -0.125979 0.973443 -53.4566
0.89727 -0.377656 -0.229558 29.8363 0.396745 0.917026 0.0419198 16.8045 0.194682 -0.128682 0.972642 -52.0114
0.897172 -0.377011 -0.230987 29.5114 0.395996 0.917416 0.0404845 16.8319 0.196649 -0.12778 0.972391 -50.5706
0.897109 -0.377521 -0.230404 29.1511 0.39585 0.9176 0.0375975 16.8624 0.197228 -0.124926 0.972619 -49.0245
0.896899 -0.377639 -0.231018 28.787 0.396351 0.917326 0.0390486 16.8624 0.197174 -0.126576 0.972441 -47.5796
0.896521 -0.376259 -0.234727 28.4438 0.396239 0.917197 0.0429786 16.8954 0.199122 -0.131531 0.971363 -46.1101
0.896713 -0.375191 -0.235686 28.1022 0.395174 0.917682 0.0424403 16.9265 0.200363 -0.131183 0.971177 -44.659
0.896734 -0.374736 -0.236346 27.7555 0.39456 0.917996 0.0413096 16.9561 0.201487 -0.130288 0.971044 -43.2255
0.89673 -0.374296 -0.23704 27.4038 0.394118 0.918207 0.0408688 16.9855 0.202357 -0.130059 0.970914 -41.7576
0.89679 -0.373136 -0.238655 27.0709 0.393075 0.918668 0.0405247 17.0219 0.204126 -0.130142 0.970513 -40.3143
0.896863 -0.372911 -0.238717 26.7165 0.3927 0.918864 0.0397711 17.0513 0.204519 -0.129402 0.97055 -38.872
0.896506 -0.37356 -0.239059 26.3762 0.393147 0.918723 0.0385449 17.0866 0.205232 -0.128532 0.970494 -37.4429
0.896003 -0.37412 -0.240053 26.0425 0.393689 0.918526 0.0377334 17.128 0.20638 -0.128304 0.970303 -36.0228
0.895389 -0.374674 -0.241494 25.7183 0.394406 0.918225 0.0375346 17.1624 0.207686 -0.128845 0.969932 -34.5988
0.895261 -0.374946 -0.24153 25.3705 0.394652 0.918129 0.0373379 17.2005 0.207758 -0.128736 0.969952 -33.1458
0.895413 -0.374664 -0.241425 25.0236 0.394749 0.918007 0.0392328 17.2277 0.206933 -0.130422 0.969883 -31.7224
0.895751 -0.374573 -0.240288 24.6768 0.394484 0.918126 0.039134 17.2593 0.205958 -0.129832 0.97019 -30.3106
0.896072 -0.374313 -0.239514 24.3349 0.393735 0.918518 0.0373831 17.2976 0.206008 -0.127793 0.97043 -28.8981
0.896497 -0.374359 -0.237828 23.9888 0.393395 0.918698 0.0365995 17.3123 0.204792 -0.12636 0.970896 -27.4841
0.89728 -0.372619 -0.237627 23.6442 0.391624 0.919443 0.0368118 17.338 0.20477 -0.126081 0.970916 -26.0503
0.897912 -0.370089 -0.239174 23.3206 0.389582 0.920249 0.038408 17.3701 0.205887 -0.127652 0.970497 -24.6508
0.898251 -0.36886 -0.239807 22.9821 0.388851 0.920462 0.0405105 17.3884 0.205794 -0.129628 0.970232 -23.2393
0.898307 -0.368599 -0.239991 22.6506 0.388527 0.920622 0.040103 17.4331 0.206161 -0.129255 0.970228 -21.8207
0.899016 -0.368547 -0.237409 22.2878 0.387823 0.920973 0.0387051 17.4689 0.204386 -0.126859 0.970895 -20.402
0.898548 -0.370828 -0.235615 21.9534 0.389372 0.920433 0.036054 17.5009 0.2035 -0.124126 0.971459 -19.0097
0.899073 -0.369854 -0.235152 21.6138 0.388502 0.920759 0.0369839 17.5406 0.202842 -0.124598 0.971512 -17.5664
0.899479 -0.369452 -0.234221 21.2871 0.388445 0.920694 0.0392568 17.5572 0.201144 -0.12628 0.971671 -16.2287
0.90025 -0.370147 -0.230129 20.9307 0.388057 0.920965 0.0365388 17.5635 0.198418 -0.122187 0.972732 -14.8143
0.901085 -0.36963 -0.227677 20.6061 0.386258 0.921902 0.0317906 17.5919 0.198147 -0.116576 0.973496 -13.4217
0.901442 -0.369158 -0.227034 20.2958 0.385258 0.922387 0.0296625 17.6118 0.198465 -0.114195 0.973695 -12.0416
0.901342 -0.369991 -0.226067 19.9754 0.385835 0.922176 0.0288479 17.6273 0.197802 -0.113215 0.973964 -10.6524
0.901199 -0.370736 -0.225425 19.6547 0.386588 0.921845 0.029208 17.64 0.19698 -0.113458 0.974084 -9.26742
0.900775 -0.371508 -0.225839 19.3347 0.38769 0.921346 0.0304803 17.658 0.196754 -0.114999 0.973967 -7.90721
0.900672 -0.37166 -0.226009 19.0112 0.388248 0.92104 0.0324027 17.6762 0.196122 -0.116921 0.973848 -6.5107
0.900217 -0.372847 -0.225859 18.6861 0.389506 0.920504 0.0326826 17.6881 0.19572 -0.117382 0.973891 -5.11829
0.899947 -0.373531 -0.22581 18.3648 0.38991 0.920376 0.0312772 17.6985 0.196149 -0.116183 0.97393 -3.71825
0.899797 -0.373422 -0.22658 18.0513 0.389851 0.920413 0.0310338 17.6955 0.196961 -0.116244 0.973777 -2.34435
0.900044 -0.371085 -0.229428 17.7507 0.388192 0.921044 0.0329401 17.6936 0.199091 -0.118699 0.973029 -0.99091
0.899631 -0.370796 -0.231498 17.4378 0.388214 0.921029 0.0331869 17.7017 0.200913 -0.119714 0.97255 0.372979
0.89957 -0.369742 -0.233423 17.1116 0.387383 0.921373 0.0332411 17.725 0.202781 -0.120316 0.972067 1.73333
0.898853 -0.369821 -0.236038 16.8032 0.38774 0.921238 0.0329463 17.7494 0.205264 -0.121123 0.971468 3.07945
0.898223 -0.370797 -0.236909 16.4822 0.38821 0.921139 0.0299538 17.7818 0.207122 -0.118866 0.971332 4.42052
0.897836 -0.371858 -0.236707 16.151 0.388777 0.920977 0.0275991 17.8054 0.207741 -0.116793 0.971473 5.77765
0.898013 -0.371941 -0.235912 15.7982 0.388513 0.921119 0.0264543 17.8213 0.207466 -0.115401 0.971677 7.17978
0.89833 -0.370913 -0.236317 15.471 0.387504 0.92155 0.0264059 17.8401 0.207985 -0.115283 0.9716 8.5183
0.898479 -0.370325 -0.236682 15.1538 0.387024 0.921736 0.0268061 17.8518 0.208233 -0.115676 0.971481 9.82589
0.898717 -0.369877 -0.236468 14.8136 0.386314 0.922068 0.0257263 17.8622 0.208525 -0.114459 0.971582 11.208
0.898951 -0.369168 -0.236697 14.4824 0.385715 0.922302 0.0262308 17.8683 0.208624 -0.114868 0.971493 12.5582
0.898543 -0.369815 -0.237224 14.1589 0.386396 0.922027 0.0259751 17.8767 0.209122 -0.11499 0.971391 13.905
0.898471 -0.369533 -0.23795 13.8314 0.386175 0.922118 0.0259155 17.8875 0.209843 -0.115164 0.971197 15.2566
0.897866 -0.37023 -0.239134 13.5144 0.386711 0.921939 0.0243955 17.9026 0.211436 -0.114367 0.970964 16.6016
0.8978 -0.369872 -0.239952 13.1973 0.386255 0.922149 0.0235695 17.9192 0.212555 -0.113833 0.970766 17.9264
