3998 1.21214 0.00167452
3675 1.24782 0.00163611
80 0.0313839 0.0017187
7190 3.17727 0.00168471
1734 0.87837 0.00168757
2392 1.35512 0.0017349
1464 0.840037 0.00167293
87 0.0621212 0.00189278
2438 1.8666 0.00173723
846 0.663273 0.00161045
105 0.0909234 0.00159502
5101 5.1646 0.00182775
83 0.0905773 0.00187087
666 0.709863 0.00165874
2832 3.32591 0.00175279
100 0.11371 0.00166454
3806 4.73769 0.00176114
215 0.262014 0.00164824
90 0.0954779 0.00141864
285 0.370099 0.00165801
52 0.0631243 0.00155807
106 0.135894 0.00186162
74 0.09367 0.00191501
52 0.0544026 0.00159527
91 0.0859231 0.00166866
33 0.0303325 0.00191211
306 0.197553 0.00154471
132 0.0807481 0.00158548
10519 6.38348 0.00165973
93 0.0545103 0.00174002
569 0.272046 0.00155951
93 0.0464023 0.00168369
4551 2.19572 0.00171975
13698 5.93906 0.00166642
92 0.0343176 0.0014741
183 0.072743 0.00164183
112 0.0352722 0.00141555
138 0.0490038 0.0017147
49 0.013228 0.00137941
107 0.0273037 0.00137166
205 0.0588209 0.00162248
13605 3.82666 0.00167522
15656 4.43272 0.00169603
140 0.0373542 0.00160807
128 0.0274126 0.00137364
12026 2.73909 0.00163625
78 0.0136851 0.00136898
96 0.0182281 0.00151801
605 0.134334 0.00180782
14613 2.7554 0.00163287
14378 2.60597 0.0016252
829 0.159869 0.00178723
156 0.0239781 0.00156316
115 0.0147661 0.00142334
13872 1.88175 0.0015994
27292 3.35053 0.00156785
805 0.0957697 0.00170419
919 0.0967857 0.00153861
143 0.0155776 0.00156862
1631 0.174466 0.00165338
2835 0.273465 0.00156504
496 0.051833 0.00171913
8141 0.721066 0.00151521
65339 6.20866 0.00155977
37521 3.56054 0.00153466
19754 1.77062 0.0015359
217 0.0174849 0.00146887
63513 5.16455 0.00154779
10752 0.870719 0.00154356
6707 0.518277 0.00155218
6668 0.48038 0.00156506
2812 0.185161 0.00154587
15916 0.963045 0.00153774
7387 0.429998 0.00155048
2318 0.132625 0.00152487
3894 0.229496 0.00157498
79164 4.33472 0.00148541
6035 0.359227 0.00156611
2025 0.121344 0.00161425
120 0.00605246 0.0014631
44535 2.33756 0.00151692
5277 0.271667 0.0015618
17414 0.83134 0.00154779
3547 0.16319 0.00154443
7406 0.335294 0.00157275
135 0.00581847 0.00150157
2146 0.104044 0.00160707
2597 0.129764 0.00159194
4188 0.198791 0.00158573
58895 2.61804 0.00154425
8940 0.394778 0.00156787
55293 2.30482 0.00153424
57089 2.33527 0.00151985
76783 3.03444 0.0015068
6553 0.25656 0.00155978
17669 0.67236 0.00151965
823 0.0332141 0.00157717
62867 2.42365 0.00151405
95449 3.78151 0.00151713
19659 0.857824 0.0015445
44410 2.1064 0.00152849
8864 0.484306 0.00159516
827 0.0501063 0.00164455
279 0.0166217 0.0014954
10904 0.77095 0.00160387
1157 0.0962341 0.00152648
3048 0.310969 0.00155913
116 0.0118911 0.00141649
11378 1.56695 0.00159997
93 0.0142554 0.0015439
14300 2.70959 0.00163695
832 0.14405 0.00152516
251 0.0399957 0.00161888
5974 0.898313 0.0016668
2599 0.328669 0.00156847
1624 0.187496 0.00157179
22608 2.26053 0.00161918
6930 0.585472 0.00159058
41329 3.25435 0.00158167
4157 0.306082 0.00158108
1013 0.0710355 0.00154441
2532 0.180476 0.00157216
43359 2.97253 0.00156094
1159 0.0744464 0.00152982
1948 0.125744 0.00160582
27830 1.70226 0.00156421
194 0.0107728 0.00148736
36607 1.95289 0.0015515
22795 1.14416 0.00155483
48091 2.23843 0.00157724
16561 0.688141 0.0015524
77352 3.15594 0.00157644
3565 0.135387 0.00150284
20466 0.821359 0.00156624
3181 0.129806 0.00150055
1434 0.0635109 0.00158566
44241 1.9593 0.0015681
68635 3.05434 0.00155249
114 0.00464387 0.00139497
1248 0.0566628 0.00147721
790 0.0391372 0.00156608
32475 1.5227 0.00155451
14224 0.64393 0.00156201
43340 1.96476 0.00157857
35589 1.63188 0.00158336
117 0.00520488 0.001476
7989 0.428006 0.00160918
34625 2.03601 0.00155832
208 0.0125657 0.00147779
4435 0.301811 0.00161299
118 0.00803949 0.00151572
110 0.00808415 0.00153488
72 0.00559118 0.00152567
61 0.00509215 0.00154207
14656 1.33501 0.00158055
116 0.011544 0.00158247
691 0.0728265 0.00150662
1142 0.158076 0.00165608
229 0.0336452 0.00151429
101 0.0152914 0.00143684
2038 0.401279 0.00164402
126 0.0288396 0.00161127
91 0.02207 0.00151436
1977 0.56876 0.0016552
82 0.0221832 0.00151119
1294 0.395285 0.00163691
79 0.0207842 0.00134733
110 0.0325461 0.00155945
2734 0.761615 0.00161151
3415 0.886067 0.00161192
15721 4.61761 0.00168529
44 0.0123776 0.0014455
13184 4.37512 0.00168143
2867 0.808274 0.00160462
626 0.147312 0.00142812
19014 5.31872 0.00168815
148 0.0342923 0.00141687
17867 4.92859 0.00171853
6822 1.76031 0.00165552
17985 4.89929 0.00173265
2885 0.68457 0.0016183
115 0.0220895 0.00146098
3722 0.733042 0.00158784
103 0.0153945 0.00127431
135 0.0203356 0.00137133
82 0.0116746 0.00147109
1377 0.180894 0.00156474
117 0.0124531 0.00139831
99 0.00879189 0.00136236
26267 2.42496 0.00158492
48406 4.22858 0.00156824
19871 1.53438 0.00152875
14183 0.969208 0.00154188
37034 2.26771 0.00154318
50343 3.08001 0.00154719
17234 1.14313 0.00152597
41766 3.01959 0.00152874
213 0.0153944 0.00142592
264 0.0215579 0.00151704
89 0.00729296 0.00144485
147 0.014136 0.00163427
78 0.00700038 0.00149246
85 0.00849178 0.0015986
3181 0.310396 0.0015267
213 0.0197252 0.00143461
137 0.0131063 0.00156358
275 0.0224844 0.00148666
4418 0.316161 0.00147743
3967 0.247429 0.00148924
19561 1.12834 0.00150936
6226 0.351403 0.00152324
281 0.0142902 0.00136719
549 0.0312211 0.0015168
5117 0.286394 0.00148588
14806 0.845067 0.00153234
200 0.01036 0.00136237
19192 1.15054 0.00149857
27789 1.85054 0.00156709
81 0.00568086 0.00142232
34864 3.30686 0.00159509
6749 0.767363 0.00155746
4246 0.602412 0.001593
556 0.0856608 0.00156254
122 0.017223 0.00135203
1850 0.298607 0.00158378
1931 0.301599 0.00159029
5913 1.02828 0.00162525
119 0.0194309 0.00144026
1062 0.172698 0.00157677
4134 0.624243 0.00159447
1937 0.271989 0.00152383
72 0.0091998 0.00135852
37850 5.86798 0.00162855
136 0.0174331 0.00142506
30808 4.33355 0.00164497
111 0.0126742 0.00140967
96 0.0109713 0.00143862
1524 0.181375 0.00142624
97 0.0122183 0.00141296
901 0.122403 0.00145921
113 0.0180913 0.00155274
3796 0.670616 0.00151187
55 0.0102966 0.00148516
5918 1.36079 0.00157528
148 0.0350705 0.00140463
122 0.032944 0.00132774
122 0.037052 0.00139042
118 0.034809 0.00146762
26260 8.5344 0.00165315
21593 6.76221 0.00158156
14655 4.53732 0.00161365
103 0.0312762 0.00157474
443 0.124392 0.00140422
150 0.0423603 0.0013847
3971 1.35479 0.0014915
3005 1.21429 0.00155565
99 0.0378575 0.00131132
173 0.0751282 0.00138276
134 0.0571132 0.00148065
2091 0.789886 0.00150464
9466 3.60334 0.00161493
13236 5.27298 0.00163005
107 0.0397132 0.00142798
67 0.0251283 0.00134254
783 0.348455 0.00143284
757 0.358342 0.00146374
117 0.0663752 0.00153036
56 0.0395578 0.00170691
106 0.0642788 0.00136098
156 0.10707 0.00139266
1208 0.984301 0.00165104
1535 1.20902 0.00164449
61 0.046887 0.00173698
68 0.043088 0.00143978
98 0.0736465 0.00157875
101 0.0707644 0.00137847
91 0.0763846 0.00140731
103 0.11449 0.00162863
4596 5.96563 0.001838
128 0.128582 0.00143313
108 0.1002 0.00141327
511 0.496628 0.00155153
140 0.130129 0.00143915
49 0.0437316 0.00135019
163 0.164012 0.0015459
66 0.0586147 0.00137216
246 0.225878 0.00146093
416 0.430851 0.00156045
122 0.117494 0.00138635
77 0.0653933 0.00147679
415 0.328937 0.00145386
245 0.231061 0.00144785
2565 2.92978 0.00168007
57 0.0469878 0.00125935
160 0.157309 0.00139741
45 0.0493769 0.00144609
64 0.0611393 0.00136419
726 0.650152 0.00148509
1281 1.14213 0.00162701
2022 1.90653 0.00171804
94 0.0745138 0.00142118
1758 1.70171 0.00170412
999 0.905898 0.00161655
250 0.188343 0.00146643
55 0.0499234 0.00161668
87 0.0846622 0.00152294
271 0.225403 0.00140694
1555 1.35554 0.00170876
231 0.159769 0.00146723
1930 1.4634 0.00165504
1522 1.05859 0.00158881
8895 7.80646 0.0018102
54 0.0428584 0.00142185
96 0.0778285 0.0014373
55 0.0472099 0.00147479
1272 1.30018 0.00168781
1204 1.24059 0.00165514
244 0.214345 0.00144518
170 0.143396 0.00139432
190 0.17596 0.0013596
89 0.0929806 0.00148864
161 0.156113 0.00149649
251 0.206778 0.00134328
49 0.0444166 0.00139151
114 0.117388 0.00146431
84 0.0786767 0.00145281
48 0.0401904 0.00138569
108 0.0850663 0.00137081
145 0.11839 0.00140984
133 0.126204 0.00141883
1079 1.27125 0.00168923
103 0.110566 0.00149871
979 1.26377 0.00168192
466 0.581936 0.00158185
100 0.119141 0.00153716
950 1.18395 0.00175595
66 0.0696812 0.0014682
58 0.0651999 0.00149035
106 0.109087 0.00150945
147 0.130694 0.00143948
223 0.212781 0.0015093
630 0.662978 0.00160245
85 0.0842226 0.00150268
454 0.561237 0.00165519
129 0.156465 0.00152324
75 0.0762755 0.00139407
277 0.288536 0.00151483
93 0.0874152 0.00135892
93 0.0923925 0.00129019
83 0.101236 0.00153325
104 0.116933 0.0014108
244 0.282649 0.0014991
86 0.0922532 0.0014606
74 0.0922685 0.0015988
125 0.151894 0.00154187
62 0.0945812 0.00163707
66 0.096314 0.00146282
557 0.768857 0.00157296
41 0.0633026 0.00170148
130 0.18935 0.00157668
91 0.132754 0.00152694
360 0.56347 0.00148735
103 0.177941 0.00151779
56 0.109326 0.00157345
59 0.126724 0.00157099
45 0.0862026 0.00139153
89 0.177996 0.00152596
35 0.0616245 0.00148068
51 0.0764022 0.00140364
186 0.274493 0.00141586
645 0.931145 0.00158939
209 0.208418 0.00147875
2137 2.05178 0.0016729
157 0.138287 0.00151616
156 0.118785 0.00135252
113 0.0934673 0.00145013
225 0.205943 0.00141208
179 0.189958 0.00147487
339 0.390806 0.00157804
500 0.571801 0.00159773
59 0.0664335 0.00149427
105 0.132436 0.00150038
143 0.187221 0.00144179
131 0.182845 0.0014634
86 0.138065 0.00161977
57 0.0779636 0.00135005
226 0.331072 0.00150981
92 0.132291 0.00150594
772 1.35832 0.00176116
94 0.138423 0.00145204
64 0.0871997 0.0014854
76 0.0822859 0.00132198
82 0.108552 0.00149869
58 0.0856686 0.00152919
503 0.954517 0.00170436
879 2.16104 0.00186037
147 0.320546 0.0015642
286 0.583566 0.00154916
47 0.071647 0.00128029
76 0.117339 0.00134249
31 0.0517307 0.0014604
118 0.192512 0.00147649
216 0.34147 0.00151505
166 0.251342 0.0014376
70 0.112806 0.00143096
93 0.165322 0.00158835
66 0.125242 0.0016258
205 0.384344 0.00159633
449 0.800415 0.00164119
118 0.201999 0.00149728
240 0.458503 0.00159248
48 0.0811201 0.0014828
118 0.18667 0.00141536
48 0.0875705 0.00155753
161 0.265462 0.00139102
48 0.0790991 0.00154487
168 0.229749 0.00142698
79 0.0958865 0.00139824
113 0.137291 0.00149122
3254 5.78647 0.00186248
151 0.241487 0.00155524
92 0.125902 0.0014764
1005 1.39452 0.00161373
101 0.128689 0.00144703
42 0.057075 0.00153624
966 1.45835 0.00167877
42 0.0670771 0.00163544
332 0.473372 0.00152002
59 0.0824137 0.00160814
35 0.0437167 0.00141503
126 0.174386 0.00164771
64 0.0738939 0.00147688
89 0.125036 0.00167366
136 0.177664 0.00147611
58 0.0824371 0.00156352
236 0.315941 0.00146852
127 0.17229 0.00155459
805 1.08853 0.00164558
477 0.650781 0.00166958
69 0.0893759 0.00145477
46 0.0683559 0.00151779
190 0.313939 0.00146817
71 0.12578 0.00141895
269 0.515185 0.00151021
1493 3.28312 0.00174183
165 0.325958 0.00146094
1539 4.35889 0.00185243
165 0.382679 0.00159
793 1.899 0.00166047
315 0.800777 0.00158238
330 0.85711 0.00149703
87 0.222024 0.00145396
79 0.185295 0.00141237
124 0.325661 0.00149951
1194 4.39015 0.00190016
99 0.276049 0.0014981
351 0.902503 0.00163776
131 0.302623 0.00151784
441 1.09374 0.00159257
285 0.640967 0.00151774
77 0.168799 0.00153908
81 0.181096 0.0015202
892 2.45645 0.00176908
412 1.0161 0.00151689
96 0.262449 0.00163128
99 0.248013 0.00155542
59 0.152135 0.00150451
326 0.937862 0.00155626
336 1.02774 0.00161176
33 0.0973234 0.0015814
293 0.983707 0.00160108
207 0.745519 0.00159174
72 0.248303 0.00165858
168 0.512611 0.00155601
23 0.0665044 0.00166233
736 1.82181 0.00162937
1797 4.31134 0.00177795
76 0.167546 0.00159118
79 0.175427 0.00143646
198 0.468304 0.00153555
41 0.102872 0.00169944
140 0.320049 0.0015334
276 0.696457 0.00161003
1181 3.39425 0.00182927
65 0.143616 0.00137924
104 0.264684 0.00152252
190 0.496626 0.00155958
60 0.144955 0.00149864
560 1.6452 0.00172925
280 0.758199 0.00151938
572 1.6557 0.00180362
1186 3.71455 0.00186593
678 2.14856 0.00179168
122 0.309129 0.00143452
43 0.118909 0.00152043
132 0.360524 0.00147741
157 0.440562 0.00149334
50 0.112731 0.00150226
41 0.0809188 0.00168845
785 1.39986 0.00165578
103 0.141331 0.00143739
187 0.257148 0.00147246
97 0.12095 0.00135919
339 0.459399 0.00147719
340 0.493097 0.00142941
45 0.0641279 0.00140178
1571 2.75299 0.00180001
110 0.143566 0.00148369
711 0.930654 0.00164046
789 0.99769 0.00162439
33 0.038149 0.00150496
82 0.099806 0.00155001
123 0.120405 0.00137413
44 0.0388871 0.00141076
87 0.0734774 0.00148835
201 0.152601 0.00149194
155 0.106497 0.00142552
2611 2.17002 0.00164443
115 0.0884219 0.00138141
124 0.107355 0.00141115
66 0.071267 0.00149794
184 0.21286 0.00150321
177 0.195366 0.00151703
2251 2.56427 0.00172036
67 0.060343 0.00148576
5062 5.54487 0.00176998
53 0.0561306 0.00162447
1383 1.63123 0.00169702
154 0.174008 0.00144668
1304 1.67965 0.00165059
94 0.105547 0.00141136
60 0.071715 0.0014869
65 0.061875 0.0013325
68 0.0602706 0.00148689
1545 1.21806 0.00157881
101 0.0680719 0.00141899
262 0.172775 0.00143537
3036 2.21118 0.00163108
72 0.0410185 0.00140199
10393 6.34961 0.0016844
92 0.0443699 0.00144444
12937 6.03157 0.00160964
1403 0.593819 0.00157002
8988 3.97093 0.00164478
3475 1.62134 0.00165919
13452 7.03496 0.00170436
10225 5.91575 0.00169739
1289 0.758037 0.00159426
87 0.0439281 0.00132736
164 0.0971876 0.00144307
96 0.0604194 0.00137368
75 0.058785 0.00162864
111 0.0831164 0.00151579
111 0.0757038 0.00149121
49 0.0337413 0.00174577
4213 2.338 0.00161293
199 0.0838373 0.0014118
3988 1.67952 0.00156636
6211 2.47923 0.00158789
190 0.0698364 0.00138133
83 0.0333835 0.00139738
136 0.0519794 0.00139355
3485 1.48519 0.00150004
51 0.0243593 0.00150651
501 0.249445 0.00143837
134 0.07279 0.00150271
61 0.02972 0.00140142
3558 1.86724 0.0015987
94 0.0383219 0.00141077
90 0.0389189 0.00151479
106 0.0484135 0.00153939
64 0.0225509 0.00133941
83 0.0269998 0.00130514
41 0.0154889 0.00137796
99 0.0402202 0.00136015
70 0.027983 0.00149082
84 0.0273279 0.00137581
335 0.120007 0.00144331
6243 2.77951 0.00167684
45 0.0186587 0.00150947
1363 0.525089 0.00151793
74 0.0288148 0.00144184
218 0.0931662 0.00148433
163 0.0711878 0.00137989
171 0.0986731 0.00142859
69 0.0404047 0.00142486
62 0.0346385 0.00142933
81 0.0405345 0.00134254
2948 1.30568 0.0015227
135 0.0343351 0.00132356
284 0.0537723 0.00140182
48635 9.45177 0.00161744
159 0.0263118 0.00135879
58350 11.9121 0.00166691
1811 0.30708 0.00142795
147 0.0216962 0.00137002
89 0.0128694 0.00145428
409 0.0569879 0.00148575
205 0.0241714 0.00130552
42375 5.6029 0.00156391
78 0.00857219 0.00139282
7497 0.882023 0.00150238
160 0.018432 0.00142408
114 0.0128834 0.00139547
3627 0.425619 0.00150145
73 0.00679774 0.00128775
9377 0.890932 0.00151076
112 0.00911848 0.00131933
14875 1.52826 0.00154674
22530 2.41782 0.00158855
58905 6.37747 0.00163324
1872 0.187006 0.00145172
58 0.00571174 0.00137085
49920 5.71511 0.00162144
36907 4.31433 0.00160413
5734 0.618736 0.0015143
1123 0.104065 0.00141375
2132 0.201141 0.0014538
3162 0.32494 0.00154083
218 0.0213514 0.00137228
162 0.0170481 0.00138077
12140 1.57942 0.00159893
80 0.00950837 0.00144481
7943 0.987002 0.00158579
26409 3.25716 0.00161709
2407 0.26862 0.00154566
15067 1.56997 0.00159784
4066 0.395124 0.00157825
10019 0.944514 0.00156641
22031 2.09867 0.00159303
26383 2.48154 0.00158744
148 0.0123886 0.0013887
1595 0.146273 0.00151777
43222 3.94231 0.0016057
91 0.0069255 0.00141692
53503 4.46961 0.00162098
6869 0.488348 0.00148102
5003 0.320321 0.00145475
31683 1.93638 0.00149623
140 0.00758824 0.00141444
3328 0.175105 0.00147393
107003 5.85488 0.00159064
224 0.0103537 0.00131976
21371 1.07624 0.001501
866 0.038557 0.00138256
9363 0.461635 0.00144881
19422 1.07938 0.00150307
31573 1.81712 0.0015087
4870 0.277038 0.00144824
28115 1.57117 0.00148901
13766 0.740334 0.0014502
68501 4.02591 0.0015516
2669 0.127369 0.00138973
53436 2.57727 0.00148992
18767 0.91515 0.00145251
39090 2.07577 0.00149398
185 0.0091201 0.00139754
1753 0.0886702 0.00145227
169 0.00843779 0.00142447
53187 2.76129 0.00153672
14866 0.713526 0.0014802
144 0.00653595 0.00136622
954 0.0477889 0.00141625
70698 3.811 0.00157249
37518 1.88421 0.00151351
94824 5.30422 0.00161133
33263 1.74663 0.00154015
64760 3.39418 0.00159497
51352 2.72366 0.00158255
66627 3.51225 0.0015826
28455 1.49351 0.00153507
32641 1.74957 0.00155008
61711 3.01686 0.00155506
26369 1.19402 0.00150667
48547 2.20104 0.00152182
51731 2.30317 0.00154035
47796 2.28813 0.00156417
5188 0.255478 0.00149448
24042 1.23302 0.00152384
6563 0.338614 0.00151818
8181 0.419309 0.00149257
45499 2.6642 0.00155663
7289 0.490187 0.00155881
50018 3.84608 0.0016018
7445 0.553389 0.001559
10766 0.777161 0.00157828
1121 0.0751979 0.00147226
4472 0.307155 0.00157984
49741 3.33402 0.00160175
7416 0.470956 0.00155158
46854 3.16304 0.00164032
3741 0.24127 0.0015154
2318 0.161871 0.0014863
24900 2.05019 0.00162314
6603 0.511686 0.00154422
1894 0.144581 0.00151639
5078 0.423778 0.00158475
11874 0.958099 0.00154535
702 0.0524207 0.00147531
82 0.00653016 0.00151646
3435 0.313899 0.0015247
27759 3.00597 0.00158123
959 0.0992451 0.00143527
1463 0.17698 0.00158672
4219 0.511176 0.00157059
12488 1.55627 0.00163669
28388 3.54024 0.00165049
5132 0.594385 0.00161158
6595 0.720258 0.00162858
767 0.0727319 0.00142483
22036 2.42257 0.00164681
8471 0.844486 0.00164905
12013 1.09014 0.00166178
9816 0.835144 0.00163193
17730 1.40711 0.00162052
43357 3.34491 0.00160938
18917 1.35321 0.0016145
3441 0.208919 0.00159432
2999 0.159523 0.00154799
38570 1.9235 0.0015669
12175 0.577743 0.00157472
45378 2.08287 0.00155208
36043 1.7052 0.00156763
7443 0.383687 0.00159684
1054 0.0545548 0.00144331
5293 0.324253 0.0016421
215 0.01142 0.00135981
28181 1.92306 0.00161296
26880 1.8887 0.00161617
192 0.0125352 0.00148797
1408 0.0924007 0.00145905
40337 3.15394 0.00166259
31296 2.42786 0.0016255
1979 0.155536 0.00161574
3720 0.294547 0.00158491
135 0.00951655 0.00140126
1953 0.146066 0.00156282
2147 0.149844 0.00153154
9246 0.669002 0.00157834
20615 1.43388 0.00156958
1790 0.114198 0.00150189
16972 1.10171 0.00157688
65925 4.28099 0.00160756
6913 0.41697 0.00152314
20979 1.28204 0.00155965
13022 0.851321 0.00159005
8631 0.590201 0.00157207
4721 0.324397 0.00157872
52770 3.86778 0.00161408
83 0.00602435 0.00148745
24801 2.11789 0.00161692
11266 1.02028 0.00162987
4081 0.366806 0.00162378
1326 0.112947 0.001546
91 0.00662834 0.0013471
7589 0.677255 0.00162284
238 0.0186627 0.00144088
35525 2.94874 0.00163592
6572 0.4929 0.00160168
6800 0.488815 0.00160044
26091 1.8686 0.00164128
6884 0.516458 0.00161679
37358 3.07568 0.00165744
45435 3.71613 0.00165138
6249 0.475431 0.00157243
16801 1.31562 0.00163293
3754 0.298218 0.00157076
24155 2.13473 0.0016733
8236 0.719776 0.00160121
29931 2.75683 0.0016856
2423 0.206103 0.00155301
18055 1.61285 0.00164193
3643 0.316592 0.00157022
7876 0.739745 0.00160152
5726 0.528879 0.00157719
6114 0.553503 0.0015712
13607 1.29772 0.00159456
40060 4.25495 0.00166264
146 0.0145485 0.0013954
2114 0.250296 0.00146885
14369 2.0634 0.00163841
6679 1.05499 0.00162971
13977 2.51412 0.00164834
3918 0.714904 0.00159701
26381 5.1634 0.00164893
100 0.0166777 0.00142912
11937 2.26957 0.00161252
3064 0.636986 0.00155014
18034 4.50769 0.00160949
471 0.128406 0.00140081
2522 0.944888 0.00160504
195 0.0734149 0.00154152
3352 1.40833 0.00161704
2505 1.07995 0.00156858
14531 6.64448 0.00167512
133 0.0551268 0.00136658
1730 0.919876 0.0016263
700 0.307287 0.00144755
30910 14.1566 0.00162202
47087 20.3381 0.00166024
489 0.143763 0.00133039
3399 0.875168 0.00133917
781 0.193566 0.00138698
124 0.0332511 0.00140249
814 0.312672 0.00159769
990 0.49638 0.00176095
1174 0.627796 0.00168686
1219 0.77213 0.00186299
827 0.492167 0.00179515
1192 0.737849 0.00187701
949 0.650466 0.00210198
1282 0.734731 0.00180255
1063 0.635072 0.00186219
1132 0.690688 0.00184465
1297 0.827757 0.00184109
17353 9.90642 0.00154862
1171 0.852139 0.00188393
1094 0.790342 0.00182493
47937 30.4978 0.00159015
967 0.729138 0.00177651
1514 1.06865 0.00175801
10869 5.77276 0.0015044
1137 0.820953 0.00176826
64474 44.3457 0.00162134
1641 1.09042 0.00186866
38810 19.5274 0.00155656
2093 1.22671 0.0019259
85898 39.053 0.00161724
1744 0.854124 0.00181766
173219 79.7495 0.00172733
108136 45.1091 0.00163337
1858 0.822409 0.00182562
101811 37.4055 0.00159303
2021 0.785551 0.00178961
47047 14.1343 0.00152928
39559 10.6347 0.00152976
25293 5.77049 0.00150507
241101 50.6498 0.00170092
46498 7.06899 0.00152375
2259 0.341128 0.00182373
3301 0.450055 0.00176744
2399 0.323975 0.00160981
1244 0.194332 0.0015474
625 0.107873 0.00133152
94566 28.459 0.00167231
103 0.03392 0.00144003
1463 0.526908 0.00151489
191 0.061774 0.00142737
14525 5.01352 0.00162997
17729 5.18517 0.00162222
1932 0.431826 0.00154297
14254 2.77376 0.00159022
72 0.0115665 0.0014713
27451 4.20491 0.00163254
41118 5.45276 0.00163512
96 0.0114237 0.00155405
1342 0.147824 0.00150049
14197 1.55034 0.00158204
1291 0.120672 0.00146488
11971 1.11523 0.00156602
19656 1.75525 0.0015595
13502 1.12922 0.0015398
5571 0.413799 0.00152217
323 0.0212406 0.00139795
6076 0.469198 0.00157757
5932 0.451891 0.00155763
16454 1.23388 0.00157674
36289 2.7712 0.00160565
458 0.0322451 0.00147006
16350 1.20057 0.00158567
14891 1.03145 0.00158399
25718 1.67606 0.00157975
47227 3.16196 0.00160519
35604 2.35083 0.00159061
38434 2.33202 0.00157904
13315 0.801098 0.00157884
15338 0.955086 0.00160315
16183 0.954685 0.00158867
7575 0.40395 0.00155191
56421 3.00471 0.00160043
15515 0.818843 0.00160167
17966 0.945036 0.00159049
42950 2.21358 0.00159235
12195 0.617765 0.00159153
206 0.0101891 0.00147036
161 0.00853651 0.00151476
35824 2.02992 0.00159014
11022 0.636689 0.00159518
72488 4.11209 0.00159092
52297 2.95342 0.00158682
48919 2.74367 0.00159948
53829 2.77041 0.00159687
69339 3.33032 0.00158956
30052 1.41689 0.00156831
49930 2.34759 0.00159259
16111 0.727176 0.00157063
24043 1.07604 0.00157614
79853 3.39629 0.00157426
41670 1.66999 0.00155819
39864 1.588 0.00156929
48765 1.89807 0.00157076
69731 2.69533 0.00159687
20231 0.779345 0.00159221
78379 2.94134 0.00158797
114059 3.98891 0.00159547
12896 0.419034 0.0015731
3627 0.114476 0.0015161
70452 2.30136 0.00159516
31396 0.975186 0.00156335
49375 1.58479 0.00157843
16435 0.546415 0.00157776
60626 2.0343 0.00159765
6868 0.218422 0.00157203
16177 0.517597 0.00158679
8086 0.252675 0.00155519
98410 3.00746 0.00158908
21992 0.644856 0.00158528
16195 0.460305 0.00158126
9772 0.278226 0.00157693
108579 3.13642 0.00159136
68291 1.9375 0.00159628
20973 0.594133 0.00157212
89413 2.67453 0.00160379
71810 2.21772 0.00161316
26242 0.822458 0.00158872
82161 2.5476 0.00160901
5983 0.175108 0.00154776
16893 0.510613 0.00158041
90647 2.76804 0.00161106
126841 3.90844 0.00160756
111777 3.48008 0.00162607
21579 0.668205 0.00159183
35853 1.11808 0.00158548
96812 3.0825 0.00162632
27168 0.85149 0.00157503
98185 3.21743 0.00162266
80737 2.75195 0.00160932
18655 0.639233 0.00157557
20454 0.729146 0.00155963
54396 2.21717 0.00163656
12777 0.520121 0.00158938
18455 0.760306 0.00160851
18389 0.771875 0.00161889
12560 0.54381 0.00160957
7200 0.32414 0.00158372
13917 0.624355 0.00158998
16896 0.747813 0.00158556
55740 2.70888 0.00163556
7241 0.338025 0.00157026
51382 2.42264 0.00162433
54985 2.51564 0.00162484
112979 4.99356 0.00160972
23305 1.05521 0.00156594
43674 2.11661 0.00156207
58715 3.01627 0.00157282
35647 1.85202 0.00155452
32194 1.78668 0.00158475
54551 3.32878 0.0016388
61202 3.89215 0.00165403
24887 1.61479 0.00159852
39702 2.92162 0.0016719
5196 0.376069 0.00156832
3527 0.255835 0.00152196
22446 1.84856 0.00167586
12700 1.02167 0.00164497
10485 0.828298 0.00161033
30664 2.70204 0.00169859
6483 0.531007 0.00159683
6011 0.445964 0.0015595
41636 3.4094 0.00173375
10492 0.816263 0.00160135
3943 0.302045 0.00154603
40017 3.27393 0.00170472
10050 0.735709 0.00160023
366 0.0228985 0.00140587
42117 2.93459 0.00166262
8823 0.541563 0.00158845
12531 0.708039 0.00159842
15696 0.814058 0.00159851
58988 2.97151 0.00162943
84504 3.99114 0.00161211
8884 0.369646 0.00155039
2201 0.0816418 0.00150739
11966 0.409744 0.00155981
163177 4.93774 0.00154933
7091 0.194158 0.00152454
27157 0.682174 0.00151752
32922 0.793955 0.00152534
5955 0.139162 0.00150884
11671 0.281204 0.00151901
34748 0.877666 0.00151997
16232 0.420628 0.00153499
39066 1.05492 0.00154366
15753 0.431461 0.00153691
26071 0.724091 0.00153696
126536 3.60833 0.00155184
130617 3.67833 0.00155045
26193 0.749242 0.0015387
7441 0.214081 0.00155302
47102 1.31401 0.0015546
106059 3.01416 0.00156717
25713 0.741445 0.00155347
21009 0.62061 0.00155588
11788 0.360769 0.00154522
84134 2.74719 0.00160979
9930 0.306496 0.00155216
33581 1.0464 0.00159211
63081 1.98547 0.00161268
62934 1.9692 0.00162156
74643 2.29302 0.00161204
5897 0.175853 0.00155276
23028 0.680354 0.00158958
72084 2.0903 0.00160704
9886 0.281857 0.0016003
84776 2.40513 0.0016135
18698 0.521203 0.00159891
16350 0.440921 0.00160254
91149 2.42097 0.001599
4057 0.104161 0.00156314
95729 2.40104 0.00158877
12513 0.298676 0.00157641
90795 2.10448 0.00157884
16079 0.368351 0.00156391
88941 2.09012 0.00156315
25261 0.590513 0.00156629
14806 0.325841 0.00155558
12923 0.270631 0.00154611
103511 2.18322 0.00156555
134577 2.91048 0.00157073
125026 2.7527 0.00157486
14866 0.340033 0.00158928
49500 1.15769 0.00158892
10772 0.2491 0.00159744
102929 2.35775 0.00158371
36913 0.864244 0.00159547
120193 2.88389 0.00159377
97268 2.34154 0.0015967
117449 2.79105 0.00159768
117547 2.83935 0.00159197
73096 1.76132 0.00157584
37600 0.891842 0.00156584
39611 0.930977 0.00156093
109534 2.59557 0.00156837
159895 3.84395 0.00158411
22103 0.510443 0.00154765
127821 2.81686 0.00153953
35056 0.74748 0.00153583
16315 0.35393 0.00154744
128770 2.66566 0.0015258
40313 0.821193 0.00154134
27684 0.561409 0.00154404
129516 2.57679 0.00153681
256234 5.2834 0.00155218
15048 0.317712 0.00155117
124924 2.56465 0.00153001
70543 1.4811 0.00152034
20992 0.473106 0.00153822
5769 0.130889 0.00153002
23173 0.521146 0.00151771
16367 0.363319 0.00150172
17101 0.386474 0.00150085
40397 0.938788 0.00149632
74804 1.7459 0.00149853
109766 2.67294 0.00152183
170997 4.80572 0.00154844
54092 1.80133 0.00152406
47774 1.85952 0.00154366
73761 3.27761 0.0015566
13183 0.661437 0.00154799
44315 2.59538 0.0015895
6278 0.391469 0.00151649
657 0.0379117 0.00146596
35266 1.9358 0.00157139
82983 4.33869 0.00167442
31017 1.39928 0.00157077
72947 3.17496 0.00160908
73846 2.92394 0.0015859
16095 0.576398 0.00157658
202 0.0060973 0.00141487
37220 1.19958 0.00153132
97397 3.10013 0.00155083
15884 0.487584 0.00155188
7212 0.203336 0.00152769
20312 0.527296 0.00152312
14247 0.367397 0.00150701
151244 4.13946 0.00152427
115579 3.14475 0.00150706
11939 0.307302 0.00149348
179271 4.66729 0.00156513
4514 0.113592 0.0014527
4148 0.115138 0.0014751
103161 3.24865 0.00156966
74074 2.26036 0.00154892
11818 0.348841 0.00153242
51360 1.5338 0.00153588
32777 0.985347 0.00155085
51686 1.57366 0.00155061
36375 1.08972 0.00153531
23264 0.648332 0.00152526
22193 0.590057 0.00152762
