0 4863
1 4863
2 4969
3 5224
4 5055
5 5004
6 4879
7 4952
8 4929
9 4843
10 4824
11 4856
12 5004
13 5069
14 5015
15 5221
16 5510
17 5607
18 5499
19 5597
20 5593
21 5891
22 5763
23 5708
24 5716
25 5526
26 5399
27 5180
28 4950
29 4813
30 4647
31 4591
32 4406
33 4337
34 4121
35 4068
36 3875
37 3797
38 3893
39 3910
40 3965
41 4105
42 3992
43 4218
44 4646
45 4795
46 4959
47 4882
48 4927
49 5364
50 5224
51 5268
52 5124
53 5165
54 5182
55 5321
56 5367
57 5519
58 5395
59 5296
60 5414
61 5625
62 5524
63 5695
64 5699
65 5898
66 6351
67 6613
68 6861
69 7191
70 7398
71 7756
72 7953
73 8141
74 8364
75 8633
76 9055
77 9216
78 9324
79 9469
80 9623
81 9456
82 9212
83 8949
84 8622
85 8240
86 7949
87 7884
88 7447
89 7474
90 7501
91 7401
92 7331
93 7410
94 7531
95 7675
96 7613
97 7784
98 7564
99 7397
100 6874
101 6701
102 6612
103 6607
104 6582
105 6754
106 6809
107 7043
108 7156
109 7239
110 6989
111 6899
112 6977
113 6808
114 6806
115 6853
116 6818
117 6851
118 6954
119 6968
120 6884
121 6888
122 6836
123 6826
124 6659
125 6789
126 6790
127 6933
128 6715
129 6643
130 6580
131 6812
132 6738
133 6851
134 6681
135 6776
136 6562
137 6510
138 6563
139 6420
140 6339
141 6328
142 6337
143 6190
144 6003
145 5885
146 5698
147 5754
148 5862
149 5984
150 6236
151 6093
152 6056
153 5975
154 6394
155 6640
156 7047
157 6955
158 6934
159 7070
160 6862
161 7008
162 6745
163 6821
164 6719
165 6676
166 6363
167 6249
168 6085
169 5795
170 5822
171 5781
172 5759
173 5685
174 5993
175 6202
176 6595
177 6616
178 6495
179 6384
180 6470
181 6708
182 6986
183 7206
184 7417
185 7253
186 7152
187 7090
188 7185
189 7285
190 7262
191 7096
192 7042
193 6988
194 6737
195 6589
196 6503
197 6293
198 6255
199 6046
200 5946
201 5836
202 5900
203 5900
204 6026
205 5987
206 6212
207 6172
208 6029
209 6378
210 6444
211 6473
212 6232
213 5698
214 5212
215 4755
216 4466
217 4951
218 5301
219 5715
220 6052
221 6100
222 6491
223 6598
224 6441
225 6156
226 6300
227 6194
228 6131
229 6057
230 6256
231 6151
232 6340
233 6193
234 6421
235 6201
236 6330
237 6275
238 6266
239 6398
240 6577
241 6629
242 6679
243 6886
244 6904
245 6815
246 7017
247 7007
248 7104
249 7319
250 7599
251 7672
252 7362
253 7503
254 7741
255 7793
256 7678
257 7616
258 7804
259 7796
260 7881
261 7804
262 7460
263 7297
264 7012
265 6906
266 6690
267 6655
268 6533
269 6469
270 6570
271 6413
272 6667
273 6558
274 7056
275 6925
276 6629
277 6222
278 6221
279 5890
280 5933
281 6148
282 6102
283 6205
284 6334
285 6047
286 6047
287 5865
288 5804
289 5710
290 5749
291 5822
292 5728
293 5665
294 5506
295 5544
296 5449
297 5320
298 5028
299 4869
300 4672
301 4636
302 4592
303 4593
304 4417
305 4286
306 4054
307 4085
308 4191
309 4097
310 4251
311 4248
312 4340
313 4241
314 4487
315 4618
316 4948
317 4881
318 5154
319 5101
320 5343
321 5513
322 5862
323 6239
324 6324
325 6755
326 6909
327 7323
328 8078
329 8353
330 8735
331 8874
332 8947
333 8978
334 8928
335 8566
336 8061
337 7641
338 7290
339 7051
340 6666
341 6592
342 6806
343 7216
344 7515
345 7593
346 7742
347 7348
348 7047
349 6600
350 6408
351 6460
352 6366
353 6295
354 6285
355 6454
356 6645
357 6468
358 6352
359 6293
360 6111
361 6099
362 6310
363 6354
364 6184
365 6279
366 5887
367 5728
368 5806
369 5397
370 5103
371 4937
372 4645
373 4438
374 4118
375 4267
376 4385
377 4724
378 4975
379 5019
380 5208
381 5376
382 5447
383 5341
384 5364
385 5523
386 5642
387 5803
388 6019
389 6213
390 6382
391 6338
392 6383
393 6651
394 6458
395 6646
396 6695
397 6689
398 6624
399 6618
400 6615
401 6623
402 6616
403 6705
404 6764
405 6803
406 6808
407 6744
408 6681
409 6399
410 6440
411 6265
412 6137
413 6184
414 6428
415 6439
416 6706
417 6683
418 6795
419 6955
420 6870
421 6806
422 6597
423 6652
424 6701
425 6478
426 6579
427 6714
428 6601
429 6464
430 6610
431 6393
432 6513
433 6827
434 6849
435 6910
436 6781
437 6803
438 6759
439 6853
440 6863
441 6881
442 6786
443 6579
444 6522
445 6167
446 6212
447 6243
448 6125
449 5892
450 5860
451 5974
452 5991
453 6034
454 6030
455 6145
456 5984
457 6145
458 6288
459 5991
460 6002
461 6084
462 6018
463 5721
464 5787
465 5628
466 5556
467 5606
468 5348
469 5194
470 5645
471 5504
472 5544
473 5529
474 5770
475 6104
476 6264
477 6605
478 6765
479 6975
480 7097
481 7478
482 7683
483 7717
484 7707
485 7679
486 7878
487 8198
488 8475
489 8909
490 8974
491 8976
492 8900
493 8730
494 8818
495 8732
496 8672
497 8564
498 8646
499 8631
500 8498
501 8524
502 8452
503 8145
504 8083
505 8199
506 8373
507 8640
508 8903
509 9034
510 9288
511 9164
512 9236
513 9362
514 9200
515 9174
516 9189
517 9267
518 9162
519 9153
520 9232
521 9023
522 9057
523 8817
524 8939
525 9032
526 8749
527 8721
528 8520
529 8235
530 8047
531 7897
532 7623
533 7547
534 7487
535 7361
536 7234
537 7015
538 7105
539 6810
540 6810
541 6702
542 6674
543 6595
544 6540
545 6571
546 6259
547 6212
548 6227
549 6295
550 6250
551 5966
552 5927
553 5948
554 6104
555 6084
556 6357
557 6479
558 6698
559 6831
560 7201
561 7337
562 7549
563 7603
564 7595
565 7844
566 7881
567 7795
568 7528
569 7459
570 7390
571 7085
572 7051
573 7202
574 7225
575 7163
576 7143
577 6677
578 6272
579 5962
580 5467
581 5352
582 5591
583 5618
584 5744
585 5942
586 5895
587 6085
588 6007
589 5904
590 5956
591 6115
592 6303
593 6624
594 6694
595 6824
596 7371
597 7640
598 8108
599 8705
600 8493
601 8373
602 8363
603 8494
604 8498
605 8145
606 7981
607 7840
608 7604
609 7964
610 8070
611 8274
612 8295
613 8208
614 7926
615 7590
616 7990
617 8683
618 9041
619 8633
620 8491
621 8266
622 8327
623 8548
624 8424
625 8224
626 8462
627 8211
628 8226
629 8026
630 8110
631 8364
632 8564
633 8485
634 8404
635 8678
636 8585
637 8482
638 7783
639 7828
640 7724
641 7647
642 7605
643 7549
644 7723
645 7646
646 7683
647 7197
648 7159
649 6993
650 6580
651 6206
652 5877
653 5766
654 5853
655 5476
656 5413
657 5782
658 5872
659 5842
660 5809
661 5342
662 5184
663 4983
664 4961
665 5078
666 5307
667 5457
668 5606
669 5927
670 5878
671 6114
672 5877
673 5480
674 5273
675 5260
676 5317
677 5433
678 5613
679 5525
680 5318
681 5232
682 5047
683 5038
684 4947
685 4891
686 4841
687 5062
688 4913
689 5135
690 4991
691 5063
692 5275
693 5197
694 5624
695 5693
696 5785
697 5957
698 6082
699 6020
700 5841
701 5818
702 6149
703 6444
704 6608
705 6590
706 6687
707 6739
708 6584
709 6488
710 6512
711 6524
712 6698
713 7000
714 6844
715 6674
716 6497
717 6286
718 6324
719 6451
720 6291
721 6638
722 6589
723 6215
724 6423
725 6465
726 6596
727 6790
728 7046
729 7236
730 6906
731 6882
732 6771
733 6813
734 7075
735 7637
736 7772
737 7789
738 7214
739 6991
740 6706
741 6423
742 6361
743 6293
744 6536
745 6498
746 6791
747 7116
748 6905
749 6551
750 6281
751 5970
752 6035
753 5757
754 5757
755 5776
756 5351
757 5471
758 5626
759 5915
760 6096
761 5949
762 6124
763 6217
764 5958
765 5646
766 5437
767 5493
768 5365
769 5459
770 5479
771 5838
772 6026
773 6289
774 6237
775 6155
776 6428
777 6481
778 6426
779 6380
780 6335
781 6220
782 6148
783 6079
784 6112
785 5970
786 5882
787 5885
788 5834
789 5706
790 5873
791 5951
792 5815
793 5884
794 6086
795 5954
796 5989
797 5839
798 6041
799 6179
800 6096
801 6216
802 6208
803 6276
804 6297
805 6132
806 5899
807 5972
808 5952
809 5792
810 5896
811 5803
812 5949
813 5853
814 5743
815 5653
816 5791
817 5595
818 5743
819 5775
820 5855
821 5784
822 5682
823 5816
824 5865
825 6033
826 6212
827 6031
828 6106
829 6335
830 6320
831 6429
832 6485
833 6535
834 6547
835 6612
836 6702
837 6569
838 6587
839 6831
840 6936
841 6897
842 7156
843 7013
844 6868
845 6811
846 7023
847 6954
848 6860
849 6391
850 6181
851 5961
852 5639
853 5462
854 5337
855 5126
856 5116
857 4834
858 4658
859 4473
860 4291
861 4281
862 4224
863 4078
864 4035
865 3896
866 3932
867 3942
868 3961
869 4123
870 4114
871 4158
872 4147
873 4143
874 4206
875 4159
876 4257
877 4272
878 4381
879 4508
880 4534
881 4426
882 4532
883 4499
884 4526
885 4508
886 4693
887 4652
888 4694
889 4566
890 4598
891 4820
892 4710
893 4925
894 4940
895 4911
896 4897
897 5106
898 5003
899 5050
900 5160
901 5213
902 5000
903 5000
904 4959
905 5013
906 5102
907 5089
908 4908
909 5050
910 5291
911 5159
912 5153
913 5183
914 5230
915 5287
916 5425
917 5679
918 5972
919 6302
920 6500
921 6563
922 6707
923 6631
924 6725
925 6476
926 6439
927 6167
928 6097
929 5896
930 5986
931 5742
932 5628
933 5434
934 5305
935 5146
936 5095
937 4945
938 4892
939 4926
940 4575
941 4551
942 4546
943 4319
944 4611
945 4589
946 4455
947 4345
948 4140
949 3931
950 3610
951 3627
952 3758
953 3934
954 3892
955 4158
956 4402
957 4795
958 5128
959 5856
960 6279
961 6424
962 7096
963 7816
964 8333
965 8690
966 8573
967 8502
968 8126
969 8112
970 7805
971 7820
972 7655
973 7788
974 7586
975 7344
976 7415
977 7446
978 7403
979 7503
980 7930
981 7713
982 7791
983 7926
984 7684
985 7740
986 7814
987 7576
988 7709
989 7870
990 7832
991 7981
992 7877
993 8094
994 8115
995 8193
996 7993
997 7666
998 7601
999 7443
1000 7055
1001 6935
1002 6621
1003 6468
1004 6362
1005 6321
1006 6513
1007 6123
1008 5810
1009 5708
1010 5596
1011 5392
1012 5350
1013 5148
1014 5143
1015 5047
1016 4969
1017 4614
1018 4625
1019 4493
1020 4530
1021 4345
1022 4307
1023 4184
1024 4131
1025 4116
1026 4163
1027 4194
1028 4370
1029 4264
1030 4505
1031 4657
1032 5146
1033 5428
1034 5596
1035 5728
1036 5921
1037 5958
1038 5995
1039 5918
1040 6129
1041 6502
1042 6526
1043 6867
1044 7219
1045 7135
1046 7148
1047 7182
1048 7297
1049 7019
1050 6711
1051 6316
1052 6183
1053 6007
1054 5898
1055 6068
1056 6000
1057 5837
1058 5484
1059 5426
1060 5207
1061 5095
1062 4982
1063 4959
1064 4878
1065 4807
1066 4899
1067 5217
1068 5209
1069 5115
1070 5093
1071 5108
1072 5153
1073 5029
1074 5004
1075 5206
1076 5184
1077 5587
1078 6070
1079 6362
1080 6816
1081 7195
1082 7637
1083 7510
1084 7314
1085 7072
1086 7162
1087 6982
1088 6566
1089 6589
1090 6898
1091 6562
1092 6384
1093 6398
1094 6482
1095 6125
1096 6236
1097 6577
1098 7209
1099 7974
1100 8891
1101 9672
1102 10257
1103 10304
1104 10550
1105 10330
1106 9969
1107 9395
1108 8907
1109 8613
1110 8360
1111 7933
1112 7847
1113 7590
1114 7385
1115 7124
1116 6996
1117 6910
1118 6819
1119 6644
1120 6591
1121 6204
1122 6225
1123 6101
1124 6248
1125 6250
1126 5903
1127 5642
1128 5398
1129 5040
1130 4931
1131 5017
1132 5062
1133 5109
1134 4894
1135 4929
1136 5034
1137 5070
1138 5632
1139 5475
1140 5303
1141 5231
1142 5172
1143 4873
1144 4575
1145 4499
1146 4163
1147 4159
1148 4013
1149 3956
1150 4044
1151 4176
1152 4464
1153 4657
1154 4911
1155 5100
1156 5028
1157 5018
1158 5138
1159 5047
1160 4792
1161 4591
1162 4647
1163 4693
1164 4798
1165 4922
1166 5070
1167 5257
1168 5260
1169 5239
1170 5208
1171 5350
1172 5464
1173 5290
1174 5207
1175 5218
1176 5328
1177 5378
1178 5513
1179 5537
1180 5527
1181 5431
1182 5340
1183 5293
1184 5493
1185 5337
1186 5410
1187 5221
1188 5060
1189 5441
1190 5494
1191 5720
1192 5807
1193 5820
1194 6005
1195 6044
1196 6134
1197 6096
1198 6235
1199 6461
1200 6331
1201 6553
1202 6338
1203 6276
1204 6192
1205 6130
1206 6024
1207 6008
1208 5966
1209 6231
1210 6179
1211 6319
1212 6246
1213 6319
1214 6428
1215 6481
1216 6910
1217 6815
1218 6673
1219 6723
1220 6606
1221 6691
1222 6823
1223 6496
1224 6512
1225 6394
1226 6447
1227 6266
1228 6195
1229 5960
1230 5970
1231 5992
1232 5813
1233 5973
1234 5840
1235 6075
1236 6202
1237 6010
1238 6138
1239 5979
1240 6067
1241 5591
1242 5349
1243 5213
1244 4884
1245 4929
1246 4936
1247 4572
1248 4370
1249 3999
1250 3613
1251 3781
1252 3996
1253 4201
1254 4208
1255 4306
1256 4625
1257 4754
1258 5161
1259 5389
1260 5725
1261 5804
1262 6247
1263 6492
1264 6593
1265 6776
1266 6656
1267 6702
1268 6788
1269 6353
1270 5949
1271 5516
1272 5059
1273 4608
1274 4319
1275 4254
1276 3987
1277 3787
1278 3858
1279 3886
1280 3951
1281 3971
1282 4107
1283 3920
1284 4094
1285 4079
1286 4288
1287 4556
1288 4640
1289 4785
1290 5033
1291 5351
1292 5499
1293 5982
1294 6287
1295 6249
1296 6489
1297 6526
1298 6746
1299 6851
1300 6898
1301 6761
1302 6781
1303 6791
1304 6853
1305 6740
1306 6776
1307 6776
1308 6586
1309 6547
1310 6559
1311 6474
1312 6436
1313 6619
1314 6539
1315 6552
1316 6587
1317 6824
1318 7055
1319 7032
1320 7084
1321 7031
1322 7042
1323 7272
1324 7569
1325 7463
1326 7400
1327 7079
1328 7079
1329 6841
1330 6697
1331 6821
1332 6944
1333 7113
1334 6913
1335 6948
1336 6720
1337 6234
1338 5665
1339 5331
1340 5398
1341 5533
1342 5757
1343 5933
1344 5941
1345 5977
1346 5965
1347 6066
1348 5851
1349 6004
1350 6347
1351 6390
1352 6536
1353 6859
1354 7306
1355 8021
1356 8253
1357 8374
1358 8482
1359 8430
1360 8653
1361 8503
1362 8110
1363 7927
1364 7638
1365 7713
1366 8084
1367 8123
1368 8270
1369 8186
1370 8094
1371 7859
1372 7655
1373 8391
1374 8977
1375 8794
1376 8579
1377 8255
1378 8321
1379 8622
1380 8709
1381 8376
1382 8394
1383 8451
1384 8186
1385 8043
1386 8349
1387 8567
1388 8442
1389 8259
1390 8600
1391 8781
1392 8541
1393 7991
1394 7899
1395 7628
1396 7648
1397 7739
1398 7639
1399 7598
1400 7570
1401 7436
1402 7131
1403 7112
1404 6875
1405 6390
1406 5918
1407 5939
1408 5723
1409 5647
1410 5568
1411 5724
1412 5820
1413 5884
1414 5836
1415 5287
1416 5100
1417 4960
1418 4986
1419 5273
1420 5415
1421 5544
1422 5848
1423 6049
1424 5941
1425 5725
1426 5520
1427 5354
1428 5343
1429 5602
1430 5494
1431 5609
1432 5297
1433 5085
1434 5041
1435 5090
1436 5109
1437 4927
1438 4967
1439 5068
1440 5102
1441 5058
1442 5254
1443 5271
1444 5554
1445 5679
1446 5896
1447 5924
1448 6073
1449 5880
1450 5824
1451 6112
1452 6567
1453 6544
1454 6608
1455 6754
1456 6887
1457 6746
1458 6493
1459 6565
1460 6827
1461 6967
1462 6810
1463 6573
1464 6360
1465 6414
1466 6448
1467 6362
1468 6596
1469 6684
1470 6522
1471 6427
1472 6581
1473 6957
1474 6937
1475 7085
1476 6928
1477 6575
1478 6703
1479 7130
1480 7628
1481 7805
1482 7623
1483 7152
1484 6766
1485 6453
1486 6365
1487 6150
1488 6358
1489 6504
1490 6749
1491 7166
1492 6713
1493 6628
1494 6019
1495 5904
1496 5788
1497 5719
1498 5774
1499 5503
1500 5363
1501 5426
1502 5843
1503 5938
1504 6010
1505 5974
1506 5871
1507 5672
1508 5602
1509 5525
1510 5557
1511 5431
1512 5500
1513 5939
1514 6282
1515 6284
1516 6163
1517 6134
1518 6134
1519 6237
1520 6345
1521 6325
1522 6289
1523 6339
1524 6338
1525 6182
1526 6178
1527 6173
1528 6155
1529 6145
1530 6031
1531 5955
1532 5868
1533 5848
1534 5729
1535 5781
1536 5843
1537 5762
1538 5929
1539 5731
1540 5775
1541 5801
1542 5802
1543 5814
1544 5815
1545 5919
1546 5968
1547 5909
1548 5906
1549 5983
1550 5991
1551 5937
1552 5920
1553 6033
1554 5981
1555 6089
1556 6162
1557 6226
1558 6289
1559 6442
1560 6462
1561 6417
1562 6449
1563 6554
1564 6430
1565 6460
1566 6295
1567 6535
1568 6421
1569 6292
1570 6210
1571 5921
1572 5896
1573 5793
1574 5507
1575 5266
1576 4968
1577 4973
1578 5190
1579 5232
1580 5279
1581 5339
1582 5226
1583 5495
1584 5709
1585 5707
1586 5534
1587 5338
1588 5339
1589 5266
1590 5543
1591 5568
1592 5629
1593 5785
1594 5860
1595 6003
1596 6115
1597 6172
1598 6052
1599 5780
1600 5511
1601 5310
1602 5080
1603 5022
1604 4852
1605 4775
1606 4913
1607 4842
1608 4970
1609 4758
1610 4609
1611 4671
1612 4514
1613 4563
1614 4656
1615 4815
1616 4839
1617 5002
1618 5057
1619 5030
1620 4807
1621 4720
1622 4539
1623 4468
1624 4980
1625 5467
1626 5851
1627 6503
1628 6728
1629 6963
1630 7248
1631 7573
1632 7764
1633 7845
1634 7751
1635 7394
1636 6842
1637 6662
1638 6450
1639 6616
1640 6801
1641 6556
1642 6507
1643 6730
1644 6708
1645 6689
1646 6981
1647 7214
1648 7177
1649 6988
1650 6760
1651 6715
1652 6461
1653 6082
1654 5889
1655 5729
1656 5520
1657 5246
1658 5014
1659 5068
1660 4992
1661 4788
1662 4632
1663 4701
1664 4636
1665 4296
1666 4110
1667 4191
1668 4682
1669 4663
1670 5037
1671 5034
1672 5027
1673 5086
1674 5386
1675 5578
1676 5593
1677 5393
1678 5345
1679 5235
1680 5161
1681 5220
1682 5358
1683 5406
1684 5429
1685 5359
1686 5584
1687 5555
1688 5555
1689 5838
1690 5697
1691 5855
1692 5647
1693 5382
1694 5329
1695 5243
1696 5132
1697 5080
1698 4986
1699 4857
1700 4997
1701 5076
1702 5246
1703 5471
1704 5528
1705 5588
1706 5391
1707 5601
1708 5420
1709 5500
1710 5555
1711 5619
1712 5549
1713 5560
1714 5543
1715 5488
1716 5470
1717 5634
1718 5361
1719 5414
1720 5432
1721 5262
1722 5369
1723 5274
1724 5328
1725 5547
1726 5399
1727 4932
1728 5155
1729 5315
1730 5368
1731 5193
1732 4889
1733 4775
1734 4744
1735 5290
1736 5562
1737 5626
1738 5434
1739 5535
1740 5481
1741 5024
1742 4971
1743 4732
1744 5010
1745 5112
1746 5330
1747 5453
1748 5462
1749 5383
1750 5385
1751 5201
1752 4966
1753 4902
1754 5252
1755 5520
1756 5793
1757 5974
1758 5851
1759 6179
1760 6153
1761 6249
1762 6344
1763 6358
1764 6819
1765 6986
1766 7291
1767 7319
1768 7993
1769 8359
1770 8253
1771 8389
1772 8438
1773 8363
1774 8662
1775 9063
1776 9148
1777 9234
1778 9420
1779 9427
1780 9695
1781 9674
1782 9392
1783 8986
1784 9015
1785 8664
1786 8462
1787 8472
1788 8385
1789 8295
1790 8393
1791 8415
1792 8362
1793 8269
1794 8195
1795 8115
1796 7946
1797 7988
1798 7862
1799 8169
1800 8041
1801 8245
1802 8189
1803 8114
1804 8222
1805 8212
1806 8312
1807 8504
1808 8539
1809 8677
1810 8495
1811 8305
1812 7903
1813 7726
1814 7917
1815 7683
1816 7767
1817 7537
1818 7335
1819 7405
1820 7452
1821 7536
1822 7593
1823 7517
1824 7860
1825 7644
1826 7961
1827 8023
1828 8174
1829 8313
1830 8705
1831 8829
1832 8882
1833 8706
1834 8609
1835 8279
1836 8114
1837 8088
1838 7986
1839 7952
1840 7549
1841 7400
1842 7451
1843 7493
1844 7471
1845 7715
1846 7865
1847 7837
1848 7940
1849 8002
1850 7992
1851 8086
1852 7889
1853 7813
1854 7779
1855 7713
1856 7607
1857 7486
1858 7575
1859 7583
1860 7475
1861 7281
1862 7456
1863 7228
1864 7040
1865 6869
1866 6610
1867 6383
1868 6026
1869 6049
1870 6238
1871 6236
1872 6366
1873 6345
1874 6061
1875 6011
1876 6028
1877 6133
1878 5865
1879 5938
1880 5827
1881 6020
1882 5895
1883 5536
1884 5382
1885 5570
1886 6092
1887 6343
1888 6859
1889 7335
1890 7419
1891 6806
1892 6754
1893 6897
1894 7157
1895 7366
1896 7837
1897 7931
1898 8074
1899 8123
1900 7938
1901 7881
1902 7828
1903 8148
1904 8112
1905 8008
1906 7735
1907 7607
1908 7556
1909 7445
1910 7341
1911 7204
1912 6746
1913 6440
1914 6416
1915 6046
1916 5707
1917 5611
1918 5460
1919 5285
1920 5637
1921 5844
1922 5699
1923 5725
1924 5619
1925 5809
1926 5612
1927 5439
1928 5525
1929 5559
1930 5524
1931 5810
1932 5462
1933 5591
1934 5487
1935 5525
1936 5614
1937 5603
1938 5493
1939 5409
1940 5518
1941 5738
1942 5876
1943 5914
1944 6160
1945 6457
1946 6460
1947 6413
1948 6748
1949 6849
1950 6846
1951 7046
1952 7093
1953 7445
1954 7484
1955 7637
1956 7892
1957 7832
1958 7626
1959 7802
1960 7938
1961 7816
1962 7675
1963 7756
1964 7687
1965 7748
1966 7495
1967 7643
1968 7654
1969 7732
1970 7891
1971 7837
1972 7835
1973 7748
1974 7894
1975 7849
1976 7790
1977 7730
1978 7490
1979 7714
1980 7320
1981 7279
1982 7333
1983 7437
1984 7358
1985 7629
1986 7181
1987 7343
1988 7131
1989 6876
1990 6876
1991 6708
1992 6660
1993 6604
1994 6508
1995 6562
1996 6708
1997 6138
1998 5977
1999 5957
2000 5981
2001 6076
2002 6158
2003 6325
2004 6503
2005 6525
2006 6579
2007 6785
2008 6757
2009 6851
2010 6857
2011 6971
2012 7005
2013 7030
2014 7228
2015 7036
2016 7073
2017 6924
2018 7061
2019 7296
2020 7751
2021 7904
2022 7980
2023 8329
2024 8720
2025 8564
2026 8635
2027 8446
2028 8424
2029 8733
2030 8253
2031 8180
2032 8478
2033 8489
2034 8503
2035 8550
2036 8241
2037 8166
2038 8116
2039 8309
2040 8297
2041 8079
2042 7754
2043 7734
2044 7536
2045 7516
2046 7273
2047 7327
2048 7305
2049 7032
2050 6909
2051 6998
2052 7106
2053 7016
2054 7151
2055 7279
2056 7485
2057 7894
2058 8159
2059 8387
2060 8379
2061 8599
2062 8409
2063 8196
2064 7926
2065 7785
2066 7602
2067 7330
2068 7354
2069 7394
2070 7442
2071 7533
2072 7511
2073 7351
2074 7314
2075 7398
2076 7227
2077 7268
2078 7140
2079 7147
2080 7091
2081 6987
2082 7035
2083 6983
2084 7130
2085 6922
2086 7096
2087 6826
2088 6859
2089 6776
2090 6811
2091 6725
2092 6738
2093 6577
2094 6698
2095 6571
2096 6584
2097 6451
2098 6392
2099 6520
2100 6389
2101 6187
2102 6175
2103 6120
2104 6122
2105 5925
2106 5964
2107 5975
2108 5867
2109 5583
2110 5495
2111 5448
2112 5346
2113 5074
2114 4975
2115 4782
2116 4602
2117 4381
2118 4383
2119 4245
2120 4344
2121 4169
2122 4191
2123 4275
2124 4220
2125 4244
2126 4230
2127 4224
2128 4136
2129 4086
2130 4106
2131 4148
2132 4086
2133 4081
2134 3918
2135 3768
2136 3789
2137 3663
2138 3538
2139 3542
2140 3607
2141 3569
2142 3462
2143 3531
2144 3626
2145 3651
2146 3722
2147 3846
2148 3781
2149 3573
2150 3711
2151 3737
2152 3797
2153 3758
2154 3736
2155 4012
2156 4108
2157 4265
2158 4344
2159 4721
2160 4695
2161 4848
2162 4896
2163 5219
2164 5219
2165 5136
2166 5084
2167 4958
2168 4893
2169 4730
2170 4584
2171 4748
2172 4795
2173 5033
2174 5062
2175 5051
2176 4945
2177 4969
2178 5244
2179 5219
2180 5150
2181 5320
2182 5700
2183 5646
2184 5863
2185 5868
2186 6329
2187 6514
2188 6650
2189 6851
2190 6844
2191 7080
2192 7457
2193 7338
2194 7653
2195 7616
2196 7867
2197 7868
2198 7791
2199 7762
2200 7716
2201 7706
2202 7489
2203 7553
2204 7568
2205 7488
2206 7210
2207 7155
2208 7359
2209 7556
2210 7655
2211 7719
2212 7616
2213 7389
2214 7000
2215 6731
2216 6533
2217 6157
2218 5829
2219 5571
2220 5520
2221 5621
2222 5597
2223 5656
2224 5692
2225 5946
2226 6019
2227 6144
2228 6222
2229 6058
2230 6283
2231 6400
2232 5894
2233 5567
2234 5591
2235 5829
2236 5961
2237 5898
2238 6137
2239 6106
2240 6135
2241 6169
2242 6310
2243 6462
2244 6434
2245 6314
2246 6542
2247 6182
2248 6156
2249 6093
2250 6250
2251 5979
2252 6044
2253 6164
2254 5911
2255 5745
2256 5846
2257 5867
2258 6136
2259 6181
2260 6265
2261 6400
2262 6046
2263 5887
2264 5865
2265 5685
2266 5410
2267 5169
2268 5222
2269 5090
2270 4798
2271 4662
2272 4582
2273 4602
2274 4568
2275 4530
2276 4901
2277 5122
2278 5424
2279 5541
2280 5613
2281 5803
2282 6145
2283 6229
2284 6221
2285 6293
2286 6304
2287 6036
2288 5956
2289 5934
2290 6238
2291 6341
2292 5968
2293 5942
2294 6240
2295 6118
2296 6071
2297 6055
2298 6069
2299 6028
2300 5850
2301 5937
2302 5892
2303 5847
2304 5795
2305 5778
2306 5892
2307 5685
2308 5836
2309 5783
2310 5675
2311 5670
2312 5761
2313 5809
2314 5823
2315 5896
2316 5839
2317 5761
2318 5816
2319 5749
2320 5806
2321 5692
2322 5688
2323 5641
2324 5666
2325 5617
2326 5812
2327 5761
2328 5746
2329 5659
2330 5734
2331 5532
2332 5600
2333 5561
2334 5601
2335 5739
2336 5795
2337 5788
2338 5697
2339 5794
2340 5753
2341 5739
2342 5806
2343 5791
2344 5791
2345 5771
2346 5827
2347 5824
2348 5815
2349 5819
2350 5743
2351 5802
2352 5784
2353 5758
2354 5795
2355 5828
2356 5857
2357 5870
2358 5637
2359 5486
2360 5505
2361 5589
2362 5652
2363 5694
2364 5781
2365 5838
2366 5880
2367 5858
2368 5883
2369 5855
2370 5796
2371 5837
2372 5825
2373 5770
2374 5857
2375 5808
2376 5806
2377 5775
2378 5876
2379 5769
2380 5716
2381 5708
2382 5787
2383 5772
2384 5753
2385 5837
2386 5722
2387 5725
2388 5660
2389 5563
2390 5578
2391 5282
2392 5298
2393 5476
2394 5622
2395 5577
2396 5641
2397 5745
2398 5766
2399 5831
2400 5661
2401 5732
2402 5636
2403 5680
2404 5601
2405 5714
2406 5699
2407 5577
2408 5663
2409 5768
2410 5577
2411 5638
2412 5723
2413 5757
2414 5834
2415 5832
2416 5777
2417 5803
2418 5864
2419 5708
2420 5677
2421 5634
2422 5496
2423 5445
2424 5512
2425 5625
2426 5511
2427 5417
2428 5334
2429 5177
2430 4975
2431 4858
2432 4772
2433 4646
2434 4508
2435 4497
2436 4342
2437 4139
2438 4141
2439 3886
2440 3862
2441 3776
2442 3780
2443 3792
2444 3934
2445 4008
2446 4348
2447 4701
2448 4704
2449 4783
2450 4859
2451 5184
2452 5366
2453 5315
2454 5118
2455 5073
2456 5013
2457 4923
2458 5231
2459 5360
2460 5247
2461 5222
2462 5315
2463 5455
2464 5438
2465 5533
2466 5615
2467 5865
2468 6395
2469 6503
2470 6756
2471 7129
2472 7455
2473 7723
2474 7834
2475 8057
2476 8322
2477 8775
2478 9109
2479 9071
2480 9014
2481 9347
2482 9219
2483 9110
2484 8815
2485 8523
2486 7998
2487 7713
2488 7709
2489 7453
2490 7158
2491 7256
2492 7134
2493 7285
2494 7225
2495 7541
2496 7420
2497 7318
2498 7334
2499 7148
2500 6766
2501 6700
2502 6670
2503 6358
2504 6373
2505 6579
2506 6949
2507 6928
2508 6886
2509 6757
2510 6853
2511 6754
2512 6581
2513 6817
2514 6723
2515 6649
2516 6727
2517 6662
2518 6660
2519 6778
2520 6491
2521 6237
2522 6180
2523 6151
2524 5912
2525 5661
2526 5535
2527 5614
2528 5812
2529 6275
2530 6571
2531 6812
2532 6896
2533 7225
2534 7305
2535 7831
2536 7981
2537 8293
2538 8209
2539 7984
2540 7892
2541 7349
2542 7695
2543 7779
2544 7789
2545 7892
2546 7492
2547 7326
2548 6926
2549 6481
2550 6164
2551 6056
2552 6640
2553 6941
2554 6949
2555 6685
2556 6725
2557 7051
2558 6893
2559 6805
2560 6988
2561 6650
2562 6441
2563 5717
2564 5609
2565 5309
2566 5278
2567 5216
2568 4889
2569 4987
2570 5021
2571 5278
2572 5519
2573 5795
2574 5978
2575 6064
2576 6236
2577 6320
2578 6201
2579 6103
2580 5621
2581 5666
2582 5584
2583 5633
2584 5717
2585 5596
2586 5924
2587 5927
2588 5982
2589 6105
2590 6537
2591 6621
2592 6456
2593 6761
2594 6773
2595 6783
2596 6880
2597 7120
2598 7150
2599 7122
2600 6959
2601 7071
2602 7063
2603 6589
2604 6201
2605 5871
2606 5578
2607 5394
2608 5012
2609 4882
2610 4518
2611 4378
2612 3931
2613 3893
2614 3761
2615 3654
2616 3630
2617 3572
2618 3455
2619 3487
2620 3583
2621 3581
2622 3789
2623 3832
2624 3887
2625 3909
2626 4014
2627 3800
2628 3372
2629 2264
2630 2112
2631 2280
2632 2329
2633 2407
2634 2598
2635 2959
2636 3304
2637 3575
2638 4370
2639 4984
2640 5400
2641 6085
2642 6097
2643 6119
2644 6346
2645 6327
2646 6295
2647 6100
2648 6215
2649 6201
2650 5959
2651 5843
2652 5826
2653 5949
2654 6055
2655 6470
2656 6439
2657 6640
2658 6706
2659 6671
2660 6585
2661 6144
2662 6016
2663 5521
2664 5691
2665 5434
2666 5134
2667 4942
2668 4577
2669 4513
2670 4395
2671 4415
2672 4304
2673 4294
2674 4305
2675 4115
2676 3996
2677 4032
2678 4092
2679 4243
2680 4203
2681 4369
2682 4354
2683 4313
2684 4270
2685 4406
2686 4566
2687 4588
2688 4517
2689 4577
2690 4578
2691 4532
2692 4795
2693 4882
2694 4906
2695 4872
2696 5195
2697 5216
2698 5272
2699 5219
2700 5155
2701 5009
2702 5109
2703 5318
2704 5513
2705 5894
2706 6116
2707 6368
2708 6825
2709 7044
2710 7233
2711 7200
2712 6703
2713 6192
2714 6053
2715 5726
2716 5495
2717 4963
2718 4863
2719 4589
2720 4548
2721 4669
2722 4560
2723 4838
2724 5176
2725 5621
2726 5949
2727 6381
2728 6704
2729 6793
2730 6639
2731 6805
2732 6439
2733 6264
2734 5946
2735 5670
2736 5223
2737 4932
2738 4899
2739 4819
2740 4617
2741 4543
2742 4344
2743 4540
2744 4799
2745 4720
2746 4783
2747 4985
2748 5071
2749 4907
2750 5154
2751 5246
2752 5152
2753 5036
2754 5305
2755 5278
2756 5505
2757 5761
2758 5750
2759 5715
2760 5587
