0 5062
1 5062
2 4808
3 5030
4 5036
5 5014
6 5027
7 5044
8 5086
9 5204
10 5317
11 5499
12 5342
13 5371
14 5409
15 5380
16 5097
17 5087
18 5138
19 5019
20 5257
21 5551
22 5609
23 5896
24 5846
25 5892
26 5946
27 6043
28 6134
29 6061
30 6166
31 6108
32 6058
33 5982
34 5823
35 5941
36 5976
37 5731
38 5831
39 5693
40 5615
41 5450
42 5366
43 4935
44 5135
45 5361
46 5280
47 5553
48 5707
49 5788
50 5749
51 5624
52 5725
53 5556
54 5738
55 5587
56 5480
57 5472
58 5387
59 5108
60 5078
61 4893
62 5043
63 5012
64 4919
65 4914
66 4781
67 4861
68 4852
69 4859
70 4927
71 4741
72 4708
73 4688
74 4541
75 4498
76 4485
77 4543
78 4532
79 4539
80 4486
81 4364
82 4265
83 4137
84 4212
85 4211
86 4350
87 4159
88 4078
89 4000
90 4050
91 3967
92 3779
93 3809
94 3855
95 3734
96 3750
97 3758
98 3867
99 3958
100 4021
101 4109
102 4246
103 4346
104 4362
105 4245
106 4612
107 4597
108 4636
109 4613
110 4755
111 4795
112 4747
113 4739
114 4826
115 5003
116 5041
117 5053
118 5201
119 5308
120 5447
121 5203
122 5250
123 5216
124 4949
125 4829
126 4790
127 4920
128 4728
129 4615
130 4447
131 4406
132 4384
133 4269
134 4260
135 3916
136 3761
137 3816
138 3906
139 3691
140 3789
141 3591
142 3585
143 3418
144 3317
145 3292
146 3340
147 3243
148 3255
149 3318
150 3342
151 3240
152 3222
153 3132
154 3284
155 3200
156 3139
157 3202
158 3142
159 3133
160 3223
161 3497
162 3818
163 3958
164 4108
165 4150
166 4067
167 4248
168 4366
169 4468
170 4456
171 4397
172 4436
173 4605
174 4668
175 4741
176 4481
177 4462
178 4378
179 4389
180 4559
181 4626
182 4250
183 4306
184 4279
185 4293
186 4198
187 4254
188 4195
189 4541
190 4852
191 4847
192 4876
193 4779
194 4773
195 4746
196 4614
197 4584
198 4439
199 4371
200 4451
201 4357
202 4509
203 4203
204 4117
205 4006
206 3944
207 3956
208 4138
209 3981
210 4004
211 3994
212 3989
213 4002
214 4020
215 4260
216 4235
217 4385
218 4494
219 4616
220 4635
221 4723
222 4640
223 4710
224 4757
225 4886
226 4773
227 4645
228 4521
229 4455
230 4535
231 4632
232 4676
233 4631
234 4442
235 4190
236 4366
237 4365
238 4506
239 4397
240 4316
241 4389
242 4338
243 4383
244 4437
245 4556
246 4659
247 4746
248 4786
249 4708
250 4753
251 4635
252 4590
253 4737
254 4525
255 4548
256 4509
257 4424
258 4360
259 4374
260 4242
261 3879
262 3967
263 3787
264 3719
265 3537
266 3573
267 3567
268 3415
269 3552
270 3450
271 3222
272 3151
273 3191
274 3070
275 2955
276 2830
277 2781
278 2674
279 2675
280 2608
281 2658
282 2741
283 2901
284 3012
285 2959
286 2933
287 2963
288 3074
289 2920
290 3043
291 3104
292 3103
293 3352
294 3892
295 4013
296 4074
297 4198
298 4332
299 4149
300 4174
301 4071
302 4108
303 4114
304 3972
305 4003
306 3820
307 3933
308 4136
309 4076
310 3986
311 3781
312 3935
313 3924
314 4145
315 4087
316 4126
317 4186
318 4019
319 4007
320 4084
321 3963
322 3843
323 3691
324 3588
325 3718
326 3620
327 3483
328 3581
329 3765
330 3670
331 3761
332 3820
333 3809
334 3856
335 3836
336 3770
337 3861
338 3860
339 3949
340 4135
341 4114
342 4316
343 4005
344 4166
345 4102
346 4148
347 4065
348 4154
349 4187
350 4216
351 4296
352 4513
353 4749
354 4790
355 4944
356 5104
357 4893
358 4854
359 4839
360 4782
361 4632
362 4624
363 4498
364 4429
365 4564
366 4300
367 4266
368 4323
369 4293
370 4332
371 4481
372 4267
373 4155
374 4147
375 4023
376 3945
377 4031
378 4041
379 3942
380 3948
381 3836
382 3707
383 3579
384 3643
385 3497
386 3367
387 3332
388 3579
389 3539
390 3703
391 3760
392 3615
393 3573
394 3474
395 3512
396 3433
397 3218
398 3110
399 3131
400 3007
401 2953
402 2942
403 2756
404 2589
405 2394
406 2444
407 2266
408 2196
409 2193
410 2117
411 2179
412 2122
413 2241
414 2267
415 2459
416 2474
417 2452
418 2424
419 2496
420 2426
421 2433
422 2345
423 2095
424 2061
425 1935
426 1827
427 1796
428 1784
429 1897
430 1712
431 1635
432 1594
433 1724
434 1695
435 1637
436 1824
437 1828
438 2007
439 1967
440 2084
441 2107
442 2115
443 2254
444 2427
445 2517
446 2694
447 2677
448 2622
449 2471
450 2611
451 2823
452 2909
453 3137
454 3253
455 3346
456 3436
457 3521
458 3847
459 4284
460 4437
461 4468
462 4505
463 4613
464 4542
465 4646
466 4271
467 4093
468 3971
469 3832
470 3817
471 3807
472 3264
473 3024
474 2968
475 2884
476 3055
477 2976
478 3032
479 3100
480 3234
481 3320
482 3316
483 3213
484 2877
485 2721
486 2525
487 2484
488 2406
489 2600
490 2684
491 2707
492 2630
493 2441
494 2428
495 2281
496 2165
497 2142
498 2180
499 2078
500 1953
501 2093
502 2126
503 2175
504 2133
505 2323
506 2337
507 2398
508 2566
509 2639
510 2623
511 2648
512 2603
513 2687
514 2579
515 2690
516 2766
517 2772
518 2685
519 2828
520 3149
521 3098
522 3272
523 3413
524 3540
525 3882
526 3981
527 4147
528 4246
529 4337
530 4624
531 4692
532 4900
533 5121
534 5209
535 5511
536 5737
537 5739
538 5906
539 6116
540 6330
541 6290
542 6320
543 6332
544 6399
545 6621
546 6811
547 6991
548 7149
549 7295
550 7229
551 7161
552 7241
553 7109
554 7081
555 7030
556 6774
557 6655
558 6380
559 6340
560 6269
561 6309
562 6228
563 6311
564 6280
565 6158
566 6157
567 6065
568 5894
569 5848
570 5667
571 5558
572 5514
573 5450
574 5156
575 5206
576 5097
577 5149
578 5036
579 5032
580 4868
581 5104
582 5078
583 5179
584 5295
585 5010
586 4898
587 4866
588 5085
589 5099
590 5086
591 5231
592 5273
593 5264
594 5548
595 5696
596 5794
597 5797
598 6003
599 6216
600 6087
601 6248
602 6291
603 5980
604 6187
605 5930
606 5813
607 5853
608 5466
609 4874
610 4674
611 4505
612 4448
613 4153
614 4081
615 3951
616 3865
617 3579
618 3625
619 3562
620 3473
621 3438
622 3300
623 3309
624 3267
625 3301
626 3196
627 3329
628 3216
629 3129
630 3195
631 3210
632 3026
633 2844
634 2905
635 2695
636 2774
637 2707
638 2566
639 2643
640 2619
641 2554
642 2680
643 2625
644 2486
645 2467
646 2522
647 2478
648 2299
649 2316
650 2187
651 2160
652 2023
653 1955
654 1894
655 1952
656 1954
657 1918
658 1816
659 1747
660 1754
661 1580
662 1473
663 1466
664 1465
665 1391
666 1427
667 1322
668 1318
669 1213
670 1263
671 1152
672 1172
673 1100
674 1227
675 1160
676 1224
677 1190
678 1298
679 1295
680 1375
681 1412
682 1402
683 1365
684 1316
685 1284
686 1321
687 1267
688 1178
689 1214
690 1261
691 1176
692 1167
693 1162
694 1067
695 1123
696 1017
697 1038
698 965
699 969
700 921
701 913
702 981
703 969
704 1022
705 1112
706 1041
707 1088
708 1081
709 1119
710 1082
711 1128
712 1167
713 1225
714 1235
715 1291
716 1388
717 1404
718 1302
719 1395
720 1420
721 1444
722 1471
723 1491
724 1520
725 1554
726 1519
727 1627
728 1590
729 1599
730 1603
731 1716
732 1780
733 1782
734 1811
735 1792
736 1922
737 1970
738 2000
739 1982
740 2013
741 2052
742 2211
743 2251
744 2208
745 2357
746 2466
747 2447
748 2570
749 2539
750 2594
751 2677
752 2791
753 2854
754 2770
755 2906
756 2921
757 2989
758 3100
759 3020
760 3037
761 3123
762 3204
763 3346
764 3282
765 3326
766 3467
767 3471
768 3470
769 3358
770 3460
771 3461
772 3597
773 3700
774 3735
775 3571
776 3575
777 3663
778 3743
779 3611
780 3701
781 3860
782 3998
783 4021
784 3878
785 3877
786 3935
787 3902
788 3949
789 3994
790 4018
791 4133
792 4049
793 4277
794 4294
795 4278
796 4256
797 4174
798 4201
799 4233
800 4343
