0 7203
1 7203
2 7233
3 7165
4 7106
5 6977
6 6853
7 6945
8 7079
9 6962
10 6991
11 7090
12 7033
13 6837
14 6494
15 6505
16 6126
17 5897
18 5837
19 5615
20 5700
21 5604
22 5452
23 5184
24 4890
25 4778
26 4578
27 4380
28 4285
29 4142
30 4110
31 4042
32 3721
33 3698
34 3592
35 3610
36 3504
37 3355
38 3382
39 3384
40 3360
41 3337
42 3350
43 3388
44 3299
45 3435
46 3378
47 3127
48 3075
49 2961
50 2820
51 2793
52 2697
53 2640
54 2521
55 2567
56 2565
57 2452
58 2461
59 2411
60 2514
61 2457
62 2471
63 2333
64 2492
65 2555
66 2536
67 2385
68 2421
69 2526
70 2554
71 2534
72 2558
73 2435
74 2421
75 2365
76 2414
77 2461
78 2517
79 2536
80 2495
81 2448
82 2387
83 2324
84 2546
85 2596
86 2752
87 2757
88 3005
89 2835
90 3020
91 2867
92 3093
93 3045
94 3098
95 3291
96 3404
97 3451
98 3557
99 3470
100 3536
101 3576
102 3507
103 3513
104 3337
105 3373
106 3350
107 3388
108 3366
109 3334
110 3225
111 3099
112 3160
113 3117
114 3249
115 3219
116 3396
117 3247
118 3188
119 3273
120 3204
121 3115
122 3031
123 3196
124 3264
125 3152
126 3167
127 3017
128 2888
129 2922
130 2850
131 2702
132 2653
133 2542
134 2464
135 2383
136 2635
137 2672
138 2722
139 2665
140 2880
141 2804
142 2921
143 2944
144 3173
145 3329
146 3328
147 3405
148 3508
149 3567
150 3643
151 3557
152 3656
153 3709
154 3600
155 3736
156 3766
157 3788
158 3843
159 3787
160 3770
161 3720
162 3657
163 3670
164 3517
165 3553
166 3553
167 3630
168 3575
169 3466
170 3579
171 3673
172 3537
173 3710
174 3801
175 3692
176 3785
177 3745
178 3814
179 3746
180 3753
181 3678
182 3634
183 3593
184 3510
185 3551
186 3744
187 3608
188 3553
189 3648
190 3738
191 3636
192 3720
193 3779
194 3938
195 3767
196 3833
197 3823
198 3804
199 3898
200 3894
201 3920
202 3818
203 3748
204 3857
205 3910
206 3874
207 3688
208 3741
209 3640
210 3583
211 3601
212 3398
213 3565
214 3560
215 3393
216 3434
217 3408
218 3314
219 3207
220 3266
221 3283
222 3275
223 3197
224 3074
225 2955
226 2965
227 2993
228 3117
229 3011
230 2984
231 2780
232 2656
233 2569
234 2470
235 2460
236 2489
237 2399
238 2377
239 2284
240 2396
241 2099
242 1993
243 2171
244 2144
245 2268
246 2139
247 2085
248 2018
249 2113
250 2144
251 2009
252 2112
253 2025
254 1900
255 2146
256 2063
257 2118
258 2118
259 2088
260 2227
261 2218
262 2333
263 2367
264 2464
265 2522
266 2604
267 2552
268 2642
269 2546
270 2364
271 2320
272 2467
273 2473
274 2546
275 2598
276 2706
277 2736
278 2911
279 3053
280 3220
281 3343
282 3367
283 3602
284 3760
285 3946
286 4090
287 4211
288 4372
289 4523
290 4830
291 5149
292 5162
293 5349
294 5420
295 5709
296 5770
297 5886
298 5958
299 5953
300 5896
301 6013
302 6060
303 5792
304 5584
305 5705
306 5675
307 5861
308 5724
309 5914
310 5883
311 5617
312 5614
313 5528
314 5257
315 5103
316 5171
317 4843
318 4686
319 4650
320 4499
321 4599
322 4511
323 4532
324 4556
325 4603
326 4455
327 4575
328 4570
329 4319
330 4352
331 4226
332 4016
333 3951
334 4018
335 3948
336 3997
337 3763
338 3632
339 3498
340 3376
341 3405
342 3426
343 3267
344 3172
345 2865
346 2959
347 2949
348 2894
349 2925
350 3037
351 3234
352 3224
353 3285
354 3227
355 3514
356 3441
357 3628
358 3717
359 3701
360 3763
361 3747
362 3887
363 3870
364 4063
365 4040
366 3851
367 3843
368 3652
369 3686
370 3550
371 3733
372 3646
373 3762
374 3854
375 4110
376 4683
377 4934
378 5424
379 5189
380 5576
381 5993
382 6047
383 5979
384 5877
385 5901
386 6026
387 6011
388 5823
389 5707
390 5829
391 5835
392 5782
393 5702
394 5734
395 5610
396 5618
397 5582
398 5539
399 5459
400 5196
401 5052
402 5053
403 5126
404 5045
405 5074
406 5117
407 5312
408 5265
409 5428
410 5386
411 5044
412 4894
413 4996
414 4711
415 4659
416 4269
417 4240
418 4116
419 3894
420 3590
421 3545
422 3522
423 3571
424 3721
425 3697
426 3607
427 3678
428 3635
429 3590
430 3600
431 3644
432 3662
433 3651
434 3763
435 3581
436 3612
437 3631
438 3528
439 3804
440 3608
441 3557
442 3603
443 3384
444 3379
445 3276
446 3543
447 3530
448 3425
449 3454
450 3284
451 3243
452 3344
453 3463
454 3337
455 3680
456 3514
457 3431
458 3478
459 3444
460 3744
461 3800
462 3754
463 3692
464 3776
465 3754
466 3856
467 3893
468 3933
469 3944
470 4136
471 4043
472 4127
473 4169
474 4037
475 4093
476 4053
477 4045
478 4018
479 3841
480 3790
481 3654
482 3794
483 3618
484 3590
485 3815
486 3739
487 3763
488 3784
489 3684
490 3466
491 3637
492 3679
493 3586
494 3681
495 3776
496 3792
497 3841
498 3858
499 3889
500 3791
501 3686
502 3820
503 3671
504 3666
505 3552
506 3554
507 3475
508 3505
509 3295
510 3297
511 3182
512 3064
513 3103
514 3060
515 2999
516 2971
517 2840
518 2719
519 2618
520 2608
521 2681
522 2699
523 2773
524 2714
525 2883
526 2723
527 2637
528 2677
529 2670
530 2639
531 2438
532 2404
533 2569
534 2418
535 2340
536 2353
537 2335
538 2359
539 2262
540 2241
541 2172
542 2139
543 2108
544 2114
545 2081
546 2084
547 2027
548 2047
549 1797
550 1860
551 1802
552 1894
553 1958
554 2089
555 2062
556 2263
557 2190
558 2245
559 2368
560 2570
561 2715
562 2959
563 3093
564 3246
565 3398
566 3557
567 3608
568 3838
569 4063
570 4184
571 4201
572 4246
573 4283
574 4354
575 4415
576 4360
577 4295
578 4117
579 4369
580 4321
581 4232
582 4171
583 4155
584 4426
585 4307
586 4351
587 4526
588 4526
589 4543
590 4386
591 4220
592 4075
593 3895
594 3732
595 3838
596 3937
597 3952
598 4079
599 4345
600 4599
601 4740
602 4833
603 5029
604 5151
605 5166
606 5082
607 4813
608 4712
609 4574
610 4246
611 4138
612 3769
613 3773
614 3799
615 3882
616 4158
617 4393
618 4448
619 4406
620 4410
621 4385
622 4300
623 4237
624 4325
625 4600
626 4472
627 4317
628 4323
629 4180
630 4037
631 4064
632 4014
633 4288
634 4230
635 4276
636 4169
637 4170
638 4189
639 4152
640 4071
641 4069
642 4147
643 4184
644 4058
645 4239
646 4138
647 4147
648 4140
649 4101
650 3929
651 3997
652 3954
653 3826
654 3792
655 3974
656 4167
657 4225
658 4321
659 4332
660 4150
661 4164
662 3861
663 3794
664 3588
665 3298
666 3144
667 3238
668 3276
669 3108
670 2946
671 3056
672 2960
673 2893
674 2861
675 2707
676 2569
677 2593
678 2471
679 2331
680 2506
681 2741
682 2681
683 2742
684 2759
685 3020
686 3059
687 2956
688 3130
689 2967
690 2997
691 3114
692 2934
693 2984
694 2947
695 2952
696 2786
697 2812
698 2948
699 3153
700 2897
701 2609
702 2743
703 2755
704 2619
705 2587
706 2732
707 2791
708 2641
709 2507
710 2651
711 2442
712 2573
713 2606
714 2514
715 2473
716 2486
717 2597
718 2509
719 2394
720 2370
721 2337
722 2585
723 2698
724 2863
725 3234
726 3406
727 3696
728 3795
729 3792
730 3813
731 3827
732 3625
733 3616
734 3804
735 4005
736 3927
737 4095
738 4015
739 3903
740 3827
741 3792
742 4100
743 4008
744 4046
745 4163
746 3942
747 4120
748 4067
749 3970
750 4232
751 4064
752 4017
753 4197
754 3777
755 3716
756 3723
757 3429
758 3224
759 3150
760 3108
761 3118
762 2949
763 2751
764 2720
765 2528
766 2322
767 2174
768 2065
769 1946
770 1867
771 1846
772 1789
773 1969
774 2221
775 2264
776 2563
777 2564
778 2735
779 2829
780 2877
781 2811
782 2775
783 2768
784 2790
785 2744
786 2688
787 2597
788 2628
789 2743
790 2791
791 2693
792 2693
793 2502
794 2623
795 2677
796 3058
797 3171
798 3430
799 3609
800 3744
801 3852
802 3724
803 3697
804 4076
805 3999
806 3886
807 3996
808 3891
809 3883
810 3806
811 3726
812 3520
813 3420
814 3412
815 3329
816 3629
817 3691
818 3645
819 3691
820 3918
821 3946
822 3965
823 3769
824 3683
825 3967
826 4152
827 4247
828 3993
829 4243
830 4094
831 4384
832 4348
833 4259
834 4051
835 4074
836 3794
837 4076
838 4438
839 4144
840 4160
841 4017
842 3926
843 3883
844 3947
845 3977
846 4152
847 4581
848 4476
849 4540
850 4682
851 4771
852 4892
853 5009
854 4963
855 4984
856 5364
857 5278
858 5032
859 4768
860 5086
861 5109
862 5600
863 6075
864 6479
865 6066
866 5302
867 4913
868 4449
869 4128
870 4245
871 4332
872 4488
873 4560
874 4328
875 4308
876 4142
877 4251
878 4103
879 3825
880 3978
881 3942
882 3779
883 3481
884 3677
885 3957
886 3844
887 3846
888 3557
889 3675
890 3499
891 3659
892 3500
893 3516
894 3524
895 3483
896 3504
897 3374
898 3562
899 3490
900 3645
901 3568
902 3360
903 3357
904 3258
905 3260
906 3355
907 3310
908 3394
909 3505
910 3470
911 3479
912 3492
913 3550
914 3487
915 3575
916 3604
917 3525
918 3554
919 3593
920 3721
921 3387
922 3482
923 3356
924 3463
925 3312
926 3259
927 3357
928 3326
929 3372
930 3174
931 3233
932 3128
933 3172
934 3078
935 3172
936 3260
937 3192
938 3327
939 3268
940 3316
941 3301
942 3300
943 3267
944 3278
945 3218
946 3212
947 3083
948 3042
949 3005
950 2981
951 2837
952 2873
953 2912
954 2968
955 3065
956 2972
957 2957
958 2960
959 3038
960 3010
961 3093
962 3059
963 3063
964 3180
965 3132
966 3221
967 3074
968 2791
969 2943
970 2974
971 2883
972 3054
973 2871
974 2658
975 2598
976 2616
977 2535
978 2540
979 2407
980 2348
981 2361
982 2278
983 2154
984 2180
985 2142
986 2118
987 2135
988 2137
989 2108
990 2135
991 2030
992 1999
993 2046
994 2158
995 2113
996 2092
997 2092
998 2031
999 2074
1000 2142
1001 2129
1002 2188
1003 2138
1004 2161
1005 2160
1006 2189
1007 2119
1008 2168
1009 2099
1010 2204
1011 2115
1012 2167
1013 2175
1014 2192
1015 2310
1016 2327
1017 2310
1018 2213
1019 2292
1020 2237
1021 2266
1022 2325
1023 2386
1024 2461
1025 2545
1026 2604
1027 2634
1028 2729
1029 2694
1030 2651
1031 2788
1032 2814
1033 2759
1034 2866
1035 2830
1036 2932
1037 2891
1038 2900
1039 2862
1040 2777
1041 2659
1042 2706
1043 2504
1044 2544
1045 2414
1046 2385
1047 2377
1048 2353
1049 2309
1050 2057
1051 2026
1052 1980
1053 2077
1054 1908
1055 1934
1056 1926
1057 1902
1058 1832
1059 1957
1060 1901
1061 1912
1062 2017
1063 2097
1064 2119
1065 2222
1066 2322
1067 2211
1068 2323
1069 2455
1070 2671
1071 2757
1072 2680
1073 2797
1074 2971
1075 3028
1076 3056
1077 3216
1078 3214
1079 3319
1080 3236
1081 3322
1082 3228
1083 3232
1084 3257
1085 3289
1086 3478
1087 3565
1088 3742
1089 3758
1090 3822
1091 3894
1092 3981
1093 3884
1094 3984
1095 3907
1096 3969
1097 3732
1098 3677
1099 3390
1100 3316
1101 3121
1102 3025
1103 2869
1104 2688
1105 2610
1106 2479
1107 2555
1108 2376
1109 2325
1110 2368
1111 2396
1112 2538
1113 2440
1114 2535
1115 2526
1116 2597
1117 2514
1118 2516
1119 2654
1120 2601
1121 2925
1122 2901
1123 3298
1124 3320
1125 3446
1126 3521
1127 3407
1128 3352
1129 3395
1130 3452
1131 3411
1132 3352
1133 3432
1134 3309
1135 3507
1136 3440
1137 3527
1138 3455
1139 3491
1140 3583
1141 3532
1142 3593
1143 3577
1144 3397
1145 3469
1146 3465
1147 3452
1148 3406
1149 3189
1150 3288
1151 3483
1152 3475
1153 3351
1154 3405
1155 3355
1156 3446
1157 3287
1158 3218
1159 3087
1160 3002
1161 3018
1162 3036
1163 3236
1164 3078
1165 3046
1166 3063
1167 3098
1168 3118
1169 3138
1170 3040
1171 2944
1172 2827
1173 2867
1174 2835
1175 2749
1176 2646
1177 2707
1178 2734
1179 2838
1180 2824
1181 2770
1182 2862
1183 2995
1184 3102
1185 3207
1186 3220
1187 3214
1188 3143
1189 3332
1190 3509
1191 3626
1192 3525
1193 3734
1194 3784
1195 4086
1196 4164
1197 4264
1198 4353
1199 4350
1200 4364
1201 4474
1202 4475
1203 4347
1204 4387
1205 4179
1206 4434
1207 4438
1208 4208
1209 4374
1210 4734
1211 4423
1212 4603
1213 4547
1214 4798
1215 4967
1216 5187
1217 5260
1218 5547
1219 5588
1220 5705
1221 5711
1222 5690
1223 5840
1224 5515
1225 5384
1226 5248
1227 5265
1228 5129
1229 4917
1230 4871
1231 4885
1232 4946
1233 4699
1234 4613
1235 4382
1236 4391
1237 4225
1238 4211
1239 4232
1240 4443
1241 4375
1242 4469
1243 4519
1244 4366
1245 4211
1246 4459
1247 4513
1248 4490
1249 4554
1250 4943
1251 4939
1252 4907
1253 5036
1254 5012
1255 4861
1256 4907
1257 5050
1258 4918
1259 4607
1260 4312
1261 3955
1262 3802
1263 3573
1264 3649
1265 3634
1266 3703
1267 3673
1268 3674
1269 3908
1270 4061
1271 4111
1272 4138
1273 4004
1274 4085
1275 4001
1276 4011
1277 3710
1278 3652
1279 3703
1280 3810
1281 3943
1282 4044
1283 3924
1284 4166
1285 4153
1286 4539
1287 4602
1288 4805
1289 4768
1290 4962
1291 5239
1292 5413
1293 5713
1294 5948
1295 6072
1296 5908
1297 6034
1298 5950
1299 5920
1300 6082
1301 6107
1302 5996
1303 6096
1304 5998
1305 5936
1306 5992
1307 5998
1308 5858
1309 5862
1310 5612
1311 5640
1312 5521
1313 5551
1314 5445
1315 5342
1316 5210
1317 4989
1318 5068
1319 5047
1320 4849
1321 4907
1322 4903
1323 4784
1324 4891
1325 4844
1326 4810
1327 4786
1328 4844
1329 4688
1330 4650
1331 4707
1332 4623
1333 4608
1334 4478
1335 4625
1336 4545
1337 4424
1338 4458
1339 4530
1340 4455
1341 4515
1342 4599
1343 4703
1344 4845
1345 4933
1346 4905
1347 4965
1348 4726
1349 4872
1350 4728
1351 4816
1352 4867
1353 4866
1354 4886
1355 4868
1356 4848
1357 4722
1358 4996
1359 4864
1360 4849
1361 4966
1362 4944
1363 5092
1364 5045
1365 5230
1366 5352
1367 5403
1368 5253
1369 5150
1370 5188
1371 5067
1372 5073
1373 4914
1374 4844
1375 4767
1376 4606
1377 4655
1378 4448
1379 4344
1380 4256
1381 4070
1382 4113
1383 3968
1384 3887
1385 3805
1386 3690
1387 3646
1388 3651
1389 3446
1390 3573
1391 3644
1392 3692
1393 3405
1394 3412
1395 3378
1396 3215
1397 3163
1398 3115
1399 3049
1400 3044
1401 2854
1402 2595
1403 2515
1404 2309
1405 2240
1406 2156
1407 2139
1408 2031
1409 2140
1410 2187
1411 2203
1412 2082
1413 2225
1414 2290
1415 2265
1416 2300
1417 2453
1418 2479
1419 2335
1420 2498
1421 2556
1422 2571
1423 2637
1424 2929
1425 2908
1426 2941
1427 2897
1428 2824
1429 2791
1430 2635
1431 2543
1432 2540
1433 2545
1434 2585
1435 2597
1436 2652
1437 2449
1438 2464
1439 2468
1440 2368
1441 2395
1442 2361
1443 2405
1444 2461
1445 2434
1446 2335
1447 2398
1448 2451
1449 2372
1450 2372
1451 2452
1452 2531
1453 2807
1454 2682
1455 2733
1456 2624
1457 2807
1458 2708
1459 2752
1460 2858
1461 2918
1462 2942
1463 3013
1464 3089
1465 3412
1466 3547
1467 3595
1468 3430
1469 3058
1470 2837
1471 2915
1472 2970
1473 2865
1474 2942
1475 2858
1476 2745
1477 2671
1478 2841
1479 2709
1480 2426
1481 2524
1482 2399
1483 2261
1484 2219
1485 2134
1486 2051
1487 2202
1488 2165
1489 2151
1490 2079
1491 2276
1492 2380
1493 2390
1494 2405
1495 2408
1496 2668
1497 2849
1498 3016
1499 3105
1500 2965
1501 2884
1502 2854
1503 2754
1504 2743
1505 2772
1506 2968
1507 3057
1508 2986
1509 2902
1510 3161
1511 3366
1512 3500
1513 3263
1514 3068
1515 3151
1516 3256
1517 3245
1518 3413
1519 3416
1520 3255
1521 3315
1522 3379
1523 3375
1524 3591
1525 3433
1526 3442
1527 3605
1528 3627
1529 3612
1530 3409
1531 3365
1532 3405
1533 3412
1534 3428
1535 3178
1536 3212
1537 2886
1538 2856
1539 2666
1540 2891
1541 3021
1542 3170
1543 3080
1544 3208
1545 3093
1546 2992
1547 3159
1548 3201
1549 3197
1550 3162
1551 3021
1552 3198
1553 3132
1554 3121
1555 3136
1556 3186
1557 3462
1558 3613
1559 3751
1560 3997
1561 4204
1562 4172
1563 4331
1564 4392
1565 4867
1566 5137
1567 5346
1568 5512
1569 5652
1570 5862
1571 6021
1572 6099
1573 6483
1574 6792
1575 6936
1576 6832
1577 7141
1578 7606
1579 7452
1580 7698
1581 8088
1582 7842
1583 7839
1584 7948
1585 7987
1586 8099
1587 7913
1588 7814
1589 7738
1590 7568
1591 7373
1592 7041
1593 6893
1594 6696
1595 6541
1596 6297
1597 5998
1598 5456
1599 5014
1600 4799
1601 4681
1602 4611
1603 4438
1604 4689
1605 4560
1606 4677
1607 4638
1608 4851
1609 4698
1610 4672
1611 4679
1612 4261
1613 4333
1614 4189
1615 4090
1616 3966
1617 3691
1618 3649
1619 3639
1620 3468
1621 3404
1622 3301
1623 3245
1624 3209
1625 3322
1626 3204
1627 3229
1628 3307
1629 3591
1630 3635
1631 3698
1632 3849
1633 3847
1634 3775
1635 3802
1636 3721
1637 3799
1638 3999
1639 4079
1640 4271
1641 4213
1642 4224
1643 4488
1644 4393
1645 4390
1646 4507
1647 4614
1648 4747
1649 5224
1650 5221
1651 5535
1652 5503
1653 5456
1654 5219
1655 5205
1656 5058
1657 4938
1658 5024
1659 4988
1660 4766
1661 4462
1662 4467
1663 4539
1664 4521
1665 4477
1666 4588
1667 4519
1668 4241
1669 3942
1670 3797
1671 3345
1672 3403
1673 3229
1674 3004
1675 2915
1676 2748
1677 2923
1678 2801
1679 2853
1680 2917
1681 2893
1682 2775
1683 2701
1684 2699
1685 2640
1686 2501
1687 2497
1688 2507
1689 2376
1690 2309
1691 2399
1692 2374
1693 2405
1694 2349
1695 2306
1696 2335
1697 2307
1698 2577
1699 2565
1700 2602
1701 2755
1702 2840
1703 2692
1704 2532
1705 2678
1706 2660
1707 2742
1708 2704
1709 2599
1710 2584
1711 2595
1712 2682
1713 2479
1714 2515
1715 2629
1716 2877
1717 3008
1718 3037
1719 3026
1720 2962
1721 2862
1722 2778
1723 2677
1724 2514
1725 2448
1726 2220
1727 2129
1728 1964
1729 1879
1730 1819
1731 1762
1732 1695
1733 1792
1734 1658
1735 1500
1736 1379
1737 1249
1738 1167
1739 1139
1740 1165
1741 1177
1742 1094
1743 1044
1744 1056
1745 1092
1746 1085
1747 1066
1748 1086
1749 1093
1750 1115
1751 1051
1752 1146
1753 1059
1754 1019
1755 1041
1756 1040
1757 1200
1758 1239
1759 1278
1760 1233
1761 1287
1762 1384
1763 1455
1764 1584
1765 1667
1766 1622
1767 1767
1768 1829
1769 1810
1770 1849
1771 2019
1772 1971
1773 1950
1774 1966
1775 1987
1776 1908
1777 1931
1778 1917
1779 1995
1780 2049
1781 2065
1782 2124
1783 2195
1784 2300
1785 2304
1786 2314
1787 2339
1788 2391
1789 2390
1790 2375
1791 2457
1792 2448
1793 2422
1794 2373
1795 2237
1796 2350
1797 2460
1798 2463
1799 2446
1800 2376
1801 2234
1802 2217
1803 2180
1804 2192
1805 2209
1806 2256
1807 2242
1808 2307
1809 2207
1810 2174
1811 2193
1812 2171
1813 1969
1814 1857
1815 1901
1816 1876
1817 1869
1818 1814
1819 1716
1820 1601
1821 1637
1822 1555
1823 1570
1824 1587
1825 1598
1826 1583
1827 1624
1828 1500
1829 1448
1830 1509
1831 1452
1832 1449
1833 1220
1834 1241
1835 1248
1836 1339
1837 1199
1838 1214
1839 1250
1840 1323
1841 1295
1842 1193
1843 1282
1844 1229
1845 1286
1846 1200
1847 1273
1848 1356
1849 1364
1850 1374
1851 1202
1852 1084
1853 1099
1854 1263
1855 1286
1856 1401
1857 1439
1858 1325
1859 1284
1860 1294
1861 1257
1862 1114
1863 1056
1864 1037
1865 998
1866 1079
1867 966
1868 1030
1869 1019
1870 1045
1871 971
1872 961
1873 989
1874 948
1875 995
1876 977
1877 881
1878 872
1879 911
1880 852
1881 802
1882 787
1883 831
1884 757
1885 752
1886 668
1887 674
1888 660
1889 623
1890 621
1891 657
1892 680
1893 621
1894 618
1895 598
1896 619
1897 628
1898 643
1899 623
1900 586
1901 689
1902 638
1903 628
1904 620
1905 616
1906 655
1907 643
1908 689
1909 660
1910 576
1911 657
1912 625
1913 629
1914 576
1915 614
1916 647
1917 620
1918 502
1919 565
1920 511
1921 506
1922 530
1923 492
1924 512
1925 459
1926 563
1927 599
1928 593
1929 572
1930 634
1931 575
1932 585
1933 637
1934 611
1935 660
1936 620
1937 609
1938 651
1939 622
1940 584
1941 627
1942 667
1943 707
1944 750
1945 824
1946 992
1947 1016
1948 1118
1949 1126
1950 988
1951 1058
1952 1154
1953 1130
1954 1136
1955 1089
1956 1100
1957 1046
1958 1053
1959 1120
1960 1110
1961 1264
1962 1261
1963 1288
1964 1302
1965 1410
1966 1383
1967 1360
1968 1349
1969 1353
1970 1416
1971 1454
1972 1424
1973 1349
1974 1307
1975 1363
1976 1403
1977 1410
1978 1376
1979 1542
1980 1747
1981 1822
1982 1880
1983 1908
1984 2087
1985 2167
1986 2194
1987 2182
1988 2223
1989 2314
1990 2341
1991 2435
1992 2383
1993 2397
1994 2345
1995 2279
1996 2321
1997 2266
1998 2298
1999 2258
2000 2356
2001 2428
2002 2388
2003 2482
2004 2503
2005 2646
2006 2712
2007 2618
2008 2546
2009 2621
2010 2567
2011 2490
2012 2565
2013 2624
2014 2504
2015 2477
2016 2515
2017 2369
2018 2212
2019 2304
2020 2259
2021 2200
2022 2028
2023 1972
2024 1847
2025 1832
2026 1965
2027 2042
2028 2020
2029 1914
2030 2030
2031 2060
2032 2178
2033 2108
2034 2201
2035 2195
2036 2409
2037 2542
2038 2739
2039 2860
2040 2917
2041 3035
2042 3028
2043 3141
2044 3037
2045 3125
2046 3136
2047 3231
2048 3213
2049 3086
2050 3073
2051 2929
2052 2786
2053 2796
2054 2892
2055 3052
2056 3236
2057 3198
2058 3427
2059 3317
2060 3481
2061 3512
2062 3582
2063 3671
2064 3820
2065 3504
2066 3720
2067 3606
2068 3494
2069 3534
2070 3566
2071 3470
2072 3568
2073 3592
2074 3547
2075 3720
2076 3737
2077 3706
2078 3451
2079 3461
2080 3372
2081 3958
2082 4520
2083 4638
2084 4897
2085 5440
2086 5400
2087 5484
2088 5710
2089 5671
2090 5881
2091 6021
2092 6040
2093 5689
2094 5808
2095 5460
2096 5640
2097 5473
2098 5804
2099 5893
2100 5791
2101 5241
2102 4920
2103 4729
2104 4116
2105 4007
2106 3949
2107 3765
2108 3696
2109 3697
2110 3554
2111 3586
2112 3663
2113 3657
2114 3463
2115 3557
2116 3353
2117 3551
2118 3401
2119 3397
2120 3148
2121 2943
2122 2755
2123 2757
2124 2755
2125 2811
2126 2885
2127 3192
2128 3657
2129 3618
2130 3510
2131 3435
2132 3499
2133 3306
2134 3367
2135 3467
2136 3380
2137 3511
2138 3529
2139 3672
2140 3724
2141 3743
2142 3746
2143 3690
2144 3573
2145 3629
2146 3512
2147 3430
2148 3446
2149 3662
2150 3810
2151 4044
2152 4101
2153 4256
2154 4124
2155 4117
2156 4226
2157 4250
2158 4551
2159 4720
2160 4938
2161 5122
2162 5344
2163 5287
2164 5335
2165 5388
2166 5730
2167 5711
2168 5801
2169 5659
2170 5599
2171 5289
2172 4988
2173 4589
2174 4415
2175 4226
2176 3994
2177 3760
2178 3671
2179 3576
2180 3354
2181 3378
2182 3310
2183 3293
2184 3339
2185 3266
2186 3387
2187 3531
2188 3620
2189 3589
2190 3672
2191 3766
2192 3774
2193 3563
2194 3515
2195 3468
2196 3597
2197 3608
2198 3656
2199 3815
2200 3972
2201 4301
2202 4428
2203 4554
2204 4511
2205 4637
2206 4745
2207 4783
2208 4497
2209 4353
2210 4515
2211 4764
2212 4935
2213 4973
2214 4747
2215 4735
2216 4533
2217 4230
2218 3929
2219 3592
2220 3555
2221 3080
2222 2940
2223 3135
2224 3276
2225 3496
2226 3707
2227 3906
2228 3929
2229 4276
2230 3999
2231 3816
2232 3643
2233 3570
2234 3794
2235 3814
2236 3890
2237 4145
2238 4297
2239 4674
2240 4748
2241 4796
2242 4602
2243 4452
2244 4791
2245 5140
2246 5336
2247 5549
2248 5927
2249 6390
2250 6676
2251 6767
2252 6871
2253 6867
2254 6870
2255 6974
2256 7110
2257 7106
2258 6877
2259 6548
2260 6196
2261 6135
2262 5831
2263 5486
2264 5556
2265 5624
2266 5937
2267 6390
2268 7122
2269 7523
2270 7569
2271 7598
2272 7604
2273 7218
2274 7129
2275 6944
2276 7230
2277 7064
2278 7207
2279 6776
2280 6872
2281 7048
2282 7330
2283 7345
2284 7002
2285 6690
2286 6814
2287 6215
2288 5930
2289 5762
2290 5525
2291 5104
2292 5062
2293 4648
2294 4480
2295 4454
2296 4447
2297 4451
2298 4793
2299 5297
2300 5405
2301 5654
2302 5531
2303 5450
2304 5302
2305 5462
2306 5673
2307 5773
2308 5571
2309 5430
2310 5578
2311 5639
2312 5377
2313 5339
2314 4992
2315 4773
2316 4857
2317 4684
2318 5062
2319 5085
2320 4920
2321 4792
2322 4805
2323 5265
2324 5646
2325 5513
2326 5672
2327 5733
2328 5784
2329 6091
2330 6203
2331 7044
2332 7297
2333 7552
2334 7260
2335 7177
2336 6854
2337 6546
2338 6376
2339 6738
2340 6626
2341 6633
2342 6199
2343 5620
2344 4730
2345 4175
2346 3847
2347 3554
2348 3350
2349 3212
2350 3337
2351 3330
2352 3527
2353 3502
2354 3528
2355 3534
2356 3596
2357 3926
2358 4254
2359 4243
2360 3919
2361 3613
2362 3767
2363 3807
2364 4192
2365 4353
2366 4468
2367 4831
2368 4874
2369 4801
2370 4475
2371 4045
2372 3899
2373 3798
2374 3609
2375 3701
2376 3834
2377 3957
2378 3941
2379 3964
2380 4156
2381 3893
2382 4144
2383 3960
2384 4160
2385 4271
2386 4241
2387 4604
2388 4731
2389 4842
2390 4831
2391 4755
2392 4910
2393 5032
2394 5027
2395 4847
2396 4963
2397 4937
2398 5275
2399 5207
2400 5095
2401 5059
2402 4881
2403 4821
2404 4739
2405 4637
2406 4787
2407 4756
2408 4675
2409 4744
2410 4719
2411 4779
2412 4922
2413 4744
2414 4718
2415 4883
2416 5022
2417 4929
2418 4802
2419 4720
2420 4816
2421 4691
2422 4706
2423 4673
2424 4398
2425 4390
2426 4361
2427 4509
2428 4607
2429 4442
2430 4181
2431 4327
2432 4161
2433 4032
2434 3975
2435 4237
2436 4353
2437 4288
2438 4359
2439 4338
2440 4614
2441 4731
2442 5002
2443 5014
2444 4853
2445 5014
2446 4962
2447 4983
2448 4941
2449 5009
2450 4950
2451 4955
2452 4722
2453 4853
2454 5003
2455 5056
2456 5153
2457 5220
2458 5184
2459 5116
2460 4986
2461 4753
2462 4802
2463 4845
2464 4978
2465 4794
2466 4867
2467 4637
2468 4341
2469 4449
2470 4488
2471 4356
2472 4143
2473 3572
2474 3664
2475 3521
2476 3653
2477 3460
2478 3462
2479 3369
2480 3464
2481 3262
2482 3337
2483 3390
2484 3338
2485 3278
2486 3116
2487 2852
2488 2666
2489 2535
2490 2663
2491 2818
2492 2650
2493 2657
2494 2667
2495 2867
2496 2847
2497 2584
2498 2684
2499 2718
2500 2583
2501 2735
2502 2886
2503 3145
2504 3272
2505 3389
2506 3392
2507 3372
2508 3340
2509 3116
2510 2986
2511 2949
2512 2957
2513 3105
2514 3044
2515 3191
2516 3256
2517 3370
2518 3393
2519 3486
2520 3552
2521 3561
2522 3604
2523 4003
2524 3864
2525 3775
2526 3743
2527 3594
2528 3510
2529 3464
2530 3476
2531 3517
2532 3416
2533 3492
2534 3492
2535 3538
2536 3522
2537 3603
2538 3452
2539 3365
2540 3414
2541 3328
2542 3275
2543 3215
2544 3316
2545 3302
2546 3257
2547 3262
2548 3142
2549 3149
2550 3204
2551 3304
2552 3450
2553 3390
2554 3437
2555 3394
2556 3255
2557 3190
2558 3072
2559 3130
2560 2948
2561 2877
2562 2718
2563 2696
2564 2892
2565 2815
2566 2835
2567 2865
2568 2970
2569 3309
2570 3262
2571 3423
2572 3474
2573 3379
2574 3664
2575 3756
2576 3744
2577 3638
2578 3687
2579 3592
2580 3629
2581 3404
2582 3583
2583 3446
2584 3385
2585 3353
2586 3225
2587 3274
2588 3062
2589 2942
2590 3081
2591 2975
2592 3041
2593 3009
2594 2895
2595 2851
2596 2790
2597 2668
2598 2704
2599 2624
2600 2554
2601 2536
2602 2460
2603 2414
2604 2490
2605 2418
2606 2371
2607 2205
2608 2404
2609 2346
2610 2450
2611 2447
2612 2511
2613 2601
2614 2689
2615 2727
2616 2887
2617 3057
2618 3124
2619 3229
2620 3203
2621 3165
2622 3261
2623 3219
2624 3263
2625 3262
2626 3293
2627 3565
2628 3492
2629 3666
2630 3639
2631 3705
2632 3693
2633 3568
2634 3723
2635 3708
2636 3817
2637 3823
2638 3714
2639 3704
2640 3612
2641 3736
2642 3769
2643 3995
2644 4040
2645 4101
2646 4118
2647 4231
2648 4107
2649 4369
2650 4470
2651 4340
2652 4523
2653 4425
2654 4609
2655 4782
2656 4714
2657 4677
2658 4691
2659 4566
2660 4606
2661 4523
2662 4364
2663 4518
2664 4456
2665 4487
2666 4593
2667 4730
2668 4731
2669 4979
2670 5250
2671 5356
2672 5573
2673 5505
2674 5495
2675 5564
2676 5487
2677 5181
2678 5316
2679 5054
2680 4984
2681 4780
2682 4783
2683 4644
2684 4494
2685 4511
2686 4357
2687 4258
2688 4012
2689 3781
2690 3706
2691 3532
2692 3602
2693 3815
2694 3759
2695 3644
2696 3545
2697 3473
2698 3626
2699 3601
2700 3414
2701 3428
2702 3571
2703 3719
2704 3857
2705 3852
2706 3753
2707 3884
2708 3877
2709 3757
2710 3737
2711 3791
2712 3798
2713 3892
2714 3988
2715 4007
2716 3927
2717 3885
2718 3863
2719 3912
2720 3794
2721 3929
2722 3928
2723 3967
2724 4056
2725 4052
2726 3962
2727 3767
2728 3735
2729 3724
2730 3868
2731 4062
2732 4226
2733 4564
2734 4905
2735 5514
2736 5704
2737 5786
2738 5983
2739 6266
2740 6541
2741 6692
2742 6714
2743 6355
2744 6444
2745 6131
2746 5851
2747 5388
2748 5114
2749 5045
2750 5036
2751 4831
2752 4691
2753 4746
2754 4606
2755 4378
2756 4385
2757 3930
2758 3781
2759 3392
2760 3515
2761 3341
2762 3405
2763 3356
2764 3343
2765 3160
2766 3205
2767 3081
2768 3078
2769 3202
2770 3251
2771 3400
2772 3340
2773 3405
2774 3385
2775 3170
2776 3219
2777 3257
2778 3015
2779 2882
2780 2869
2781 2793
2782 2725
2783 2880
2784 2934
2785 3047
2786 3103
2787 3255
2788 3148
2789 3192
2790 3261
2791 3245
2792 3416
2793 3465
2794 3466
2795 3395
2796 3297
2797 3274
2798 3357
2799 3467
2800 3486
2801 3441
2802 3572
2803 3606
2804 3541
2805 3727
2806 3585
2807 3314
2808 3269
2809 3169
2810 3186
2811 3326
2812 3521
2813 3597
2814 3606
2815 3746
2816 3462
2817 3396
2818 3445
2819 3265
2820 3045
2821 3055
2822 2983
2823 2902
2824 2998
2825 3098
2826 2969
2827 3103
2828 3377
2829 3349
2830 3146
2831 3205
2832 3413
2833 3446
2834 3129
2835 2986
2836 3022
2837 2930
2838 2940
2839 2720
2840 2730
2841 2954
2842 2974
2843 2980
2844 2889
2845 2869
2846 2688
2847 2372
2848 2456
2849 2599
2850 2682
2851 2744
2852 2831
2853 2826
2854 2960
2855 3018
2856 3125
2857 3340
2858 3444
2859 3451
2860 3528
2861 3487
2862 3502
2863 3599
2864 3750
2865 3841
2866 4073
2867 3866
2868 3686
2869 3805
2870 3742
2871 4091
2872 4256
2873 4205
2874 4080
2875 3931
2876 3848
2877 4105
2878 4084
2879 3851
2880 3844
2881 3641
2882 3524
2883 3485
2884 3293
2885 3296
2886 3139
2887 3185
2888 3221
2889 3110
2890 3026
2891 2880
2892 3000
2893 3086
2894 3217
2895 3431
2896 3368
2897 3458
2898 3374
2899 3613
2900 3724
2901 3647
2902 3433
2903 3143
2904 3061
2905 3302
2906 3414
2907 3577
2908 3698
2909 3339
2910 3423
2911 3458
2912 3583
2913 3685
2914 3662
2915 3628
2916 3515
2917 3498
2918 3334
2919 3318
2920 3514
2921 3672
2922 3523
2923 3472
2924 3400
2925 3278
2926 3553
2927 3589
2928 3446
2929 3813
2930 4039
2931 4131
2932 4131
2933 4528
2934 4873
2935 4986
2936 4898
2937 4969
2938 4932
2939 4706
2940 4587
2941 4132
2942 3889
2943 3696
2944 3661
2945 3541
2946 3228
2947 3055
2948 3176
2949 3300
2950 3208
2951 3131
2952 3389
2953 3447
2954 3373
2955 3365
2956 3267
2957 3306
2958 3153
2959 3075
2960 3107
2961 2985
2962 2892
2963 2784
2964 2745
2965 2560
2966 2448
2967 2435
2968 2246
2969 2076
2970 2041
2971 1984
2972 1618
2973 1445
2974 1552
2975 1359
2976 1389
2977 1382
2978 1609
2979 1745
2980 1864
2981 2010
2982 1844
2983 1739
2984 1600
2985 1579
2986 1564
2987 1418
2988 1432
2989 1479
2990 1521
2991 1519
2992 1361
2993 1331
2994 1426
2995 1423
2996 1375
2997 1417
2998 1184
2999 1184
3000 1217
3001 1254
3002 1346
3003 1547
3004 1730
3005 1713
3006 1794
3007 1953
3008 2045
3009 2302
3010 2359
3011 2661
3012 2851
3013 2948
3014 3008
3015 3069
3016 3158
3017 3167
3018 3572
3019 3702
3020 3772
3021 3680
3022 3786
3023 3479
3024 3383
3025 3421
3026 3101
3027 3052
3028 2963
3029 3060
3030 3223
3031 3351
3032 3443
3033 3571
3034 3764
3035 4003
3036 4280
3037 4506
3038 4513
3039 4774
3040 4870
3041 4935
3042 5073
3043 5131
3044 5000
3045 4691
3046 4592
3047 4815
3048 4708
3049 4798
3050 4960
3051 5208
3052 5539
3053 5620
3054 5695
3055 5724
3056 5740
3057 5485
3058 5241
3059 4929
3060 4873
3061 4652
3062 4628
3063 4339
3064 4364
3065 4327
3066 4270
3067 4311
3068 4444
3069 4458
3070 4500
3071 4457
3072 4384
3073 4509
3074 4776
3075 5116
3076 5183
3077 5436
3078 5993
3079 6342
3080 6368
3081 6762
3082 6859
3083 7064
3084 7115
3085 7212
3086 7085
3087 7016
3088 6597
3089 6235
3090 6038
3091 5740
3092 5065
3093 4867
3094 5022
3095 5142
3096 5139
3097 5246
3098 5557
3099 5794
3100 5762
3101 6006
3102 5949
3103 5949
3104 6302
3105 6200
3106 6267
3107 6137
3108 5943
3109 5687
3110 5666
3111 5519
3112 5397
3113 5674
3114 5608
3115 5158
3116 5050
3117 4879
3118 4599
3119 4667
3120 4554
3121 4432
3122 4501
3123 4702
3124 4778
3125 4659
3126 4563
3127 4600
3128 4592
3129 4849
3130 4748
3131 4777
3132 4839
3133 4560
3134 4606
3135 4433
3136 4558
3137 4113
3138 3952
3139 3766
3140 3578
3141 3404
3142 3236
3143 2837
3144 2711
3145 2721
3146 2880
3147 2942
3148 3128
3149 3307
3150 3618
3151 3879
3152 4098
3153 4406
3154 4087
3155 4293
3156 4204
3157 4162
3158 4196
3159 4033
3160 3641
3161 3479
3162 3280
3163 3037
3164 2868
3165 2876
3166 2798
3167 2599
3168 2555
3169 2716
3170 2744
3171 2851
3172 3129
3173 3173
3174 3459
3175 3585
3176 3422
3177 3354
3178 3340
3179 3217
3180 3190
3181 3235
3182 3020
3183 3011
3184 3023
3185 2952
3186 3059
3187 3183
3188 3078
3189 2800
3190 2862
3191 2926
3192 2813
3193 2648
3194 2740
3195 2757
3196 2866
3197 2629
3198 2576
3199 2412
3200 2439
3201 2392
3202 2443
3203 2535
3204 2783
3205 2851
3206 2870
3207 2793
3208 2856
3209 2810
3210 2565
3211 2483
3212 2183
3213 1980
3214 1942
3215 2036
3216 2301
3217 2639
3218 2790
3219 2841
3220 2981
3221 2952
3222 2649
3223 2691
3224 2727
3225 2689
3226 3003
3227 3396
3228 3755
3229 4024
3230 4115
3231 4206
3232 4428
3233 4660
3234 4927
3235 5130
3236 5398
3237 5428
3238 5237
3239 5336
3240 5263
3241 5029
3242 5226
3243 5093
3244 4683
3245 4518
3246 4475
3247 4504
3248 4403
3249 4153
3250 3578
3251 3102
3252 2799
3253 2497
3254 2316
3255 2116
3256 2072
3257 2099
3258 2287
3259 2136
3260 2148
3261 2267
3262 2345
3263 2202
3264 2187
3265 2028
3266 1911
3267 1745
3268 1599
3269 1742
3270 1724
3271 1711
3272 1706
3273 1767
3274 1733
3275 1833
3276 1855
3277 1875
3278 1986
3279 1932
3280 2011
3281 2099
3282 2118
3283 1977
3284 1813
3285 1885
3286 1872
3287 1923
3288 1899
3289 1863
3290 1855
3291 1882
3292 1901
3293 1892
3294 2009
3295 2167
3296 2173
3297 2232
3298 2333
3299 2437
3300 2539
3301 2646
3302 2582
3303 2620
3304 2683
3305 2720
3306 2676
3307 2609
3308 2605
3309 2686
3310 2733
3311 2765
3312 2803
3313 2723
3314 2801
3315 2801
3316 2696
3317 2551
3318 2743
3319 2863
3320 2803
3321 2709
3322 2808
3323 2760
3324 2738
3325 2747
3326 2771
3327 2877
3328 2797
3329 2820
3330 2824
3331 2690
3332 2663
3333 2774
3334 2796
3335 2808
3336 2857
3337 2772
3338 2762
3339 2636
3340 2612
3341 2602
3342 2702
3343 2808
3344 2662
3345 2460
3346 2325
3347 2254
3348 2238
3349 2093
3350 1999
3351 1960
3352 1912
3353 1789
3354 1928
3355 1798
3356 1893
3357 1875
3358 1826
3359 1750
3360 1595
3361 1612
3362 1506
3363 1452
3364 1331
3365 1336
3366 1244
3367 1226
3368 1142
3369 1202
3370 1247
3371 1308
3372 1386
3373 1338
3374 1396
3375 1392
3376 1357
3377 1397
3378 1441
3379 1500
3380 1487
3381 1449
3382 1442
3383 1429
3384 1396
3385 1503
3386 1478
3387 1499
3388 1530
3389 1579
3390 1614
3391 1640
3392 1742
3393 1716
3394 1627
3395 1569
3396 1651
3397 1760
3398 1826
3399 1693
3400 1602
3401 1603
3402 1643
3403 1679
3404 1569
3405 1648
3406 1790
3407 1722
3408 1717
3409 1690
3410 1746
3411 1766
3412 1662
3413 1708
3414 1627
3415 1533
3416 1439
3417 1421
3418 1465
3419 1355
3420 1355
3421 1247
3422 1113
3423 1119
3424 1148
3425 1073
3426 1043
3427 1097
3428 942
3429 1012
3430 1006
3431 955
3432 993
3433 940
3434 986
3435 1020
3436 1103
3437 1154
3438 1110
3439 1187
3440 1246
3441 1180
3442 1340
3443 1403
3444 1367
3445 1277
3446 1279
3447 1265
3448 1310
3449 1324
3450 1325
3451 1446
3452 1501
3453 1544
3454 1505
3455 1529
3456 1611
3457 1792
3458 1950
3459 1950
3460 1945
3461 1963
3462 2011
3463 2098
3464 2099
3465 2127
3466 2013
3467 2094
3468 1946
3469 2009
3470 2129
3471 2194
3472 2053
3473 2177
3474 2306
3475 2324
3476 2406
3477 2568
3478 2535
3479 2484
3480 2651
3481 2700
3482 2716
3483 2676
3484 2907
3485 3029
3486 3052
3487 3172
3488 3305
3489 3241
3490 3280
3491 3416
3492 3441
3493 3330
3494 3146
3495 2909
3496 2765
3497 2605
3498 2417
3499 2043
3500 2007
3501 1807
3502 1866
3503 1925
3504 1813
3505 1792
3506 1679
3507 1743
3508 1714
3509 1744
3510 1797
3511 1754
3512 1824
3513 1895
3514 1924
3515 2207
3516 2381
3517 2718
3518 3044
3519 3148
3520 3250
3521 3446
3522 3500
3523 3443
3524 3510
3525 3467
3526 3503
3527 3581
3528 3596
3529 3770
3530 4382
3531 4783
3532 5074
3533 5271
3534 5751
3535 6044
3536 6065
3537 6144
3538 6361
3539 6344
3540 6181
3541 5889
3542 5596
3543 5618
3544 5608
3545 5511
3546 5160
3547 5015
3548 4939
3549 5206
3550 5141
3551 5194
3552 5348
3553 5357
3554 5346
3555 5262
3556 5252
3557 5281
3558 5327
3559 4964
3560 4573
3561 4432
3562 3859
3563 3679
3564 3373
3565 3341
3566 3195
3567 3143
3568 3230
3569 3166
3570 2952
3571 2737
3572 2675
3573 2583
3574 2581
3575 2641
3576 2525
3577 2321
3578 2265
3579 2267
3580 2061
3581 2031
3582 2115
3583 2323
3584 2258
3585 2407
3586 2300
3587 2236
3588 2345
3589 2311
3590 2133
3591 2373
3592 2382
3593 2372
3594 2374
3595 2257
3596 2653
3597 2899
3598 2850
3599 2572
3600 2217
3601 2141
3602 1863
3603 1749
3604 1658
3605 1736
3606 1791
3607 1720
3608 1823
3609 1854
3610 1835
3611 1980
3612 2046
3613 2156
3614 2163
3615 2213
3616 2363
3617 2382
3618 2534
3619 2606
3620 2769
3621 2764
3622 2831
3623 2904
3624 2976
3625 3060
3626 2909
3627 3054
3628 3386
3629 3539
3630 3629
3631 3651
3632 3703
3633 3803
3634 3888
3635 3941
3636 4005
3637 4283
3638 4308
3639 4444
3640 4474
3641 4683
3642 4768
3643 4907
3644 4832
3645 4994
3646 5141
3647 5152
3648 5174
3649 5181
3650 5184
3651 5294
3652 5102
3653 5124
3654 5122
3655 5001
3656 4567
3657 4707
3658 4794
3659 4683
3660 4779
3661 4610
3662 4515
3663 3934
3664 3772
3665 3541
3666 3295
3667 3205
3668 3290
3669 3381
3670 3483
3671 3307
3672 3178
3673 3133
3674 2719
3675 2607
3676 2421
3677 2406
3678 2304
3679 2099
3680 2106
3681 1984
3682 2040
3683 1848
3684 1843
3685 1832
3686 1928
3687 2207
3688 2377
3689 2530
3690 2808
3691 2762
3692 2567
3693 2593
3694 2735
3695 2868
3696 2914
3697 3158
3698 3368
3699 3478
3700 3725
3701 3822
3702 3789
3703 3879
3704 3952
3705 3764
3706 3577
3707 3670
3708 3436
3709 3679
3710 3769
3711 3657
3712 3687
3713 3838
3714 3975
3715 3813
3716 3691
3717 3595
3718 3634
3719 3679
3720 3420
3721 3479
3722 3411
3723 3273
3724 3342
3725 3352
3726 3295
3727 3259
3728 3425
3729 3176
3730 2973
3731 2880
3732 2482
3733 2447
3734 2311
3735 2297
3736 2261
3737 2402
3738 2246
3739 2287
3740 2320
3741 2538
3742 2658
3743 2855
3744 3077
3745 3307
3746 3433
3747 3448
3748 3262
3749 3297
3750 3155
3751 3130
3752 3374
3753 3400
3754 3609
3755 3852
3756 3953
3757 4134
3758 4122
3759 4327
3760 4519
3761 4757
3762 4817
3763 4984
3764 5063
3765 5230
3766 5174
3767 5378
3768 5646
3769 5849
3770 5941
3771 5821
3772 5947
3773 6252
3774 6445
3775 6660
3776 7287
3777 7409
3778 7106
3779 7022
3780 6893
3781 6783
3782 6681
3783 6225
3784 6069
3785 5609
3786 5568
3787 5346
3788 5171
3789 4985
3790 5193
3791 5026
3792 5121
3793 5032
3794 4683
3795 4649
3796 4462
3797 4491
3798 4387
3799 4353
3800 4264
3801 4173
3802 3976
3803 3902
3804 3684
3805 3730
3806 3677
3807 3817
3808 3829
3809 3772
3810 3741
3811 3705
3812 3624
3813 3569
3814 3906
3815 3845
3816 3996
3817 4488
3818 4390
3819 4495
3820 4656
3821 4627
3822 4761
3823 5072
3824 4833
3825 5096
3826 5280
3827 5399
3828 4984
3829 4817
3830 4595
3831 4602
3832 4579
3833 4409
3834 4502
3835 4424
3836 4408
3837 4334
3838 4267
3839 4316
3840 4480
3841 4422
3842 4391
3843 4542
3844 4845
3845 4682
3846 4450
3847 4306
3848 4374
3849 4680
3850 4728
3851 4817
3852 5020
3853 4972
3854 5096
3855 5045
3856 4658
3857 4417
3858 4320
3859 4110
3860 3784
3861 3722
3862 3261
3863 2963
3864 2734
3865 2630
3866 2446
3867 2473
3868 2407
3869 2405
3870 2468
3871 2390
3872 2273
3873 2038
3874 1969
3875 1959
3876 1999
3877 1939
3878 2048
3879 2241
3880 2167
3881 2331
3882 2574
3883 2732
3884 2769
3885 3130
3886 3174
3887 2991
3888 3324
3889 3407
3890 3314
3891 3372
3892 3255
3893 2995
3894 3020
3895 2968
3896 2766
3897 2722
3898 2552
3899 2486
3900 2536
3901 2565
3902 2554
3903 2318
3904 2244
3905 2293
3906 2135
3907 2400
3908 2444
3909 2527
3910 2757
3911 2994
3912 2919
3913 2934
3914 3212
3915 3257
3916 3508
3917 2995
3918 2795
3919 2669
3920 2430
3921 2350
3922 2462
3923 2666
3924 2863
3925 3011
3926 3093
3927 3265
3928 3261
3929 2993
3930 2936
3931 3046
3932 3009
3933 3023
3934 3493
3935 4098
3936 4527
3937 4401
3938 4028
3939 4016
3940 3814
3941 4172
3942 4464
3943 4743
3944 4802
3945 4554
3946 4402
3947 3860
3948 3453
3949 3425
3950 3695
3951 3662
3952 3599
3953 3503
3954 3629
3955 3783
3956 3791
3957 3835
3958 4162
3959 4110
3960 4291
3961 4360
3962 4642
3963 4834
3964 5279
3965 5526
3966 5779
3967 5479
3968 5461
3969 5324
3970 5304
3971 5263
3972 5312
3973 5185
3974 5034
3975 4770
3976 4866
3977 4605
3978 4483
3979 4126
3980 3948
3981 3690
3982 3436
3983 3341
3984 3501
3985 3708
3986 3907
3987 4071
3988 4018
3989 4004
3990 4231
3991 4178
3992 4130
3993 4203
3994 4172
3995 4042
3996 4354
3997 4605
3998 4664
3999 4766
4000 4879
4001 4998
4002 5086
4003 5323
4004 5241
4005 5414
4006 5329
4007 5553
4008 5744
4009 5913
4010 6246
4011 6219
4012 6516
4013 6294
4014 6288
4015 6126
4016 6008
4017 6051
4018 6375
4019 6432
4020 6571
4021 6755
4022 7072
4023 7333
4024 7413
4025 7341
4026 7173
4027 7173
4028 6986
4029 6790
4030 6507
4031 6277
4032 5865
4033 5434
4034 5250
4035 5267
4036 4826
4037 4655
4038 4540
4039 4588
4040 4473
4041 4340
4042 4086
4043 4195
4044 4119
4045 4408
4046 4451
4047 4340
4048 4268
4049 4230
4050 4341
4051 4387
4052 4290
4053 4369
4054 4420
4055 4389
4056 4096
4057 3972
4058 3984
4059 3900
4060 3867
4061 3898
4062 3917
4063 3778
4064 3842
4065 3834
4066 4072
4067 4213
4068 4313
4069 4377
4070 4584
4071 4672
4072 4526
4073 4209
4074 4153
4075 4232
4076 4168
4077 4237
4078 4474
4079 4601
4080 4568
4081 4586
4082 4632
4083 4534
4084 4562
4085 4386
4086 4321
4087 4410
4088 4291
4089 4448
4090 4288
4091 4145
4092 4340
4093 4028
4094 3997
4095 3958
4096 3951
4097 4053
4098 3941
4099 3920
4100 3980
4101 3982
4102 3873
4103 3812
4104 3797
4105 3984
4106 3904
4107 4153
4108 4056
4109 4045
4110 4081
4111 3899
4112 3716
4113 3875
4114 3695
4115 3764
4116 3488
4117 3463
4118 3482
4119 3465
4120 3253
4121 3077
4122 2997
4123 3069
4124 3113
4125 2963
4126 2968
4127 2892
4128 2735
4129 2754
4130 2726
4131 2674
4132 2649
4133 2592
4134 2692
4135 2561
4136 2507
4137 2627
4138 2493
4139 2556
4140 2618
4141 2656
4142 2775
4143 2715
4144 2641
4145 2695
4146 2648
4147 2731
4148 2820
4149 2777
4150 2664
4151 2792
4152 2881
4153 2755
4154 2767
4155 2874
4156 2992
4157 2994
4158 2968
4159 2936
4160 2945
4161 2998
4162 2750
4163 3050
4164 3053
4165 3059
4166 3046
4167 2770
4168 2966
4169 2911
4170 2833
4171 2752
4172 2842
4173 2771
4174 2763
4175 2694
4176 2762
4177 2693
4178 2768
4179 2907
4180 2875
4181 2937
4182 3166
4183 3342
4184 3262
4185 3278
4186 3242
4187 3224
4188 3172
4189 3045
4190 2953
4191 2970
4192 2984
4193 2997
4194 3118
4195 2970
4196 2956
4197 2965
4198 2982
4199 2923
4200 3107
4201 3159
4202 3074
4203 3087
4204 2897
4205 2960
4206 2842
4207 2952
4208 3117
4209 3220
4210 3268
4211 3193
4212 3202
4213 3171
4214 3160
4215 3094
4216 3013
4217 2974
4218 3025
4219 2868
4220 2797
4221 2952
4222 3049
4223 2866
4224 2911
4225 2868
4226 2959
4227 2856
4228 2876
4229 3135
4230 3119
4231 3104
4232 3045
4233 2856
4234 2889
4235 2964
4236 2920
4237 2679
4238 2579
4239 2453
4240 2418
4241 2334
4242 2249
4243 2259
4244 2168
4245 2064
4246 2069
4247 2107
4248 2013
4249 1944
4250 2053
4251 2064
4252 2094
4253 2022
4254 2030
4255 2039
4256 2102
4257 2074
4258 2136
4259 2063
4260 2083
4261 2135
4262 2240
4263 2172
4264 2090
4265 2256
4266 2445
4267 2639
4268 2636
4269 2723
4270 2653
4271 2670
4272 2634
4273 2407
4274 2412
4275 2239
4276 2150
4277 2069
4278 2032
4279 1986
4280 2073
4281 1792
4282 1764
4283 1858
4284 1793
4285 1785
4286 1689
4287 1687
4288 1647
4289 1690
4290 1676
4291 1638
4292 1648
4293 1666
4294 1688
4295 1787
4296 1930
4297 2087
4298 2257
4299 2608
4300 2773
4301 2975
4302 3068
4303 3208
4304 3192
4305 3196
4306 3124
4307 3029
4308 3066
4309 3184
4310 3024
4311 3082
4312 3101
4313 3016
4314 3189
4315 3158
4316 3270
4317 3334
4318 3514
4319 3447
4320 3428
4321 3248
4322 3110
4323 2921
4324 2659
4325 2404
4326 2222
4327 2157
4328 2416
4329 2414
4330 2238
4331 2188
4332 2219
4333 2315
4334 2216
4335 2136
4336 2114
4337 1906
4338 1721
4339 1618
4340 1537
4341 1448
4342 1452
4343 1524
4344 1512
4345 1560
4346 1625
4347 1654
4348 1799
4349 1923
4350 2052
4351 1960
4352 2134
4353 2131
4354 2118
4355 2056
4356 2098
4357 2176
4358 2115
4359 2032
4360 2005
4361 1914
4362 1846
4363 1721
4364 1615
4365 1631
4366 1440
4367 1430
4368 1383
4369 1329
4370 1431
4371 1500
4372 1574
4373 1644
4374 1684
4375 1868
4376 1943
4377 2084
4378 2221
4379 2324
4380 2430
4381 2205
4382 2386
4383 2587
4384 2714
4385 2627
4386 2727
4387 2890
4388 2828
4389 2693
4390 2663
4391 2377
4392 2179
4393 2241
4394 2200
4395 2135
4396 1952
4397 1834
4398 2001
4399 2103
4400 2033
4401 2113
4402 2266
4403 2300
4404 2321
4405 2121
4406 1983
4407 1879
4408 1804
4409 1773
4410 1645
4411 1607
4412 1539
4413 1615
4414 1604
4415 1629
4416 1559
4417 1475
4418 1337
4419 1344
4420 1221
4421 1200
4422 1138
4423 1138
4424 1241
4425 1204
4426 1265
4427 1283
4428 1263
4429 1211
4430 1212
4431 1309
4432 1296
4433 1332
4434 1333
4435 1291
4436 1229
4437 1081
4438 1131
4439 1180
4440 1341
4441 1362
4442 1388
4443 1310
4444 1309
4445 1386
4446 1221
4447 1226
4448 1168
4449 1103
4450 1045
4451 1053
4452 1096
4453 1046
4454 1060
4455 1049
4456 1046
4457 1025
4458 1010
4459 949
4460 890
4461 979
4462 971
4463 862
4464 966
4465 971
4466 880
4467 876
4468 807
4469 766
4470 782
4471 752
4472 673
4473 730
4474 738
4475 733
4476 682
4477 638
4478 703
4479 636
4480 617
4481 668
4482 690
4483 755
4484 697
4485 646
4486 525
4487 540
4488 605
4489 591
4490 586
4491 673
4492 680
4493 661
4494 569
4495 573
4496 617
4497 643
4498 597
4499 596
4500 587
4501 520
4502 552
4503 557
4504 500
4505 546
4506 519
4507 535
4508 491
4509 490
4510 583
4511 579
4512 591
4513 582
4514 567
4515 605
4516 597
4517 663
4518 678
4519 669
4520 661
4521 637
4522 650
4523 630
4524 630
4525 643
4526 706
4527 741
4528 793
4529 909
4530 911
4531 1007
4532 1214
4533 1056
4534 1209
4535 1165
4536 1058
4537 1086
4538 1022
4539 1065
4540 1101
4541 1070
4542 1083
4543 1186
4544 1194
4545 1243
4546 1347
4547 1249
4548 1376
4549 1413
4550 1313
4551 1399
4552 1450
4553 1433
4554 1345
4555 1345
4556 1288
4557 1286
4558 1309
4559 1620
4560 1855
4561 1967
4562 2068
4563 2130
4564 2209
4565 2221
4566 2204
4567 2184
4568 2131
4569 2090
4570 1900
4571 1902
4572 1874
4573 1878
4574 1927
4575 2050
4576 1953
4577 2016
4578 1858
4579 1738
4580 1794
4581 1761
4582 1642
4583 1725
4584 1754
4585 1770
4586 1706
4587 1640
4588 1799
4589 1688
4590 1727
4591 1681
4592 1667
4593 1750
4594 1688
4595 1607
4596 1590
4597 1447
4598 1547
4599 1573
4600 1544
4601 1474
4602 1514
4603 1588
4604 1594
4605 1508
4606 1381
4607 1409
4608 1300
4609 1316
4610 1402
4611 1474
4612 1623
4613 1604
4614 1587
4615 1589
4616 1595
4617 1544
4618 1627
4619 1895
4620 2037
4621 2062
4622 1973
4623 1864
4624 1730
4625 1733
4626 1704
4627 1756
4628 1879
4629 1858
4630 2080
4631 1971
4632 1996
4633 2137
4634 2204
4635 2147
4636 2172
4637 2104
4638 2058
4639 1913
4640 1814
4641 1726
4642 1717
4643 1799
4644 1833
4645 1836
4646 1827
4647 1660
4648 1674
4649 1581
4650 1420
4651 1423
4652 1280
4653 1209
4654 1236
4655 1219
4656 1143
4657 1101
4658 1098
4659 1161
4660 1027
