0 7273
1 7273
2 7307
3 7236
4 7208
5 7079
6 6973
7 7080
8 7204
9 7074
10 7075
11 7187
12 7159
13 6951
14 6599
15 6604
16 6234
17 6002
18 5926
19 5705
20 5782
21 5672
22 5524
23 5297
24 5008
25 4930
26 4718
27 4498
28 4401
29 4258
30 4209
31 4128
32 3816
33 3788
34 3662
35 3690
36 3599
37 3436
38 3502
39 3504
40 3460
41 3444
42 3480
43 3529
44 3449
45 3602
46 3558
47 3307
48 3269
49 3144
50 2991
51 2946
52 2845
53 2792
54 2662
55 2707
56 2728
57 2599
58 2605
59 2545
60 2648
61 2588
62 2614
63 2446
64 2620
65 2720
66 2690
67 2530
68 2562
69 2676
70 2705
71 2671
72 2710
73 2597
74 2569
75 2497
76 2550
77 2594
78 2641
79 2649
80 2622
81 2561
82 2502
83 2426
84 2664
85 2728
86 2879
87 2878
88 3106
89 2922
90 3127
91 2968
92 3220
93 3152
94 3203
95 3408
96 3534
97 3576
98 3678
99 3584
100 3647
101 3689
102 3597
103 3617
104 3429
105 3458
106 3422
107 3470
108 3453
109 3436
110 3319
111 3220
112 3282
113 3231
114 3361
115 3305
116 3480
117 3334
118 3277
119 3353
120 3289
121 3200
122 3129
123 3320
124 3420
125 3295
126 3327
127 3158
128 2976
129 3005
130 2915
131 2768
132 2733
133 2602
134 2514
135 2447
136 2700
137 2723
138 2772
139 2737
140 2957
141 2873
142 2990
143 3007
144 3224
145 3384
146 3386
147 3465
148 3565
149 3634
150 3702
151 3619
152 3717
153 3761
154 3643
155 3772
156 3806
157 3826
158 3879
159 3825
160 3804
161 3774
162 3694
163 3706
164 3574
165 3610
166 3612
167 3687
168 3612
169 3498
170 3607
171 3701
172 3575
173 3772
174 3871
175 3762
176 3869
177 3836
178 3876
179 3798
180 3800
181 3734
182 3701
183 3664
184 3589
185 3616
186 3818
187 3675
188 3604
