0 4865
1 4865
2 4645
3 4848
4 4887
5 4876
6 4864
7 4870
8 4918
9 5029
10 5111
11 5290
12 5148
13 5191
14 5211
15 5172
16 4880
17 4949
18 4960
19 4811
20 5030
21 5380
22 5387
23 5674
24 5659
25 5693
26 5745
27 5853
28 5952
29 5879
30 5980
31 5919
32 5888
33 5829
34 5664
35 5811
36 5843
37 5604
38 5708
39 5579
40 5508
41 5358
42 5282
43 4861
44 5058
45 5278
46 5216
47 5491
48 5633
49 5730
50 5689
51 5550
52 5661
53 5506
54 5690
55 5535
56 5440
57 5433
58 5329
59 5041
60 4986
61 4794
62 4955
63 4939
64 4857
65 4845
66 4726
67 4798
68 4775
69 4784
70 4859
71 4651
72 4619
73 4598
74 4449
75 4396
76 4400
77 4463
78 4452
79 4478
80 4431
81 4298
82 4202
83 4076
84 4147
85 4155
86 4286
87 4104
88 3997
89 3933
90 3992
91 3922
92 3729
93 3754
94 3813
95 3683
96 3680
97 3700
98 3772
99 3847
100 3891
101 3970
102 4098
103 4194
104 4216
105 4102
106 4470
107 4446
108 4483
109 4453
110 4584
111 4631
112 4576
113 4568
114 4629
115 4810
116 4854
117 4857
118 4992
119 5108
120 5256
121 5029
122 5091
123 5037
124 4800
125 4694
126 4655
127 4784
128 4612
129 4529
130 4364
131 4335
132 4323
133 4216
134 4220
135 3884
136 3720
137 3778
138 3879
139 3668
140 3763
141 3570
142 3564
143 3385
144 3291
145 3264
146 3309
147 3219
148 3229
149 3288
150 3308
151 3202
152 3174
153 3094
154 3242
155 3158
156 3093
157 3155
158 3085
159 3064
160 3127
161 3363
162 3650
163 3754
164 3922
165 4048
166 4007
167 4173
168 4266
169 4372
170 4363
171 4299
172 4358
173 4545
174 4614
175 4676
176 4416
177 4401
178 4312
179 4307
180 4466
181 4533
182 4177
183 4227
184 4206
185 4261
186 4181
187 4232
188 4162
189 4502
190 4802
191 4796
192 4811
193 4667
194 4653
195 4622
196 4474
197 4468
198 4315
199 4253
200 4331
201 4250
202 4406
203 4105
204 4014
205 3919
206 3846
207 3859
208 4001
209 3837
210 3846
211 3831
212 3817
213 3826
214 3841
215 4055
216 4054
217 4219
218 4309
219 4440
220 4455
221 4565
222 4482
223 4597
224 4628
225 4767
226 4669
227 4545
228 4417
229 4360
230 4448
231 4549
232 4595
233 4554
234 4369
235 4116
236 4296
237 4292
238 4443
239 4339
240 4268
241 4314
242 4292
243 4338
244 4398
245 4511
246 4626
247 4713
248 4754
249 4674
250 4728
251 4612
252 4574
253 4719
254 4519
255 4543
256 4502
257 4421
258 4357
259 4374
260 4240
261 3877
262 3967
263 3782
264 3718
265 3536
266 3571
267 3564
268 3415
269 3552
270 3448
271 3222
272 3150
273 3184
274 3070
275 2954
276 2830
277 2780
278 2673
279 2673
280 2607
281 2651
282 2737
283 2899
284 3009
285 2957
286 2926
287 2954
288 3064
289 2905
290 3021
291 3082
292 3074
293 3331
294 3874
295 3993
296 4052
297 4174
298 4315
299 4135
300 4168
301 4062
302 4095
303 4104
304 3965
305 3990
306 3805
307 3921
308 4122
309 4053
310 3962
311 3766
312 3913
313 3906
314 4125
315 4063
316 4117
317 4160
318 3999
319 3989
320 4074
321 3950
322 3835
323 3687
324 3580
325 3705
326 3606
327 3478
328 3579
329 3759
330 3664
331 3753
332 3810
333 3806
334 3848
335 3830
336 3765
337 3848
338 3847
339 3940
340 4128
341 4107
342 4308
343 3997
344 4158
345 4093
346 4136
347 4060
348 4151
349 4183
350 4211
351 4295
352 4510
353 4738
354 4782
355 4933
356 5096
357 4877
358 4847
359 4829
360 4772
361 4621
362 4620
363 4492
364 4418
365 4557
366 4296
367 4264
368 4319
369 4289
370 4325
371 4478
372 4266
373 4152
374 4143
375 4014
376 3941
377 4023
378 4023
379 3929
380 3942
381 3830
382 3703
383 3570
384 3637
385 3494
386 3364
387 3330
388 3575
389 3529
390 3700
391 3757
392 3608
393 3561
394 3460
395 3504
396 3423
397 3206
398 3106
399 3126
400 3000
401 2926
402 2916
403 2742
404 2573
405 2386
406 2441
407 2256
408 2187
409 2178
410 2107
411 2164
412 2109
413 2224
414 2258
415 2452
416 2469
417 2449
418 2420
419 2492
420 2413
421 2418
422 2329
423 2078
424 2018
425 1903
426 1815
427 1785
428 1770
429 1891
430 1708
431 1616
432 1586
433 1718
434 1685
435 1635
436 1823
437 1826
438 2003
439 1966
440 2075
441 2101
442 2111
443 2254
444 2427
445 2514
446 2687
447 2671
448 2616
449 2465
450 2609
451 2820
452 2904
453 3135
454 3250
455 3343
456 3431
457 3520
458 3846
459 4283
460 4431
461 4464
462 4498
463 4599
464 4533
465 4638
466 4264
467 4088
468 3970
469 3824
470 3816
471 3804
472 3264
473 3024
474 2963
475 2884
476 3053
477 2972
478 3028
479 3097
480 3227
481 3313
482 3310
483 3208
484 2877
485 2721
486 2523
487 2478
488 2403
489 2597
490 2682
491 2707
492 2630
493 2440
494 2427
495 2278
496 2162
497 2138
498 2179
499 2077
500 1953
501 2087
502 2123
503 2173
504 2129
505 2321
506 2335
507 2394
508 2560
509 2632
510 2611
511 2639
512 2582
513 2667
514 2558
515 2668
516 2747
517 2746
518 2671
519 2820
520 3131
521 3071
522 3236
523 3361
524 3511
525 3847
526 3947
527 4110
528 4220
529 4322
530 4598
531 4667
532 4864
533 5094
534 5190
535 5486
536 5723
537 5721
538 5889
539 6088
540 6304
541 6266
542 6297
543 6298
544 6365
545 6585
546 6743
547 6929
548 7122
549 7233
550 7165
551 7126
552 7210
553 7073
554 7033
555 6989
556 6726
557 6628
558 6337
559 6299
560 6225
561 6259
562 6187
563 6266
564 6238
565 6113
566 6080
567 6027
568 5851
569 5804
570 5632
571 5527
572 5484
573 5416
574 5126
575 5180
576 5073
577 5116
578 5002
579 4980
580 4822
581 5060
582 5040
583 5129
584 5229
585 4939
586 4831
587 4801
588 5050
589 5057
590 5046
591 5199
592 5241
593 5230
594 5525
595 5650
596 5749
597 5757
598 5973
599 6184
600 6056
601 6230
602 6268
603 5954
604 6155
605 5903
606 5781
607 5823
608 5441
609 4840
610 4646
611 4478
612 4424
613 4133
614 4061
615 3924
616 3860
617 3579
618 3625
619 3560
620 3466
621 3434
622 3282
623 3290
624 3260
625 3295
626 3179
627 3314
628 3202
629 3112
630 3179
631 3193
632 3017
633 2834
634 2899
635 2689
636 2774
637 2704
638 2557
639 2624
640 2618
641 2554
642 2679
643 2623
644 2480
645 2465
646 2518
647 2476
648 2299
649 2312
650 2182
651 2138
652 1992
653 1927
654 1879
655 1933
656 1930
657 1894
658 1796
659 1723
660 1733
661 1563
662 1449
663 1449
664 1442
665 1367
666 1409
667 1298
668 1292
669 1176
670 1239
671 1131
672 1148
673 1077
674 1199
675 1126
676 1189
677 1157
678 1270
679 1270
680 1340
681 1379
682 1352
683 1316
684 1260
685 1211
686 1246
687 1193
688 1102
689 1131
690 1189
691 1084
692 1083
693 1082
694 998
695 1051
696 947
697 985
698 901
699 904
700 837
701 834
702 885
703 877
704 917
705 1007
706 964
707 993
708 982
709 1026
710 992
711 1031
712 1070
713 1120
714 1135
715 1185
716 1280
717 1299
718 1199
719 1282
720 1312
721 1334
722 1357
723 1374
724 1405
725 1445
726 1410
727 1498
728 1476
729 1487
730 1499
731 1611
732 1650
733 1670
734 1702
735 1694
736 1833
737 1858
738 1894
739 1882
740 1928
741 1964
742 2101
743 2155
744 2110
745 2248
746 2362
747 2354
748 2466
749 2453
750 2497
751 2588
752 2721
753 2777
754 2685
755 2809
756 2830
757 2882
758 3013
759 2899
760 2944
761 3025
762 3091
763 3244
764 3174
765 3235
766 3367
767 3377
768 3359
769 3248
770 3358
771 3360
772 3473
773 3546
774 3591
775 3409
776 3415
777 3495
778 3591
779 3459
780 3548
781 3724
782 3845
783 3899
784 3728
785 3736
786 3802
787 3769
788 3805
789 3872
790 3885
791 4001
792 3903
793 4141
794 4145
795 4138
796 4132
797 4062
798 4067
799 4117
800 4217
