-0.000000 0.000000 0.000000 0.000000
-0.001380 3.602420 0.051232 3.631580
0.005153 7.197720 0.079444 7.232060
0.011210 10.820800 0.091257 10.832600
-0.001541 14.386500 0.087825 14.465200
-0.037539 17.983800 0.127338 18.067700
-0.078184 21.556000 0.142285 21.650200
-0.096660 25.167300 0.109995 25.270500
-0.131116 28.754900 0.074537 28.923700
-0.171217 32.335200 0.055234 32.552400
-0.214775 35.936100 -0.016012 36.166100
-0.265506 39.536300 -0.081625 39.783000
-0.288552 43.141500 -0.143480 43.424000
-0.318578 46.742800 -0.218725 47.083200
-0.324075 50.359100 -0.267849 50.712000
-0.311859 53.968300 -0.302270 54.338500
-0.346908 57.583900 -0.315805 58.014500
-0.357212 61.233800 -0.375446 61.635800
-0.396352 64.818900 -0.431067 65.250500
-0.402409 68.392200 -0.510491 68.845200
-0.422841 71.970400 -0.577003 72.409800
-0.444504 75.518700 -0.605768 75.960600
-0.430414 79.060800 -0.619871 79.486900
-0.378574 82.561400 -0.578080 82.965700
-0.266095 86.007400 -0.436605 86.398900
-0.136670 89.490200 -0.323003 89.712900
0.000891 92.908300 -0.160987 93.176700
0.163896 96.381800 0.044460 96.664500
0.341325 99.849900 0.278546 100.159000
0.542794 103.418000 0.499994 103.674000
0.709131 106.995000 0.710014 107.283000
0.852410 110.634000 0.882428 110.913000
0.946123 114.314000 0.980450 114.572000
0.992574 117.989000 1.040820 118.246000
0.989021 121.694000 1.065040 121.946000
0.968400 125.423000 1.065060 125.651000
0.950108 129.182000 1.052850 129.404000
0.951356 132.969000 1.047780 133.176000
0.975925 136.788000 1.039640 136.961000
1.019820 140.620000 1.033580 140.796000
1.058900 144.435000 1.035540 144.620000
1.083280 148.249000 1.022590 148.429000
1.089350 152.054000 1.025800 152.209000
1.145850 155.823000 1.016740 156.000000
1.136160 159.595000 0.993734 159.784000
1.174950 163.398000 0.971880 163.589000
1.193460 167.176000 0.965359 167.403000
1.188600 170.987000 0.949882 171.141000
1.168130 174.776000 0.918168 174.915000
1.134010 178.578000 0.921965 178.725000
1.093530 182.374000 0.905196 182.524000
1.052560 186.174000 0.885634 186.316000
0.991481 189.926000 0.844207 190.045000
0.981923 193.645000 0.811331 193.755000
0.956315 197.327000 0.841367 197.475000
0.981237 200.961000 0.841286 201.110000
1.006980 204.545000 0.857509 204.694000
1.048710 208.067000 0.854652 208.244000
1.115650 211.446000 0.900391 211.648000
1.168110 214.690000 0.941001 214.905000
1.214820 217.826000 0.981957 218.068000
1.227160 220.843000 0.987267 221.085000
1.196220 223.675000 0.938901 223.938000
1.145750 226.320000 0.883052 226.567000
1.092860 228.752000 0.786748 229.001000
1.029020 231.040000 0.733747 231.284000
0.989652 233.237000 0.686459 233.505000
0.952000 235.371000 0.620249 235.706000
0.931500 237.514000 0.605493 237.811000
0.933709 239.613000 0.600844 239.912000
0.945919 241.696000 0.577953 242.006000
0.990315 243.797000 0.577269 244.117000
1.033260 245.939000 0.619726 246.232000
1.105550 248.126000 0.678280 248.410000
1.170750 250.342000 0.717778 250.611000
1.255700 252.591000 0.780328 252.905000
1.345830 255.034000 0.866128 255.274000
1.422480 257.415000 0.945250 257.752000
1.563540 259.935000 1.062010 260.261000
1.708640 262.439000 1.188950 262.762000
1.878960 265.013000 1.330900 265.316000
2.066170 267.481000 1.498880 267.850000
2.280100 269.987000 1.720950 270.438000
2.472030 272.541000 1.898800 273.040000
2.661310 275.121000 2.071690 275.652000
2.818370 277.673000 2.225480 278.195000
2.973520 280.201000 2.364750 280.707000
3.077080 282.668000 2.470670 283.144000
3.146340 285.004000 2.537560 285.463000
3.189070 287.205000 2.575790 287.658000
3.183130 289.236000 2.547530 289.769000
3.118520 291.093000 2.471290 291.638000
2.918780 292.839000 2.273080 293.409000
2.567730 294.455000 1.957030 295.035000
2.066180 295.941000 1.481360 296.511000
1.405920 297.271000 0.857080 297.869000
0.582258 298.445000 0.069553 299.070000
-0.387732 299.411000 -0.853260 300.062000
-1.490910 300.157000 -1.923500 300.833000
-2.683490 300.650000 -3.100720 301.338000
-3.914710 300.897000 -4.316120 301.617000
-5.184950 300.906000 -5.578120 301.647000
-6.533500 300.663000 -6.929320 301.435000
-7.903340 300.117000 -8.321050 300.952000
-9.255330 299.324000 -9.707660 300.158000
-10.633700 298.181000 -11.117700 299.031000
-12.018400 296.722000 -12.529200 297.623000
-13.285700 294.906000 -13.837200 295.824000
-14.437900 292.796000 -15.024500 293.677000
-15.432100 290.307000 -16.073600 291.219000
-16.202800 287.537000 -16.878400 288.453000
-16.700500 284.534000 -17.434700 285.408000
-16.959000 281.259000 -17.682000 282.109000
-16.963100 277.709000 -17.736400 278.651000
-16.739200 274.071000 -17.591200 275.014000
-16.475100 270.297000 -17.375600 271.224000
-16.241700 266.390000 -17.175800 267.280000
-16.079800 262.350000 -17.040900 263.293000
-15.926100 258.310000 -16.976700 259.280000
-15.834800 254.266000 -16.995400 255.237000
-15.863100 250.265000 -17.042400 251.215000
-15.870300 246.200000 -17.168900 247.110000
-15.903700 242.046000 -17.300400 242.985000
-15.958800 237.822000 -17.383600 238.850000
-15.984100 233.633000 -17.485000 234.664000
-16.010300 229.424000 -17.589200 230.463000
-16.030400 225.202000 -17.672900 226.245000
-16.047200 220.936000 -17.713100 221.972000
-16.065600 216.659000 -17.902200 217.623000
-16.095900 212.298000 -18.064400 213.289000
-16.103700 207.925000 -18.202400 208.930000
-16.134000 203.542000 -18.394900 204.603000
-16.115600 199.120000 -18.574900 200.246000
-16.126100 194.722000 -18.755500 195.883000
-16.157100 190.353000 -18.949700 191.547000
-16.200400 186.007000 -19.165200 187.222000
-16.219600 181.660000 -19.380900 182.934000
-16.241500 177.363000 -19.621500 178.682000
-16.338100 173.139000 -19.901800 174.489000
-16.429800 169.008000 -20.171500 170.414000
-16.499500 165.086000 -20.470500 166.519000
-16.590600 161.390000 -20.757400 162.828000
-16.695300 157.918000 -21.049200 159.350000
-16.782500 154.664000 -21.319700 156.065000
-16.859000 151.600000 -21.547700 153.086000
-16.923200 148.818000 -21.755800 150.291000
-16.980000 146.217000 -21.948100 147.685000
-17.040800 143.782000 -22.149100 145.266000
-17.080400 141.487000 -22.343000 143.057000
-17.134600 139.255000 -22.505300 141.102000
-17.191400 137.095000 -22.707100 139.011000
-17.241800 134.990000 -22.900200 136.956000
-17.302500 132.905000 -23.102400 134.881000
-17.334700 130.834000 -23.281900 132.806000
-17.389000 128.731000 -23.482400 130.694000
-17.413000 126.548000 -23.681800 128.458000
-17.443800 124.231000 -23.883400 126.137000
-17.447000 121.768000 -24.076600 123.623000
-17.433800 119.169000 -24.258000 120.994000
-17.384100 116.418000 -24.431700 118.192000
-17.300000 113.496000 -24.566900 115.233000
-17.168500 110.428000 -24.662300 112.111000
-16.999700 107.200000 -24.749900 108.861000
-16.834600 103.811000 -24.836100 105.465000
-16.684900 100.271000 -24.917800 101.927000
-16.516100 96.595300 -25.020000 98.222200
-16.345300 92.752200 -25.177900 94.400200
-16.200500 88.801700 -25.323200 90.466300
-16.096700 84.689900 -25.505500 86.352800
-16.035900 80.468600 -25.708200 82.082600
-16.005800 76.113200 -25.987600 77.714500
-15.973900 71.635400 -26.289400 73.315000
-15.950000 67.239900 -26.596000 68.916100
-15.968500 62.822100 -26.980800 64.501500
-15.978600 58.408200 -27.352400 60.119300
-15.965300 53.984400 -27.717800 55.767400
-15.939100 49.688100 -28.077700 51.421600
-15.906000 45.321600 -28.479900 47.073900
-15.880100 40.981500 -28.833100 42.779500
-15.864300 36.628900 -29.234500 38.505700
-15.851700 32.328500 -29.629700 34.221800
-15.862000 28.096900 -30.022200 29.977300
-15.840700 23.876800 -30.408900 25.782900
-15.808100 19.701300 -30.771700 21.494400
-15.784400 15.558400 -31.148800 17.345600
-15.748700 11.434900 -31.503800 13.172700
-15.721700 7.286740 -31.906500 9.083810
-15.711100 3.150630 -32.295500 4.977590
-15.691000 -0.968553 -32.638100 0.872296
-15.683900 -5.112500 -33.047200 -3.275910
-15.652100 -9.270420 -33.421900 -7.434560
-15.612700 -13.510400 -33.792800 -11.601000
-15.567800 -17.722500 -34.154600 -15.840900
-15.519200 -21.950500 -34.570500 -20.043200
-15.478400 -26.226100 -34.980400 -24.340800
-15.415800 -30.505200 -35.349800 -28.595800
-15.340200 -34.788000 -35.744600 -32.882200
-15.300000 -39.054400 -36.136900 -37.143400
-15.238100 -43.290000 -36.470700 -41.391900
-15.189500 -47.508400 -36.849800 -45.592700
-15.133800 -51.738800 -37.232700 -49.782300
-15.067300 -55.980000 -37.556900 -54.014000
-15.041600 -60.194900 -37.912700 -58.195500
-15.018800 -64.389800 -38.285700 -62.414500
-14.986000 -68.601400 -38.688100 -66.620600
-14.969400 -72.743400 -39.067700 -70.766700
-14.952500 -76.913300 -39.447900 -74.926300
-14.916600 -81.052900 -39.807500 -79.030500
-14.877100 -85.129800 -40.142300 -83.107500
-14.827700 -89.165900 -40.504400 -87.121500
-14.798600 -93.176000 -40.851500 -91.074800
-14.773700 -97.138300 -41.197800 -95.012800
-14.766600 -101.093000 -41.558500 -98.903300
-14.758500 -105.002000 -41.951500 -102.802000
-14.766500 -108.878000 -42.362200 -106.675000
-14.773100 -112.742000 -42.727700 -110.517000
-14.772500 -116.543000 -43.195400 -114.321000
-14.781500 -120.346000 -43.593500 -118.094000
-14.782400 -124.033000 -43.982000 -121.803000
-14.799400 -127.649000 -44.356800 -125.413000
-14.823900 -131.191000 -44.753100 -128.944000
-14.849800 -134.612000 -45.141000 -132.317000
-14.885000 -137.847000 -45.501700 -135.566000
-14.928200 -140.898000 -45.850500 -138.567000
-14.980500 -143.656000 -46.216200 -141.311000
-15.003200 -146.173000 -46.509700 -143.835000
-14.884900 -148.422000 -46.651100 -146.082000
-14.575100 -150.425000 -46.580400 -148.126000
-14.054900 -152.128000 -46.272000 -149.914000
-13.313200 -153.598000 -45.725800 -151.481000
-12.332300 -154.827000 -44.923800 -152.839000
-11.152700 -155.771000 -43.888300 -153.966000
-9.823690 -156.413000 -42.678100 -154.800000
-8.443330 -156.748000 -41.380100 -155.356000
-7.043390 -156.768000 -39.984500 -155.601000
-5.569440 -156.513000 -38.502800 -155.570000
-4.124180 -155.927000 -37.014000 -155.202000
-2.770860 -155.014000 -35.549800 -154.503000
-1.580890 -153.758000 -34.177400 -153.439000
-0.531946 -152.226000 -32.930300 -152.067000
0.252127 -150.399000 -31.895800 -150.362000
0.756788 -148.306000 -31.088100 -148.318000
1.066680 -145.959000 -30.467600 -146.012000
1.191140 -143.421000 -30.040500 -143.488000
1.197350 -140.673000 -29.720100 -140.757000
1.233430 -137.736000 -29.368800 -137.816000
1.244240 -134.648000 -28.998800 -134.720000
1.252320 -131.383000 -28.639900 -131.441000
1.227380 -127.961000 -28.304900 -128.011000
1.209140 -124.414000 -27.901400 -124.414000
1.201400 -120.684000 -27.483700 -120.734000
1.214720 -116.839000 -27.045000 -116.926000
1.217670 -112.860000 -26.623700 -112.937000
1.186110 -108.751000 -26.160100 -108.836000
1.130030 -104.509000 -25.700700 -104.602000
1.073400 -100.117000 -25.266100 -100.266000
1.012690 -95.629300 -24.823900 -95.804800
0.945709 -91.053300 -24.351900 -91.296900
0.887455 -86.543000 -23.883600 -86.829400
0.845793 -82.026200 -23.424800 -82.335000
0.798001 -77.534100 -22.885600 -77.836000
0.766949 -73.012400 -22.388300 -73.349300
0.718345 -68.549000 -21.910700 -68.893400
0.677153 -64.088700 -21.414100 -64.453700
0.622363 -59.649700 -20.934900 -60.053300
0.551644 -55.218400 -20.472200 -55.648500
0.471664 -50.819100 -20.038300 -51.308200
0.380628 -46.423400 -19.580200 -46.951600
0.308438 -42.055400 -19.152700 -42.574300
0.233052 -37.729700 -18.674900 -38.259400
0.156767 -33.412100 -18.204800 -33.967100
0.083049 -29.130200 -17.736100 -29.724100
0.036631 -24.895200 -17.186000 -25.464600
0.000608 -20.672300 -16.677100 -21.256200
0.003830 -16.475100 -16.163400 -17.109200
0.038908 -12.332600 -15.645900 -13.023200
0.027024 -8.215080 -15.122600 -8.897890
0.029579 -4.101520 -14.610300 -4.808960
-0.006104 0.006741 -14.145600 -0.680022
-0.026357 4.106040 -13.645400 3.350960
-0.050420 8.169520 -13.152400 7.409190
-0.062517 12.255300 -12.669300 11.472900
-0.117433 16.343300 -12.141100 15.546800
-0.134711 20.360900 -11.629200 19.575800
-0.160893 24.405700 -11.126100 23.636200
-0.168653 28.444700 -10.658400 27.669900
-0.168048 32.440700 -10.171100 31.640500
-0.152116 36.382700 -9.717060 35.578600
-0.145437 40.331800 -9.249020 39.517100
-0.155517 44.231700 -8.785460 43.382700
-0.160542 48.108000 -8.361730 47.266400
-0.205724 51.985900 -7.936230 51.104600
-0.255176 55.842100 -7.533540 54.935800
-0.287562 59.663800 -7.118310 58.715300
-0.317155 63.414600 -6.743310 62.464400
-0.363117 67.112000 -6.366020 66.186400
-0.455466 70.829700 -6.023150 69.909200
-0.460951 74.524000 -5.652480 73.583000
-0.447168 78.056700 -5.271890 77.092500
-0.461148 81.447200 -4.881370 80.415100
-0.374686 84.708700 -4.411910 83.675700
-0.306605 87.975100 -3.966770 86.878700
-0.279003 91.222500 -3.528950 90.087400
-0.225123 94.466200 -3.069580 93.240000
-0.220894 97.632700 -2.676670 96.388100
-0.245627 100.828000 -2.260170 99.544500
-0.320755 104.042000 -1.920590 102.704000
-0.485141 107.332000 -1.651090 105.954000
-0.608031 110.700000 -1.377230 109.272000
-0.684057 114.123000 -1.027210 112.607000
-0.637411 117.596000 -0.570898 116.039000
-0.487728 121.119000 -0.030373 119.528000
-0.332230 124.722000 0.578671 123.109000
-0.052271 128.432000 1.257950 126.727000
0.234650 132.202000 1.947430 130.439000
0.531931 136.072000 2.656040 134.247000
0.735908 140.035000 3.289660 138.155000
0.852352 144.106000 3.838850 142.197000
0.902133 148.287000 4.351850 146.324000
0.938139 152.495000 4.849370 150.514000
0.959476 156.800000 5.302470 154.808000
0.948961 161.174000 5.761030 159.123000
0.894203 165.481000 6.221080 163.391000
0.823943 169.821000 6.698560 167.625000
0.805469 174.079000 7.112980 171.879000
0.812810 178.358000 7.595820 176.135000
0.802184 182.595000 8.092630 180.348000
0.830629 186.800000 8.576600 184.532000
0.890152 190.979000 9.037680 188.684000
0.937662 195.137000 9.561280 192.868000
0.961461 199.220000 10.068800 196.974000
1.000090 203.298000 10.565300 201.015000
1.035030 207.342000 11.034100 205.104000
1.067190 211.358000 11.535400 209.088000
1.123960 215.319000 12.026300 213.000000
1.128130 219.104000 12.472900 216.766000
1.162180 222.661000 12.866500 220.254000
1.149740 225.939000 13.220800 223.515000
1.113340 228.973000 13.495600 226.501000
1.057220 231.673000 13.756200 229.205000
1.002280 234.102000 13.976700 231.646000
0.964621 236.446000 14.139300 234.016000
0.983323 238.753000 14.434800 236.332000
1.012560 241.035000 14.694200 238.620000
1.060350 243.315000 14.965100 240.882000
1.125320 245.530000 15.245100 243.109000
1.176640 247.779000 15.569100 245.340000
1.243050 250.097000 15.864100 247.605000
1.289960 252.458000 16.158400 249.882000
1.335130 254.815000 16.510000 252.257000
1.411760 257.195000 16.871100 254.662000
1.513490 259.679000 17.251000 257.133000
1.649800 262.184000 17.649300 259.646000
1.786110 264.803000 18.058100 262.226000
1.933650 267.473000 18.489500 264.895000
2.105740 270.216000 18.962000 267.632000
2.262090 273.024000 19.411000 270.405000
2.402690 275.843000 19.836200 273.171000
2.505430 278.578000 20.240600 275.976000
2.608220 281.378000 20.619000 278.712000
2.689260 284.149000 20.989300 281.423000
2.762280 286.818000 21.328100 284.126000
2.812870 289.342000 21.621600 286.628000
2.867890 291.821000 21.922000 289.081000
2.928500 294.272000 22.227600 291.490000
2.997430 296.700000 22.534700 293.893000
3.065870 299.089000 22.845100 296.248000
