0.000000 0.000000 0.000000 0.000000
0.032371 0.869390 0.031628 0.923391
0.015018 1.822040 0.040234 1.873060
-0.086896 2.841150 -0.031356 2.917570
-0.238463 3.976220 -0.162535 4.057850
-0.485801 5.205680 -0.365546 5.297620
-0.763042 6.533370 -0.648085 6.635800
-1.076580 7.988820 -0.984251 8.088970
-1.483450 9.561510 -1.401560 9.657680
-1.957970 11.223200 -1.907970 11.307600
-2.497200 13.002800 -2.519210 13.054600
-3.103230 14.857200 -3.182530 14.924100
-3.785920 16.811000 -3.890440 16.855900
-4.525920 18.862200 -4.694150 18.874700
-5.321090 21.017900 -5.547110 20.984800
-6.181800 23.219300 -6.505400 23.188000
-7.143010 25.439200 -7.559870 25.372300
-8.260930 27.773000 -8.740090 27.658200
-9.439530 30.158600 -10.038400 30.017800
-10.701700 32.573500 -11.438300 32.408600
-12.112400 35.089600 -12.963300 34.864800
-13.577400 37.665900 -14.589200 37.378300
-15.075900 40.351200 -16.283600 40.009100
-16.669400 43.157400 -18.059400 42.703800
-18.298300 45.823000 -19.862500 45.319400
-20.033200 48.567100 -21.746100 47.876700
-21.796600 51.116400 -23.728100 50.372600
-23.727100 53.820200 -25.725800 52.825200
-25.670300 56.396300 -27.826400 55.248400
-27.612400 58.997800 -29.969900 57.645900
-29.725200 61.536700 -32.205400 60.029600
-31.817000 63.975300 -34.496900 62.352500
-33.924000 66.293800 -36.864400 64.617900
-36.298200 68.789000 -39.346900 66.853400
-38.610700 71.036000 -41.933900 69.025300
-41.142900 73.455300 -44.600300 71.164700
-43.645100 75.752100 -47.358000 73.290000
-46.305100 78.115400 -50.176000 75.344500
-49.046600 80.464900 -53.078300 77.362700
-51.840000 82.746400 -56.069400 79.399500
-54.708700 84.904600 -59.152600 81.336500
-57.720500 87.079200 -62.342300 83.172400
-60.829100 89.090700 -65.619500 84.895400
-64.068000 91.052800 -68.981500 86.495700
-67.409700 92.867300 -72.465300 88.014900
-70.814300 94.671700 -75.993900 89.429300
-74.399500 96.438100 -79.561200 90.785600
-77.651100 98.023600 -83.114600 92.093700
-81.122100 99.640200 -86.642500 93.341700
-84.447100 101.197000 -90.095600 94.535700
-87.732600 102.680000 -93.497300 95.693700
-90.849100 104.099000 -96.769700 96.800000
-93.883100 105.511000 -99.977800 97.915900
-96.931800 107.022000 -103.099000 99.082500
-99.816300 108.540000 -106.128000 100.317000
-102.424000 110.085000 -109.111000 101.651000
-105.197000 111.871000 -111.993000 103.100000
-107.747000 113.659000 -114.740000 104.649000
-110.222000 115.537000 -117.353000 106.237000
-112.500000 117.438000 -119.830000 107.873000
-114.683000 119.352000 -122.201000 109.573000
-116.732000 121.334000 -124.474000 111.296000
-118.701000 123.302000 -126.617000 113.038000
-120.511000 125.234000 -128.637000 114.806000
-122.215000 127.253000 -130.502000 116.593000
-123.769000 129.318000 -132.257000 118.437000
-125.190000 131.424000 -133.921000 120.372000
-126.558000 133.640000 -135.489000 122.357000
-127.832000 135.877000 -137.026000 124.419000
-129.067000 138.178000 -138.538000 126.576000
-130.283000 140.629000 -140.028000 128.844000
-131.515000 143.139000 -141.513000 131.234000
-132.712000 145.817000 -142.990000 133.751000
-133.878000 148.646000 -144.441000 136.375000
-134.947000 151.594000 -145.876000 139.164000
-135.863000 154.736000 -147.185000 142.113000
-136.584000 157.951000 -148.317000 145.261000
-137.118000 161.434000 -149.270000 148.582000
-137.419000 164.951000 -150.002000 152.058000
-137.531000 168.637000 -150.559000 155.680000
-137.420000 172.403000 -150.924000 159.411000
-137.103000 176.312000 -151.077000 163.220000
-136.505000 180.269000 -151.014000 167.164000
-135.682000 184.361000 -150.739000 171.202000
-134.605000 188.442000 -150.226000 175.322000
-133.337000 192.537000 -149.508000 179.510000
-131.731000 196.800000 -148.515000 183.714000
-129.962000 200.771000 -147.283000 187.962000
-127.795000 204.708000 -145.719000 192.128000
-125.349000 208.493000 -143.791000 196.186000
-122.550000 212.029000 -141.482000 200.148000
-119.529000 215.401000 -138.891000 203.909000
-116.162000 218.617000 -136.062000 207.523000
-112.685000 221.608000 -133.030000 210.988000
-109.119000 224.336000 -129.829000 214.193000
-105.419000 226.742000 -126.524000 217.097000
-101.729000 228.816000 -123.102000 219.725000
-98.003600 230.534000 -119.606000 222.026000
-94.202800 231.967000 -116.066000 223.977000
-90.566200 233.076000 -112.554000 225.681000
-86.858100 233.980000 -109.045000 227.128000
-83.216700 234.641000 -105.580000 228.329000
-79.646400 235.066000 -102.112000 229.298000
-76.131000 235.336000 -98.650800 230.048000
-72.747700 235.421000 -95.306300 230.647000
-69.510800 235.474000 -92.097300 231.146000
-66.309400 235.465000 -88.933800 231.626000
-63.208300 235.464000 -85.825000 232.068000
-60.178200 235.463000 -82.790100 232.528000
-57.199500 235.517000 -79.795800 232.972000
-54.233000 235.616000 -76.861800 233.432000
-51.317400 235.778000 -74.021700 233.942000
-48.423000 235.985000 -71.208400 234.529000
-45.552200 236.251000 -68.357400 235.152000
-42.696900 236.556000 -65.532900 235.859000
-39.868500 236.933000 -62.765800 236.563000
-37.088500 237.362000 -60.041600 237.328000
-34.331500 237.873000 -57.378000 238.156000
-31.525000 238.403000 -54.662800 239.047000
-28.682100 238.963000 -51.910000 239.938000
-25.823700 239.564000 -49.118100 240.849000
-22.948100 240.218000 -46.369800 241.815000
-20.100100 240.958000 -43.587200 242.862000
-17.290100 241.762000 -40.851400 244.021000
-14.499200 242.685000 -38.158000 245.273000
-11.754100 243.693000 -35.528600 246.595000
-9.020320 244.775000 -32.916600 247.995000
-6.355510 245.911000 -30.361400 249.437000
-3.735570 247.113000 -27.840700 250.940000
-1.164380 248.384000 -25.403100 252.499000
1.353700 249.713000 -23.058200 254.111000
3.792300 251.095000 -20.769900 255.761000
6.201990 252.544000 -18.520800 257.469000
8.600080 254.036000 -16.306300 259.233000
10.980400 255.541000 -14.071800 261.012000
13.394700 257.098000 -11.826000 262.832000
15.817200 258.665000 -9.581100 264.653000
18.260600 260.265000 -7.326630 266.506000
20.684000 261.868000 -5.043620 268.399000
23.140000 263.482000 -2.761500 270.310000
25.585400 265.093000 -0.497979 272.183000
27.995600 266.733000 1.745700 274.088000
30.418200 268.404000 3.948800 276.011000
32.743700 270.109000 6.144730 277.986000
35.059100 271.909000 8.270520 280.020000
37.300500 273.776000 10.312500 282.102000
39.513700 275.753000 12.322100 284.316000
41.691200 277.822000 14.293300 286.633000
43.822200 279.995000 16.209900 289.059000
45.889900 282.293000 18.007200 291.523000
47.885100 284.725000 19.783400 294.147000
49.796800 287.254000 21.454700 296.876000
51.669500 289.874000 23.067700 299.695000
53.484700 292.588000 24.626700 302.559000
55.261100 295.374000 26.134700 305.502000
57.031400 298.201000 27.634500 308.475000
58.839600 301.060000 29.167700 311.503000
60.653900 303.957000 30.704200 314.553000
62.421300 306.860000 32.239200 317.649000
64.129300 309.829000 33.682100 320.730000
65.701500 312.837000 35.010900 323.902000
67.168100 315.921000 36.196100 327.056000
68.463000 318.996000 37.193900 330.212000
69.643100 322.112000 38.085800 333.406000
70.783500 325.235000 38.931200 336.619000
71.869700 328.349000 39.721000 339.799000
72.879500 331.461000 40.471400 342.989000
73.832800 334.613000 41.113000 346.183000
74.750500 337.735000 41.737500 349.363000
75.638000 340.791000 42.344100 352.475000
76.574600 343.700000 43.018500 355.489000
77.551100 346.437000 43.744600 358.318000
78.504300 349.102000 44.465500 361.055000
79.372800 351.781000 45.101300 363.793000
80.081700 354.446000 45.577500 366.522000
80.590100 357.171000 45.851500 369.271000
80.857200 359.916000 45.912000 371.999000
80.867600 362.653000 45.718600 374.712000
80.666200 365.421000 45.275700 377.456000
80.312300 368.217000 44.664400 380.221000
79.927800 371.073000 44.021400 383.008000
79.551700 374.035000 43.392400 385.917000
79.204400 377.068000 42.763200 388.939000
78.839400 380.236000 42.090800 392.109000
78.461100 383.496000 41.410700 395.342000
78.082700 386.795000 40.726900 398.665000
77.679900 390.145000 39.972100 402.011000
77.166800 393.461000 39.127100 405.267000
76.539300 396.760000 38.200700 408.502000
75.828700 400.035000 37.168900 411.707000
75.036000 403.254000 36.090600 414.849000
74.209200 406.436000 34.973400 417.961000
73.353400 409.605000 33.777600 421.044000
72.429900 412.807000 32.560900 424.131000
71.502000 416.016000 31.322900 427.262000
70.571800 419.238000 30.074700 430.390000
69.596400 422.480000 28.818700 433.528000
68.591900 425.640000 27.539100 436.686000
67.600100 428.827000 26.266000 439.769000
66.640700 432.013000 25.009800 442.890000
65.704800 435.178000 23.783900 445.950000
64.806300 438.329000 22.599800 448.993000
63.931800 441.418000 21.437700 452.015000
63.086400 444.481000 20.309000 454.993000
62.244100 447.491000 19.169700 457.906000
61.415100 450.427000 18.060000 460.753000
60.577500 453.327000 16.974300 463.562000
59.754600 456.185000 15.901300 466.313000
58.940600 459.001000 14.841200 469.044000
58.137500 461.779000 13.778500 471.763000
57.332400 464.510000 12.752300 474.409000
56.531000 467.214000 11.712800 477.010000
55.750300 469.854000 10.699300 479.553000
55.005500 472.391000 9.743300 482.032000
54.286300 474.845000 8.832960 484.383000
53.619000 477.151000 7.946890 486.662000
52.975300 479.451000 7.091820 488.931000
52.371700 481.743000 6.276230 491.189000
51.823600 484.088000 5.567980 493.435000
51.438800 486.415000 4.957130 495.731000
51.246400 488.766000 4.553420 498.078000
51.257000 491.115000 4.370930 500.465000
51.451100 493.478000 4.377960 502.907000
51.827100 495.864000 4.552520 505.331000
52.381700 498.263000 4.901050 507.766000
53.077400 500.638000 5.414160 510.197000
53.917800 503.014000 6.051010 512.633000
54.902400 505.372000 6.845140 515.058000
56.026600 507.686000 7.779130 517.442000
57.261400 509.976000 8.839760 519.823000
58.683000 512.196000 10.093300 522.157000
60.259900 514.296000 11.496800 524.360000
62.007000 516.232000 13.102400 526.460000
63.861900 518.017000 14.800000 528.399000
65.833600 519.703000 16.629500 530.276000
67.918000 521.288000 18.611100 532.067000
70.107200 522.762000 20.716800 533.792000
72.449400 524.092000 22.940900 535.342000
74.908600 525.247000 25.315100 536.754000
77.510700 526.240000 27.859500 538.063000
80.235000 527.051000 30.545000 539.176000
83.090800 527.642000 33.358500 540.061000
86.023300 528.027000 36.249500 540.726000
89.029900 528.174000 39.263000 541.175000
92.082800 528.122000 42.325100 541.427000
95.177500 527.831000 45.469600 541.463000
98.302800 527.291000 48.694100 541.258000
101.433000 526.547000 51.890500 540.850000
104.558000 525.613000 55.042000 540.205000
107.669000 524.456000 58.259200 539.386000
110.745000 523.128000 61.450900 538.358000
113.818000 521.678000 64.690100 537.202000
116.908000 520.177000 67.911800 536.008000
120.065000 518.656000 71.196000 534.769000
123.282000 517.068000 74.516700 533.494000
126.539000 515.460000 77.906400 532.186000
129.823000 513.828000 81.322800 530.872000
133.104000 512.149000 84.777100 529.497000
136.466000 510.455000 88.294300 528.076000
139.881000 508.727000 91.870600 526.666000
143.396000 506.941000 95.498400 525.202000
146.963000 505.154000 99.199100 523.711000
150.567000 503.338000 102.967000 522.185000
154.214000 501.490000 106.792000 520.623000
157.940000 499.596000 110.758000 518.999000
161.698000 497.678000 114.720000 517.406000
165.431000 495.752000 118.678000 515.788000
169.180000 493.814000 122.594000 514.195000
172.935000 491.879000 126.512000 512.585000
176.715000 489.947000 130.453000 511.006000
180.495000 488.065000 134.373000 509.457000
184.237000 486.218000 138.269000 507.923000
187.968000 484.388000 142.166000 506.403000
191.687000 482.555000 146.074000 504.877000
195.374000 480.646000 149.945000 503.338000
198.991000 478.780000 153.774000 501.783000
202.561000 476.904000 157.483000 500.216000
206.059000 475.033000 161.151000 498.648000
209.440000 473.195000 164.667000 497.114000
212.646000 471.422000 168.067000 495.611000
215.708000 469.733000 171.272000 494.210000
218.626000 468.158000 174.330000 492.866000
221.471000 466.758000 177.294000 491.664000
224.330000 465.521000 180.250000 490.662000
227.174000 464.488000 183.188000 489.845000
230.089000 463.618000 186.128000 489.216000
233.066000 462.936000 189.179000 488.745000
236.033000 462.458000 192.206000 488.485000
239.054000 462.161000 195.237000 488.420000
242.103000 462.100000 198.330000 488.583000
245.197000 462.345000 201.392000 489.041000
248.282000 462.878000 204.484000 489.813000
251.347000 463.665000 207.501000 490.842000
254.385000 464.721000 210.465000 492.126000
257.337000 466.048000 213.339000 493.682000
260.268000 467.647000 216.137000 495.505000
263.101000 469.471000 218.835000 497.560000
265.864000 471.505000 221.429000 499.771000
268.559000 473.699000 223.929000 502.153000
271.199000 475.991000 226.390000 504.623000
273.781000 478.342000 228.767000 507.147000
276.309000 480.723000 231.076000 509.653000
278.823000 483.134000 233.386000 512.203000
281.271000 485.479000 235.644000 514.735000
283.677000 487.724000 237.867000 517.199000
286.034000 489.828000 240.026000 519.515000
288.372000 491.786000 242.164000 521.656000
290.652000 493.488000 244.284000 523.564000
292.860000 494.988000 246.337000 525.189000
294.946000 496.274000 248.307000 526.657000
297.066000 497.362000 250.286000 527.914000
299.191000 498.134000 252.290000 528.920000
301.370000 498.628000 254.349000 529.675000
303.596000 498.866000 256.540000 530.208000
305.811000 498.800000 258.722000 530.422000
307.985000 498.462000 260.928000 530.343000
310.132000 497.924000 263.116000 530.073000
312.247000 497.255000 265.285000 529.658000
314.367000 496.457000 267.399000 529.136000
316.433000 495.535000 269.566000 528.468000
318.396000 494.434000 271.661000 527.592000
320.237000 493.127000 273.576000 526.519000
321.878000 491.591000 275.424000 525.216000
323.287000 489.879000 277.017000 523.732000
324.415000 488.096000 278.338000 522.171000
325.353000 486.262000 279.490000 520.463000
326.151000 484.325000 280.526000 518.671000
326.791000 482.307000 281.337000 516.887000
327.204000 480.295000 281.983000 514.873000
327.432000 478.147000 282.456000 512.824000
327.461000 475.991000 282.741000 510.689000
327.252000 473.768000 282.826000 508.447000
326.887000 471.490000 282.728000 506.146000
326.395000 469.173000 282.483000 503.750000
325.791000 466.773000 282.167000 501.273000
325.100000 464.314000 281.727000 498.750000
324.366000 461.758000 281.272000 496.140000
323.601000 459.151000 280.794000 493.443000
322.781000 456.426000 280.294000 490.660000
321.956000 453.656000 279.755000 487.807000
321.068000 450.793000 279.195000 484.885000
320.158000 447.908000 278.612000 481.917000
319.250000 445.050000 278.022000 478.956000
318.301000 442.151000 277.405000 475.962000
317.390000 439.223000 276.819000 472.976000
316.530000 436.312000 276.304000 470.017000
315.726000 433.360000 275.814000 466.988000
314.989000 430.382000 275.347000 463.937000
314.373000 427.414000 275.012000 460.941000
313.892000 424.426000 274.835000 457.949000
313.524000 421.437000 274.810000 454.985000
313.301000 418.425000 274.900000 452.059000
313.203000 415.443000 275.101000 449.064000
313.208000 412.436000 275.427000 446.064000
313.327000 409.430000 275.818000 443.112000
313.554000 406.405000 276.365000 440.135000
313.882000 403.393000 276.993000 437.211000
314.311000 400.409000 277.695000 434.296000
314.808000 397.463000 278.458000 431.428000
315.361000 394.554000 279.285000 428.591000
315.972000 391.689000 280.186000 425.796000
316.618000 388.882000 281.119000 423.052000
317.312000 386.184000 282.075000 420.409000
318.013000 383.632000 283.030000 417.934000
318.737000 381.329000 283.996000 415.673000
319.397000 379.241000 284.897000 413.642000
320.011000 377.276000 285.747000 411.716000
320.585000 375.328000 286.528000 409.821000
321.021000 373.389000 287.184000 407.947000
321.272000 371.454000 287.670000 406.036000
321.273000 369.548000 287.906000 404.139000
321.024000 367.701000 287.921000 402.242000
320.510000 365.857000 287.660000 400.335000
319.752000 364.045000 287.155000 398.468000
318.737000 362.340000 286.335000 396.609000
317.486000 360.706000 285.316000 394.830000
316.069000 359.103000 284.094000 393.079000
314.495000 357.477000 282.692000 391.282000
312.749000 355.810000 281.123000 389.434000
310.891000 354.073000 279.449000 387.490000
308.970000 352.173000 277.737000 385.400000
306.966000 350.198000 275.941000 383.195000
304.902000 348.148000 274.091000 380.912000
302.773000 346.020000 272.183000 378.547000
300.605000 343.825000 270.214000 376.051000
298.407000 341.551000 268.280000 373.575000
296.231000 339.225000 266.363000 371.047000
294.102000 336.867000 264.462000 368.452000
292.046000 334.437000 262.653000 365.844000
290.107000 331.903000 260.921000 363.079000
288.289000 329.258000 259.348000 360.275000
286.538000 326.509000 257.871000 357.385000
284.886000 323.701000 256.491000 354.420000
283.316000 320.802000 255.211000 351.397000
281.801000 317.846000 253.993000 348.319000
280.318000 314.828000 252.815000 345.189000
278.826000 311.764000 251.617000 342.008000
277.342000 308.664000 250.421000 338.712000
275.857000 305.478000 249.221000 335.413000
274.338000 302.262000 248.005000 332.078000
272.796000 299.003000 246.752000 328.767000
271.214000 295.681000 245.448000 325.312000
269.584000 292.313000 244.090000 321.817000
267.825000 288.941000 242.612000 318.334000
265.951000 285.608000 240.995000 314.872000
263.991000 282.286000 239.298000 311.433000
261.939000 278.967000 237.509000 308.045000
259.845000 275.666000 235.639000 304.628000
257.755000 272.382000 233.747000 301.198000
255.598000 269.016000 231.760000 297.721000
253.424000 265.635000 229.787000 294.254000
251.240000 262.250000 227.755000 290.743000
249.011000 258.807000 225.727000 287.244000
246.762000 255.365000 223.632000 283.733000
244.472000 251.880000 221.506000 280.178000
242.187000 248.402000 219.337000 276.569000
239.885000 244.860000 217.172000 272.953000
237.546000 241.283000 215.011000 269.394000
235.156000 237.654000 212.785000 265.747000
232.766000 233.991000 210.561000 262.086000
230.362000 230.350000 208.274000 258.374000
227.970000 226.794000 205.950000 254.670000
225.487000 223.185000 203.609000 250.976000
223.007000 219.566000 201.241000 247.317000
220.539000 215.956000 198.828000 243.588000
218.103000 212.330000 196.438000 239.919000
215.662000 208.700000 194.084000 236.255000
213.274000 205.067000 191.738000 232.550000
210.899000 201.380000 189.396000 228.818000
208.552000 197.717000 187.080000 225.113000
206.193000 194.003000 184.781000 221.354000
203.976000 190.275000 182.587000 217.568000
201.823000 186.481000 180.471000 213.749000
199.740000 182.653000 178.422000 209.885000
197.714000 178.799000 176.435000 206.011000
195.729000 174.971000 174.495000 202.166000
193.787000 171.098000 172.582000 198.280000
191.837000 167.187000 170.684000 194.393000
189.920000 163.264000 168.770000 190.456000
188.053000 159.339000 166.925000 186.498000
186.176000 155.369000 165.052000 182.493000
184.322000 151.433000 163.203000 178.542000
182.478000 147.470000 161.373000 174.551000
180.656000 143.534000 159.567000 170.621000
178.830000 139.577000 157.773000 166.678000
177.005000 135.628000 155.964000 162.707000
175.141000 131.681000 154.140000 158.766000
173.207000 127.821000 152.231000 154.945000
171.166000 124.003000 150.191000 151.135000
168.990000 120.289000 148.038000 147.419000
166.709000 116.661000 145.771000 143.807000
164.297000 113.149000 143.376000 140.298000
161.767000 109.729000 140.845000 136.855000
159.142000 106.342000 138.243000 133.520000
156.469000 103.033000 135.559000 130.235000
153.730000 99.742700 132.818000 126.963000
150.947000 96.478800 130.022000 123.749000
148.098000 93.233600 127.126000 120.514000
145.162000 90.058800 124.190000 117.361000
142.147000 86.912900 121.150000 114.247000
139.148000 83.806600 118.110000 111.170000
136.138000 80.634900 115.090000 108.061000
133.124000 77.471000 112.048000 104.928000
130.104000 74.290700 108.995000 101.848000
127.091000 71.096600 105.921000 98.710700
124.016000 67.873100 102.807000 95.579800
120.939000 64.695700 99.647000 92.450900
117.872000 61.561700 96.467500 89.362100
114.714000 58.393300 93.263000 86.293600
111.561000 55.274500 90.029600 83.260900
108.387000 52.127200 86.761700 80.188800
105.181000 48.972800 83.470300 77.142000
101.978000 45.807000 80.225000 74.113000
98.764300 42.634800 76.928600 71.055500
95.572600 39.495600 73.637100 68.025800
92.360700 36.321200 70.346500 64.981800
89.174300 33.128500 67.074600 61.940400
86.030200 29.980400 63.815700 58.957300
82.946400 26.842500 60.583300 55.964400
79.863900 23.706200 57.318600 52.960300
76.765100 20.484300 54.118700 49.979600
73.589500 17.229300 50.854300 46.958600
70.467800 14.022900 47.591400 43.936800
67.327000 10.790700 44.322300 40.908400
64.246100 7.598870 41.067200 37.898000
61.198000 4.397920 37.850100 34.865000
58.130100 1.169100 34.633200 31.839100
55.067400 -2.053890 31.408100 28.805000
52.047800 -5.247250 28.198000 25.754500
49.097100 -8.407270 25.045700 22.734100
46.127000 -11.530700 21.901700 19.757700
43.290600 -14.569000 18.858800 16.868900
40.462200 -17.604600 15.907700 14.000000
37.783600 -20.584200 13.115100 11.211800
35.225800 -23.471400 10.364400 8.447350
32.811100 -26.254400 7.848730 5.816700
30.608700 -28.858500 5.519360 3.316940
28.601700 -31.284900 3.388280 1.013480
26.713300 -33.429800 1.413160 -1.061960
24.955600 -35.254300 -0.425848 -2.805790
23.243600 -36.734900 -2.206880 -4.206000
21.536300 -37.856100 -3.967650 -5.288700
19.870200 -38.622000 -5.662690 -6.006640
18.175600 -39.087300 -7.364750 -6.450860
16.479700 -39.222900 -9.057430 -6.572060
14.900000 -39.083000 -10.635300 -6.424850
13.422100 -38.685000 -12.128100 -6.008670
12.033300 -38.053000 -13.526400 -5.350890
10.740400 -37.159800 -14.823900 -4.442340
9.524970 -36.030000 -16.005600 -3.293910
8.493190 -34.685600 -17.018600 -1.906080
7.643000 -33.123900 -17.866700 -0.317101
6.937220 -31.387300 -18.528400 1.453890
6.367800 -29.485500 -19.021100 3.393210
5.914670 -27.480100 -19.411600 5.454350
5.524840 -25.354500 -19.709100 7.651440
5.160010 -23.121600 -19.960400 9.947820
4.772120 -20.810300 -20.236500 12.285900
4.371890 -18.405800 -20.519500 14.712000
3.998540 -15.909600 -20.782000 17.226800
3.599370 -13.362700 -21.037400 19.799600
3.247420 -10.856000 -21.282200 22.332200
2.882010 -8.425040 -21.518600 24.791300
2.543600 -6.125430 -21.767600 27.154000
2.186870 -3.874570 -22.051400 29.471900
1.789520 -1.706470 -22.328100 31.688700
1.377960 0.448957 -22.631000 33.845100
0.924662 2.492440 -22.955400 35.916700
0.411522 4.582470 -23.351200 38.021800
-0.191509 6.699520 -23.841600 40.153300
-0.860924 8.761650 -24.432900 42.286000
