0.000000 0.000000 0.000000 0.000000
-0.014930 2.085920 0.069381 2.106960
-0.081093 4.312330 0.010584 4.454960
-0.178263 6.682870 -0.109729 6.910500
-0.299289 9.126110 -0.266544 9.434730
-0.441211 11.671000 -0.395692 12.032100
-0.604149 14.279200 -0.610680 14.715200
-0.780393 16.948800 -0.732757 17.448400
-0.966439 19.678600 -0.947310 20.281100
-1.156540 22.486000 -1.152720 23.156700
-1.343920 25.319900 -1.311870 26.042700
-1.517670 28.190400 -1.465630 28.987800
-1.670260 31.127200 -1.598720 32.003800
-1.852560 34.055300 -1.749450 35.030300
-2.057410 37.067200 -1.990590 38.197800
-2.274510 40.077300 -2.202810 41.279500
-2.483510 43.042500 -2.409880 44.396100
-2.695440 46.009600 -2.637180 47.455300
-2.922060 48.930800 -2.838250 50.487900
-3.134040 51.843500 -2.984090 53.467300
-3.344880 54.700800 -3.201930 56.461900
-3.554960 57.548700 -3.399010 59.369400
-3.794130 60.313700 -3.628260 62.214000
-4.042810 63.011800 -3.852760 64.948300
-4.271920 65.567900 -4.116180 67.600000
-4.505730 68.013100 -4.343230 70.119200
-4.755930 70.299700 -4.605420 72.499000
-4.977240 72.415700 -4.832610 74.696900
-5.179910 74.367800 -5.021110 76.707100
-5.347720 76.144600 -5.133870 78.671600
-5.494850 77.799200 -5.229550 80.529600
-5.581600 79.340400 -5.251870 82.160000
-5.552730 80.774900 -5.176340 83.692500
-5.372170 82.110800 -4.906200 85.107400
-5.017220 83.360800 -4.461480 86.418700
-4.470620 84.443500 -3.812470 87.596800
-3.733900 85.360100 -3.044400 88.550200
-2.859570 86.104800 -2.142110 89.345800
-1.854140 86.655800 -1.120240 89.919100
-0.813476 87.037300 -0.045284 90.340900
0.278572 87.302700 1.073360 90.600600
1.420170 87.554400 2.213640 90.899000
2.637200 87.711600 3.457280 91.078200
4.002360 87.864200 4.808810 91.278900
5.462130 87.963300 6.314290 91.448300
7.096290 88.051900 7.980670 91.591300
8.894500 88.137200 9.800920 91.716700
10.846300 88.207200 11.780700 91.893300
12.985400 88.287100 13.915200 92.016700
15.230000 88.409600 16.285100 92.197700
17.650100 88.577400 18.809300 92.484800
20.067700 88.784500 21.284900 92.754900
22.516400 88.976000 23.900700 92.990300
24.955200 89.168100 26.409700 93.213400
27.368600 89.359800 28.908900 93.450000
29.821800 89.502300 31.352600 93.673900
32.184900 89.559800 33.739300 93.793600
34.559700 89.546700 36.133100 93.860000
36.897600 89.445600 38.474400 93.885500
39.129300 89.288200 40.757300 93.762900
41.316600 89.071800 42.869400 93.674300
43.402700 88.837700 44.890900 93.628000
45.365200 88.626900 46.988500 93.523300
47.162400 88.479000 48.809000 93.481700
48.793200 88.446400 50.514900 93.476000
50.349500 88.535300 52.121200 93.604000
51.874400 88.841100 53.679900 93.940100
53.289400 89.382200 55.127500 94.509900
54.516000 90.139900 56.335100 95.364600
55.530900 91.127600 57.282100 96.496800
56.321200 92.295800 58.084600 97.704300
56.882200 93.595600 58.599900 99.044800
57.256800 94.975300 58.887400 100.475000
57.596900 96.418500 59.193800 101.972000
57.881100 97.944700 59.464900 103.563000
58.204600 99.534200 59.797600 105.174000
58.583700 101.224000 60.173300 106.905000
59.011000 103.030000 60.605800 108.807000
59.498200 104.935000 61.018700 110.730000
59.980300 106.891000 61.463100 112.796000
60.482600 109.009000 61.957100 114.959000
60.973600 111.235000 62.371800 117.235000
61.481900 113.530000 62.833100 119.597000
62.002100 115.923000 63.317100 122.054000
62.500600 118.368000 63.785900 124.632000
63.005200 120.848000 64.235400 127.234000
63.573000 123.351000 64.874800 129.701000
64.153800 125.854000 65.368300 132.354000
64.724200 128.378000 65.875000 134.921000
65.310700 130.836000 66.399500 137.437000
65.882900 133.336000 66.948100 140.048000
66.415100 135.745000 67.386600 142.547000
66.935200 138.167000 67.841500 145.037000
67.391300 140.559000 68.242300 147.486000
67.873100 142.956000 68.655500 149.964000
68.325300 145.330000 69.063100 152.386000
68.715800 147.699000 69.371100 154.894000
69.072100 150.060000 69.533800 157.391000
69.359300 152.483000 69.821600 159.886000
69.598800 154.924000 69.980300 162.450000
69.773600 157.417000 70.026900 164.965000
69.908200 159.893000 70.088100 167.524000
70.004000 162.375000 70.115500 170.049000
70.094500 164.855000 70.125800 172.595000
70.157800 167.298000 70.093900 175.062000
70.180800 169.792000 69.994900 177.567000
70.159000 172.267000 69.821900 180.186000
70.071500 174.809000 69.657700 182.810000
69.927800 177.326000 69.409900 185.384000
69.767500 179.857000 69.138700 187.962000
69.613800 182.433000 68.896900 190.572000
69.489300 184.953000 68.725100 193.146000
69.298300 187.513000 68.457700 195.791000
69.113800 190.020000 68.184100 198.351000
68.921200 192.521000 67.859800 200.877000
68.727800 194.984000 67.581500 203.335000
68.538100 197.417000 67.298000 205.785000
68.365600 199.660000 67.041100 208.079000
68.216400 201.719000 66.739200 210.284000
68.084800 203.738000 66.539400 212.279000
67.990700 205.722000 66.381800 214.337000
67.951700 207.638000 66.310200 216.348000
67.975500 209.575000 66.366400 218.350000
67.990100 211.491000 66.320700 220.392000
67.983000 213.454000 66.186700 222.383000
67.975500 215.394000 66.072400 224.408000
67.934100 217.439000 65.908300 226.450000
67.897700 219.491000 65.755200 228.560000
67.865600 221.571000 65.615500 230.676000
67.820400 223.691000 65.488500 232.751000
67.788900 225.758000 65.306500 234.862000
67.727600 227.842000 65.159400 236.970000
67.667400 229.857000 64.859500 238.943000
67.597100 231.849000 64.702700 240.935000
67.524300 233.706000 64.679300 242.738000
67.451200 235.363000 64.469500 244.441000
67.269900 236.898000 64.148400 246.094000
66.956000 238.370000 63.721800 247.601000
66.456700 239.703000 63.136100 249.008000
65.753500 240.863000 62.370600 250.181000
64.877300 241.847000 61.377400 251.219000
63.883900 242.669000 60.241200 251.933000
62.798500 243.270000 59.133600 252.480000
61.671100 243.702000 57.985400 252.881000
60.408800 243.976000 56.700900 253.063000
59.002000 244.098000 55.241900 253.173000
57.505700 244.089000 53.693500 253.174000
55.898300 243.987000 52.031500 253.070000
54.147300 243.856000 50.225200 252.915000
52.250000 243.724000 48.286700 252.729000
50.178200 243.588000 46.213800 252.508000
47.905600 243.441000 43.880200 252.323000
45.436900 243.302000 41.423800 252.064000
42.843400 243.156000 38.805400 251.826000
40.186400 243.029000 36.133000 251.595000
37.561300 242.887000 33.410200 251.450000
34.905400 242.729000 30.730200 251.271000
32.286700 242.533000 28.032300 251.054000
29.704300 242.319000 25.361100 250.791000
27.147900 242.106000 22.699000 250.596000
24.599000 241.930000 20.080500 250.442000
22.074400 241.789000 17.584300 250.330000
19.603900 241.651000 15.101600 250.207000
17.157000 241.499000 12.510200 250.069000
14.769300 241.319000 10.016900 249.893000
12.380700 241.100000 7.684840 249.717000
10.013600 240.842000 5.308530 249.451000
7.710630 240.575000 3.004420 249.206000
5.535940 240.318000 0.755254 248.956000
3.494490 240.089000 -1.303850 248.766000
1.576780 239.905000 -3.246800 248.601000
-0.210637 239.757000 -5.016790 248.488000
-1.838210 239.638000 -6.685990 248.392000
-3.309810 239.553000 -8.199760 248.356000
-4.629120 239.496000 -9.535540 248.309000
-5.804620 239.477000 -10.718700 248.250000
-6.826070 239.484000 -11.682100 248.219000
-7.644470 239.490000 -12.463400 248.206000
-8.222740 239.517000 -12.995700 248.241000
-8.568840 239.526000 -13.296000 248.248000
-8.753540 239.534000 -13.446800 248.236000
-8.836040 239.534000 -13.514500 248.209000
-8.829320 239.536000 -13.550400 248.216000
-8.823800 239.539000 -13.545800 248.207000
-8.826640 239.539000 -13.554200 248.211000
-8.863470 239.539000 -13.578900 248.224000
-8.936310 239.544000 -13.667400 248.216000
-9.112250 239.549000 -13.832000 248.221000
-9.456950 239.575000 -14.121100 248.261000
-9.980020 239.620000 -14.615900 248.316000
-10.643500 239.729000 -15.288900 248.502000
-11.404900 239.912000 -16.065100 248.820000
-12.215800 240.235000 -16.871200 249.275000
-13.066000 240.693000 -17.772000 249.851000
-13.900600 241.335000 -18.684100 250.560000
-14.641000 242.181000 -19.462700 251.417000
-15.296900 243.241000 -20.191300 252.504000
-15.799600 244.535000 -20.762100 253.845000
-16.178400 246.028000 -21.177000 255.377000
-16.421100 247.706000 -21.361100 257.038000
-16.568200 249.533000 -21.505800 258.835000
-16.680000 251.514000 -21.675300 260.832000
-16.765000 253.620000 -21.824000 263.002000
-16.854900 255.892000 -22.072800 265.464000
-16.949600 258.290000 -22.293600 267.955000
-17.072300 260.796000 -22.630200 270.521000
-17.192000 263.441000 -22.824700 273.186000
-17.302600 266.166000 -23.041800 275.970000
-17.450000 269.015000 -23.336100 278.848000
-17.591800 272.000000 -23.566900 281.908000
-17.734500 275.039000 -23.820100 285.040000
-17.890400 278.161000 -23.999300 288.138000
-18.060100 281.318000 -24.271100 291.370000
-18.257200 284.492000 -24.577600 294.613000
-18.475400 287.655000 -24.864600 297.829000
-18.692500 290.772000 -25.147800 301.058000
-18.914700 293.875000 -25.442600 304.257000
-19.132600 296.970000 -25.677400 307.473000
-19.346700 300.049000 -25.957000 310.637000
-19.566100 303.111000 -26.248700 313.832000
-19.779700 306.141000 -26.550400 317.015000
-19.987300 309.240000 -26.814600 320.219000
-20.201100 312.339000 -27.090900 323.357000
-20.393200 315.473000 -27.348900 326.577000
-20.591000 318.632000 -27.586800 329.847000
-20.785300 321.821000 -27.822100 333.140000
-20.984600 325.074000 -28.034900 336.478000
-21.164200 328.266000 -28.233900 339.746000
-21.349700 331.453000 -28.467500 343.017000
-21.523800 334.608000 -28.685000 346.296000
-21.704500 337.720000 -28.981200 349.526000
-21.888200 340.768000 -29.186200 352.691000
-22.075100 343.734000 -29.419300 355.699000
-22.281200 346.594000 -29.746700 358.631000
-22.490200 349.382000 -30.009900 361.482000
-22.692400 352.031000 -30.254800 364.185000
-22.858700 354.531000 -30.457600 366.726000
-22.997100 356.844000 -30.637800 369.083000
-23.111200 358.931000 -30.805200 371.279000
-23.214300 360.819000 -30.980600 373.310000
-23.304300 362.519000 -31.114900 375.117000
-23.423300 364.024000 -31.251000 376.725000
-23.591600 365.375000 -31.415800 378.148000
-23.873000 366.659000 -31.730000 379.417000
-24.296800 367.863000 -32.270400 380.571000
-24.888000 368.958000 -32.986300 381.542000
-25.673600 369.948000 -34.003000 382.524000
-26.657500 370.865000 -35.138600 383.378000
-27.868600 371.658000 -36.363700 384.108000
-29.261400 372.189000 -37.773000 384.632000
-30.805100 372.464000 -39.441400 384.855000
-32.498100 372.422000 -41.200600 384.797000
-34.282300 372.245000 -43.061800 384.605000
-36.131400 372.005000 -44.973900 384.418000
-38.059800 371.797000 -46.962500 384.268000
-40.117300 371.576000 -49.008000 384.099000
-42.300200 371.335000 -51.138100 383.913000
-44.612200 371.123000 -53.469000 383.785000
-47.064900 370.931000 -55.974100 383.669000
-49.669500 370.760000 -58.540000 383.550000
-52.356200 370.607000 -61.187300 383.459000
-55.083600 370.454000 -64.004800 383.448000
-57.861700 370.301000 -66.809400 383.426000
-60.599800 370.133000 -69.635300 383.315000
-63.351400 369.953000 -72.436000 383.213000
-66.076500 369.751000 -75.228900 383.110000
-68.777400 369.514000 -78.072000 382.936000
-71.451700 369.274000 -80.795600 382.644000
-74.119300 369.027000 -83.551900 382.504000
-76.762300 368.796000 -86.259400 382.444000
-79.418300 368.610000 -88.941100 382.367000
-82.064300 368.474000 -90.756600 382.510000
-84.706700 368.375000 -91.043900 382.773000
-87.300400 368.312000 -93.694400 382.700000
-89.853800 368.297000 -96.259800 382.662000
-92.216600 368.287000 -98.630500 382.643000
-94.414800 368.283000 -100.813000 382.640000
-96.382100 368.262000 -102.709000 382.620000
-98.194400 368.198000 -104.413000 382.569000
-99.956600 368.089000 -106.153000 382.424000
-101.689000 367.942000 -107.972000 382.258000
-103.417000 367.766000 -109.795000 382.001000
-105.190000 367.553000 -111.632000 381.687000
-107.037000 367.299000 -113.501000 381.425000
-108.950000 367.048000 -115.491000 381.073000
-110.992000 366.783000 -117.607000 380.875000
-113.139000 366.507000 -119.798000 380.624000
-115.403000 366.247000 -122.090000 380.458000
-117.847000 366.011000 -124.575000 380.260000
-120.367000 365.772000 -127.147000 380.050000
-123.054000 365.565000 -129.828000 379.917000
-125.825000 365.442000 -132.704000 379.953000
-128.758000 365.373000 -135.656000 379.944000
-131.695000 365.327000 -138.735000 379.956000
-134.693000 365.275000 -141.788000 379.902000
-137.668000 365.203000 -144.841000 379.784000
-140.642000 365.121000 -147.895000 379.681000
-143.590000 364.971000 -150.894000 379.518000
-146.521000 364.809000 -153.857000 379.394000
-149.452000 364.654000 -156.776000 379.203000
-152.331000 364.456000 -159.692000 379.072000
-155.191000 364.252000 -162.619000 378.921000
-158.024000 364.039000 -165.506000 378.696000
-160.796000 363.776000 -168.359000 378.493000
-163.565000 363.546000 -171.227000 378.375000
-166.302000 363.330000 -174.054000 378.227000
-168.962000 363.169000 -176.848000 378.125000
-171.509000 362.985000 -179.441000 378.029000
-173.900000 362.825000 -181.841000 377.868000
-176.129000 362.678000 -184.130000 377.758000
-178.153000 362.508000 -186.119000 377.646000
-180.011000 362.331000 -188.058000 377.499000
-181.766000 362.146000 -189.854000 377.312000
-183.401000 361.892000 -191.478000 377.027000
-184.939000 361.487000 -193.047000 376.550000
-186.368000 360.902000 -194.520000 375.979000
-187.647000 360.078000 -195.860000 375.154000
-188.743000 359.032000 -197.040000 374.134000
-189.639000 357.758000 -198.039000 372.908000
-190.277000 356.253000 -198.738000 371.439000
-190.669000 354.596000 -199.211000 369.792000
-190.807000 352.818000 -199.391000 368.035000
-190.830000 350.902000 -199.519000 366.186000
-190.797000 348.935000 -199.575000 364.243000
-190.652000 346.834000 -199.581000 362.138000
-190.445000 344.632000 -199.533000 359.900000
-190.217000 342.305000 -199.459000 357.565000
-189.929000 339.875000 -199.368000 355.072000
-189.606000 337.337000 -199.230000 352.518000
-189.272000 334.662000 -199.087000 349.866000
-188.938000 331.919000 -198.971000 347.199000
-188.634000 329.118000 -198.882000 344.348000
-188.358000 326.327000 -198.801000 341.491000
-188.102000 323.554000 -198.671000 338.755000
-187.861000 320.768000 -198.599000 335.929000
-187.604000 317.971000 -198.542000 333.166000
-187.376000 315.151000 -198.296000 330.475000
-187.204000 312.306000 -198.353000 327.494000
-187.009000 309.426000 -198.253000 324.658000
-186.802000 306.618000 -198.270000 321.788000
-186.612000 303.784000 -198.294000 318.934000
-186.425000 300.963000 -198.306000 316.110000
-186.259000 298.173000 -198.330000 313.303000
-186.116000 295.392000 -198.344000 310.530000
-185.970000 292.629000 -198.375000 307.703000
-185.821000 289.855000 -198.400000 304.917000
-185.604000 287.072000 -198.342000 302.106000
-185.391000 284.232000 -198.285000 299.268000
-185.180000 281.398000 -198.201000 296.449000
-184.958000 278.522000 -198.158000 293.631000
-184.765000 275.624000 -198.168000 290.620000
-184.593000 272.680000 -198.116000 287.663000
-184.404000 269.730000 -198.055000 284.745000
-184.192000 266.755000 -197.955000 281.814000
-183.968000 263.818000 -197.813000 278.872000
-183.725000 260.866000 -197.710000 275.830000
-183.456000 257.916000 -197.543000 272.945000
-183.193000 254.908000 -197.284000 269.929000
-182.899000 251.865000 -197.072000 266.900000
-182.644000 248.884000 -196.921000 263.884000
-182.417000 245.914000 -196.772000 260.880000
-182.181000 242.981000 -196.648000 257.931000
-181.959000 240.106000 -196.572000 255.062000
-181.783000 237.302000 -196.491000 252.308000
-181.608000 234.613000 -196.349000 249.643000
-181.412000 232.055000 -196.251000 247.041000
-181.234000 229.560000 -196.161000 244.553000
-181.135000 227.242000 -196.152000 242.215000
-181.055000 225.089000 -196.158000 240.058000
-181.011000 223.129000 -196.145000 238.111000
-180.962000 221.357000 -196.144000 236.307000
-180.864000 219.793000 -196.078000 234.765000
-180.707000 218.404000 -195.941000 233.394000
-180.410000 217.107000 -195.597000 232.149000
-179.934000 215.900000 -195.090000 230.930000
-179.272000 214.811000 -194.421000 229.846000
-178.429000 213.750000 -193.460000 228.840000
-177.330000 212.748000 -192.365000 227.838000
-175.976000 211.904000 -191.042000 226.957000
-174.434000 211.248000 -189.479000 226.244000
-172.650000 210.833000 -187.665000 225.803000
-170.713000 210.620000 -185.709000 225.544000
-168.670000 210.556000 -183.648000 225.393000
-166.514000 210.549000 -181.485000 225.303000
-164.301000 210.562000 -179.248000 225.212000
-161.997000 210.601000 -176.858000 225.168000
-159.608000 210.652000 -174.423000 225.108000
-157.136000 210.725000 -171.902000 225.094000
-154.590000 210.817000 -169.313000 225.097000
-151.925000 210.910000 -166.649000 225.095000
-149.232000 211.014000 -163.943000 225.117000
-146.524000 211.195000 -161.186000 225.212000
-143.803000 211.401000 -158.438000 225.316000
-141.134000 211.673000 -155.689000 225.471000
-138.454000 211.962000 -152.904000 225.655000
-135.808000 212.258000 -150.221000 225.817000
-133.211000 212.556000 -147.626000 225.988000
-130.701000 212.806000 -145.059000 226.128000
-128.305000 213.020000 -142.646000 226.250000
-126.064000 213.195000 -140.413000 226.310000
-124.035000 213.292000 -138.370000 226.341000
-122.158000 213.358000 -136.435000 226.344000
-120.334000 213.383000 -134.658000 226.280000
-118.520000 213.395000 -132.907000 226.200000
-116.728000 213.411000 -131.120000 226.202000
-114.962000 213.426000 -129.383000 226.181000
-113.241000 213.521000 -127.518000 226.277000
-111.538000 213.752000 -125.780000 226.426000
-109.897000 214.157000 -124.079000 226.781000
-108.348000 214.790000 -122.449000 227.361000
-106.934000 215.626000 -120.962000 228.147000
-105.720000 216.653000 -119.671000 229.175000
-104.659000 217.857000 -118.537000 230.325000
-103.816000 219.217000 -117.603000 231.604000
-103.203000 220.667000 -116.902000 233.148000
-102.797000 222.175000 -116.402000 234.857000
-102.518000 223.698000 -115.991000 236.500000
-102.224000 225.209000 -115.545000 237.997000
-101.929000 226.691000 -115.135000 239.429000
-101.554000 228.099000 -114.604000 240.758000
-101.057000 229.406000 -114.033000 242.079000
-100.387000 230.449000 -113.301000 243.098000
-99.660800 231.349000 -112.466000 244.010000
-98.748700 232.038000 -111.484000 244.703000
-97.758900 232.539000 -110.568000 245.188000
-96.734300 232.946000 -109.574000 245.601000
-95.551100 233.227000 -108.382000 245.856000
-94.265400 233.434000 -107.073000 246.023000
-92.872900 233.628000 -105.622000 246.174000
-91.320400 233.778000 -104.037000 246.313000
-89.607300 233.912000 -102.276000 246.432000
-87.723700 234.081000 -100.360000 246.576000
-85.729200 234.245000 -98.343500 246.721000
-83.596700 234.408000 -96.177400 246.843000
-81.337300 234.560000 -93.857500 246.996000
-78.989100 234.699000 -91.410600 247.106000
-76.532000 234.829000 -88.918500 247.142000
-74.033800 234.957000 -86.371500 247.241000
-71.451900 235.073000 -83.746600 247.272000
-68.829900 235.192000 -81.051200 247.341000
-66.187500 235.341000 -78.354200 247.425000
-63.550000 235.504000 -75.723300 247.537000
-60.937800 235.695000 -73.010900 247.685000
-58.395100 235.877000 -70.358200 247.910000
-55.854700 236.073000 -67.775100 248.011000
-53.340700 236.284000 -65.180000 248.132000
-50.868200 236.472000 -62.641300 248.260000
-48.419600 236.680000 -60.126300 248.405000
-46.006100 236.896000 -57.834400 248.577000
-43.636500 237.102000 -55.544000 248.768000
-41.397800 237.325000 -53.350500 248.964000
-39.285600 237.548000 -51.258600 249.141000
-37.212500 237.756000 -49.191900 249.300000
-35.193400 237.946000 -47.210400 249.450000
-33.271400 238.118000 -45.390500 249.590000
-31.488300 238.260000 -43.636900 249.662000
-29.900300 238.365000 -42.018500 249.704000
-28.466000 238.425000 -40.542900 249.755000
-27.174700 238.422000 -39.223700 249.761000
-26.033900 238.394000 -38.035100 249.757000
-25.027500 238.311000 -37.049200 249.634000
-24.186300 238.197000 -36.218600 249.558000
-23.557500 238.096000 -35.567700 249.421000
-23.060700 237.978000 -35.081300 249.263000
-22.589500 237.830000 -34.646200 249.087000
-22.125700 237.675000 -34.212500 248.891000
-21.646800 237.479000 -33.713800 248.669000
-21.040800 237.176000 -33.092600 248.341000
-20.332700 236.704000 -32.339500 247.786000
-19.543900 236.047000 -31.606400 247.044000
-18.773500 235.173000 -30.858400 246.057000
-18.093700 234.054000 -30.186200 244.530000
-17.552800 232.707000 -29.678400 243.019000
-17.153600 231.118000 -29.371200 241.431000
-16.879600 229.308000 -29.151400 239.615000
-16.683100 227.329000 -29.027000 237.677000
-16.577100 225.110000 -28.996300 235.496000
-16.505100 222.740000 -29.031400 233.131000
-16.441700 220.203000 -29.037700 230.605000
-16.368000 217.498000 -29.001900 227.954000
-16.275500 214.635000 -28.980100 225.135000
-16.156700 211.645000 -28.953100 222.151000
-15.973000 208.500000 -28.839500 219.056000
-15.769800 205.256000 -28.675300 215.833000
-15.535000 201.923000 -28.558700 212.507000
-15.282800 198.549000 -28.308300 209.221000
-15.018400 195.164000 -28.122200 205.832000
-14.756600 191.699000 -27.934800 202.380000
-14.483700 188.201000 -27.744100 198.879000
-14.229600 184.645000 -27.573000 195.339000
-13.998600 181.046000 -27.405800 191.784000
-13.767300 177.362000 -27.237800 188.164000
-13.578600 173.654000 -27.106300 184.401000
-13.371600 169.862000 -26.947000 180.677000
-13.172400 166.027000 -26.822300 176.852000
-12.983000 162.128000 -26.687700 172.957000
-12.790200 158.255000 -26.497900 169.105000
-12.591000 154.351000 -26.335600 165.147000
-12.368900 150.424000 -26.197600 161.210000
-12.148500 146.499000 -26.029800 157.283000
-11.913000 142.604000 -25.840200 153.369000
-11.678400 138.737000 -25.679600 149.498000
-11.430900 134.882000 -25.465900 145.754000
-11.185700 131.077000 -25.167900 141.903000
-10.916000 127.303000 -24.950100 138.113000
-10.651100 123.579000 -24.733300 134.404000
-10.383700 119.990000 -24.546800 130.754000
-10.145800 116.551000 -24.310100 127.369000
-9.911380 113.261000 -24.068000 124.101000
-9.721830 110.138000 -23.927500 120.952000
-9.561660 107.277000 -23.814000 118.060000
-9.403750 104.569000 -23.729700 115.358000
-9.301220 102.074000 -23.633600 112.894000
-9.187940 99.813100 -23.557000 110.633000
-8.995400 97.760300 -23.386500 108.531000
-8.653330 95.922500 -22.917700 106.672000
-8.103010 94.300300 -22.227100 105.047000
-7.346410 92.842700 -21.443000 103.537000
-6.370370 91.564100 -20.448200 102.234000
-5.209050 90.469800 -19.223900 101.136000
-3.917650 89.606400 -17.924800 100.279000
-2.474010 88.997900 -16.505700 99.649800
-0.991252 88.631100 -15.002800 99.281300
0.559278 88.471500 -13.435800 99.130400
2.144870 88.385500 -11.851500 99.076800
3.808430 88.348400 -10.184600 99.016300
5.573210 88.344300 -8.408300 98.959000
7.463920 88.341000 -6.576540 98.889900
9.408110 88.330800 -4.557950 98.846400
11.534000 88.317300 -2.435360 98.771000
13.779300 88.331700 -0.160683 98.712500
16.252700 88.427400 2.420680 98.735600
18.773200 88.624800 5.050670 98.867300
21.345100 88.906100 7.741870 99.030800
23.942100 89.183700 10.466800 99.204500
26.530700 89.412200 13.095400 99.257100
29.093800 89.534600 15.689200 99.268700
31.646100 89.542300 18.221300 99.164300
34.156900 89.466000 20.730800 98.966600
36.672100 89.323400 23.263000 98.804200
39.232200 89.184300 25.878500 98.550400
41.881500 89.044300 28.450800 98.418400
44.554800 88.928200 31.060400 98.277800
47.228500 88.818000 33.848300 98.126100
49.883200 88.623000 36.565400 97.843800
52.575400 88.233200 39.239700 97.399600
55.131000 87.706900 41.858400 96.814800
57.636500 87.023800 44.358500 96.040800
60.139300 86.233900 46.854400 95.183000
62.656700 85.372300 49.368000 94.277400
65.170600 84.518100 51.895600 93.333300
67.761700 83.598200 54.435500 92.397700
70.357800 82.612700 56.964500 91.350800
72.985900 81.491100 59.550700 90.151200
75.579800 80.269500 62.120800 88.827600
78.252400 78.952300 64.710500 87.464800
80.910300 77.642200 67.313800 86.059600
83.548900 76.341100 69.789000 84.771500
86.137800 75.000900 72.247300 83.396100
88.661300 73.559000 74.708000 81.918000
91.054100 72.025400 77.050300 80.276100
93.355900 70.396400 79.253000 78.598700
95.534400 68.700400 81.444000 76.903800
97.652900 66.967300 83.499100 75.126800
99.685300 65.308000 85.419300 73.437300
101.600000 63.787600 87.206200 71.924500
103.371000 62.441300 88.901700 70.525900
105.036000 61.219700 90.775500 69.280700
106.635000 60.001900 92.471200 67.947800
108.234000 58.757200 94.059900 66.592800
109.785000 57.519400 95.560300 65.263300
111.387000 56.222600 97.083300 63.927100
113.042000 54.874000 98.685300 62.528200
114.792000 53.492000 100.412000 61.108100
116.630000 52.143100 102.194000 59.741900
118.582000 50.791600 104.125000 58.398700
120.614000 49.368800 106.107000 57.027600
122.736000 47.878800 108.242000 55.517700
124.918000 46.309500 110.354000 53.939600
127.189000 44.688500 112.542000 52.303800
129.518000 43.015600 114.763000 50.633400
131.855000 41.314200 117.050000 48.917900
134.195000 39.637000 119.319000 47.201700
136.544000 37.930100 121.600000 45.461400
138.875000 36.266800 123.777000 43.828400
141.248000 34.627600 126.019000 42.210800
143.573000 33.007500 128.213000 40.607400
145.863000 31.373400 130.479000 38.926500
148.118000 29.736000 132.654000 37.273100
150.357000 28.115500 134.874000 35.633300
152.508000 26.569200 137.022000 34.076100
154.543000 25.084600 138.995000 32.573800
156.443000 23.619700 140.712000 31.181300
158.155000 22.303100 142.282000 29.897500
159.677000 21.078900 143.779000 28.675000
161.114000 19.989900 145.290000 27.537900
162.613000 19.091400 146.808000 26.647400
164.188000 18.465700 148.463000 26.009900
165.817000 18.033200 150.108000 25.585200
167.548000 17.808600 151.875000 25.344600
169.360000 17.756500 153.638000 25.259500
171.261000 17.801700 155.489000 25.329200
173.195000 17.821000 157.366000 25.350100
175.206000 17.800100 159.441000 25.297000
177.232000 17.736000 161.550000 25.227200
179.367000 17.643800 163.707000 25.146800
181.523000 17.503200 165.913000 25.055400
183.738000 17.332400 168.162000 24.926000
186.016000 17.190300 170.393000 24.814700
188.329000 17.057600 172.672000 24.701400
190.623000 16.906400 174.977000 24.643800
192.924000 16.770100 177.339000 24.601400
195.316000 16.616900 179.778000 24.570100
197.739000 16.441100 182.215000 24.497900
200.192000 16.229600 184.645000 24.344400
202.672000 16.023700 187.065000 24.140100
205.198000 15.803400 189.515000 23.934300
207.732000 15.627400 191.954000 23.755600
210.227000 15.464200 194.379000 23.656600
212.773000 15.292200 196.877000 23.545900
215.296000 15.145800 199.460000 23.460200
217.874000 14.960800 202.054000 23.249000
220.456000 14.762000 204.734000 23.061900
223.089000 14.577200 207.408000 22.843400
225.758000 14.430300 210.109000 22.656300
228.449000 14.255300 212.807000 22.424900
231.131000 14.040700 215.503000 22.240100
233.834000 13.830700 218.194000 22.066700
236.508000 13.636200 220.858000 21.874500
239.161000 13.408100 223.338000 21.704600
241.817000 13.204700 225.867000 21.529500
244.423000 13.011800 228.426000 21.359800
246.991000 12.846400 231.114000 21.170100
249.542000 12.691200 233.733000 21.039800
252.032000 12.541300 236.177000 20.829700
254.420000 12.420700 238.627000 20.746100
256.658000 12.308900 240.860000 20.646900
258.778000 12.189100 242.950000 20.502800
260.790000 12.054400 244.929000 20.338500
262.692000 11.838600 246.771000 20.126400
264.465000 11.557500 248.482000 19.818200
266.082000 11.238900 250.085000 19.515800
267.522000 10.905400 251.551000 19.252300
268.759000 10.593200 252.842000 18.931800
269.804000 10.355200 253.922000 18.653600
270.691000 10.215500 254.889000 18.542600
271.482000 10.141900 255.733000 18.520900
272.255000 10.173200 256.554000 18.565700
273.018000 10.296400 257.312000 18.731600
273.747000 10.554800 258.068000 18.991600
274.500000 10.956300 258.820000 19.359900
275.252000 11.497900 259.588000 19.950800
275.946000 12.318800 260.311000 20.850500
276.567000 13.304500 260.891000 21.837800
277.057000 14.482800 261.408000 23.058300
277.444000 15.858300 261.864000 24.531700
277.849000 17.484000 262.315000 26.144000
278.199000 19.313300 262.674000 27.951300
278.421000 21.282000 262.898000 29.959900
278.586000 23.486200 263.032000 32.110200
278.698000 25.817900 263.173000 34.491400
278.785000 28.311000 263.269000 37.036800
278.902000 30.965100 263.416000 39.671700
279.050000 33.734100 263.612000 42.403300
279.231000 36.519600 263.803000 45.201000
279.411000 39.396100 263.993000 47.982400
279.613000 42.320500 264.139000 50.967300
279.802000 45.282100 264.294000 53.987200
279.990000 48.317900 264.463000 57.016100
280.160000 51.373800 264.593000 60.083000
280.332000 54.420900 264.687000 63.104300
280.525000 57.439000 264.791000 66.133300
280.706000 60.482800 264.903000 69.254300
280.898000 63.519500 265.020000 72.314000
281.144000 66.544000 265.179000 75.345600
281.385000 69.567100 265.280000 78.402300
281.574000 72.606900 265.376000 81.412700
281.749000 75.611500 265.454000 84.449300
281.901000 78.660500 265.514000 87.472900
282.074000 81.682900 265.555000 90.542300
282.270000 84.693100 265.626000 93.580100
282.471000 87.689900 265.787000 96.588800
282.682000 90.679400 265.902000 99.601700
282.917000 93.705000 265.980000 102.638000
283.192000 96.699100 266.082000 105.632000
283.505000 99.673200 266.206000 108.662000
283.871000 102.637000 266.484000 111.568000
284.294000 105.576000 266.759000 114.505000
284.718000 108.467000 266.994000 117.475000
285.161000 111.349000 267.236000 120.415000
285.618000 114.192000 267.457000 123.325000
286.012000 116.990000 267.631000 126.193000
286.389000 119.791000 267.814000 129.012000
286.775000 122.495000 268.034000 131.769000
287.121000 125.086000 268.188000 134.397000
287.481000 127.560000 268.370000 136.911000
287.883000 129.903000 268.630000 139.311000
288.313000 132.109000 268.902000 141.583000
288.746000 134.104000 269.168000 143.690000
289.190000 135.917000 269.387000 145.592000
289.643000 137.543000 269.706000 147.418000
290.034000 139.132000 270.007000 149.166000
290.395000 140.728000 270.251000 150.865000
290.599000 142.332000 270.366000 152.481000
290.598000 143.912000 270.146000 154.099000
290.341000 145.498000 269.677000 155.667000
289.846000 147.066000 268.948000 157.186000
289.062000 148.539000 267.927000 158.548000
287.982000 149.891000 266.670000 159.804000
286.616000 151.094000 265.186000 160.917000
285.042000 152.105000 263.440000 161.862000
283.163000 153.032000 261.501000 162.671000
281.186000 153.957000 259.468000 163.456000
279.142000 154.913000 257.333000 164.301000
276.991000 155.935000 255.140000 165.186000
274.781000 157.016000 252.797000 166.106000
272.454000 158.204000 250.287000 167.169000
270.013000 159.474000 247.732000 168.295000
267.490000 160.787000 245.045000 169.479000
264.958000 162.134000 242.240000 170.662000
262.413000 163.545000 239.573000 171.931000
259.933000 165.022000 236.932000 173.323000
257.501000 166.578000 234.334000 174.755000
255.114000 168.214000 231.860000 176.243000
252.742000 169.896000 229.516000 177.709000
250.323000 171.552000 227.005000 179.314000
247.844000 173.139000 224.302000 180.748000
245.317000 174.695000 221.542000 182.078000
242.745000 176.213000 218.834000 183.370000
240.133000 177.656000 216.105000 184.599000
237.479000 179.047000 213.335000 185.826000
234.853000 180.371000 210.548000 186.957000
232.224000 181.680000 207.815000 188.142000
229.648000 182.990000 205.065000 189.248000
227.085000 184.312000 202.409000 190.359000
224.583000 185.634000 199.772000 191.554000
222.124000 186.920000 197.142000 192.662000
219.706000 188.160000 194.594000 193.664000
217.390000 189.350000 192.146000 194.610000
215.163000 190.490000 189.838000 195.543000
213.048000 191.540000 187.622000 196.464000
211.081000 192.491000 185.576000 197.294000
209.254000 193.367000 183.634000 198.066000
207.607000 194.164000 181.890000 198.733000
206.146000 194.876000 180.295000 199.348000
204.879000 195.531000 178.895000 199.908000
203.832000 196.113000 177.723000 200.379000
203.014000 196.595000 176.864000 200.782000
202.387000 197.008000 176.190000 201.107000
201.802000 197.406000 175.573000 201.505000
201.233000 197.830000 174.977000 201.823000
200.663000 198.252000 174.351000 202.214000
200.069000 198.731000 173.684000 202.664000
199.300000 199.373000 172.819000 203.247000
198.305000 200.148000 171.732000 203.929000
197.144000 201.071000 170.479000 204.763000
195.779000 202.069000 169.022000 205.642000
194.292000 203.110000 167.427000 206.562000
192.643000 204.176000 165.670000 207.512000
190.831000 205.279000 163.949000 208.475000
188.918000 206.363000 161.955000 209.391000
186.906000 207.466000 160.008000 210.338000
184.820000 208.588000 157.792000 211.276000
182.643000 209.723000 155.497000 212.216000
180.390000 210.908000 153.192000 213.202000
178.089000 212.147000 150.822000 214.206000
175.759000 213.365000 148.442000 215.191000
173.446000 214.617000 146.008000 216.228000
171.126000 215.845000 143.615000 217.235000
168.850000 217.065000 141.264000 218.247000
166.600000 218.264000 138.947000 219.262000
164.442000 219.394000 136.682000 220.223000
162.432000 220.450000 134.582000 221.102000
160.559000 221.378000 132.675000 221.842000
158.852000 222.163000 130.896000 222.455000
157.234000 222.846000 129.246000 222.972000
155.588000 223.343000 127.548000 223.294000
153.926000 223.641000 125.856000 223.412000
152.256000 223.748000 124.161000 223.324000
150.546000 223.676000 122.413000 223.087000
148.697000 223.531000 120.649000 222.738000
146.768000 223.327000 118.730000 222.375000
144.711000 223.132000 116.652000 221.998000
142.513000 222.953000 114.487000 221.573000
140.156000 222.749000 112.145000 221.101000
137.676000 222.546000 109.655000 220.689000
135.035000 222.395000 106.974000 220.260000
132.256000 222.251000 104.235000 219.791000
129.372000 222.127000 101.245000 219.387000
126.373000 221.973000 98.219200 218.929000
123.284000 221.804000 95.175000 218.371000
120.221000 221.637000 92.064700 217.902000
117.151000 221.428000 88.993300 217.388000
114.114000 221.210000 85.952600 216.827000
111.115000 220.988000 82.939200 216.302000
108.145000 220.779000 79.949600 215.770000
105.224000 220.577000 76.973200 215.286000
102.316000 220.409000 74.117900 214.749000
99.450300 220.233000 71.210400 214.330000
96.602600 220.072000 68.292100 213.907000
93.820200 219.879000 65.478000 213.482000
91.110300 219.661000 62.747700 212.983000
88.507500 219.447000 60.127300 212.466000
86.063700 219.234000 57.668700 212.022000
83.784000 219.034000 55.354300 211.634000
81.684800 218.859000 53.171300 211.345000
79.765700 218.784000 51.158400 211.165000
77.978900 218.865000 49.300500 211.105000
76.243200 219.106000 47.441500 211.218000
74.584900 219.509000 45.730800 211.604000
73.010500 220.131000 44.022000 212.171000
71.585500 221.046000 42.496300 212.992000
70.335700 222.263000 41.156500 214.062000
69.295100 223.616000 39.922000 215.431000
68.483600 225.229000 38.966200 216.965000
67.882900 227.036000 38.111100 218.734000
67.507900 228.978000 37.533900 220.631000
67.289900 231.054000 36.809400 222.711000
67.151900 233.239000 36.166900 224.844000
67.087400 235.496000 35.587000 227.125000
67.007000 237.819000 35.149000 229.501000
66.918000 240.242000 34.593100 231.953000
66.853400 242.725000 34.075100 234.501000
66.722700 245.322000 33.526400 237.069000
66.515000 248.008000 32.834000 239.756000
66.333500 250.745000 32.148100 242.448000
66.128500 253.633000 31.448800 245.261000
65.928900 256.561000 30.710600 248.172000
65.756400 259.545000 29.967800 251.182000
65.578000 262.664000 29.235200 254.277000
65.379900 265.787000 28.516800 257.392000
65.158300 268.959000 27.737700 260.549000
64.945400 272.148000 26.901600 263.788000
64.730900 275.335000 26.145800 266.921000
64.500300 278.498000 25.349200 270.052000
64.260800 281.652000 24.634100 273.165000
64.016100 284.780000 23.845800 276.289000
63.783800 287.922000 23.070100 279.359000
63.564200 290.994000 22.293900 282.406000
63.341800 294.064000 21.548800 285.465000
63.142800 297.113000 20.774700 288.524000
62.913700 300.159000 19.991600 291.484000
62.640700 303.200000 19.181200 294.523000
62.379300 306.196000 18.374500 297.496000
62.076300 309.164000 17.557400 300.367000
61.720900 312.128000 16.704300 303.263000
61.315900 315.076000 15.748700 306.259000
60.840500 317.991000 14.767200 309.049000
60.400900 320.926000 13.853600 311.883000
60.018400 323.914000 12.960100 314.801000
59.656600 326.901000 12.171900 317.734000
59.369300 329.897000 11.412900 320.597000
59.156300 332.878000 10.607700 323.657000
58.935300 335.910000 9.789090 326.654000
58.744700 338.967000 9.101510 329.603000
58.549900 341.961000 8.335660 332.638000
58.391700 344.970000 7.624680 335.588000
58.228000 347.941000 6.884300 338.542000
58.067800 350.824000 6.155400 341.393000
57.945200 353.572000 5.466910 344.077000
57.812200 356.213000 4.831140 346.680000
57.740000 358.716000 4.243670 349.166000
57.727700 361.096000 3.752010 351.477000
57.732000 363.232000 3.287340 353.622000
57.737400 365.272000 2.876280 355.692000
57.726400 367.282000 2.406020 357.765000
57.672100 369.270000 1.959410 359.760000
57.530900 371.222000 1.391510 361.745000
57.261100 373.242000 0.636817 363.738000
56.906800 375.367000 -0.131767 365.773000
56.526100 377.632000 -0.984794 367.950000
56.178800 380.034000 -1.731290 370.170000
55.879900 382.556000 -2.484270 372.554000
55.658500 385.229000 -3.265840 375.204000
55.525400 388.005000 -3.917310 377.937000
55.440200 390.937000 -4.608350 380.789000
55.383200 393.969000 -5.323110 383.763000
55.287700 397.135000 -6.122120 386.868000
55.174500 400.324000 -6.945730 390.023000
55.033000 403.500000 -7.765030 393.117000
54.837500 406.709000 -8.634850 396.231000
54.633900 409.915000 -9.518930 399.315000
54.415900 413.075000 -10.416300 402.445000
54.209800 416.230000 -11.245900 405.512000
54.007800 419.330000 -12.101300 408.598000
53.808100 422.409000 -12.954100 411.563000
53.647900 425.433000 -13.805300 414.516000
53.462200 428.338000 -14.647800 417.363000
53.268100 431.083000 -15.464800 420.031000
53.041600 433.708000 -16.204200 422.522000
52.761500 436.195000 -17.046900 424.915000
52.452500 438.545000 -17.876000 427.157000
52.097800 440.695000 -18.725900 429.204000
51.703300 442.687000 -19.550000 431.077000
51.346800 444.453000 -20.293000 432.739000
51.159400 446.062000 -20.829600 434.290000
51.227100 447.584000 -21.115200 435.853000
51.545800 448.919000 -21.014800 437.327000
52.170200 450.095000 -20.661100 438.734000
53.010100 451.085000 -20.105500 439.998000
54.031700 451.834000 -19.361400 441.044000
55.159500 452.401000 -18.462300 441.903000
56.365800 452.759000 -17.425600 442.603000
57.718000 452.954000 -16.231400 443.186000
59.220400 453.075000 -14.872700 443.779000
60.871400 453.117000 -13.432900 444.290000
62.652900 453.197000 -11.826600 444.957000
64.587300 453.310000 -10.118300 445.668000
66.671400 453.444000 -8.268240 446.414000
68.879900 453.606000 -6.308270 447.248000
71.253000 453.800000 -4.241480 448.177000
73.733600 454.000000 -2.026950 449.123000
76.320700 454.223000 0.246716 450.092000
78.997900 454.455000 2.631000 451.124000
81.775000 454.664000 5.099130 452.123000
84.605500 454.843000 7.608440 453.179000
87.474900 455.046000 10.111800 454.261000
90.381500 455.265000 12.700600 455.372000
93.295700 455.467000 15.310600 456.402000
96.227900 455.669000 17.904400 457.447000
99.151300 455.867000 20.521000 458.580000
102.098000 456.048000 23.100700 459.630000
104.963000 456.215000 25.675800 460.680000
107.792000 456.417000 28.200600 461.791000
110.639000 456.599000 30.693100 462.825000
113.445000 456.781000 33.203100 463.817000
116.183000 456.989000 35.646000 464.883000
118.914000 457.209000 38.042000 465.959000
121.613000 457.466000 40.362600 467.049000
124.271000 457.796000 42.637500 468.273000
126.863000 458.231000 44.838200 469.514000
129.439000 458.721000 47.033900 470.795000
132.007000 459.266000 49.168600 472.152000
134.528000 459.877000 51.232100 473.509000
136.999000 460.537000 53.232600 474.889000
139.440000 461.269000 55.218300 476.387000
141.830000 462.087000 57.153700 477.906000
144.198000 462.947000 59.032100 479.456000
146.521000 463.864000 60.856900 481.105000
148.813000 464.840000 62.653500 482.720000
151.059000 465.848000 64.364800 484.403000
153.260000 466.916000 66.017000 486.092000
155.398000 468.034000 67.599200 487.869000
157.497000 469.204000 69.146200 489.668000
159.526000 470.402000 70.646400 491.441000
161.499000 471.628000 72.146900 493.220000
163.344000 472.865000 73.482600 495.003000
165.044000 474.076000 74.713300 496.643000
166.599000 475.205000 75.832900 498.213000
167.992000 476.212000 76.878700 499.636000
169.245000 477.045000 77.767900 500.889000
170.376000 477.687000 78.620500 501.888000
171.402000 478.181000 79.444800 502.718000
172.454000 478.611000 80.312300 503.431000
173.543000 478.870000 81.236800 504.002000
174.621000 479.008000 82.197200 504.440000
175.728000 478.982000 83.238000 504.746000
176.900000 478.773000 84.354100 504.788000
178.107000 478.365000 85.533500 504.769000
179.364000 477.679000 86.818300 504.486000
180.665000 476.680000 88.215200 503.882000
181.990000 475.385000 89.757100 503.057000
183.406000 473.850000 91.379400 502.057000
184.907000 472.094000 93.198600 500.891000
186.484000 470.156000 95.083500 499.584000
188.170000 468.058000 97.165900 498.224000
189.974000 465.798000 99.395100 496.714000
191.813000 463.444000 101.672000 495.084000
193.686000 461.063000 104.005000 493.442000
195.578000 458.682000 106.404000 491.819000
197.474000 456.336000 108.734000 490.242000
199.437000 453.936000 111.178000 488.690000
201.353000 451.589000 113.604000 487.182000
203.280000 449.262000 116.060000 485.626000
205.182000 446.954000 118.497000 484.089000
207.062000 444.657000 120.907000 482.585000
208.932000 442.379000 123.284000 481.100000
210.794000 440.127000 125.672000 479.622000
212.683000 437.889000 128.040000 478.231000
214.626000 435.602000 130.480000 476.767000
216.662000 433.239000 132.953000 475.256000
218.725000 430.836000 135.467000 473.694000
220.775000 428.392000 138.009000 472.120000
222.832000 425.955000 140.546000 470.554000
224.875000 423.570000 143.124000 469.038000
226.917000 421.196000 145.662000 467.538000
228.939000 418.880000 148.194000 466.065000
230.922000 416.616000 150.715000 464.618000
232.807000 414.434000 153.075000 463.293000
234.527000 412.380000 155.291000 462.007000
236.076000 410.476000 157.287000 460.773000
237.395000 408.724000 159.036000 459.573000
238.436000 407.080000 160.509000 458.354000
239.152000 405.467000 161.599000 456.917000
239.543000 403.684000 162.540000 455.341000
239.527000 401.986000 163.083000 453.621000
239.145000 400.392000 163.287000 451.846000
238.428000 398.901000 163.171000 450.142000
237.406000 397.521000 162.704000 448.350000
236.176000 396.242000 162.021000 446.682000
234.783000 395.050000 161.117000 444.991000
233.167000 393.958000 160.020000 443.326000
231.352000 392.982000 158.742000 441.691000
229.299000 392.126000 157.260000 440.105000
227.028000 391.376000 155.569000 438.527000
224.591000 390.708000 153.693000 436.962000
222.013000 390.115000 151.635000 435.356000
219.228000 389.642000 149.335000 433.773000
216.289000 389.218000 146.951000 432.106000
213.230000 388.817000 144.366000 430.436000
210.037000 388.419000 141.710000 428.702000
206.814000 388.042000 139.041000 426.964000
203.530000 387.688000 136.320000 425.173000
200.194000 387.352000 133.549000 423.415000
196.800000 387.039000 130.725000 421.668000
193.414000 386.749000 127.929000 419.936000
190.040000 386.488000 125.096000 418.256000
186.693000 386.245000 122.246000 416.652000
183.368000 386.028000 119.333000 415.030000
180.073000 385.816000 116.538000 413.335000
176.820000 385.619000 113.700000 411.701000
173.583000 385.429000 111.063000 409.688000
170.405000 385.234000 108.256000 408.372000
167.259000 385.054000 105.523000 406.997000
164.153000 384.882000 103.183000 405.906000
161.103000 384.733000 100.442000 404.667000
158.145000 384.613000 97.820800 403.389000
155.340000 384.532000 95.249700 402.240000
152.722000 384.488000 92.863200 401.175000
150.288000 384.442000 90.593000 399.950000
147.990000 384.352000 88.536600 399.020000
145.876000 384.170000 86.699300 397.978000
143.987000 383.883000 85.091600 396.906000
142.387000 383.400000 83.876400 395.707000
141.041000 382.663000 82.948000 394.481000
139.918000 381.686000 82.212900 393.128000
139.086000 380.493000 81.747800 391.688000
138.526000 379.144000 81.646000 390.224000
138.182000 377.665000 81.753600 388.848000
138.006000 376.066000 82.001200 387.337000
137.896000 374.356000 82.332600 385.623000
137.868000 372.543000 82.822200 383.902000
137.850000 370.604000 83.281600 382.037000
137.863000 368.486000 83.823800 380.018000
137.890000 366.239000 84.383100 378.002000
137.989000 363.842000 85.047400 375.815000
138.101000 361.257000 85.824200 373.323000
138.248000 358.523000 86.630200 370.706000
138.465000 355.622000 87.567000 367.960000
138.679000 352.606000 88.492900 365.152000
138.870000 349.509000 89.414300 362.162000
139.088000 346.340000 90.388800 359.168000
139.297000 343.155000 91.391500 356.115000
139.538000 339.949000 92.384800 353.067000
139.773000 336.772000 93.407300 350.019000
139.975000 333.575000 94.371300 347.015000
140.210000 330.409000 95.346200 343.956000
140.433000 327.202000 96.350300 340.991000
140.639000 323.949000 97.288300 337.983000
140.834000 320.670000 98.231100 334.846000
141.031000 317.355000 99.195600 331.762000
141.231000 313.996000 100.170000 328.650000
141.466000 310.579000 101.171000 325.472000
141.682000 307.099000 102.167000 322.187000
141.903000 303.596000 103.151000 318.901000
142.128000 300.032000 104.129000 315.569000
142.368000 296.488000 105.088000 312.299000
142.635000 293.008000 106.028000 308.976000
142.893000 289.544000 106.958000 305.712000
143.162000 286.103000 107.852000 302.385000
143.423000 282.635000 108.718000 299.027000
143.690000 279.206000 109.615000 295.764000
143.966000 275.751000 110.478000 292.561000
144.176000 272.413000 111.259000 289.333000
144.409000 269.041000 112.085000 286.030000
144.650000 265.722000 112.852000 282.966000
144.892000 262.466000 113.608000 279.638000
145.119000 259.236000 114.311000 276.445000
145.322000 256.027000 115.011000 273.266000
145.554000 252.911000 115.710000 270.261000
145.758000 249.926000 116.349000 267.403000
145.975000 247.096000 117.020000 264.629000
146.193000 244.517000 117.696000 262.070000
146.430000 242.043000 118.345000 259.629000
146.658000 239.703000 118.972000 257.381000
146.841000 237.619000 119.549000 255.359000
147.044000 235.713000 120.035000 253.527000
147.212000 234.013000 120.517000 251.868000
147.317000 232.472000 120.885000 250.344000
147.271000 231.073000 121.061000 248.982000
147.082000 229.775000 121.025000 247.591000
146.701000 228.555000 120.815000 246.291000
146.187000 227.435000 120.494000 245.018000
145.473000 226.371000 120.003000 243.799000
144.552000 225.364000 119.297000 242.586000
143.431000 224.471000 118.392000 241.437000
142.086000 223.711000 117.235000 240.359000
140.556000 223.119000 115.866000 239.424000
138.883000 222.678000 114.346000 238.627000
137.084000 222.402000 112.668000 237.934000
135.115000 222.193000 110.902000 237.224000
132.943000 222.047000 108.840000 236.484000
130.592000 221.912000 106.673000 235.733000
128.055000 221.831000 104.298000 234.987000
125.274000 221.703000 101.847000 234.144000
122.361000 221.563000 99.190300 233.240000
119.403000 221.462000 96.503400 232.376000
116.375000 221.302000 93.762000 231.422000
113.408000 221.118000 91.053600 230.374000
110.421000 220.912000 88.364500 229.408000
107.454000 220.682000 85.625800 228.474000
104.561000 220.469000 82.970800 227.494000
101.621000 220.285000 80.334000 226.516000
98.749600 220.102000 77.685400 225.594000
95.922400 219.917000 75.004900 224.706000
93.128600 219.723000 72.448800 223.818000
90.402300 219.517000 69.952300 222.881000
87.822600 219.339000 67.575300 222.016000
85.417400 219.160000 65.387600 221.245000
83.236900 218.982000 63.380800 220.558000
81.318800 218.873000 61.585600 219.973000
79.686600 218.800000 59.980300 219.526000
78.237400 218.792000 58.496500 219.124000
76.845400 218.872000 57.087700 218.920000
75.508500 219.087000 55.757200 218.850000
74.208400 219.435000 54.455900 219.026000
73.001300 219.936000 53.175500 219.294000
71.846000 220.675000 51.899200 219.738000
70.733400 221.608000 50.620300 220.378000
69.766100 222.727000 49.456800 221.215000
68.996200 224.005000 48.420600 222.307000
68.390600 225.402000 47.506000 223.549000
67.948700 226.861000 46.712100 224.865000
67.625400 228.342000 46.035100 226.255000
67.467500 229.886000 45.551900 227.626000
67.362400 231.474000 44.975600 228.772000
67.266200 233.077000 44.493400 230.465000
67.189100 234.689000 44.078600 231.944000
67.007500 236.279000 43.482500 233.562000
66.684200 237.846000 42.800700 235.014000
66.179600 239.317000 41.941100 236.346000
65.422700 240.612000 40.955300 237.441000
64.445800 241.725000 39.722100 238.289000
63.304800 242.647000 38.475800 238.811000
62.021600 243.307000 37.126200 239.140000
60.650100 243.774000 35.792900 239.183000
59.142700 243.960000 34.355900 238.950000
57.585200 243.999000 32.892000 238.614000
55.936400 243.918000 31.298400 238.128000
54.148800 243.816000 29.677400 237.550000
52.206900 243.699000 27.904400 236.941000
50.086500 243.595000 25.944900 236.241000
47.783400 243.469000 23.880300 235.588000
45.293000 243.349000 21.597200 234.834000
42.638700 243.201000 19.256600 233.968000
39.840500 243.024000 16.738200 233.106000
36.870200 242.812000 14.038800 232.214000
33.771100 242.591000 11.232800 231.272000
30.563600 242.341000 8.270660 230.235000
27.310000 242.099000 5.329810 229.219000
24.088700 241.874000 2.376170 228.289000
20.844100 241.667000 -0.469800 227.383000
17.628100 241.421000 -3.415600 226.411000
14.477600 241.140000 -6.277640 225.436000
11.383400 240.852000 -8.985610 224.462000
8.404100 240.575000 -11.665700 223.505000
5.558770 240.280000 -14.181600 222.558000
2.898070 240.020000 -16.531300 221.655000
0.468998 239.790000 -18.684000 220.974000
-1.726350 239.579000 -20.719200 220.288000
-3.673610 239.406000 -22.587600 219.683000
-5.349210 239.283000 -24.226000 219.240000
-6.697220 239.235000 -25.567000 218.890000
-7.790830 239.226000 -26.578100 218.648000
-8.650590 239.256000 -27.375900 218.493000
-9.339980 239.312000 -28.048500 218.378000
-10.023600 239.403000 -28.680800 218.349000
-10.691600 239.551000 -29.301600 218.426000
-11.334000 239.743000 -29.986500 218.576000
-12.055400 240.070000 -30.752400 218.864000
-12.928200 240.548000 -31.658600 219.232000
-13.829900 241.237000 -32.694700 219.733000
-14.657500 242.153000 -33.664100 220.440000
-15.389500 243.335000 -34.617900 221.420000
-15.954300 244.808000 -35.476400 222.728000
-16.344000 246.503000 -36.196200 224.317000
-16.543600 248.434000 -36.747100 226.171000
-16.625900 250.585000 -37.257400 228.243000
-16.698400 252.928000 -37.797300 230.524000
-16.792700 255.477000 -38.562600 233.124000
-16.901400 258.204000 -39.349300 235.742000
-17.050800 261.108000 -40.172500 238.632000
-17.212200 264.258000 -41.109400 241.642000
-17.378200 267.531000 -41.976200 244.858000
-17.585600 271.005000 -42.864900 248.211000
-17.790900 274.540000 -43.893900 251.696000
-18.006400 278.168000 -44.800100 255.126000
-18.230200 281.848000 -45.812200 258.710000
-18.478500 285.540000 -46.830300 262.295000
-18.738700 289.269000 -47.842100 265.930000
-18.969200 293.005000 -48.875700 269.573000
-19.197500 296.765000 -49.851500 273.221000
-19.425800 300.571000 -50.847700 276.932000
-19.659900 304.341000 -51.912500 280.649000
-19.897100 308.135000 -52.964400 284.394000
-20.120800 311.967000 -53.926400 288.081000
-20.358200 315.795000 -55.017200 291.836000
-20.611000 319.609000 -56.069500 295.563000
-20.848400 323.416000 -57.082300 299.250000
-21.078300 327.210000 -58.143400 303.032000
-21.297400 330.953000 -59.168500 306.719000
-21.515200 334.670000 -60.161800 310.431000
-21.738900 338.324000 -61.197500 313.928000
-21.961300 341.848000 -62.174200 317.430000
-22.188700 345.195000 -63.130300 320.662000
-22.425500 348.440000 -64.043700 323.780000
-22.627100 351.551000 -64.930500 326.834000
-22.784800 354.495000 -65.724200 329.693000
-22.912300 357.254000 -66.482000 332.408000
-23.021100 359.781000 -67.110800 334.887000
-23.110100 362.065000 -67.686600 337.183000
-23.194700 364.113000 -68.215500 339.342000
-23.316200 365.906000 -68.671600 341.201000
-23.491700 367.519000 -69.215700 342.717000
-23.817500 369.008000 -69.891800 344.018000
-24.402800 370.363000 -70.898000 345.093000
-25.259300 371.525000 -71.966800 345.952000
-26.342200 372.474000 -73.267600 346.591000
-27.671500 373.167000 -74.665200 346.871000
-29.146800 373.579000 -76.109500 346.872000
-30.769100 373.628000 -77.652200 346.465000
-32.472600 373.418000 -79.152100 345.908000
-34.255000 373.082000 -80.773900 345.103000
-36.185000 372.715000 -82.472900 344.326000
-38.225100 372.359000 -84.282700 343.513000
-40.463500 371.970000 -86.216700 342.655000
-42.870700 371.581000 -88.303400 341.743000
-45.467500 371.255000 -90.520000 340.875000
-48.229300 371.012000 -92.922600 340.020000
-51.147900 370.802000 -95.417100 339.146000
-54.143700 370.566000 -98.213100 338.299000
-57.290400 370.322000 -101.020000 337.447000
-60.514000 370.101000 -103.918000 336.513000
-63.754500 369.888000 -106.894000 335.588000
-67.034000 369.669000 -109.831000 334.615000
-70.287300 369.455000 -112.860000 333.689000
-73.549200 369.222000 -115.810000 332.772000
-76.757100 368.992000 -118.696000 331.810000
-79.980400 368.759000 -121.572000 330.874000
-83.175200 368.565000 -123.042000 330.811000
-86.328600 368.399000 -121.158000 331.596000
-89.395000 368.283000 -119.651000 332.562000
-92.243000 368.213000 -119.878000 332.526000
-94.955800 368.165000 -120.533000 332.514000
-97.584000 368.117000 -122.742000 331.700000
-100.178000 368.010000 -124.975000 330.790000
-102.729000 367.776000 -127.214000 329.692000
-105.312000 367.446000 -129.387000 328.531000
-107.980000 367.093000 -131.626000 327.278000
-110.749000 366.757000 -134.076000 326.158000
-113.663000 366.407000 -136.529000 325.030000
-116.728000 366.111000 -139.177000 323.845000
-119.901000 365.859000 -141.948000 322.637000
-123.244000 365.614000 -144.809000 321.401000
-126.667000 365.458000 -147.776000 320.348000
-130.225000 365.342000 -150.829000 319.192000
-133.736000 365.278000 -153.986000 318.021000
-137.290000 365.216000 -157.097000 316.834000
-140.790000 365.166000 -160.116000 315.687000
-144.294000 365.007000 -163.088000 314.386000
-147.770000 364.794000 -166.036000 313.077000
-151.238000 364.564000 -168.956000 311.781000
-154.640000 364.300000 -171.910000 310.531000
-158.036000 364.056000 -174.817000 309.260000
-161.407000 363.791000 -177.658000 308.004000
-164.713000 363.483000 -180.610000 306.637000
-168.006000 363.179000 -183.496000 305.417000
-171.280000 362.859000 -186.364000 304.144000
-174.468000 362.546000 -189.130000 302.916000
-177.661000 362.243000 -191.738000 301.635000
-180.809000 361.917000 -194.583000 300.331000
-183.998000 361.632000 -197.293000 299.143000
-187.211000 361.426000 -200.085000 297.972000
-190.488000 361.249000 -202.931000 296.915000
-193.755000 361.072000 -205.754000 295.836000
-197.069000 360.887000 -208.686000 294.688000
-200.422000 360.746000 -211.638000 293.490000
-203.805000 360.671000 -214.633000 292.415000
-207.227000 360.598000 -217.713000 291.375000
-210.665000 360.565000 -220.743000 290.361000
-214.016000 360.546000 -223.761000 289.368000
-217.361000 360.554000 -226.733000 288.337000
-220.670000 360.590000 -229.703000 287.453000
-223.843000 360.693000 -232.520000 286.586000
-226.873000 360.857000 -235.206000 285.856000
-229.781000 361.033000 -237.825000 285.186000
-232.506000 361.196000 -240.316000 284.584000
-235.070000 361.389000 -242.647000 284.026000
-237.396000 361.645000 -244.743000 283.605000
-239.467000 361.994000 -246.723000 283.390000
-241.378000 362.429000 -248.540000 283.276000
-243.086000 362.864000 -250.156000 283.191000
-244.635000 363.249000 -251.632000 283.106000
-246.054000 363.545000 -252.984000 282.960000
-247.331000 363.767000 -254.125000 282.822000
-248.557000 363.872000 -255.218000 282.601000
-249.769000 363.895000 -256.237000 282.319000
-250.964000 363.853000 -257.251000 281.971000
-252.195000 363.781000 -258.287000 281.595000
-253.476000 363.729000 -259.373000 281.222000
-254.771000 363.699000 -260.432000 280.848000
-256.051000 363.715000 -261.580000 280.559000
-257.330000 363.788000 -262.709000 280.289000
-258.554000 363.907000 -263.875000 280.028000
-259.638000 364.027000 -264.942000 279.849000
-260.612000 364.178000 -265.893000 279.707000
-261.577000 364.290000 -266.800000 279.489000
-262.512000 364.322000 -267.643000 279.196000
-263.477000 364.258000 -268.456000 278.765000
-264.528000 364.042000 -269.317000 278.192000
-265.634000 363.667000 -270.203000 277.475000
-266.801000 363.069000 -271.108000 276.544000
-267.957000 362.218000 -271.979000 275.393000
-269.064000 361.054000 -272.740000 273.978000
-270.036000 359.591000 -273.338000 272.293000
-270.857000 357.825000 -273.746000 270.346000
-271.532000 355.761000 -274.007000 268.187000
-272.048000 353.543000 -274.075000 265.886000
-272.435000 351.072000 -273.980000 263.362000
-272.688000 348.429000 -273.706000 260.698000
-272.867000 345.565000 -273.331000 257.805000
-273.086000 342.512000 -272.973000 254.718000
-273.273000 339.250000 -272.659000 251.517000
-273.453000 335.924000 -272.225000 248.186000
-273.613000 332.542000 -271.761000 244.736000
-273.783000 329.033000 -271.262000 241.226000
-273.919000 325.466000 -270.753000 237.667000
-273.996000 321.931000 -270.139000 234.155000
-274.031000 318.346000 -269.493000 230.538000
-274.005000 314.827000 -268.836000 227.043000
-273.930000 311.313000 -268.155000 223.621000
-273.823000 307.827000 -267.390000 220.191000
-273.650000 304.349000 -266.627000 216.822000
-273.430000 300.930000 -265.736000 213.510000
-273.155000 297.510000 -264.859000 210.188000
-272.842000 294.108000 -263.928000 206.885000
-272.490000 290.696000 -262.979000 203.596000
-272.117000 287.241000 -262.008000 200.277000
-271.679000 283.824000 -261.000000 196.981000
-271.223000 280.362000 -259.958000 193.631000
-270.709000 276.884000 -258.823000 190.282000
-270.149000 273.371000 -257.700000 186.922000
-269.526000 269.814000 -256.529000 183.555000
-268.883000 266.254000 -255.308000 180.207000
-268.176000 262.688000 -254.049000 176.770000
-267.400000 259.152000 -252.746000 173.369000
-266.578000 255.529000 -251.324000 169.952000
-265.659000 251.889000 -249.934000 166.518000
-264.702000 248.268000 -248.496000 163.100000
-263.697000 244.671000 -247.038000 159.773000
-262.645000 241.126000 -245.475000 156.448000
-261.559000 237.586000 -243.911000 153.084000
-260.412000 234.034000 -242.258000 149.805000
-259.212000 230.481000 -240.603000 146.542000
-257.986000 226.947000 -238.935000 143.292000
-256.695000 223.450000 -237.221000 140.086000
-255.361000 219.934000 -235.456000 136.865000
-253.983000 216.479000 -233.605000 133.694000
-252.595000 213.048000 -231.791000 130.590000
-251.193000 209.643000 -229.900000 127.512000
-249.768000 206.266000 -227.992000 124.448000
-248.317000 202.908000 -226.089000 121.420000
-246.791000 199.541000 -224.156000 118.395000
-245.254000 196.249000 -222.165000 115.424000
-243.658000 192.950000 -220.118000 112.532000
-242.031000 189.709000 -218.046000 109.598000
-240.371000 186.517000 -215.984000 106.698000
-238.668000 183.362000 -213.870000 103.845000
-236.918000 180.211000 -211.803000 101.055000
-235.154000 177.054000 -209.706000 98.315000
-233.370000 173.985000 -207.611000 95.612400
-231.477000 170.874000 -205.406000 92.891600
-229.604000 167.831000 -203.196000 90.210700
-227.677000 164.766000 -200.895000 87.543700
-225.664000 161.684000 -198.528000 84.843500
-223.579000 158.602000 -196.102000 82.178700
-221.464000 155.571000 -193.696000 79.616900
-219.326000 152.564000 -191.293000 77.075300
-217.140000 149.602000 -188.810000 74.564200
-214.921000 146.631000 -186.342000 72.104500
-212.692000 143.745000 -183.869000 69.722400
-210.457000 140.881000 -181.476000 67.338400
-208.196000 138.093000 -178.981000 65.004600
-205.911000 135.324000 -176.460000 62.687600
-203.556000 132.598000 -173.959000 60.394100
-201.158000 129.889000 -171.347000 58.159000
-198.714000 127.156000 -168.684000 56.010100
-196.203000 124.431000 -166.027000 53.752300
-193.633000 121.751000 -163.287000 51.699400
-190.974000 119.075000 -160.411000 49.551900
-188.261000 116.376000 -157.539000 47.444600
-185.543000 113.724000 -154.630000 45.397400
-182.739000 111.078000 -151.670000 43.446500
-179.865000 108.457000 -148.682000 41.491200
-176.978000 105.907000 -145.624000 39.523600
-173.990000 103.296000 -142.594000 37.565700
-171.003000 100.713000 -139.497000 35.581300
-168.014000 98.153400 -136.356000 33.638000
-164.974000 95.554700 -133.230000 31.614700
-161.986000 92.960500 -130.201000 29.608700
-159.025000 90.327400 -127.199000 27.567600
-156.072000 87.729700 -124.134000 25.593200
-153.121000 85.151800 -121.073000 23.691900
-150.202000 82.548500 -117.986000 21.695400
-147.329000 79.955400 -114.981000 19.687300
-144.412000 77.351600 -111.886000 17.732800
-141.459000 74.779300 -108.864000 15.752400
-138.502000 72.188700 -105.725000 13.753500
-135.535000 69.587700 -102.589000 11.785900
-132.580000 67.014400 -99.500900 9.944310
-129.614000 64.415700 -96.411800 8.059290
-126.648000 61.821200 -93.294000 6.121640
-123.695000 59.262100 -90.287400 4.278130
-120.744000 56.699400 -87.248200 2.401920
-117.813000 54.140700 -84.164100 0.587505
-114.870000 51.576100 -81.078400 -1.327900
-111.964000 49.026200 -78.056600 -3.274050
-109.003000 46.446200 -74.959700 -5.162000
-106.053000 43.864800 -71.923200 -6.991130
-103.076000 41.273000 -68.817500 -8.832840
-100.125000 38.693000 -65.690100 -10.671400
-97.139200 36.095100 -62.571700 -12.474400
-94.103800 33.463600 -59.485400 -14.326900
-91.105000 30.871600 -56.348400 -16.217600
-88.121000 28.295900 -53.238300 -18.097600
-85.117000 25.682300 -50.059900 -19.929800
-82.116400 23.049000 -46.921500 -21.708000
-79.119800 20.505800 -43.756900 -23.488100
-76.138800 17.925100 -40.642200 -25.327600
-73.192300 15.375800 -37.563600 -27.127000
-70.270400 12.818600 -34.520600 -28.871200
-67.407000 10.274100 -31.479100 -30.707100
-64.548200 7.719090 -28.504900 -32.474000
-61.718200 5.184150 -25.533800 -34.224400
-58.929200 2.667210 -22.555100 -35.984900
-56.169400 0.211042 -19.686300 -37.744200
-53.511500 -2.149190 -16.883300 -39.413200
-50.931200 -4.407220 -14.134500 -41.052600
-48.415600 -6.601550 -11.487100 -42.603700
-46.007300 -8.711970 -8.931800 -44.063200
-43.701300 -10.677500 -6.487690 -45.442600
-41.526400 -12.490900 -4.217890 -46.637100
-39.459400 -14.158200 -2.058590 -47.729100
-37.495500 -15.613400 -0.007460 -48.708900
-35.520300 -16.891100 1.937900 -49.487100
-33.515300 -17.952500 3.872100 -50.042200
-31.463700 -18.735200 5.777720 -50.325200
-29.377500 -19.197000 7.668440 -50.309200
-27.289000 -19.368000 9.458630 -50.007400
-25.243800 -19.201000 11.077700 -49.367700
-23.290700 -18.711900 12.590700 -48.413600
-21.462900 -17.921100 13.865400 -47.182900
-19.801900 -16.924900 14.952200 -45.785800
-18.210900 -15.819200 15.954000 -44.336200
-16.653600 -14.752200 16.925600 -42.924000
-15.109100 -13.695000 17.900000 -41.593300
-13.610700 -12.701400 18.773400 -40.308400
-12.169300 -11.817200 19.334800 -39.036500
-10.827800 -11.010700 19.681900 -37.748900
-9.571830 -10.299100 20.409200 -36.718100
-8.442410 -9.675480 21.191600 -35.893000
-7.472670 -9.167060 21.911700 -35.189900
-6.687750 -8.757990 22.443100 -34.645100
-6.004290 -8.404060 22.867300 -34.146200
-5.362290 -8.021990 23.332800 -33.680700
-4.773610 -7.629580 23.756400 -33.187000
-4.230970 -7.183840 24.096400 -32.617400
-3.653650 -6.661560 24.381200 -31.906800
-3.032970 -5.954850 24.709100 -31.060400
-2.382750 -5.105630 25.091400 -30.133400
-1.771720 -4.111510 25.414800 -29.057600
-1.199450 -2.912380 25.673600 -27.826200
-0.693169 -1.503400 25.821700 -26.346600
-0.242752 0.112428 25.884600 -24.627700
0.010913 1.933830 25.716200 -22.698800
0.123113 3.978200 25.404400 -20.637900
0.101746 6.194860 24.905400 -18.375500
-0.016981 8.567040 24.222400 -15.966100
-0.138034 11.109500 23.633200 -13.429600
-0.276648 13.790200 23.000600 -10.729400
-0.436855 16.610400 22.361600 -7.926060
-0.611761 19.528900 21.667200 -5.009980
-0.832179 22.577400 20.819800 -1.921550
-1.091250 25.707900 20.036600 1.134540
-1.373300 28.904000 19.193400 4.308580
-1.657640 32.168500 18.317900 7.588610
-1.965490 35.422900 17.436700 10.874800
-2.266340 38.723200 16.540400 14.183900
-2.570420 42.076700 15.660600 17.532300
-2.837610 45.419800 14.764200 20.953000
-3.096150 48.815000 13.901500 24.371600
-3.326440 52.235800 13.085700 27.802800
-3.549430 55.718800 12.246600 31.266400
-3.787700 59.236600 11.356500 34.729200
-4.056420 62.779800 10.444000 38.270400
-4.303810 66.341000 9.560040 41.818600
-4.566090 69.935400 8.682670 45.370400
-4.810460 73.425200 7.755280 49.000000
-5.041040 76.905200 6.852780 52.488700
-5.268920 80.405900 5.957230 56.017600
-5.515490 83.853400 5.036190 59.449700
-5.744200 87.271200 4.212210 62.818000
-5.939730 90.684900 3.398530 66.237900
-6.120600 94.085100 2.587410 69.659200
