0.000000 0.000000 0.000000 0.000000
0.003797 2.867240 0.090665 2.775120
0.012592 5.703660 0.121127 5.706980
0.005861 8.504610 0.035215 8.531690
-0.014970 11.270200 -0.022322 11.356100
-0.032924 13.989300 -0.092203 14.201400
-0.065364 16.663800 -0.159277 16.952100
-0.119977 19.335900 -0.250542 19.664600
-0.176620 21.937500 -0.387979 22.350500
-0.246062 24.473900 -0.540045 24.946600
-0.317203 26.961000 -0.606509 27.510300
-0.401595 29.353000 -0.705362 29.961800
-0.493963 31.661900 -0.791408 32.316700
-0.593567 33.881200 -0.965783 34.569900
-0.710872 36.011100 -1.133940 36.760200
-0.820218 38.022500 -1.309910 38.847700
-0.923471 39.952200 -1.390900 40.896900
-1.003170 41.805900 -1.484010 42.806400
-1.058470 43.507000 -1.536470 44.515000
-1.076810 45.033000 -1.558090 46.102600
-1.046900 46.350500 -1.532220 47.480000
-0.988917 47.480000 -1.517940 48.616900
-0.915130 48.392000 -1.541990 49.503200
-0.804283 49.193500 -1.357550 50.149800
-0.664182 49.934600 -1.207650 50.842400
-0.461313 50.674300 -1.005460 51.433600
-0.200199 51.389400 -0.705100 52.118200
0.123518 52.110700 -0.339385 52.749000
0.570123 52.782200 0.287655 53.464800
1.107880 53.467600 1.049450 54.178900
1.815700 54.157600 1.956920 54.909600
2.752910 54.822500 2.907270 55.590700
3.900320 55.388200 4.132130 56.294700
5.234260 55.821500 5.548510 56.792700
6.727320 56.037900 7.040220 56.970900
8.333610 56.134100 8.620630 57.118800
10.057800 56.146300 10.364500 57.168500
11.842800 56.102300 12.241900 57.146900
13.778400 56.040200 14.213500 57.116900
15.808300 55.967000 16.274100 57.080600
17.900600 55.888000 18.455800 57.055800
20.087200 55.834500 20.637000 57.115100
22.288300 55.796200 22.844100 57.134400
24.502500 55.791500 25.110800 57.175300
26.702000 55.794000 27.379500 57.231600
28.938100 55.809900 29.647300 57.242700
31.167400 55.853700 32.134500 57.491900
33.399100 55.929800 34.520400 57.686100
35.681000 56.032200 36.833800 57.699300
37.939100 56.159400 39.249500 57.895100
40.225700 56.319200 41.547300 58.090500
42.586900 56.499900 43.890100 58.323900
44.968700 56.705000 46.203200 58.547300
47.361200 56.977300 48.615200 58.946400
49.783000 57.295900 51.022800 59.351400
52.221700 57.675400 53.477200 59.767200
54.584000 58.084700 55.900400 60.244000
56.861700 58.528900 58.226300 60.673000
59.107300 58.985000 60.570500 61.172400
61.260900 59.452200 62.767200 61.661200
63.311500 59.912300 64.850200 62.139800
65.295600 60.359600 66.894900 62.656500
67.192200 60.768400 68.823600 63.078100
68.991600 61.134200 70.664600 63.532000
70.713800 61.472100 72.402500 63.969400
72.352300 61.772300 73.925200 64.343200
73.972100 62.094500 75.511200 64.715900
75.603800 62.397700 77.138900 65.046800
77.263200 62.760000 78.792200 65.489600
78.978600 63.175900 80.506000 65.989500
80.722500 63.662800 82.238400 66.500900
82.553400 64.233100 84.157400 67.211100
84.490400 64.905700 86.119800 67.922700
86.473900 65.645900 88.139200 68.672400
88.591500 66.470000 90.205100 69.450100
90.710900 67.374400 92.418700 70.408000
92.814000 68.341600 94.563100 71.390600
94.855700 69.337700 96.918000 72.686100
96.814400 70.312700 99.003300 73.664200
98.696800 71.274000 100.972000 74.621300
100.490000 72.196300 102.831000 75.563500
102.205000 73.098600 104.610000 76.438100
103.839000 73.964600 106.329000 77.313100
105.393000 74.821400 107.910000 78.125800
106.913000 75.673200 109.448000 79.002700
108.360000 76.545200 110.918000 79.880600
109.804000 77.484000 112.362000 80.841200
111.290000 78.500600 113.894000 81.902300
112.825000 79.583000 115.431000 82.985700
114.416000 80.769200 117.051000 84.158000
116.087000 82.059000 118.772000 85.466000
117.803000 83.483400 120.627000 86.870500
119.580000 84.985000 122.416000 88.458300
121.444000 86.581700 124.301000 90.091600
123.344000 88.254900 126.197000 91.793100
125.254000 90.039300 128.139000 93.663500
127.176000 91.859600 130.076000 95.460200
129.137000 93.720300 132.011000 97.299800
131.066000 95.668000 134.019000 99.355700
132.984000 97.680100 135.999000 101.432000
134.863000 99.726700 137.926000 103.447000
136.766000 101.827000 139.900000 105.570000
138.615000 103.901000 141.821000 107.660000
140.502000 106.004000 143.785000 109.773000
142.401000 108.043000 145.765000 111.789000
144.301000 110.041000 147.763000 113.838000
146.204000 112.001000 149.809000 115.816000
148.125000 113.906000 151.876000 117.698000
150.086000 115.768000 153.890000 119.581000
152.076000 117.603000 155.920000 121.442000
154.099000 119.366000 158.034000 123.318000
156.246000 121.193000 160.133000 125.147000
158.450000 122.938000 162.377000 126.778000
160.701000 124.596000 164.707000 128.587000
162.962000 126.197000 167.000000 130.176000
165.218000 127.721000 169.382000 131.957000
167.417000 129.152000 171.652000 133.441000
169.574000 130.527000 173.938000 134.908000
171.729000 131.835000 176.169000 136.259000
173.736000 133.063000 178.293000 137.509000
175.787000 134.294000 180.282000 138.713000
177.720000 135.460000 182.274000 139.956000
179.646000 136.570000 184.202000 141.080000
181.474000 137.584000 186.034000 142.170000
183.261000 138.547000 187.803000 143.204000
185.038000 139.455000 189.587000 144.178000
186.870000 140.350000 191.450000 145.162000
188.770000 141.235000 193.398000 146.110000
190.745000 142.096000 195.432000 147.069000
192.833000 142.937000 197.554000 148.033000
195.043000 143.765000 199.798000 148.975000
197.371000 144.591000 202.145000 149.971000
199.746000 145.369000 204.600000 150.846000
202.284000 146.152000 207.218000 151.703000
204.855000 146.959000 209.905000 152.603000
207.514000 147.731000 212.591000 153.484000
210.202000 148.446000 215.361000 154.213000
212.985000 149.159000 218.236000 154.798000
215.823000 149.869000 221.113000 155.621000
218.607000 150.551000 223.964000 156.419000
221.442000 151.217000 226.799000 157.250000
224.207000 151.855000 229.735000 157.996000
227.045000 152.481000 232.575000 158.765000
229.849000 153.062000 235.432000 159.468000
232.564000 153.609000 238.224000 160.197000
235.343000 154.124000 241.005000 160.859000
238.109000 154.621000 243.823000 161.509000
240.859000 155.091000 246.534000 162.143000
243.605000 155.497000 249.358000 162.773000
246.332000 155.869000 252.170000 163.386000
249.081000 156.206000 254.899000 163.862000
251.727000 156.484000 257.606000 164.285000
254.396000 156.736000 260.306000 164.656000
257.052000 156.928000 262.975000 165.049000
259.667000 157.077000 265.641000 165.364000
262.270000 157.155000 268.195000 165.650000
264.855000 157.190000 270.877000 165.820000
267.473000 157.195000 273.552000 165.964000
270.063000 157.169000 276.293000 166.103000
272.623000 157.138000 278.887000 166.208000
275.124000 157.125000 281.434000 166.372000
277.544000 157.133000 283.983000 166.561000
279.836000 157.177000 286.362000 166.756000
282.045000 157.245000 288.624000 166.951000
284.174000 157.338000 290.740000 167.132000
286.120000 157.434000 292.787000 167.323000
287.997000 157.552000 294.684000 167.581000
289.729000 157.677000 296.455000 167.837000
291.362000 157.811000 298.093000 168.025000
292.943000 157.946000 299.678000 168.240000
294.419000 158.089000 301.169000 168.466000
295.868000 158.228000 302.667000 168.664000
297.418000 158.366000 304.182000 168.898000
298.988000 158.472000 305.790000 169.116000
300.670000 158.584000 307.452000 169.347000
302.483000 158.688000 309.235000 169.610000
304.338000 158.783000 311.092000 169.844000
306.310000 158.918000 313.107000 170.154000
308.383000 159.000000 315.253000 170.476000
310.532000 159.117000 317.473000 170.763000
312.736000 159.198000 319.780000 171.078000
315.063000 159.269000 322.086000 171.324000
317.427000 159.327000 324.492000 171.657000
319.894000 159.406000 326.948000 171.976000
322.399000 159.501000 329.429000 172.318000
325.035000 159.620000 332.058000 172.687000
327.648000 159.744000 334.770000 173.082000
330.337000 159.911000 337.468000 173.467000
333.072000 160.088000 340.227000 173.898000
335.817000 160.288000 343.040000 174.381000
338.609000 160.487000 345.839000 174.859000
341.356000 160.707000 348.657000 175.355000
344.123000 160.925000 351.423000 175.750000
346.884000 161.142000 354.160000 176.158000
349.544000 161.328000 356.897000 176.592000
352.282000 161.539000 359.622000 177.064000
354.967000 161.755000 362.287000 177.562000
357.656000 162.041000 365.016000 178.205000
360.340000 162.349000 367.695000 178.790000
363.051000 162.723000 370.320000 179.421000
365.736000 163.159000 373.005000 180.233000
368.450000 163.670000 375.680000 181.034000
371.078000 164.243000 378.352000 181.946000
373.700000 164.839000 381.029000 182.879000
376.381000 165.510000 383.672000 183.832000
379.061000 166.213000 386.284000 184.846000
381.681000 166.929000 388.901000 185.898000
384.292000 167.710000 391.535000 186.977000
386.834000 168.504000 393.982000 188.097000
389.340000 169.279000 396.498000 189.192000
391.797000 170.034000 398.914000 190.265000
394.230000 170.797000 401.295000 191.347000
396.655000 171.512000 403.649000 192.415000
399.071000 172.215000 406.034000 193.499000
401.537000 172.963000 408.396000 194.647000
404.073000 173.702000 410.852000 195.781000
406.682000 174.475000 413.330000 196.937000
409.286000 175.230000 415.891000 198.120000
411.926000 176.031000 418.393000 199.305000
414.525000 176.818000 420.934000 200.448000
417.121000 177.612000 423.492000 201.638000
419.620000 178.386000 425.896000 202.802000
422.054000 179.119000 428.309000 203.920000
424.376000 179.808000 430.528000 204.969000
426.639000 180.474000 432.758000 205.944000
428.871000 181.130000 434.988000 206.919000
431.085000 181.766000 437.169000 207.959000
433.266000 182.399000 439.328000 208.901000
435.443000 183.026000 441.496000 209.817000
437.657000 183.668000 443.612000 210.761000
439.792000 184.306000 445.660000 211.713000
441.829000 184.931000 447.597000 212.630000
443.771000 185.542000 449.470000 213.580000
445.605000 186.122000 451.309000 214.403000
447.357000 186.682000 453.100000 215.209000
449.019000 187.217000 454.728000 215.960000
450.576000 187.723000 456.268000 216.687000
452.021000 188.196000 457.658000 217.323000
453.370000 188.640000 458.978000 217.932000
454.639000 189.053000 460.156000 218.494000
455.768000 189.424000 461.267000 219.029000
456.824000 189.757000 462.237000 219.413000
457.778000 190.062000 463.060000 219.775000
458.653000 190.335000 463.842000 220.105000
459.479000 190.593000 464.574000 220.451000
460.274000 190.854000 465.252000 220.771000
461.093000 191.132000 465.897000 221.140000
461.910000 191.444000 466.624000 221.550000
462.752000 191.821000 467.381000 222.020000
463.597000 192.268000 468.159000 222.584000
464.380000 192.761000 468.916000 223.230000
465.131000 193.216000 469.606000 223.767000
465.867000 193.559000 470.323000 224.177000
466.572000 193.830000 471.052000 224.528000
467.357000 194.065000 471.834000 224.809000
468.176000 194.274000 472.621000 225.084000
468.937000 194.466000 473.371000 225.360000
469.639000 194.656000 474.029000 225.621000
470.239000 194.873000 474.599000 225.912000
470.733000 195.106000 475.057000 226.211000
471.120000 195.288000 475.417000 226.435000
471.432000 195.507000 475.711000 226.702000
471.706000 195.688000 475.956000 226.911000
471.937000 195.861000 476.168000 227.107000
472.086000 196.013000 476.314000 227.292000
472.216000 196.124000 476.425000 227.414000
472.338000 196.220000 476.525000 227.522000
