-0.000000 0.000000 0.000000 0.000000
-0.001380 3.602420 0.080676 3.630390
0.005153 7.197720 0.047410 7.285580
0.011210 10.820800 0.048218 10.914600
-0.001541 14.386500 -0.007199 14.563700
-0.037539 17.983800 -0.107375 18.247300
-0.078184 21.556000 -0.167334 21.924000
-0.096660 25.167300 -0.304962 25.537500
-0.131116 28.754900 -0.395952 29.193900
-0.171217 32.335200 -0.415140 32.839600
-0.214775 35.936100 -0.443368 36.555200
-0.265506 39.536300 -0.453821 40.249600
-0.288552 43.141500 -0.542210 43.928300
-0.318578 46.742800 -0.643873 47.642800
-0.324075 50.359100 -0.664636 51.308600
-0.311859 53.968300 -0.767614 54.950600
-0.346908 57.583900 -0.892105 58.596200
-0.357212 61.233800 -0.942417 62.289600
-0.396352 64.818900 -0.935288 65.961200
-0.402409 68.392200 -0.993263 69.599400
-0.422841 71.970400 -1.070280 73.203900
-0.444504 75.518700 -1.151370 76.852000
-0.430414 79.060800 -1.100790 80.423600
-0.378574 82.561400 -1.026000 83.986600
-0.266095 86.007400 -0.904552 87.514900
-0.136670 89.490200 -0.734712 91.041700
0.000891 92.908300 -0.537620 94.563500
0.163896 96.381800 -0.361635 98.019100
0.341325 99.849900 -0.034556 101.608000
0.542794 103.418000 0.147059 105.180000
0.709131 106.995000 0.314252 108.859000
0.852410 110.634000 0.420705 112.570000
0.946123 114.314000 0.427060 116.261000
0.992574 117.989000 0.514610 120.124000
0.989021 121.694000 0.569986 123.914000
0.968400 125.423000 0.459152 127.704000
0.950108 129.182000 0.475011 131.371000
0.951356 132.969000 0.479088 135.321000
0.975925 136.788000 0.489799 139.198000
1.019820 140.620000 0.418495 143.088000
1.058900 144.435000 0.346458 146.903000
1.083280 148.249000 0.190481 150.781000
1.089350 152.054000 0.026381 154.607000
1.145850 155.823000 -0.019037 158.499000
1.136160 159.595000 -0.029565 162.440000
1.174950 163.398000 -0.107432 166.309000
1.193460 167.176000 -0.368657 170.107000
1.188600 170.987000 -0.555632 173.942000
1.168130 174.776000 -0.718626 177.826000
1.134010 178.578000 -0.928307 181.681000
1.093530 182.374000 -1.011060 185.579000
1.052560 186.174000 -1.027470 189.432000
0.991481 189.926000 -1.052040 193.202000
0.981923 193.645000 -1.050940 197.004000
0.956315 197.327000 -1.043450 200.737000
0.981237 200.961000 -1.008830 204.441000
1.006980 204.545000 -1.068020 208.042000
1.048710 208.067000 -1.087240 211.643000
1.115650 211.446000 -1.024220 215.122000
1.168110 214.690000 -0.994163 218.445000
1.214820 217.826000 -1.015080 221.610000
1.227160 220.843000 -0.986231 224.713000
1.196220 223.675000 -0.987911 227.620000
1.145750 226.320000 -1.048700 230.308000
1.092860 228.752000 -1.154650 232.796000
1.029020 231.040000 -1.236350 235.105000
0.989652 233.237000 -1.307720 237.371000
0.952000 235.371000 -1.349210 239.585000
0.931500 237.514000 -1.290040 241.729000
0.933709 239.613000 -1.259000 243.860000
0.945919 241.696000 -1.202370 245.977000
0.990315 243.797000 -1.174210 248.137000
1.033260 245.939000 -1.145330 250.301000
1.105550 248.126000 -1.071330 252.501000
1.170750 250.342000 -1.008450 254.707000
1.255700 252.591000 -0.963593 256.880000
1.345830 255.034000 -0.898133 259.291000
1.422480 257.415000 -0.793118 261.756000
1.563540 259.935000 -0.710959 264.299000
1.708640 262.439000 -0.632430 266.842000
1.878960 265.013000 -0.475224 269.390000
2.066170 267.481000 -0.304895 271.923000
2.280100 269.987000 -0.145509 274.460000
2.472030 272.541000 0.038258 277.023000
2.661310 275.121000 0.277496 279.618000
2.818370 277.673000 0.454278 282.173000
2.973520 280.201000 0.641693 284.701000
3.077080 282.668000 0.774410 287.176000
3.146340 285.004000 0.830396 289.465000
3.189070 287.205000 0.888274 291.679000
3.183130 289.236000 0.901310 293.681000
3.118520 291.093000 0.770126 295.499000
2.918780 292.839000 0.458302 297.265000
2.567730 294.455000 0.047928 298.841000
2.066180 295.941000 -0.702280 300.012000
1.405920 297.271000 -1.621370 301.188000
0.582258 298.445000 -2.612490 302.397000
-0.387732 299.411000 -3.729490 303.429000
-1.490910 300.157000 -5.041420 303.974000
-2.683490 300.650000 -6.404280 304.202000
-3.914710 300.897000 -7.796800 304.328000
-5.184950 300.906000 -9.123040 304.226000
-6.533500 300.663000 -10.472900 304.065000
-7.903340 300.117000 -11.881700 303.648000
-9.255330 299.324000 -13.335700 302.941000
-10.633700 298.181000 -14.859300 301.954000
-12.018400 296.722000 -16.371000 300.672000
-13.285700 294.906000 -17.751500 299.019000
-14.437900 292.796000 -19.106700 296.978000
-15.432100 290.307000 -20.193600 294.651000
-16.202800 287.537000 -21.206800 292.009000
-16.700500 284.534000 -22.052000 288.871000
-16.959000 281.259000 -22.683700 285.669000
-16.963100 277.709000 -23.194700 282.100000
-16.739200 274.071000 -23.500200 278.409000
-16.475100 270.297000 -23.839100 274.537000
-16.241700 266.390000 -24.184800 270.510000
-16.079800 262.350000 -24.512500 266.456000
-15.926100 258.310000 -24.995100 262.312000
-15.834800 254.266000 -25.575000 258.206000
-15.863100 250.265000 -26.021800 254.106000
-15.870300 246.200000 -26.605200 250.005000
-15.903700 242.046000 -27.190800 245.884000
-15.958800 237.822000 -27.766700 241.751000
-15.984100 233.633000 -28.287300 237.645000
-16.010300 229.424000 -28.925700 233.420000
-16.030400 225.202000 -29.571200 229.167000
-16.047200 220.936000 -30.210700 224.802000
-16.065600 216.659000 -30.882400 220.451000
-16.095900 212.298000 -31.516600 216.146000
-16.103700 207.925000 -32.273300 211.737000
-16.134000 203.542000 -32.902100 207.363000
-16.115600 199.120000 -33.495200 203.009000
-16.126100 194.722000 -34.213800 198.722000
-16.157100 190.353000 -34.944700 194.275000
-16.200400 186.007000 -35.826500 189.786000
-16.219600 181.660000 -36.621000 185.468000
-16.241500 177.363000 -37.412100 181.306000
-16.338100 173.139000 -38.094800 177.903000
-16.429800 169.008000 -38.969000 173.826000
-16.499500 165.086000 -39.749900 170.045000
-16.590600 161.390000 -40.542100 166.296000
-16.695300 157.918000 -41.226800 162.823000
-16.782500 154.664000 -41.938200 159.615000
-16.859000 151.600000 -42.643400 156.714000
-16.923200 148.818000 -43.300800 153.933000
-16.980000 146.217000 -43.896700 151.326000
-17.040800 143.782000 -44.437900 148.904000
-17.080400 141.487000 -45.000100 146.585000
-17.134600 139.255000 -45.470100 144.427000
-17.191400 137.095000 -45.941500 142.276000
-17.241800 134.990000 -46.399400 140.177000
-17.302500 132.905000 -46.864200 138.093000
-17.334700 130.834000 -47.338600 135.970000
-17.389000 128.731000 -47.905600 133.753000
-17.413000 126.548000 -48.328900 131.546000
-17.443800 124.231000 -48.780400 129.227000
-17.447000 121.768000 -49.253300 126.758000
-17.433800 119.169000 -49.729200 124.209000
-17.384100 116.418000 -50.262800 121.451000
-17.300000 113.496000 -50.802200 118.533000
-17.168500 110.428000 -51.337300 115.460000
-16.999700 107.200000 -51.898200 112.241000
-16.834600 103.811000 -52.483800 108.882000
-16.684900 100.271000 -53.101400 105.337000
-16.516100 96.595300 -53.652500 101.684000
-16.345300 92.752200 -54.383300 97.790000
-16.200500 88.801700 -55.154300 93.889100
-16.096700 84.689900 -56.003200 89.805900
-16.035900 80.468600 -56.908700 85.583200
-16.005800 76.113200 -57.865500 81.284100
-15.973900 71.635400 -58.920300 76.935900
-15.950000 67.239900 -59.992300 72.553500
-15.968500 62.822100 -61.083500 68.203900
-15.978600 58.408200 -62.211400 63.846000
-15.965300 53.984400 -63.304600 59.540900
-15.939100 49.688100 -64.384900 55.227600
-15.906000 45.321600 -65.433500 50.955100
-15.880100 40.981500 -66.538900 46.609000
-15.864300 36.628900 -67.567000 42.424800
-15.851700 32.328500 -68.695400 38.232200
-15.862000 28.096900 -69.781000 34.012000
-15.840700 23.876800 -70.913500 29.850900
-15.808100 19.701300 -71.980900 25.814700
-15.784400 15.558400 -73.078900 21.759700
-15.748700 11.434900 -74.150800 17.734900
-15.721700 7.286740 -75.253400 13.734300
-15.711100 3.150630 -76.371200 9.793420
-15.691000 -0.968553 -77.464600 5.758260
-15.683900 -5.112500 -78.644600 1.717950
-15.652100 -9.270420 -79.798700 -2.379260
-15.612700 -13.510400 -80.896500 -6.414620
-15.567800 -17.722500 -82.101300 -10.531700
-15.519200 -21.950500 -83.323800 -14.644700
-15.478400 -26.226100 -84.582600 -18.825700
-15.415800 -30.505200 -85.796200 -23.100900
-15.340200 -34.788000 -87.039800 -27.266100
-15.300000 -39.054400 -88.323000 -31.491900
-15.238100 -43.290000 -89.584700 -35.632900
-15.189500 -47.508400 -90.801800 -39.747700
-15.133800 -51.738800 -92.034300 -43.862500
-15.067300 -55.980000 -93.324700 -48.020300
-15.041600 -60.194900 -94.548500 -52.126000
-15.018800 -64.389800 -95.786000 -56.197600
-14.986000 -68.601400 -97.106200 -60.276000
-14.969400 -72.743400 -98.431900 -64.399900
-14.952500 -76.913300 -99.728600 -68.429100
-14.916600 -81.052900 -100.845000 -72.322100
-14.877100 -85.129800 -102.028000 -76.249900
-14.827700 -89.165900 -103.223000 -80.186800
-14.798600 -93.176000 -104.460000 -84.031500
-14.773700 -97.138300 -105.752000 -87.880800
-14.766600 -101.093000 -107.016000 -91.712200
-14.758500 -105.002000 -108.263000 -95.486800
-14.766500 -108.878000 -109.494000 -99.286800
-14.773100 -112.742000 -110.752000 -102.984000
-14.772500 -116.543000 -112.002000 -106.637000
-14.781500 -120.346000 -113.281000 -110.291000
-14.782400 -124.033000 -114.493000 -113.834000
-14.799400 -127.649000 -115.695000 -117.267000
-14.823900 -131.191000 -116.818000 -120.741000
-14.849800 -134.612000 -117.955000 -123.950000
-14.885000 -137.847000 -119.028000 -127.076000
-14.928200 -140.898000 -120.049000 -129.998000
-14.980500 -143.656000 -121.036000 -132.662000
-15.003200 -146.173000 -121.882000 -135.090000
-14.884900 -148.422000 -122.524000 -137.235000
-14.575100 -150.425000 -122.820000 -139.430000
-14.054900 -152.128000 -122.782000 -141.709000
-13.313200 -153.598000 -122.286000 -143.689000
-12.332300 -154.827000 -121.489000 -145.104000
-11.152700 -155.771000 -120.379000 -146.256000
-9.823690 -156.413000 -118.898000 -147.171000
-8.443330 -156.748000 -117.364000 -147.773000
-7.043390 -156.768000 -115.802000 -148.028000
-5.569440 -156.513000 -114.329000 -148.061000
-4.124180 -155.927000 -112.713000 -147.995000
-2.770860 -155.014000 -111.219000 -147.498000
-1.580890 -153.758000 -109.656000 -146.636000
-0.531946 -152.226000 -108.115000 -145.608000
0.252127 -150.399000 -106.804000 -144.157000
0.756788 -148.306000 -105.487000 -142.383000
1.066680 -145.959000 -104.263000 -140.316000
1.191140 -143.421000 -103.041000 -138.055000
1.197350 -140.673000 -101.785000 -135.553000
1.233430 -137.736000 -100.394000 -132.917000
1.244240 -134.648000 -99.009500 -130.180000
1.252320 -131.383000 -97.498600 -127.204000
1.227380 -127.961000 -96.030100 -124.101000
1.209140 -124.414000 -94.402600 -120.790000
1.201400 -120.684000 -92.810300 -117.426000
1.214720 -116.839000 -90.940500 -113.961000
1.217670 -112.860000 -89.255100 -110.402000
1.186110 -108.751000 -87.443700 -106.654000
1.130030 -104.509000 -85.541100 -102.784000
1.073400 -100.117000 -83.519900 -98.716200
1.012690 -95.629300 -81.570600 -94.672400
0.945709 -91.053300 -79.467200 -90.511400
0.887455 -86.543000 -77.401900 -86.413000
0.845793 -82.026200 -75.356400 -82.282200
0.798001 -77.534100 -73.246800 -78.199600
0.766949 -73.012400 -71.197800 -74.160200
0.718345 -68.549000 -69.181800 -70.029700
0.677153 -64.088700 -67.116000 -65.929800
0.622363 -59.649700 -65.172800 -61.874500
0.551644 -55.218400 -63.305700 -57.763400
0.471664 -50.819100 -61.316900 -53.740100
0.380628 -46.423400 -59.291400 -49.751500
0.308438 -42.055400 -57.278600 -45.780700
0.233052 -37.729700 -55.272600 -41.862400
0.156767 -33.412100 -53.275600 -37.958500
0.083049 -29.130200 -51.399500 -34.052400
0.036631 -24.895200 -49.555300 -30.165100
0.000608 -20.672300 -47.695700 -26.354200
0.003830 -16.475100 -45.730200 -22.579600
0.038908 -12.332600 -43.775100 -18.773000
0.027024 -8.215080 -41.855800 -15.072500
0.029579 -4.101520 -40.008200 -11.317400
-0.006104 0.006741 -38.180200 -7.590080
-0.026357 4.106040 -36.213200 -3.888180
-0.050420 8.169520 -34.285000 -0.240294
-0.062517 12.255300 -32.331900 3.434560
-0.117433 16.343300 -30.437500 7.113740
-0.134711 20.360900 -28.573000 10.770800
-0.160893 24.405700 -26.675000 14.470600
-0.168653 28.444700 -24.792500 18.147500
-0.168048 32.440700 -22.889200 21.728100
-0.152116 36.382700 -20.963600 25.284900
-0.145437 40.331800 -19.028000 28.837800
-0.155517 44.231700 -17.152300 32.452100
-0.160542 48.108000 -15.409600 35.964700
-0.205724 51.985900 -13.688900 39.466600
-0.255176 55.842100 -11.978100 42.962900
-0.287562 59.663800 -10.231000 46.397100
-0.317155 63.414600 -8.494430 49.812700
-0.363117 67.112000 -6.726150 53.194000
-0.455466 70.829700 -4.987950 56.530100
-0.460951 74.524000 -3.340550 59.879600
-0.447168 78.056700 -1.638220 63.069200
-0.461148 81.447200 0.000737 66.040600
-0.374686 84.708700 1.624730 68.955100
-0.306605 87.975100 3.227850 71.848800
-0.279003 91.222500 4.792770 74.686600
-0.225123 94.466200 6.008490 77.298100
-0.220894 97.632700 6.642080 79.884800
-0.245627 100.828000 7.735720 82.318800
-0.320755 104.042000 9.715980 84.675200
-0.485141 107.332000 12.053900 87.037600
-0.608031 110.700000 14.367400 89.470500
-0.684057 114.123000 16.934700 91.793900
-0.637411 117.596000 19.760400 94.063400
-0.487728 121.119000 22.625200 96.290100
-0.332230 124.722000 25.404100 98.628800
-0.052271 128.432000 28.358600 100.944000
0.234650 132.202000 31.435800 103.250000
0.531931 136.072000 34.578800 105.650000
0.735908 140.035000 37.667900 108.188000
0.852352 144.106000 40.773800 110.853000
0.902133 148.287000 43.915100 113.745000
0.938139 152.495000 46.979400 116.690000
0.959476 156.800000 50.280700 119.588000
0.948961 161.174000 53.563700 122.539000
0.894203 165.481000 56.659900 125.541000
0.823943 169.821000 59.705100 128.648000
0.805469 174.079000 62.914800 131.621000
0.812810 178.358000 66.048200 134.630000
0.802184 182.595000 69.319900 137.542000
0.830629 186.800000 72.574000 140.348000
0.890152 190.979000 75.744100 143.094000
0.937662 195.137000 78.989600 145.808000
0.961461 199.220000 82.196700 148.527000
1.000090 203.298000 85.180000 151.195000
1.035030 207.342000 88.253000 153.905000
1.067190 211.358000 91.439400 156.554000
1.123960 215.319000 94.524900 159.149000
1.128130 219.104000 97.454300 161.658000
1.162180 222.661000 100.265000 164.031000
1.149740 225.939000 102.772000 166.253000
1.113340 228.973000 105.022000 168.307000
1.057220 231.673000 107.074000 170.168000
1.002280 234.102000 108.946000 171.893000
0.964621 236.446000 110.729000 173.439000
0.983323 238.753000 112.494000 175.001000
1.012560 241.035000 114.321000 176.488000
1.060350 243.315000 116.120000 177.956000
1.125320 245.530000 117.887000 179.380000
1.176640 247.779000 119.685000 180.770000
1.243050 250.097000 121.450000 182.197000
1.289960 252.458000 123.215000 183.646000
1.335130 254.815000 125.138000 185.158000
1.411760 257.195000 127.069000 186.685000
1.513490 259.679000 129.047000 188.231000
1.649800 262.184000 131.005000 189.809000
1.786110 264.803000 133.031000 191.395000
1.933650 267.473000 135.207000 193.014000
2.105740 270.216000 137.429000 194.753000
2.262090 273.024000 139.693000 196.486000
2.402690 275.843000 141.952000 198.170000
2.505430 278.578000 144.195000 199.866000
2.608220 281.378000 146.391000 201.615000
2.689260 284.149000 148.541000 203.334000
2.762280 286.818000 150.663000 205.032000
2.812870 289.342000 152.605000 206.642000
2.867890 291.821000 154.245000 208.817000
2.928500 294.272000 155.711000 211.492000
2.997430 296.700000 157.663000 213.049000
3.065870 299.089000 159.578000 214.523000
