0.000000 0.000000 0.000000 0.000000
-0.022988 0.257472 -0.061260 0.279938
-0.074857 0.592901 -0.115853 0.615099
-0.161378 1.029490 -0.234170 1.034170
-0.325799 1.539970 -0.466277 1.530540
-0.558983 2.097080 -0.774542 2.046360
-0.879079 2.669940 -1.128390 2.563890
-1.270560 3.238260 -1.513960 3.108960
-1.794350 3.784400 -1.987130 3.641380
-2.441380 4.280070 -2.618360 4.144400
-3.230790 4.711290 -3.443710 4.552850
-4.179830 5.017620 -4.354410 4.900990
-5.286930 5.213560 -5.363750 5.071110
-6.529830 5.279790 -6.588280 5.128300
-7.921480 5.233360 -7.988050 5.145440
-9.455480 5.101270 -9.519350 5.066160
-11.123200 4.926100 -11.209800 4.929840
-12.920600 4.738890 -13.033700 4.770550
-14.862700 4.538960 -15.040000 4.616910
-16.985800 4.339820 -17.154000 4.492570
-19.195700 4.135520 -19.424200 4.347710
-21.528100 3.938810 -21.776800 4.171970
-23.915000 3.745280 -24.219800 4.023560
-26.384900 3.542560 -26.669600 3.926650
-28.887500 3.324010 -29.195800 3.762010
-31.406300 3.099310 -31.740500 3.613700
-33.923700 2.880800 -34.270100 3.445550
-36.393100 2.675880 -36.783600 3.301060
-38.889200 2.469560 -39.317300 3.214810
-41.378500 2.264250 -41.817200 3.037440
-43.843700 2.044660 -44.305400 2.925570
-46.300000 1.847310 -46.777600 2.720970
-48.735500 1.635910 -49.277200 2.559800
-51.127300 1.380790 -51.693500 2.298830
-53.496400 1.139140 -54.092200 2.061130
-55.830500 0.902182 -56.407700 1.826260
-58.129300 0.674480 -58.718600 1.589570
-60.310700 0.451558 -60.914400 1.367200
-62.380200 0.239942 -63.064100 1.157230
-64.317200 0.093315 -65.037700 1.009330
-66.121800 0.028777 -66.906100 0.971112
-67.736000 0.117255 -68.595700 1.140070
-69.155400 0.375873 -70.085900 1.558480
-70.440700 0.843686 -71.450300 2.083480
-71.584600 1.533280 -72.697100 2.843000
-72.576500 2.391120 -73.731500 3.707330
-73.428700 3.333950 -74.635500 4.755940
-74.173200 4.517150 -75.421500 5.924480
-74.808900 5.956710 -76.104600 7.419600
-75.334100 7.573850 -76.704700 9.034770
-75.774200 9.348090 -77.193100 10.842800
-76.187900 11.277600 -77.688600 12.710600
-76.539600 13.356800 -78.079200 14.730300
-76.826500 15.539200 -78.423500 16.872600
-77.085400 17.834300 -78.737700 19.075000
-77.317700 20.154800 -79.044300 21.357400
-77.516700 22.463900 -79.281000 23.629100
-77.717700 24.727200 -79.578200 25.934600
-77.905300 26.992400 -79.819400 28.207400
-78.074000 29.276300 -80.050300 30.504000
-78.226900 31.544500 -80.299600 32.827700
-78.379700 33.832400 -80.611900 35.132000
-78.549000 36.190400 -80.957800 37.481100
-78.761300 38.600600 -81.259200 39.839100
-78.968700 41.045600 -81.592700 42.323600
-79.194300 43.567200 -81.950200 44.869800
-79.426200 46.142500 -82.308900 47.436500
-79.638500 48.758200 -82.683200 50.039100
-79.836700 51.395100 -83.047300 52.633800
-80.038700 53.944100 -83.388500 55.189900
-80.244200 56.496300 -83.736600 57.789100
-80.425800 59.052000 -84.057900 60.332300
-80.634200 61.531000 -84.351300 62.833600
-80.882300 63.978600 -84.763300 65.276100
-81.156400 66.376300 -85.172000 67.695300
-81.438900 68.764900 -85.614600 70.068700
-81.768300 71.102300 -86.107400 72.372000
-82.125600 73.380600 -86.603100 74.604300
-82.532900 75.651200 -87.140500 76.846300
-82.974800 77.867800 -87.758500 79.083300
-83.500900 80.061500 -88.482400 81.178500
-84.088300 82.194400 -89.217400 83.327900
-84.762800 84.326300 -89.989600 85.405100
-85.498200 86.445100 -90.895400 87.471700
-86.300400 88.545900 -91.802400 89.511800
-87.174400 90.636900 -92.796000 91.523900
-88.106700 92.733900 -93.828600 93.496600
-89.055000 94.811800 -94.881900 95.491000
-90.066200 96.894800 -95.986800 97.504900
-91.095900 98.955800 -97.144100 99.501500
-92.158700 101.004000 -98.269800 101.505000
-93.232100 103.016000 -99.468100 103.417000
-94.335400 105.006000 -100.699000 105.362000
-95.433400 106.935000 -101.872000 107.221000
-96.517500 108.818000 -103.072000 108.995000
-97.557300 110.571000 -104.260000 110.695000
-98.525500 112.177000 -105.324000 112.221000
-99.407300 113.622000 -106.342000 113.586000
-100.201000 114.876000 -107.230000 114.730000
-100.896000 115.966000 -108.083000 115.742000
-101.557000 116.890000 -108.844000 116.607000
-102.120000 117.666000 -109.463000 117.352000
-102.639000 118.274000 -110.040000 117.943000
-103.127000 118.738000 -110.554000 118.384000
-103.622000 119.108000 -111.143000 118.791000
-104.146000 119.475000 -111.681000 119.094000
-104.735000 119.790000 -112.305000 119.268000
-105.325000 120.011000 -112.940000 119.385000
-105.975000 120.213000 -113.587000 119.565000
-106.802000 120.364000 -114.380000 119.704000
-107.775000 120.403000 -115.295000 119.751000
-108.845000 120.300000 -116.374000 119.609000
-110.018000 120.015000 -117.553000 119.261000
-111.297000 119.527000 -118.828000 118.722000
-112.652000 118.796000 -120.055000 117.946000
-114.054000 117.849000 -121.304000 116.965000
-115.556000 116.732000 -122.763000 115.858000
-117.153000 115.485000 -124.278000 114.486000
-118.840000 114.117000 -125.972000 112.995000
-120.627000 112.651000 -127.730000 111.439000
-122.537000 111.079000 -129.584000 109.778000
-124.530000 109.419000 -131.626000 107.966000
-126.591000 107.708000 -133.644000 106.100000
-128.748000 105.898000 -135.758000 104.139000
-130.971000 104.009000 -137.920000 102.100000
-133.267000 102.090000 -140.135000 100.037000
-135.538000 100.171000 -142.321000 98.011700
-137.796000 98.273000 -144.554000 96.175400
-140.062000 96.360500 -146.737000 94.052300
-142.310000 94.441700 -148.908000 91.977000
-144.548000 92.522400 -151.099000 89.845700
-146.804000 90.595500 -153.231000 87.762800
-149.055000 88.704100 -155.405000 85.710200
-151.306000 86.826000 -157.579000 83.629800
-153.538000 84.945700 -159.752000 81.553400
-155.765000 83.073600 -161.950000 79.496400
-157.987000 81.205000 -164.101000 77.436900
-160.184000 79.347400 -166.249000 75.406600
-162.353000 77.503500 -168.318000 73.350000
-164.515000 75.675400 -170.385000 71.328400
-166.639000 73.890700 -172.412000 69.318900
-168.768000 72.119900 -174.432000 67.337900
-170.860000 70.381100 -176.467000 65.366900
-172.889000 68.681500 -178.347000 63.512300
-174.842000 67.049000 -180.161000 61.698300
-176.705000 65.499300 -181.903000 59.965600
-178.467000 64.027000 -183.545000 58.278200
-180.146000 62.631700 -185.112000 56.579500
-181.732000 61.301300 -186.509000 55.042500
-183.182000 60.020600 -187.862000 53.531300
-184.494000 58.738500 -189.102000 52.016100
-185.664000 57.401400 -190.156000 50.572400
-186.570000 56.042000 -190.772000 48.997500
-187.246000 54.644100 -191.257000 47.466100
-187.648000 53.225900 -191.493000 45.936700
-187.863000 51.791600 -191.668000 44.519100
-187.816000 50.367800 -191.527000 43.065100
-187.628000 48.997600 -191.192000 41.687200
-187.197000 47.718600 -190.771000 40.430600
-186.610000 46.509500 -190.155000 39.282500
-185.871000 45.308600 -189.326000 38.167000
-185.004000 44.131900 -188.414000 37.067000
-184.074000 42.954900 -187.483000 35.979800
-183.076000 41.737800 -186.470000 34.812500
-182.009000 40.460800 -185.401000 33.566700
-180.882000 39.086400 -184.239000 32.189700
-179.651000 37.612200 -182.982000 30.707200
-178.334000 36.012300 -181.648000 29.127300
-176.887000 34.303200 -180.216000 27.465700
-175.367000 32.446800 -178.745000 25.666700
-173.774000 30.514600 -177.183000 23.790100
-172.125000 28.508500 -175.631000 21.916400
-170.418000 26.410500 -174.166000 20.125300
-168.634000 24.247200 -172.562000 18.155600
-166.877000 22.072400 -170.884000 16.080200
-165.109000 19.893100 -169.152000 13.877000
-163.363000 17.750700 -167.403000 11.721800
-161.642000 15.624400 -165.695000 9.603560
-159.930000 13.489600 -164.015000 7.504610
-158.308000 11.336300 -162.471000 5.348620
-156.845000 9.121660 -161.115000 3.124880
-155.597000 6.805130 -159.905000 0.843512
-154.610000 4.430080 -158.914000 -1.575130
-153.838000 1.999890 -158.188000 -4.035980
-153.263000 -0.536986 -157.633000 -6.566250
-152.798000 -3.158040 -157.255000 -9.175610
-152.465000 -5.857400 -156.917000 -11.954800
-152.174000 -8.685460 -156.589000 -14.802100
-151.840000 -11.567300 -156.326000 -17.748800
-151.498000 -14.548200 -155.978000 -20.745200
-151.154000 -17.589000 -155.659000 -23.848600
-150.786000 -20.711500 -155.296000 -27.008500
-150.432000 -23.858100 -154.941000 -30.134900
-150.098000 -27.021400 -154.640000 -33.238300
-149.770000 -30.149500 -154.363000 -36.399500
-149.469000 -33.215200 -154.088000 -39.571400
-149.181000 -36.287100 -153.854000 -42.711400
-148.939000 -39.349100 -153.677000 -45.662300
-148.707000 -42.392300 -153.456000 -48.743500
-148.490000 -45.374900 -153.260000 -51.805300
-148.279000 -48.340200 -153.059000 -54.753200
-148.073000 -51.300000 -152.881000 -57.767600
-147.858000 -54.182400 -152.653000 -60.680000
-147.634000 -57.044100 -152.452000 -63.566000
-147.390000 -59.891000 -152.216000 -66.455800
-147.138000 -62.664600 -151.938000 -69.283500
-146.903000 -65.342800 -151.718000 -71.990400
-146.721000 -67.877800 -151.592000 -74.490200
-146.618000 -70.252000 -151.528000 -76.889700
-146.575000 -72.398000 -151.488000 -79.046900
-146.577000 -74.292600 -151.486000 -80.964100
-146.601000 -75.977800 -151.509000 -82.628500
-146.641000 -77.384800 -150.271000 -84.011100
-146.678000 -78.499400 -147.324000 -85.140600
-146.685000 -79.313500 -143.638000 -86.036400
-146.681000 -79.934800 -139.890000 -86.981900
-146.685000 -80.462200 -135.981000 -87.788900
-146.672000 -80.912500 -132.296000 -88.743500
-146.647000 -81.312700 -128.774000 -89.636500
-146.603000 -81.642100 -128.515000 -89.988900
-146.576000 -81.822700 -128.498000 -90.182300
-146.560000 -81.901900 -128.448000 -90.233400
-146.559000 -81.906800 -128.453000 -90.251500
-146.562000 -81.910900 -128.472000 -90.236100
-146.562000 -81.909400 -128.476000 -90.217700
-146.559000 -81.910800 -128.457000 -90.210400
-146.561000 -81.911200 -128.444000 -90.225100
-146.560000 -81.906800 -128.441000 -90.238500
-146.560000 -81.909000 -128.438000 -90.228500
-146.560000 -81.906300 -128.431000 -90.220100
-146.560000 -81.904700 -128.436000 -90.212300
-146.557000 -81.911500 -128.447000 -90.237500
-146.560000 -81.905800 -128.439000 -90.205100
-146.560000 -81.901500 -128.438000 -90.226700
-146.558000 -81.903200 -128.435000 -90.212000
-146.558000 -81.899900 -128.443000 -90.229200
-146.559000 -81.901000 -128.450000 -90.207500
-146.556000 -81.901600 -128.445000 -90.221000
-146.556000 -81.901800 -128.441000 -90.226100
-146.559000 -81.903800 -128.437000 -90.201700
-146.547000 -81.930900 -128.399000 -90.239800
-146.523000 -81.996800 -128.235000 -90.288100
-146.483000 -82.098200 -128.055000 -90.368300
-146.429000 -82.221000 -127.767000 -90.496000
-146.334000 -82.417200 -127.428000 -90.720400
-146.193000 -82.752300 -127.165000 -91.009500
-145.983000 -83.202000 -126.933000 -91.429500
-145.699000 -83.730000 -126.684000 -91.858700
-145.303000 -84.300600 -126.379000 -92.333000
-144.720000 -84.919500 -125.871000 -93.022500
-143.890000 -85.636600 -125.275000 -94.048400
-142.738000 -86.385500 -124.448000 -95.080700
-141.257000 -87.068900 -123.194000 -95.954300
-139.506000 -87.578200 -121.709000 -96.929100
-137.529000 -87.882900 -119.968000 -97.919100
-135.307000 -88.021400 -117.911000 -98.823200
-132.865000 -88.073300 -115.626000 -99.716500
-130.241000 -88.029400 -113.131000 -100.628000
-127.403000 -87.889900 -110.404000 -101.497000
-124.326000 -87.742200 -107.514000 -102.374000
-121.128000 -87.553400 -104.428000 -103.340000
-117.771000 -87.314200 -101.163000 -104.347000
-114.266000 -87.023900 -97.799400 -105.249000
-110.691000 -86.735600 -94.334700 -106.180000
-107.104000 -86.456700 -90.841500 -107.232000
-103.551000 -86.185100 -87.403700 -108.240000
-99.999500 -85.921500 -83.953700 -109.302000
-96.483700 -85.677500 -80.507800 -110.336000
-92.977400 -85.416400 -77.106300 -111.276000
-89.516900 -85.166000 -73.721900 -112.304000
-86.058900 -84.922500 -70.415000 -113.273000
-82.624100 -84.682500 -67.084200 -114.088000
-79.241800 -84.413600 -63.706000 -115.001000
-75.891600 -84.121000 -60.445100 -115.915000
-72.569000 -83.808100 -57.243800 -116.844000
-69.278400 -83.487000 -54.023400 -117.770000
-65.984900 -83.188600 -50.841200 -118.685000
-62.732300 -82.923800 -47.662300 -119.633000
-59.480700 -82.668200 -44.506200 -120.542000
-56.249400 -82.433600 -41.374800 -121.507000
-53.031900 -82.216300 -38.277600 -122.515000
-49.849600 -82.000200 -35.162900 -123.510000
-46.658600 -81.761100 -32.101400 -124.374000
-43.496000 -81.528600 -29.046900 -125.307000
-40.319600 -81.315900 -25.989800 -126.246000
-37.188200 -81.092700 -22.941400 -127.161000
-34.051000 -80.860700 -19.946300 -128.073000
-30.988200 -80.648700 -16.950600 -129.016000
-27.888800 -80.438400 -13.953800 -129.937000
-24.869100 -80.229600 -10.984900 -130.865000
-21.852200 -80.035400 -8.180470 -131.730000
-18.901700 -79.846400 -5.330570 -132.672000
-16.116100 -79.669800 -2.651480 -133.574000
-13.528600 -79.492800 -0.155414 -134.313000
-11.118000 -79.288000 2.138940 -134.950000
-8.904910 -79.062300 4.315180 -135.485000
-6.900370 -78.771900 6.310870 -136.042000
-5.128910 -78.414500 8.121000 -136.169000
-3.495490 -77.960700 9.913130 -136.108000
-2.005400 -77.404200 11.493600 -136.016000
-0.645083 -76.724600 12.923400 -135.770000
0.539524 -75.846000 14.389000 -135.443000
1.540950 -74.837600 15.710900 -134.901000
2.347700 -73.661900 16.874100 -134.116000
2.983740 -72.387600 17.900900 -133.148000
3.393810 -71.006500 18.784000 -132.009000
3.666750 -69.591500 19.567000 -130.729000
3.835870 -68.071200 20.298600 -129.368000
3.950890 -66.459000 21.019500 -127.954000
4.009950 -64.750300 21.720600 -126.374000
4.011940 -62.900500 22.398300 -124.645000
3.952690 -60.889300 23.089900 -122.751000
3.865910 -58.725200 23.811300 -120.729000
3.764290 -56.460900 24.530900 -118.684000
3.644760 -54.182300 25.258100 -116.563000
3.500680 -51.894300 25.978900 -114.414000
3.323950 -49.611800 26.686300 -112.258000
3.151380 -47.308200 27.380200 -110.122000
2.978150 -45.028100 28.088900 -108.009000
2.807150 -42.773700 28.786800 -105.870000
2.655980 -40.581800 29.494300 -103.764000
2.514360 -38.444400 30.170600 -101.739000
2.380300 -36.401400 30.801300 -99.840000
2.239410 -34.409300 31.384900 -97.968400
2.110370 -32.508900 31.997600 -96.115900
1.982710 -30.645100 32.548900 -94.309500
1.855430 -28.789100 33.020300 -92.669800
1.722050 -26.990200 33.601200 -90.984200
1.594940 -25.201300 34.145500 -89.301700
1.450210 -23.428200 34.683100 -87.637300
1.300410 -21.726000 35.198600 -86.000800
1.165700 -20.114300 35.689400 -84.424800
1.060810 -18.588300 36.138700 -82.949200
0.964733 -17.172100 36.582600 -81.579800
0.883142 -15.867800 36.993800 -80.323200
0.816023 -14.692200 37.354900 -79.212300
0.759991 -13.729800 37.669400 -78.285300
0.706949 -12.872900 37.920100 -77.494000
0.653530 -12.101700 38.169900 -76.776200
0.611054 -11.327200 38.433800 -76.076800
0.565045 -10.590000 38.676800 -75.398900
0.510632 -9.842890 38.869100 -74.769500
0.422541 -9.137130 38.962800 -74.221300
0.325789 -8.430540 39.006200 -73.782000
0.228600 -7.733810 39.046000 -73.336000
0.143583 -7.056930 39.104900 -72.920800
0.070457 -6.376310 39.207900 -72.448400
0.002469 -5.710880 39.343800 -71.906400
-0.039825 -5.071680 39.492900 -71.336000
-0.092090 -4.332740 39.721500 -70.703200
-0.137944 -3.486260 39.951500 -69.963100
-0.182102 -2.542550 40.265500 -69.187300
-0.208659 -1.562840 40.626600 -68.271800
-0.230522 -0.506607 40.993200 -67.310800
-0.275394 0.652266 41.405300 -66.248100
-0.252054 1.862910 41.864600 -65.289500
-0.318169 3.003170 42.189000 -64.263600
-0.459573 4.107430 42.419400 -63.263800
-0.675918 5.164430 42.541700 -62.253400
-0.970111 6.168110 42.564500 -61.304600
-1.294110 7.161360 42.595500 -60.367100
-1.513920 8.139540 42.789400 -59.505200
-1.650520 8.843600 42.913700 -58.937600
-1.696880 9.221240 43.022400 -58.619300
-1.712800 9.306550 43.058600 -58.508200
-1.714910 9.283690 43.051500 -58.481200
-1.715400 9.294150 43.063000 -58.475300
