-0.000000 0.000000 0.000000 0.000000
-0.041489 2.276680 0.066218 2.225510
-0.052306 4.418450 0.114840 4.435050
-0.061395 6.382280 0.187456 6.414630
-0.066312 8.111560 0.117175 8.240480
-0.042636 9.605940 0.096839 9.779390
-0.036176 10.830500 0.094811 11.034800
0.009015 11.792300 0.136772 11.984300
0.040401 12.483400 0.175434 12.646500
0.043769 13.005500 0.188305 13.167000
0.071028 13.451300 0.218904 13.593900
0.081426 13.842600 0.243809 13.995600
0.112892 14.219400 0.255919 14.356500
0.109932 14.590300 0.252961 14.732000
0.107821 14.957700 0.233383 15.094500
0.076755 15.379600 0.225466 15.553800
0.005552 15.886300 0.108884 16.088300
-0.164198 16.543900 -0.152949 16.727200
-0.449588 17.312500 -0.472761 17.458100
-0.903673 18.156100 -0.995613 18.283000
-1.527070 19.018900 -1.640800 19.133200
-2.346510 19.849500 -2.465440 19.960400
-3.372420 20.624400 -3.485310 20.775100
-4.623230 21.303000 -4.685770 21.488700
-6.078120 21.824700 -6.153660 22.044100
-7.766420 22.141000 -7.880500 22.418600
-9.634860 22.225800 -9.767600 22.545200
-11.684600 22.144200 -11.843900 22.516000
-13.947900 21.991400 -14.155100 22.421900
-16.325800 21.913100 -16.638900 22.339700
-18.936300 21.840800 -19.340400 22.286100
-21.685800 21.730500 -22.277500 22.168600
-24.686700 21.594100 -25.159700 22.108200
-27.713500 21.502400 -28.208500 22.127000
-30.803600 21.299900 -31.405000 22.014300
-33.980900 21.085400 -34.570500 21.732500
-37.187900 20.773200 -37.858000 21.436900
-40.454600 20.475500 -41.111900 21.102300
-43.687400 20.127800 -44.377500 20.752800
-46.923400 19.776800 -47.692300 20.331600
-50.275600 19.452600 -51.082800 20.026300
-53.636700 19.152600 -54.595500 19.787400
-57.004100 18.887800 -58.050500 19.609800
-60.425000 18.726800 -61.545700 19.482500
-63.856700 18.603200 -65.069100 19.398700
-67.310900 18.514700 -68.528000 19.245600
-70.863700 18.456900 -72.013600 19.145000
-74.390200 18.398400 -75.655000 19.139100
-77.949200 18.338800 -79.205600 19.149600
-81.470000 18.272100 -82.764800 19.278700
-85.008700 18.200400 -86.383900 19.348700
-88.517000 18.136400 -89.928600 19.435500
-91.979200 18.084400 -93.438700 19.487700
-95.503000 18.032800 -96.896700 19.398500
-98.928900 17.993100 -100.440000 19.423300
-102.377000 17.938000 -103.955000 19.458700
-105.835000 17.885800 -107.545000 19.533300
-109.376000 17.802300 -111.108000 19.573700
-112.956000 17.718200 -114.822000 19.645400
-116.596000 17.603200 -118.460000 19.591700
-120.327000 17.446100 -122.266000 19.610400
-124.119000 17.266700 -126.069000 19.544900
-127.863000 17.044700 -129.866000 19.532000
-131.642000 16.847400 -133.673000 19.578100
-135.322000 16.771800 -137.491000 19.610100
-139.002000 16.642900 -141.300000 19.642300
-142.743000 16.512200 -145.018000 19.610600
-146.419000 16.449200 -148.711000 19.573600
-150.111000 16.422500 -152.501000 19.586600
-153.845000 16.421800 -156.179000 19.589400
-157.503000 16.460200 -159.944000 19.642700
-161.177000 16.496800 -163.605000 19.598700
-164.778000 16.582300 -167.319000 19.636600
-168.434000 16.665700 -171.046000 19.697300
-172.049000 16.742800 -174.721000 19.733200
-175.640000 16.855200 -178.322000 19.810100
-179.019000 16.987100 -181.788000 19.928900
-182.117000 17.110600 -184.908000 19.965800
-184.983000 17.227700 -187.854000 20.050000
-187.755000 17.299100 -190.700000 20.139500
-190.487000 17.356500 -193.653000 20.194200
-193.204000 17.409900 -196.445000 20.213800
-195.921000 17.453700 -199.209000 20.242900
-198.658000 17.523400 -201.988000 20.234600
-201.484000 17.580800 -204.857000 20.258900
-204.354000 17.637100 -207.690000 20.241400
-207.260000 17.653400 -210.635000 20.267500
-210.234000 17.694700 -213.632000 20.367800
-213.332000 17.757700 -216.723000 20.474800
-216.431000 17.843000 -219.892000 20.605700
-219.641000 17.935000 -223.147000 20.779100
-222.864000 18.035500 -226.451000 20.939600
-226.177000 18.138600 -229.839000 21.078400
-229.596000 18.235300 -233.317000 21.160900
-233.019000 18.315700 -236.813000 21.252500
-236.534000 18.424500 -240.320000 21.283100
-240.141000 18.472100 -243.989000 21.335500
-243.844000 18.502300 -247.691000 21.418300
-247.557000 18.507300 -251.443000 21.553700
-251.325000 18.471000 -255.278000 21.603400
-255.059000 18.437700 -259.148000 21.636700
-258.827000 18.386700 -262.892000 21.588300
-262.575000 18.375800 -266.698000 21.556400
-266.325000 18.353000 -270.494000 21.613200
-270.068000 18.335200 -274.264000 21.654900
-273.789000 18.282600 -278.010000 21.674000
-277.453000 18.273500 -281.752000 21.717100
-281.112000 18.257500 -285.430000 21.687000
-284.788000 18.245600 -289.176000 21.670600
-288.456000 18.239800 -292.869000 21.640900
-292.206000 18.242600 -296.560000 21.646600
-295.865000 18.229900 -300.227000 21.680900
-299.539000 18.220400 -303.956000 21.676700
-303.243000 18.191300 -307.753000 21.734000
-306.950000 18.170700 -311.587000 21.758700
-310.652000 18.145300 -315.352000 21.740500
-314.391000 18.131800 -319.105000 21.865900
-318.157000 18.128700 -322.915000 22.008900
-321.941000 18.133200 -326.697000 22.142900
-325.722000 18.139100 -330.500000 22.271600
-329.490000 18.145600 -334.316000 22.423400
-333.240000 18.170200 -338.145000 22.589800
-336.925000 18.200000 -341.913000 22.672000
-340.618000 18.218300 -345.672000 22.754900
-344.199000 18.222200 -349.346000 22.846600
-347.707000 18.204400 -352.824000 22.942500
-351.037000 18.229200 -356.187000 22.997100
-354.180000 18.229400 -359.474000 23.054700
-357.311000 18.214800 -362.640000 23.123600
-360.360000 18.163700 -365.736000 23.216300
-363.202000 18.178200 -368.622000 23.387800
-365.816000 18.221200 -371.292000 23.582800
-368.186000 18.365600 -373.703000 23.871900
-370.293000 18.698700 -375.845000 24.335600
-372.166000 19.208600 -377.703000 25.024300
-373.795000 19.946900 -379.223000 25.941800
-375.279000 20.904600 -380.386000 27.117300
-376.558000 22.064200 -381.732000 28.419400
-377.714000 23.418900 -382.841000 29.815700
-378.703000 24.961000 -383.842000 31.425100
-379.523000 26.673400 -384.638000 33.191400
-380.213000 28.594500 -385.253000 35.071500
-380.744000 30.720700 -385.703000 37.188500
-381.168000 32.995500 -386.064000 39.542800
-381.499000 35.471100 -386.293000 42.010600
-381.690000 38.112300 -386.349000 44.653900
-381.813000 40.916800 -386.376000 47.483800
-381.890000 43.814300 -386.359000 50.396800
-381.939000 46.837700 -386.289000 53.370500
-381.982000 49.861400 -386.227000 56.317300
-382.005000 52.925500 -386.160000 59.287900
-381.986000 55.969100 -386.094000 62.179800
-381.951000 59.008500 -386.025000 64.973400
-381.908000 61.971300 -385.918000 67.841100
-381.849000 64.865600 -385.834000 70.604600
-381.790000 67.665900 -385.732000 73.261600
-381.710000 70.352600 -385.607000 75.771800
-381.605000 72.965800 -385.428000 78.308100
-381.442000 75.428100 -385.239000 80.655500
-381.166000 77.805800 -384.888000 82.959200
-380.738000 80.041500 -384.291000 85.091300
-380.127000 82.071900 -383.509000 87.220600
-379.312000 83.975300 -382.603000 89.199500
-378.367000 85.695500 -381.591000 91.007600
-377.279000 87.193900 -380.437000 92.556300
-375.967000 88.475000 -379.078000 93.932700
-374.479000 89.535600 -377.586000 95.050700
-372.857000 90.387200 -375.977000 95.889600
-371.096000 91.059400 -374.164000 96.617900
-369.215000 91.555300 -372.241000 97.161200
-367.231000 91.898700 -370.204000 97.586700
-365.094000 92.097900 -368.087000 97.871600
-362.853000 92.242000 -365.857000 98.112100
-360.490000 92.319500 -363.484000 98.271500
-358.027000 92.335900 -360.982000 98.400400
-355.469000 92.285800 -358.465000 98.459200
-352.854000 92.182500 -355.851000 98.458400
-350.166000 92.024600 -353.160000 98.392300
-347.486000 91.858900 -350.423000 98.366800
-344.811000 91.695100 -347.708000 98.377700
-342.058000 91.559800 -344.965000 98.361300
-339.353000 91.451200 -342.255000 98.413300
-336.663000 91.390300 -339.532000 98.518000
-334.006000 91.385700 -336.845000 98.645100
-331.372000 91.399900 -334.194000 98.805700
-328.757000 91.411400 -331.551000 98.953100
-326.114000 91.415200 -328.900000 99.102300
-323.481000 91.396800 -326.266000 99.218500
-320.838000 91.362800 -323.578000 99.307700
-318.244000 91.303800 -320.941000 99.322500
-315.633000 91.252800 -318.315000 99.390500
-313.010000 91.213700 -315.678000 99.531300
-310.388000 91.220400 -313.044000 99.683500
-307.823000 91.239100 -310.419000 99.837900
-305.262000 91.262100 -307.816000 99.976000
-302.715000 91.270600 -305.239000 100.093000
-300.194000 91.289700 -302.716000 100.306000
-297.699000 91.297600 -300.168000 100.478000
-295.135000 91.349300 -297.614000 100.664000
-292.613000 91.418700 -295.060000 100.868000
-290.034000 91.491300 -292.470000 101.094000
-287.385000 91.594900 -289.803000 101.342000
-284.655000 91.665700 -287.054000 101.589000
-281.861000 91.705900 -284.262000 101.843000
-278.989000 91.697000 -281.396000 101.995000
-276.158000 91.634500 -278.501000 102.105000
-273.305000 91.550400 -275.629000 102.195000
-270.502000 91.468000 -272.783000 102.298000
-267.725000 91.371700 -269.984000 102.314000
-265.037000 91.244200 -267.217000 102.308000
-262.355000 91.098400 -264.502000 102.265000
-259.727000 90.930600 -261.815000 102.274000
-257.142000 90.821400 -259.145000 102.267000
-254.508000 90.773000 -256.467000 102.401000
-251.860000 90.764300 -253.789000 102.577000
-249.223000 90.824200 -251.044000 102.758000
-246.547000 90.981400 -248.308000 103.028000
-243.850000 91.144000 -245.604000 103.335000
-241.133000 91.331400 -242.867000 103.658000
-238.429000 91.526600 -240.174000 104.022000
-235.712000 91.635400 -237.480000 104.270000
-233.012000 91.691200 -234.794000 104.451000
-230.363000 91.648700 -232.105000 104.539000
-227.729000 91.509600 -229.456000 104.508000
-225.165000 91.302600 -226.881000 104.400000
-222.658000 91.076700 -224.346000 104.345000
-220.273000 90.842900 -221.917000 104.257000
-218.088000 90.651300 -219.714000 104.194000
-216.096000 90.464400 -217.720000 104.127000
-214.338000 90.321200 -215.964000 104.021000
-212.745000 90.199400 -214.219000 104.023000
-211.352000 90.134800 -212.751000 104.100000
-210.062000 90.164000 -211.491000 104.252000
-208.823000 90.379300 -210.218000 104.577000
-207.639000 90.749200 -209.059000 105.033000
-206.582000 91.249200 -208.031000 105.613000
-205.625000 91.866300 -207.060000 106.287000
-204.743000 92.613900 -206.205000 107.058000
-203.892000 93.516000 -205.384000 107.997000
-203.135000 94.682700 -204.646000 109.155000
-202.394000 96.070900 -204.107000 110.487000
-201.789000 97.699300 -203.545000 112.247000
-201.276000 99.563700 -203.229000 114.116000
-200.942000 101.590000 -203.023000 116.221000
-200.748000 103.876000 -202.993000 118.592000
-200.681000 106.352000 -203.130000 121.048000
-200.701000 108.975000 -203.358000 123.684000
-200.761000 111.748000 -203.475000 126.411000
-200.766000 114.590000 -203.649000 129.266000
-200.716000 117.477000 -203.678000 132.168000
-200.601000 120.431000 -203.526000 135.011000
-200.501000 123.317000 -203.493000 137.909000
-200.408000 126.211000 -203.460000 140.863000
-200.306000 129.054000 -203.409000 143.674000
-200.203000 131.911000 -203.486000 146.517000
-200.166000 134.646000 -203.599000 149.293000
-200.177000 137.247000 -203.749000 151.907000
-200.199000 139.640000 -203.887000 154.317000
-200.257000 141.868000 -204.004000 156.670000
-200.350000 143.861000 -204.199000 158.671000
-200.474000 145.609000 -204.563000 160.347000
-200.708000 147.177000 -205.061000 161.866000
-201.089000 148.721000 -205.661000 163.182000
-201.644000 150.153000 -206.395000 164.515000
-202.389000 151.472000 -207.239000 165.710000
-203.279000 152.701000 -208.190000 166.907000
-204.367000 153.860000 -209.341000 168.033000
-205.685000 154.901000 -210.655000 169.060000
-207.228000 155.778000 -212.273000 169.838000
-209.029000 156.464000 -214.150000 170.445000
-211.000000 156.927000 -216.108000 170.858000
-213.114000 157.214000 -218.259000 171.040000
-215.380000 157.406000 -220.585000 171.129000
-217.754000 157.556000 -223.004000 171.232000
-220.231000 157.707000 -225.515000 171.329000
-222.805000 157.887000 -228.119000 171.435000
-225.483000 158.057000 -230.824000 171.558000
-228.267000 158.257000 -233.691000 171.717000
-231.161000 158.464000 -236.633000 171.872000
-234.198000 158.637000 -239.729000 172.053000
-237.348000 158.780000 -242.968000 172.128000
-240.597000 158.818000 -246.239000 172.156000
-243.831000 158.797000 -249.497000 172.040000
-247.070000 158.705000 -252.758000 171.900000
-250.287000 158.562000 -256.025000 171.716000
-253.426000 158.367000 -259.141000 171.475000
-256.391000 158.164000 -262.148000 171.185000
-259.180000 157.988000 -264.978000 170.945000
-261.760000 157.820000 -267.615000 170.736000
-264.290000 157.703000 -270.205000 170.559000
-266.792000 157.603000 -272.740000 170.415000
-269.251000 157.535000 -275.264000 170.260000
-271.739000 157.509000 -277.769000 170.185000
-274.190000 157.513000 -280.262000 170.154000
-276.682000 157.522000 -282.734000 170.098000
-279.191000 157.556000 -285.317000 170.074000
-281.722000 157.573000 -287.876000 170.049000
-284.226000 157.583000 -290.423000 169.959000
-286.732000 157.565000 -292.960000 169.905000
-289.255000 157.552000 -295.517000 169.775000
-291.839000 157.535000 -298.215000 169.667000
-294.494000 157.512000 -300.867000 169.523000
-297.247000 157.483000 -303.666000 169.418000
-300.042000 157.448000 -306.518000 169.280000
-302.893000 157.425000 -309.425000 169.163000
-305.756000 157.407000 -312.293000 169.009000
-308.605000 157.397000 -315.135000 168.947000
-311.452000 157.392000 -318.016000 168.848000
-314.247000 157.406000 -320.834000 168.703000
-317.017000 157.416000 -323.634000 168.569000
-319.747000 157.430000 -326.412000 168.485000
-322.461000 157.437000 -329.125000 168.354000
-325.085000 157.450000 -331.806000 168.265000
-327.658000 157.462000 -334.424000 168.211000
-330.172000 157.478000 -337.046000 168.111000
-332.701000 157.485000 -339.599000 168.020000
-335.224000 157.482000 -342.114000 167.884000
-337.713000 157.448000 -344.678000 167.834000
-340.269000 157.389000 -347.272000 167.710000
-342.833000 157.318000 -349.880000 167.508000
-345.473000 157.243000 -352.519000 167.342000
-348.141000 157.163000 -355.170000 167.142000
-350.778000 157.062000 -357.817000 166.932000
-353.420000 156.975000 -360.451000 166.761000
-356.041000 156.893000 -363.060000 166.554000
-358.591000 156.819000 -365.627000 166.351000
-361.078000 156.797000 -368.129000 166.214000
-363.445000 156.813000 -370.485000 166.080000
-365.676000 156.879000 -372.706000 166.051000
-367.705000 157.045000 -374.694000 166.140000
-369.486000 157.319000 -376.511000 166.358000
-371.111000 157.676000 -378.179000 166.687000
-372.529000 158.134000 -379.729000 167.131000
-373.836000 158.754000 -381.174000 167.746000
-374.982000 159.501000 -382.384000 168.516000
-376.032000 160.389000 -383.274000 169.500000
-377.011000 161.393000 -384.343000 170.538000
-377.948000 162.664000 -385.327000 171.803000
-378.803000 164.150000 -386.211000 173.267000
-379.466000 165.900000 -386.930000 175.033000
-379.955000 167.896000 -387.435000 177.076000
-380.253000 170.043000 -387.902000 179.293000
-380.443000 172.418000 -388.219000 181.638000
-380.523000 174.936000 -388.442000 184.134000
-380.531000 177.609000 -388.729000 186.729000
-380.521000 180.393000 -388.876000 189.545000
-380.531000 183.277000 -389.029000 192.450000
-380.499000 186.227000 -389.187000 195.432000
-380.497000 189.198000 -389.392000 198.405000
-380.481000 192.145000 -389.604000 201.332000
-380.475000 195.032000 -389.785000 204.273000
-380.451000 197.955000 -389.992000 207.199000
-380.443000 200.815000 -390.199000 210.021000
-380.444000 203.509000 -390.394000 212.782000
-380.425000 206.035000 -390.569000 215.305000
-380.375000 208.368000 -390.689000 217.602000
-380.261000 210.516000 -390.684000 219.856000
-379.972000 212.557000 -390.577000 221.962000
-379.468000 214.467000 -390.282000 223.972000
-378.669000 216.249000 -389.662000 225.979000
-377.632000 217.894000 -388.738000 227.736000
-376.357000 219.333000 -387.489000 229.384000
-374.855000 220.565000 -385.923000 230.595000
-373.112000 221.618000 -384.184000 231.846000
-371.190000 222.473000 -382.152000 232.819000
-369.089000 223.143000 -380.066000 233.604000
-366.811000 223.613000 -377.810000 234.318000
-364.373000 223.982000 -375.419000 234.979000
-361.779000 224.247000 -372.854000 235.549000
-359.052000 224.460000 -370.129000 236.110000
-356.253000 224.642000 -367.344000 236.683000
-353.343000 224.785000 -364.414000 237.259000
-350.387000 224.926000 -361.464000 237.800000
-347.350000 225.038000 -358.426000 238.307000
-344.272000 225.092000 -355.359000 238.721000
-341.171000 225.111000 -352.290000 239.259000
-338.066000 225.104000 -349.193000 239.698000
-334.946000 225.073000 -346.064000 240.081000
-331.864000 225.013000 -342.965000 240.397000
-328.783000 224.900000 -339.870000 240.669000
-325.692000 224.700000 -336.758000 240.905000
-322.645000 224.460000 -333.692000 241.071000
-319.600000 224.207000 -330.615000 241.263000
-316.549000 223.940000 -327.584000 241.474000
-313.543000 223.733000 -324.517000 241.702000
-310.499000 223.602000 -321.491000 242.005000
-307.439000 223.536000 -318.439000 242.349000
-304.391000 223.556000 -315.368000 242.780000
-301.326000 223.632000 -312.346000 243.292000
-298.281000 223.717000 -309.251000 243.817000
-295.175000 223.839000 -306.256000 244.359000
-292.098000 223.963000 -303.159000 244.872000
-289.057000 224.095000 -300.079000 245.387000
-286.006000 224.196000 -297.052000 245.887000
-282.998000 224.284000 -294.109000 246.406000
-280.069000 224.362000 -291.137000 246.944000
-277.144000 224.423000 -288.267000 247.444000
-274.310000 224.475000 -285.451000 247.897000
-271.583000 224.512000 -282.692000 248.304000
-268.886000 224.503000 -280.034000 248.738000
-266.314000 224.483000 -277.382000 249.123000
-263.777000 224.444000 -274.831000 249.513000
-261.381000 224.422000 -272.421000 249.883000
-259.040000 224.403000 -270.138000 250.215000
-256.816000 224.375000 -267.900000 250.499000
-254.655000 224.355000 -265.765000 250.805000
-252.580000 224.356000 -263.738000 251.141000
-250.632000 224.343000 -261.797000 251.433000
-248.758000 224.328000 -259.912000 251.712000
-247.003000 224.342000 -258.127000 251.968000
-245.283000 224.347000 -256.387000 252.213000
-243.622000 224.365000 -254.697000 252.460000
-241.983000 224.370000 -253.043000 252.718000
-240.352000 224.374000 -251.420000 252.926000
-238.738000 224.391000 -249.860000 253.176000
-237.130000 224.387000 -248.262000 253.454000
-235.540000 224.397000 -246.741000 253.737000
-233.974000 224.425000 -245.148000 253.986000
-232.434000 224.464000 -243.620000 254.239000
-230.919000 224.486000 -242.086000 254.494000
-229.387000 224.519000 -240.583000 254.731000
-227.867000 224.546000 -239.052000 254.969000
-226.337000 224.564000 -237.511000 255.188000
-224.800000 224.576000 -235.980000 255.398000
-223.212000 224.578000 -234.448000 255.615000
-221.627000 224.569000 -232.860000 255.857000
-220.028000 224.564000 -231.243000 256.062000
-218.452000 224.559000 -229.733000 256.290000
-216.890000 224.532000 -228.226000 256.511000
-215.334000 224.484000 -226.757000 256.590000
-213.803000 224.372000 -225.220000 256.770000
-212.377000 224.186000 -223.841000 256.945000
-211.062000 223.926000 -222.493000 256.921000
-209.878000 223.597000 -221.325000 256.764000
-208.875000 223.250000 -220.299000 256.545000
-207.944000 222.869000 -219.283000 256.284000
-207.082000 222.404000 -218.335000 255.959000
-206.303000 221.861000 -217.430000 255.526000
-205.614000 221.267000 -216.578000 254.994000
-204.950000 220.521000 -215.765000 254.305000
-204.353000 219.597000 -215.032000 253.453000
-203.832000 218.503000 -214.356000 252.444000
-203.406000 217.260000 -213.779000 251.215000
-203.112000 215.834000 -213.429000 249.735000
-202.895000 214.203000 -213.116000 248.023000
-202.827000 212.388000 -212.845000 246.146000
-202.881000 210.378000 -212.584000 244.173000
-202.967000 208.193000 -212.295000 242.067000
-203.055000 205.879000 -211.916000 239.801000
-203.124000 203.409000 -211.539000 237.224000
-203.175000 200.758000 -211.118000 234.654000
-203.206000 198.029000 -210.695000 231.910000
-203.217000 195.242000 -210.203000 229.131000
-203.232000 192.420000 -209.712000 226.336000
-203.249000 189.582000 -209.206000 223.606000
-203.273000 186.764000 -208.771000 220.791000
-203.258000 183.983000 -208.254000 218.003000
-203.261000 181.247000 -207.759000 215.338000
-203.232000 178.577000 -207.294000 212.739000
-203.169000 175.988000 -206.804000 210.338000
-203.107000 173.557000 -206.289000 208.020000
-203.012000 171.399000 -205.832000 205.776000
-202.896000 169.365000 -205.466000 203.741000
-202.754000 167.479000 -205.042000 201.859000
-202.645000 165.793000 -204.649000 199.985000
-202.600000 164.314000 -204.261000 198.509000
-202.565000 162.929000 -204.020000 196.991000
-202.525000 161.533000 -203.783000 195.632000
-202.471000 160.202000 -203.490000 194.232000
-202.417000 158.889000 -203.181000 192.952000
-202.304000 157.511000 -202.817000 191.607000
-202.198000 156.053000 -202.392000 190.234000
-202.016000 154.503000 -201.976000 188.781000
-201.833000 152.823000 -201.529000 187.163000
-201.641000 150.987000 -201.066000 185.408000
-201.474000 149.022000 -200.615000 183.495000
-201.328000 146.927000 -200.174000 181.422000
-201.282000 144.660000 -199.772000 179.218000
-201.343000 142.224000 -199.526000 176.794000
-201.464000 139.668000 -199.241000 174.197000
-201.602000 137.028000 -198.904000 171.538000
-201.743000 134.256000 -198.671000 168.687000
-201.948000 131.377000 -198.357000 165.810000
-202.113000 128.360000 -198.042000 162.763000
-202.268000 125.336000 -197.666000 159.809000
-202.399000 122.336000 -197.265000 156.877000
-202.463000 119.361000 -196.930000 153.843000
-202.448000 116.438000 -196.516000 150.906000
-202.403000 113.547000 -196.029000 148.127000
-202.363000 110.809000 -195.364000 145.614000
-202.322000 108.241000 -194.842000 143.021000
-202.256000 105.933000 -194.491000 140.710000
-202.189000 103.877000 -194.314000 138.531000
-202.159000 102.091000 -194.062000 136.626000
-202.121000 100.575000 -193.637000 135.054000
-202.139000 99.265500 -193.443000 133.553000
-202.087000 97.999500 -193.165000 132.174000
-202.101000 96.739300 -192.907000 130.952000
-202.051000 95.540900 -192.699000 129.704000
-202.008000 94.328900 -192.486000 128.498000
-201.930000 93.060700 -192.236000 127.219000
-201.822000 91.725900 -191.952000 125.924000
-201.667000 90.281900 -191.622000 124.518000
-201.491000 88.734000 -191.258000 122.980000
-201.278000 87.068700 -190.823000 121.252000
-201.090000 85.241800 -190.427000 119.433000
-200.886000 83.266800 -190.054000 117.523000
-200.750000 81.221000 -189.752000 115.459000
-200.716000 79.074900 -189.560000 113.269000
-200.806000 76.790100 -189.443000 110.999000
-201.046000 74.487700 -189.467000 108.680000
-201.395000 72.084000 -189.569000 106.317000
-201.734000 69.616100 -189.746000 103.863000
-202.012000 67.073600 -189.747000 101.280000
-202.246000 64.487700 -189.620000 98.699400
-202.395000 61.761400 -189.443000 95.930200
-202.478000 58.982300 -189.102000 93.178700
-202.548000 56.162100 -188.821000 90.336100
-202.608000 53.367100 -188.626000 87.498100
-202.658000 50.590400 -188.506000 84.656000
-202.733000 47.868400 -188.427000 82.009200
-202.786000 45.171700 -188.323000 79.272800
-202.866000 42.562200 -188.173000 76.652100
-202.953000 40.078800 -188.097000 74.083500
-203.037000 37.662300 -188.052000 71.698200
-203.091000 35.472000 -188.004000 69.496100
-203.138000 33.589400 -187.954000 67.577700
-203.150000 31.872800 -187.874000 65.843300
-203.142000 30.490700 -187.829000 64.265700
-203.102000 29.257000 -187.737000 63.054000
-203.028000 28.209100 -187.623000 61.888100
-202.919000 27.259500 -187.430000 60.937400
-202.786000 26.426800 -187.179000 60.104200
-202.585000 25.624100 -186.864000 59.340500
-202.337000 24.907000 -186.558000 58.581600
-202.025000 24.219100 -186.196000 57.921100
-201.601000 23.490200 -185.787000 57.285500
-201.118000 22.851200 -185.272000 56.624200
-200.485000 22.083700 -184.623000 55.978900
-199.701000 21.332700 -183.831000 55.317600
-198.708000 20.574400 -182.818000 54.648800
-197.543000 19.846000 -181.603000 53.986000
-196.151000 19.131300 -180.166000 53.355300
-194.514000 18.425700 -178.474000 52.762200
-192.669000 17.734900 -176.636000 52.200900
-190.781000 17.210200 -174.740000 51.772100
-188.964000 16.898400 -172.896000 51.538400
-187.166000 16.718900 -171.070000 51.424600
-185.424000 16.617100 -169.282000 51.457000
-183.673000 16.553800 -167.511000 51.471000
-181.906000 16.523900 -165.685000 51.550500
-180.037000 16.500500 -163.760000 51.670000
-178.076000 16.482900 -161.746000 51.802000
-175.956000 16.492700 -159.603000 51.974000
-173.706000 16.541900 -157.341000 52.147100
-171.401000 16.618900 -154.997000 52.333400
-168.869000 16.673300 -152.516000 52.549300
-166.319000 16.831900 -149.891000 52.768500
-163.605000 16.984000 -147.135000 53.069200
-160.806000 17.188100 -144.210000 53.454200
-157.856000 17.459900 -141.244000 53.783100
-154.755000 17.717400 -138.157000 54.132400
-151.708000 17.919500 -135.027000 54.445500
-148.572000 18.058200 -131.850000 54.680800
-145.470000 18.031200 -128.669000 54.770400
-142.271000 18.013100 -125.416000 54.806900
-139.016000 17.933600 -122.108000 54.807300
-135.735000 17.893000 -118.750000 54.825100
-132.611000 17.689000 -115.356000 54.849100
-129.203000 17.785800 -111.907000 54.922700
-125.644000 17.860700 -108.379000 55.009300
-122.098000 17.818400 -104.787000 55.085900
-118.511000 17.950600 -101.100000 55.229000
-114.841000 17.946800 -97.406700 55.397700
-111.094000 17.972500 -93.691900 55.606900
-107.353000 17.938100 -89.911300 55.859900
-103.616000 17.942500 -86.075400 56.044700
-99.748200 17.909800 -82.211500 56.237600
-95.914400 17.896000 -78.381800 56.433700
-92.137700 17.934800 -74.555700 56.626200
-88.332900 17.960800 -70.742000 56.820200
-84.547900 18.024600 -66.870000 57.074000
-80.814300 18.078000 -63.071700 57.242700
-77.088000 18.149600 -59.248100 57.513300
-73.332700 18.230200 -55.447800 57.855900
-69.616100 18.279700 -51.641500 58.164600
-65.997200 18.327600 -47.928000 58.496800
-62.334300 18.403400 -44.241900 58.823200
-58.634900 18.483800 -40.507100 59.119300
-55.030600 18.568100 -36.955100 59.373100
-51.477300 18.644500 -33.321000 59.692200
-47.948400 18.721700 -29.799300 60.023700
-44.512000 18.825400 -26.281400 60.422000
-41.083900 18.929000 -22.832900 60.823100
-37.818900 19.029300 -19.476000 61.160400
-34.664800 19.120700 -16.336500 61.508800
-31.685000 19.228000 -13.320400 61.860000
-28.844300 19.300700 -10.550400 62.200100
-26.164200 19.318600 -7.859590 62.494700
-23.618500 19.296800 -5.335930 62.782500
-21.278100 19.326900 -2.944180 62.999000
-19.127400 19.312100 -0.942409 63.151800
-17.170100 19.272300 0.924218 63.243400
-15.459700 19.241800 2.727260 63.321100
-13.847800 19.209800 4.434370 63.523600
-12.465600 19.209800 5.907770 63.676700
-11.269200 19.221700 7.114010 63.843100
-10.298300 19.273000 8.102740 64.018300
-9.395600 19.434300 9.051460 64.249400
-8.556430 19.692500 9.920950 64.597600
-7.779030 20.026900 10.641300 65.046400
-6.998250 20.498900 11.387500 65.621800
-6.251170 21.082800 12.110300 66.254900
-5.454510 21.854300 12.800500 66.983400
-4.719780 22.849900 13.441400 68.069200
-3.994230 24.101800 14.093000 69.355900
-3.236960 25.590600 14.608900 70.895000
-2.505290 27.372900 15.051800 72.739800
-1.917250 29.456200 15.389900 74.873100
-1.449620 31.780800 15.505400 77.099200
-1.163040 34.375300 15.472300 79.644800
-1.104060 37.173000 15.124100 82.527500
-1.185030 40.181300 14.731100 85.562400
-1.334890 43.380200 14.342800 88.714500
-1.520240 46.587100 13.930800 91.825100
-1.679210 49.779700 13.488400 95.050600
-1.829200 52.994200 13.027100 98.277200
-1.991710 56.170000 12.615800 101.483000
-2.138960 59.324900 12.227800 104.655000
-2.268710 62.529500 11.863800 107.768000
-2.384710 65.576400 11.429000 110.864000
-2.483890 68.537200 11.071100 113.761000
-2.571190 71.332000 10.750000 116.543000
-2.659960 73.995100 10.447300 119.182000
-2.729010 76.466400 10.126800 121.572000
-2.792530 78.691600 9.845500 123.801000
-2.825100 80.683500 9.639350 125.770000
-2.736520 82.420500 9.600810 127.461000
-2.491110 83.886300 9.823140 128.995000
-2.069260 85.114200 10.197600 130.282000
-1.548920 86.151900 10.603600 131.396000
-0.927427 87.006500 11.213000 132.313000
-0.294703 87.646900 11.879400 133.016000
0.292573 88.069700 12.441300 133.519000
0.734398 88.387100 12.905700 133.906000
1.190220 88.653600 13.358300 134.241000
1.682080 88.862100 13.823600 134.534000
2.187170 89.013900 14.321200 134.777000
2.698350 89.136400 14.832500 134.982000
3.229550 89.256800 15.353200 135.183000
3.782290 89.329800 15.858600 135.331000
4.339380 89.394600 16.423500 135.477000
4.909210 89.452000 16.986700 135.633000
5.474970 89.472000 17.570700 135.736000
6.069320 89.514100 18.176500 135.852000
6.731580 89.537100 18.859900 135.953000
7.550800 89.603300 19.663500 136.133000
8.491030 89.664600 20.585500 136.320000
9.504400 89.741700 21.576900 136.509000
10.557700 89.797200 22.627200 136.728000
11.699000 89.850400 23.741300 136.949000
12.860000 89.886700 24.899500 137.172000
14.028600 89.896200 26.064500 137.358000
15.229000 89.862200 27.332800 137.425000
16.503300 89.819500 28.727500 137.551000
17.907100 89.747600 30.105600 137.647000
19.389200 89.725800 31.600300 137.853000
20.968900 89.844800 33.187400 138.187000
22.699600 90.048800 34.925500 138.631000
24.532800 90.250900 36.743800 139.060000
26.507200 90.398600 38.725800 139.470000
28.555400 90.482800 40.785400 139.826000
30.694600 90.535900 42.903500 140.171000
32.853900 90.587800 45.062300 140.497000
34.999400 90.616600 47.242700 140.822000
37.104600 90.635700 49.357300 141.130000
39.275300 90.656000 51.495800 141.472000
41.403000 90.693100 53.640400 141.845000
43.530900 90.721300 55.782200 142.197000
45.595400 90.775800 57.888200 142.542000
47.673200 90.859100 59.976800 142.891000
49.702200 90.933500 62.038200 143.304000
51.820100 90.988300 64.067200 143.657000
53.877200 91.035400 66.097700 144.025000
55.911900 91.075900 68.098900 144.388000
57.943200 91.129800 70.064700 144.732000
59.965300 91.193100 72.100400 145.048000
61.990900 91.246600 74.103800 145.410000
64.020500 91.302200 76.102100 145.767000
66.024500 91.342600 78.059300 146.115000
68.015400 91.382500 80.120300 146.462000
70.081700 91.434200 82.168200 146.789000
72.091500 91.490600 84.137300 147.138000
74.163500 91.534400 86.167100 147.480000
76.175400 91.579700 88.195500 147.821000
78.180700 91.616800 90.236000 148.132000
80.201700 91.649300 92.282500 148.445000
82.202500 91.676800 94.279500 148.758000
84.241000 91.705900 96.284400 149.066000
86.255100 91.753800 98.281800 149.386000
88.272400 91.809400 100.288000 149.707000
90.302800 91.836600 102.261000 149.991000
92.335400 91.886800 104.275000 150.293000
94.342200 91.944100 106.295000 150.595000
96.321700 91.980700 108.259000 150.845000
98.260100 92.021300 110.218000 151.118000
100.160000 92.028800 112.092000 151.387000
101.967000 92.041300 113.860000 151.638000
103.595000 92.057000 115.517000 151.815000
105.086000 92.083800 117.007000 152.011000
106.370000 92.089300 118.308000 152.164000
107.510000 92.091900 119.466000 152.285000
108.481000 92.080700 120.457000 152.393000
109.265000 92.096200 121.269000 152.516000
109.861000 92.105900 121.862000 152.598000
110.343000 92.161500 122.363000 152.719000
110.822000 92.267200 122.812000 152.897000
111.264000 92.476700 123.206000 153.155000
111.651000 92.753300 123.541000 153.482000
112.031000 93.091300 123.848000 153.853000
112.421000 93.517400 124.202000 154.296000
112.788000 94.036800 124.511000 154.831000
113.133000 94.642300 124.821000 155.458000
113.473000 95.340600 125.081000 156.127000
113.785000 96.135000 125.348000 156.944000
114.055000 97.028000 125.508000 157.845000
114.214000 98.044100 125.530000 158.875000
114.293000 99.196000 125.473000 160.027000
114.317000 100.491000 125.358000 161.328000
114.363000 101.990000 125.224000 162.781000
114.362000 103.683000 124.981000 164.389000
114.354000 105.555000 124.784000 166.237000
114.350000 107.611000 124.572000 168.270000
114.334000 109.843000 124.342000 170.504000
114.297000 112.248000 124.095000 172.883000
114.236000 114.790000 123.747000 175.363000
114.144000 117.449000 123.390000 177.934000
114.010000 120.163000 123.004000 180.597000
113.867000 122.907000 122.567000 183.299000
113.712000 125.633000 122.137000 185.966000
113.569000 128.354000 121.696000 188.571000
113.450000 131.044000 121.261000 191.156000
113.375000 133.718000 120.824000 193.710000
113.311000 136.367000 120.431000 196.265000
113.258000 138.938000 120.036000 198.773000
113.193000 141.350000 119.689000 201.100000
113.137000 143.559000 119.347000 203.237000
113.076000 145.549000 119.063000 205.224000
113.021000 147.305000 118.775000 206.906000
112.970000 148.873000 118.497000 208.338000
112.929000 150.244000 118.264000 209.704000
112.903000 151.410000 118.069000 210.879000
112.911000 152.379000 117.956000 211.847000
112.924000 153.186000 117.850000 212.662000
112.949000 153.937000 117.769000 213.397000
112.982000 154.676000 117.698000 214.127000
113.008000 155.392000 117.627000 214.829000
113.032000 156.126000 117.543000 215.556000
113.073000 157.001000 117.464000 216.393000
113.081000 158.029000 117.312000 217.317000
113.097000 159.183000 117.197000 218.342000
113.117000 160.455000 117.111000 219.532000
113.102000 161.879000 116.936000 220.851000
113.116000 163.464000 116.733000 222.393000
113.108000 165.215000 116.509000 224.164000
113.103000 167.151000 116.261000 226.074000
113.075000 169.240000 115.990000 228.113000
113.041000 171.450000 115.664000 230.300000
112.991000 173.833000 115.315000 232.595000
112.949000 176.300000 114.965000 234.966000
112.900000 178.907000 114.606000 237.451000
112.858000 181.591000 114.177000 240.068000
112.843000 184.327000 113.737000 242.735000
112.819000 187.035000 113.269000 245.437000
112.796000 189.746000 112.919000 248.115000
112.771000 192.417000 112.544000 250.795000
112.713000 195.092000 112.124000 253.410000
112.604000 197.589000 111.666000 255.913000
112.483000 199.958000 111.251000 258.240000
112.382000 202.121000 110.847000 260.388000
112.289000 204.124000 110.477000 262.380000
112.226000 205.998000 110.149000 264.229000
112.189000 207.784000 109.851000 266.020000
112.179000 209.522000 109.604000 267.770000
112.194000 211.245000 109.351000 269.466000
112.218000 212.878000 109.140000 271.118000
112.232000 214.421000 108.951000 272.669000
112.216000 215.857000 108.751000 274.107000
112.196000 217.222000 108.542000 275.448000
112.144000 218.586000 108.272000 276.729000
112.072000 219.892000 107.995000 277.973000
112.021000 221.183000 107.729000 279.192000
111.967000 222.478000 107.460000 280.396000
111.928000 223.853000 107.204000 281.640000
111.871000 225.274000 106.922000 282.951000
111.861000 226.783000 106.730000 284.283000
111.804000 228.372000 106.508000 285.730000
111.744000 230.056000 106.339000 287.407000
111.604000 231.812000 106.101000 289.167000
111.365000 233.668000 105.759000 290.999000
111.027000 235.606000 105.293000 292.900000
110.654000 237.624000 104.785000 294.855000
110.318000 239.716000 104.280000 296.929000
110.052000 241.889000 103.855000 299.088000
109.867000 244.165000 103.500000 301.381000
109.735000 246.531000 103.182000 303.739000
109.654000 248.958000 102.900000 306.178000
109.587000 251.464000 102.634000 308.695000
109.505000 254.076000 102.334000 311.276000
109.411000 256.655000 102.007000 313.851000
109.316000 259.281000 101.717000 316.420000
109.216000 261.892000 101.426000 318.977000
109.106000 264.424000 101.133000 321.463000
109.007000 266.919000 100.823000 323.961000
108.919000 269.336000 100.531000 326.349000
108.849000 271.565000 100.265000 328.568000
108.797000 273.640000 100.010000 330.623000
108.735000 275.564000 99.790400 332.465000
108.683000 277.342000 99.608700 334.084000
108.633000 279.032000 99.408600 335.653000
108.607000 280.627000 99.277800 336.549000
108.598000 282.091000 99.160900 337.952000
108.645000 283.392000 99.163800 339.221000
108.741000 284.541000 99.223600 340.328000
108.912000 285.558000 99.356000 341.316000
109.165000 286.435000 99.587900 342.159000
109.442000 287.210000 99.908200 342.967000
109.799000 287.968000 100.168000 343.723000
110.230000 288.651000 100.466000 344.411000
110.694000 289.278000 100.912000 345.147000
111.247000 289.963000 101.453000 345.852000
111.831000 290.663000 101.967000 346.552000
112.286000 291.332000 102.379000 347.262000
112.614000 291.947000 102.635000 347.899000
112.828000 292.546000 102.771000 348.529000
112.904000 293.151000 102.799000 349.164000
112.882000 293.740000 102.610000 349.713000
112.773000 294.335000 102.389000 350.222000
112.605000 294.912000 102.041000 350.761000
112.332000 295.502000 101.691000 351.293000
111.987000 296.090000 101.273000 351.856000
111.640000 296.725000 100.872000 352.432000
111.216000 297.408000 100.400000 353.066000
110.788000 298.211000 99.920300 353.811000
110.370000 299.120000 99.417200 354.716000
109.999000 300.194000 98.991100 355.714000
109.655000 301.435000 98.566200 356.927000
109.374000 302.789000 98.158300 358.252000
109.124000 304.332000 97.803600 359.752000
108.898000 306.095000 97.486000 361.444000
108.714000 308.003000 97.191400 363.336000
108.480000 310.093000 96.815500 365.396000
108.283000 312.384000 96.471900 367.617000
108.139000 314.788000 96.151600 370.004000
108.083000 317.368000 95.924900 372.476000
108.049000 319.992000 95.733900 375.037000
108.018000 322.732000 95.530900 377.786000
107.997000 325.587000 95.402400 380.485000
107.924000 328.453000 95.143600 383.354000
107.865000 331.367000 95.005000 386.152000
107.819000 334.289000 94.730100 389.055000
107.744000 337.192000 94.419800 391.907000
107.650000 340.083000 94.160800 394.687000
107.562000 342.921000 93.874600 397.483000
107.449000 345.740000 93.620400 400.278000
107.313000 348.508000 93.257200 402.983000
107.168000 351.116000 92.958600 405.526000
107.044000 353.544000 92.669500 407.901000
106.950000 355.747000 92.419000 410.075000
106.870000 357.694000 92.210900 411.998000
106.820000 359.401000 92.099000 413.663000
106.838000 360.864000 92.014900 415.030000
106.937000 362.115000 92.073600 416.346000
107.120000 363.237000 92.233400 417.466000
107.400000 364.281000 92.460400 418.541000
107.796000 365.244000 92.809300 419.540000
108.298000 366.108000 93.256800 420.477000
108.905000 366.889000 93.781300 421.287000
109.631000 367.583000 94.470200 422.089000
110.443000 368.326000 95.271700 422.983000
111.522000 369.009000 96.295800 423.786000
112.757000 369.713000 97.488200 424.615000
114.208000 370.442000 98.923700 425.511000
115.898000 371.084000 100.589000 426.366000
117.757000 371.600000 102.424000 427.062000
119.832000 371.979000 104.520000 427.664000
122.103000 372.189000 106.806000 428.163000
124.503000 372.287000 109.203000 428.585000
127.097000 372.327000 111.727000 428.981000
129.792000 372.370000 114.396000 429.392000
132.616000 372.406000 117.170000 429.910000
135.568000 372.455000 120.155000 430.352000
138.655000 372.529000 123.214000 430.890000
141.811000 372.613000 126.409000 431.356000
145.050000 372.728000 129.649000 431.879000
148.348000 372.874000 132.907000 432.416000
151.674000 373.025000 136.266000 432.930000
155.080000 373.160000 139.684000 433.457000
158.509000 373.310000 143.086000 433.936000
161.922000 373.441000 146.574000 434.405000
165.373000 373.541000 150.047000 434.889000
168.879000 373.668000 153.533000 435.412000
172.410000 373.804000 157.107000 435.866000
175.952000 373.941000 160.710000 436.377000
179.512000 374.108000 164.337000 436.924000
183.112000 374.268000 167.998000 437.419000
186.726000 374.415000 171.634000 437.913000
190.289000 374.563000 175.249000 438.414000
193.857000 374.721000 178.824000 438.892000
197.437000 374.872000 182.371000 439.401000
200.945000 375.028000 185.918000 439.843000
204.454000 375.160000 189.437000 440.304000
207.906000 375.268000 192.889000 440.795000
211.349000 375.380000 196.312000 441.223000
214.706000 375.494000 199.697000 441.763000
218.061000 375.634000 203.119000 442.182000
221.450000 375.756000 206.521000 442.660000
224.815000 375.896000 209.916000 443.236000
228.209000 376.021000 213.358000 443.743000
231.582000 376.176000 216.756000 444.206000
234.999000 376.324000 220.190000 444.725000
238.435000 376.435000 223.645000 445.221000
241.846000 376.537000 227.090000 445.664000
245.271000 376.640000 230.529000 446.132000
248.680000 376.754000 233.960000 446.645000
252.085000 376.847000 237.405000 447.170000
255.496000 376.953000 240.812000 447.703000
258.878000 377.074000 244.240000 448.169000
262.266000 377.217000 247.602000 448.739000
265.611000 377.349000 251.011000 449.228000
268.934000 377.499000 254.322000 449.789000
272.274000 377.663000 257.583000 450.376000
275.621000 377.828000 260.868000 450.921000
278.932000 378.009000 264.183000 451.486000
282.244000 378.187000 267.514000 451.968000
285.551000 378.338000 270.860000 452.409000
288.843000 378.478000 274.141000 452.880000
292.130000 378.600000 277.462000 453.246000
295.420000 378.688000 280.809000 453.614000
298.658000 378.791000 284.068000 453.998000
301.947000 378.896000 287.307000 454.434000
305.181000 378.996000 290.595000 454.807000
308.411000 379.103000 293.906000 455.135000
311.627000 379.205000 297.175000 455.450000
314.819000 379.306000 300.398000 455.788000
317.956000 379.380000 303.532000 456.135000
321.114000 379.470000 306.693000 456.433000
324.197000 379.552000 309.765000 456.734000
327.251000 379.663000 312.807000 457.043000
330.197000 379.843000 315.809000 457.479000
333.121000 380.158000 318.765000 458.016000
336.054000 380.643000 321.659000 458.660000
338.842000 381.322000 324.452000 459.631000
341.584000 382.227000 327.180000 460.732000
344.219000 383.314000 329.762000 462.062000
346.830000 384.594000 332.341000 463.518000
349.355000 386.009000 334.809000 465.102000
351.875000 387.524000 337.218000 466.784000
354.354000 389.060000 339.633000 468.447000
356.824000 390.541000 342.022000 470.068000
359.284000 391.942000 344.432000 471.613000
361.830000 393.205000 346.904000 473.038000
364.369000 394.232000 349.382000 474.256000
367.051000 395.108000 351.923000 475.274000
369.676000 395.737000 354.533000 476.131000
372.415000 396.173000 357.274000 476.782000
375.160000 396.413000 360.097000 477.221000
378.038000 396.502000 362.944000 477.506000
380.904000 396.453000 365.948000 477.721000
383.883000 396.309000 368.970000 477.823000
386.893000 396.096000 372.074000 477.870000
389.981000 395.817000 375.164000 477.854000
393.069000 395.539000 378.343000 477.851000
396.233000 395.261000 381.548000 477.838000
399.316000 394.953000 384.705000 477.819000
402.371000 394.606000 387.873000 477.768000
405.269000 394.198000 390.874000 477.645000
407.902000 393.680000 393.601000 477.352000
410.173000 392.982000 395.985000 476.872000
412.101000 392.078000 397.994000 476.005000
413.751000 391.046000 399.783000 474.960000
415.152000 389.784000 401.463000 473.819000
416.307000 388.324000 402.836000 472.470000
417.228000 386.706000 403.925000 470.916000
417.926000 384.934000 404.812000 469.187000
418.414000 383.042000 405.466000 467.339000
418.655000 381.076000 405.890000 465.379000
418.762000 379.041000 406.228000 463.395000
418.786000 377.020000 406.485000 461.409000
418.805000 375.027000 406.757000 459.432000
418.788000 373.044000 406.993000 457.470000
418.767000 371.067000 407.214000 455.526000
418.745000 369.122000 407.420000 453.591000
418.738000 367.211000 407.663000 451.649000
418.722000 365.297000 407.832000 449.737000
418.720000 363.401000 408.071000 447.882000
418.711000 361.506000 408.318000 446.006000
418.709000 359.640000 408.559000 444.158000
418.719000 357.726000 408.834000 442.247000
418.755000 355.799000 409.140000 440.357000
418.834000 353.857000 409.528000 438.486000
418.927000 351.894000 409.878000 436.518000
419.059000 349.902000 410.242000 434.565000
419.153000 347.845000 410.632000 432.532000
419.219000 345.729000 411.013000 430.472000
419.220000 343.508000 411.292000 428.307000
419.177000 341.157000 411.550000 426.007000
419.078000 338.690000 411.796000 423.631000
418.943000 336.140000 411.960000 421.112000
418.742000 333.583000 412.106000 418.589000
418.470000 330.991000 412.083000 416.094000
418.061000 328.473000 412.000000 413.515000
417.470000 325.973000 411.552000 410.839000
416.691000 323.524000 410.993000 408.235000
415.722000 321.164000 410.322000 405.715000
414.568000 318.841000 409.409000 403.265000
413.314000 316.602000 408.516000 400.910000
412.003000 314.420000 407.504000 398.641000
410.645000 312.294000 406.446000 396.407000
409.268000 310.231000 405.317000 394.143000
407.831000 308.207000 404.070000 391.931000
406.338000 306.210000 402.836000 389.757000
404.824000 304.178000 401.567000 387.561000
403.299000 302.114000 400.302000 385.341000
401.846000 300.029000 399.119000 383.058000
400.453000 297.929000 398.026000 380.840000
399.116000 295.816000 396.946000 378.530000
397.826000 293.673000 395.936000 376.246000
396.545000 291.543000 394.921000 373.961000
395.286000 289.443000 393.919000 371.706000
394.047000 287.350000 392.962000 369.444000
392.842000 285.238000 392.006000 367.161000
391.625000 283.066000 391.069000 364.844000
390.439000 280.892000 390.137000 362.510000
389.265000 278.695000 389.232000 360.140000
388.055000 276.454000 388.361000 357.746000
386.848000 274.212000 387.514000 355.341000
385.656000 271.987000 386.569000 352.999000
384.427000 269.767000 385.672000 350.633000
383.199000 267.566000 384.716000 348.311000
381.944000 265.448000 383.698000 346.055000
380.682000 263.361000 382.729000 343.844000
379.399000 261.298000 381.777000 341.668000
378.139000 259.281000 380.758000 339.602000
376.920000 257.298000 379.791000 337.452000
375.655000 255.276000 378.853000 335.360000
374.344000 253.211000 377.855000 333.268000
373.036000 251.155000 376.820000 331.137000
371.674000 249.019000 375.733000 329.060000
370.254000 246.820000 374.534000 326.758000
368.817000 244.560000 373.231000 324.368000
367.342000 242.251000 371.906000 321.944000
365.868000 239.914000 370.636000 319.487000
364.397000 237.494000 369.372000 317.021000
362.927000 235.073000 368.176000 314.504000
361.450000 232.583000 366.949000 311.937000
359.954000 230.100000 365.658000 309.360000
358.437000 227.649000 364.284000 306.741000
356.795000 225.088000 362.784000 304.084000
355.118000 222.536000 361.182000 301.410000
353.384000 219.918000 359.600000 298.714000
351.659000 217.297000 358.027000 295.953000
349.875000 214.560000 356.401000 293.129000
348.106000 211.844000 354.806000 290.302000
346.337000 209.055000 353.295000 287.444000
344.579000 206.284000 351.657000 284.515000
342.796000 203.468000 350.068000 281.595000
341.056000 200.665000 348.512000 278.647000
339.342000 197.872000 346.996000 275.734000
337.629000 195.047000 345.451000 272.810000
335.918000 192.227000 343.892000 269.863000
334.237000 189.371000 342.355000 266.884000
332.584000 186.535000 340.816000 263.938000
330.892000 183.680000 339.338000 260.992000
329.284000 180.943000 337.922000 258.182000
327.766000 178.339000 336.641000 255.514000
326.366000 175.924000 335.416000 253.017000
325.025000 173.623000 334.100000 250.617000
323.657000 171.369000 332.690000 248.226000
322.268000 169.177000 331.401000 245.932000
320.961000 167.037000 330.129000 243.644000
319.652000 164.837000 328.996000 241.349000
318.326000 162.588000 327.802000 238.981000
316.988000 160.309000 326.557000 236.634000
315.593000 158.018000 325.255000 234.244000
314.166000 155.684000 323.869000 231.819000
312.728000 153.298000 322.480000 229.394000
311.243000 150.846000 321.107000 226.838000
309.714000 148.314000 319.666000 224.255000
308.101000 145.801000 318.179000 221.628000
306.493000 143.282000 316.613000 218.974000
304.815000 140.677000 315.050000 216.204000
303.081000 137.936000 313.486000 213.368000
301.373000 135.231000 311.936000 210.523000
299.663000 132.512000 310.378000 207.626000
297.952000 129.765000 308.766000 204.681000
296.197000 126.916000 307.159000 201.644000
294.425000 124.027000 305.569000 198.615000
292.641000 121.076000 303.949000 195.529000
290.850000 118.123000 302.289000 192.414000
289.060000 115.179000 300.635000 189.298000
287.259000 112.201000 298.944000 186.170000
285.451000 109.280000 297.312000 183.097000
283.717000 106.437000 295.673000 180.073000
281.978000 103.551000 294.088000 177.050000
280.252000 100.723000 292.516000 174.053000
278.534000 97.908500 291.043000 171.117000
276.842000 95.122300 289.590000 168.288000
275.147000 92.402900 288.172000 165.480000
273.495000 89.807300 286.641000 162.703000
271.846000 87.169700 285.112000 159.965000
270.263000 84.596800 283.722000 157.248000
268.682000 82.034700 282.336000 154.569000
267.067000 79.432500 280.985000 151.906000
265.550000 76.954700 279.626000 149.269000
264.046000 74.495600 278.314000 146.712000
262.520000 71.980700 276.975000 144.156000
261.049000 69.571300 275.646000 141.640000
259.617000 67.186500 274.356000 139.162000
258.239000 64.771100 273.118000 136.645000
257.037000 62.349900 272.027000 134.149000
256.031000 59.894300 271.073000 131.504000
255.283000 57.375100 270.422000 128.867000
254.749000 54.799200 270.036000 126.287000
254.448000 52.259700 269.844000 123.687000
254.333000 49.702700 269.871000 121.165000
254.312000 47.296300 269.996000 118.715000
254.310000 44.961300 270.143000 116.345000
254.268000 42.718800 270.123000 114.001000
254.073000 40.617400 269.945000 111.742000
253.662000 38.591400 269.497000 109.678000
253.022000 36.685900 268.892000 107.678000
252.173000 34.958000 268.053000 105.828000
251.036000 33.367400 266.990000 104.160000
249.749000 32.028900 265.805000 102.687000
248.280000 30.895300 264.461000 101.409000
246.679000 29.993600 262.868000 100.285000
245.094000 29.442800 261.079000 99.537800
243.655000 29.154100 259.394000 99.109400
242.391000 29.058700 258.020000 98.935800
241.292000 29.157500 256.831000 98.969100
240.244000 29.403500 255.753000 99.144200
239.305000 29.850300 254.720000 99.632300
238.495000 30.420200 253.822000 100.248000
237.811000 31.149900 252.959000 100.900000
237.197000 32.060900 252.188000 101.715000
236.702000 33.144900 251.462000 102.681000
236.251000 34.375600 250.720000 103.712000
235.935000 35.740600 250.105000 104.980000
235.703000 37.253600 249.584000 106.357000
235.536000 38.901200 249.113000 107.908000
235.397000 40.713300 248.624000 109.584000
235.285000 42.632100 248.124000 111.423000
235.160000 44.706200 247.527000 113.313000
235.026000 46.859000 247.052000 115.320000
234.900000 49.171200 246.570000 117.506000
234.785000 51.531000 246.114000 119.765000
234.704000 54.004100 245.680000 122.062000
234.612000 56.594700 245.146000 124.536000
234.525000 59.283800 244.619000 127.050000
234.439000 62.017800 244.044000 129.628000
234.361000 64.929400 243.498000 132.330000
234.268000 67.766900 242.868000 135.028000
234.068000 70.633900 242.131000 137.736000
233.912000 73.635500 241.434000 140.519000
233.755000 76.602200 240.748000 143.306000
233.627000 79.572000 240.074000 146.196000
233.458000 82.612000 239.358000 149.088000
233.307000 85.649300 238.651000 151.910000
233.161000 88.659600 237.884000 154.877000
233.022000 91.689200 237.092000 157.808000
232.903000 94.686900 236.346000 160.673000
232.726000 97.613700 235.637000 163.487000
232.538000 100.581000 234.881000 166.346000
232.411000 103.607000 234.165000 169.101000
232.261000 106.602000 233.427000 171.915000
232.089000 109.668000 232.700000 174.788000
231.930000 112.751000 231.953000 177.712000
231.798000 115.872000 231.189000 180.696000
231.649000 119.021000 230.389000 183.652000
231.493000 122.166000 229.614000 186.485000
231.332000 125.362000 228.792000 189.414000
231.167000 128.479000 227.955000 192.275000
230.997000 131.602000 227.157000 195.078000
230.827000 134.654000 226.318000 197.915000
230.670000 137.684000 225.520000 200.651000
230.522000 140.670000 224.699000 203.437000
230.378000 143.667000 224.039000 205.979000
230.233000 146.612000 223.170000 208.634000
230.048000 149.538000 222.193000 211.323000
229.896000 152.433000 221.245000 214.072000
229.782000 155.268000 220.470000 216.625000
229.655000 158.078000 219.629000 219.190000
229.541000 160.866000 218.738000 221.711000
229.426000 163.600000 217.939000 224.138000
229.297000 166.344000 217.111000 226.599000
229.153000 169.044000 216.394000 229.018000
229.018000 171.727000 214.849000 230.909000
228.854000 174.396000 213.970000 233.346000
228.704000 177.062000 213.158000 235.672000
228.552000 179.701000 212.408000 237.967000
228.417000 182.440000 211.987000 237.990000
228.282000 185.191000 211.997000 238.236000
228.147000 187.931000 211.307000 239.204000
227.996000 190.673000 210.553000 241.707000
227.871000 193.342000 209.841000 244.094000
227.730000 196.019000 209.175000 246.372000
227.605000 198.734000 208.379000 248.775000
227.502000 201.400000 207.707000 250.603000
227.405000 204.084000 207.021000 252.783000
227.306000 206.661000 206.253000 255.166000
227.201000 209.288000 205.451000 257.578000
227.122000 211.833000 204.671000 259.857000
227.020000 214.444000 203.848000 262.132000
226.938000 216.970000 203.045000 264.393000
226.871000 219.484000 202.272000 266.664000
226.798000 221.926000 201.451000 267.371000
226.717000 224.425000 201.665000 268.435000
226.653000 226.971000 200.875000 270.708000
226.590000 229.546000 200.075000 273.023000
226.506000 232.191000 199.280000 275.254000
226.421000 234.842000 199.214000 275.329000
226.293000 237.590000 198.795000 275.394000
226.125000 240.347000 199.225000 275.433000
225.971000 243.174000 198.266000 276.968000
225.833000 246.016000 197.334000 279.452000
225.683000 248.816000 196.326000 281.950000
225.540000 251.555000 195.181000 284.435000
225.424000 254.288000 194.132000 286.890000
225.333000 257.010000 193.031000 289.311000
225.245000 259.662000 191.915000 291.670000
225.158000 262.291000 190.790000 294.046000
225.027000 264.921000 189.709000 296.401000
224.921000 267.561000 188.606000 298.685000
224.841000 270.143000 187.566000 300.905000
224.743000 272.699000 186.446000 303.110000
224.618000 275.099000 185.410000 305.263000
224.536000 277.289000 184.422000 307.183000
224.491000 279.321000 183.592000 308.917000
224.526000 281.119000 182.957000 310.350000
224.604000 282.758000 182.430000 311.840000
224.706000 284.301000 181.860000 313.296000
224.848000 285.745000 181.306000 314.750000
224.918000 287.128000 180.703000 316.338000
225.001000 288.417000 180.239000 317.637000
224.948000 289.604000 179.632000 318.769000
224.873000 290.701000 179.036000 319.723000
224.694000 291.746000 178.422000 320.598000
224.373000 292.708000 177.765000 321.360000
224.014000 293.615000 177.119000 322.075000
223.555000 294.443000 176.411000 322.720000
222.977000 295.301000 175.636000 323.286000
222.259000 296.142000 174.844000 323.848000
221.393000 296.979000 173.971000 324.398000
220.361000 297.763000 172.957000 324.747000
219.148000 298.440000 171.921000 324.945000
217.744000 299.006000 170.684000 325.051000
216.120000 299.382000 169.389000 324.920000
214.291000 299.590000 168.029000 324.576000
212.226000 299.624000 166.611000 324.020000
209.947000 299.566000 165.074000 323.293000
207.498000 299.496000 163.418000 322.519000
204.872000 299.455000 161.615000 321.757000
202.001000 299.416000 159.623000 320.944000
198.928000 299.393000 157.508000 320.048000
195.664000 299.347000 155.238000 319.060000
192.171000 299.286000 152.915000 318.052000
188.643000 299.211000 150.488000 316.947000
184.961000 299.123000 148.020000 315.801000
181.266000 299.026000 145.504000 314.611000
177.563000 298.904000 142.994000 313.355000
173.850000 298.785000 140.495000 312.153000
170.176000 298.667000 138.004000 310.925000
166.501000 298.552000 135.520000 309.697000
162.893000 298.418000 133.042000 308.474000
159.247000 298.297000 130.563000 307.293000
155.657000 298.180000 128.089000 306.155000
152.082000 298.070000 125.585000 305.037000
148.567000 297.966000 123.158000 303.883000
145.036000 297.850000 120.707000 302.715000
141.544000 297.747000 118.289000 301.566000
138.062000 297.626000 115.909000 300.427000
134.613000 297.493000 113.552000 299.288000
131.189000 297.299000 111.229000 298.094000
127.838000 297.029000 109.060000 296.754000
124.479000 296.673000 106.868000 295.520000
121.175000 296.260000 104.771000 294.184000
117.925000 295.830000 102.617000 292.790000
114.704000 295.383000 100.481000 291.339000
111.521000 294.946000 98.509100 290.015000
108.302000 294.570000 96.487300 288.723000
105.148000 294.209000 94.456200 287.536000
101.922000 293.955000 92.424600 286.390000
98.673300 293.772000 90.235300 285.247000
95.366600 293.680000 87.923800 284.171000
91.997900 293.604000 85.599800 283.127000
88.612400 293.516000 83.287400 282.020000
85.163400 293.438000 80.912800 280.918000
81.692900 293.354000 78.505600 279.760000
78.266400 293.259000 76.149400 278.615000
74.806500 293.136000 73.792000 277.488000
71.440100 293.021000 71.460300 276.324000
68.073900 292.916000 69.182900 275.101000
64.797600 292.803000 66.856000 274.001000
61.512700 292.693000 64.584600 272.876000
58.269300 292.589000 62.439600 271.742000
55.033100 292.489000 60.177500 270.620000
51.816100 292.384000 58.020500 269.500000
48.631600 292.291000 55.854500 268.401000
45.519300 292.193000 53.731800 267.298000
42.416000 292.105000 51.534500 266.141000
39.280000 292.012000 49.373700 265.080000
36.184900 291.923000 47.362600 263.971000
33.128300 291.844000 45.215800 262.943000
30.118200 291.778000 43.321900 261.871000
27.253600 291.730000 41.248500 260.896000
24.568400 291.667000 39.287700 259.994000
21.942700 291.593000 37.429500 259.124000
19.437400 291.535000 35.674700 258.266000
17.053500 291.477000 34.013200 257.515000
14.821900 291.457000 32.503300 256.664000
12.736400 291.501000 30.943400 256.080000
10.822300 291.595000 29.507200 255.587000
9.011320 291.749000 28.121800 255.199000
7.286370 291.974000 26.858000 255.018000
5.623840 292.237000 25.676700 255.057000
4.015080 292.514000 24.534800 255.706000
2.475480 292.807000 23.299700 256.614000
1.038250 293.116000 21.865600 257.722000
-0.298281 293.461000 20.471000 258.392000
-1.495530 293.806000 19.490700 258.224000
-2.570340 294.202000 18.558900 258.122000
-3.559980 294.652000 17.763600 258.060000
-4.236280 295.069000 17.048000 258.145000
-4.600710 295.338000 16.663800 258.247000
-4.687470 295.422000 16.546300 258.311000
-4.669330 295.394000 16.514300 258.277000
-4.667220 295.398000 16.532300 258.273000
-4.666080 295.389000 16.527900 258.271000
-4.673080 295.393000 16.530600 258.275000
-4.666080 295.393000 16.494700 258.265000
-4.677130 295.417000 16.494600 258.293000
-4.722870 295.446000 16.494800 258.345000
-4.802420 295.524000 16.405900 258.391000
-4.966160 295.698000 16.221200 258.464000
-5.220520 295.984000 15.898300 258.605000
-5.573490 296.405000 15.459000 258.798000
-6.019650 296.960000 14.845300 259.071000
-6.581890 297.719000 14.059500 259.469000
-7.175590 298.708000 13.112500 260.040000
-7.765850 299.947000 11.981200 260.842000
-8.308650 301.417000 10.758700 261.836000
-8.745850 303.092000 9.487570 263.003000
-9.141080 304.929000 8.138270 264.333000
-9.451840 306.980000 6.723110 265.888000
-9.659950 309.208000 5.244810 267.644000
-9.832400 311.567000 3.723210 269.479000
