0 0.000094 0.016576 100.000000 9.009009
0 0.000405 0.032522 200.000000 7.604563
0 0.000414 0.040756 300.000000 7.142857
0 0.000348 0.036536 400.000000 6.884682
0 0.000316 0.024991 500.000000 7.267442
0 0.000306 0.018646 600.000000 7.263923
0 0.000404 0.032520 700.000000 7.179487
0 0.000428 0.048983 800.000000 7.299270
10 0.000457 0.021013 100.000000 8.849558
10 0.000412 0.036435 200.000000 7.722008
10 0.000405 0.044225 300.000000 7.075472
10 0.000341 0.036917 400.000000 6.932409
10 0.000308 0.026514 500.000000 7.309941
10 0.000301 0.019169 600.000000 7.281553
10 0.000400 0.034027 700.000000 7.194244
10 0.000425 0.049881 800.000000 7.326007
20 0.000568 0.022276 100.000000 8.196721
20 0.000412 0.041478 200.000000 7.782101
20 0.000419 0.048396 300.000000 7.025761
20 0.000339 0.039112 400.000000 6.956522
20 0.000306 0.027779 500.000000 7.342144
20 0.000316 0.020175 600.000000 7.290401
20 0.000405 0.036886 700.000000 7.201646
20 0.000425 0.052408 800.000000 7.346189
30 0.000667 0.025505 100.000000 7.751938
30 0.000450 0.044215 200.000000 7.751938
30 0.000433 0.050742 300.000000 7.009346
30 0.000374 0.039816 400.000000 6.968641
30 0.000320 0.027594 500.000000 7.363770
30 0.000314 0.021150 600.000000 7.290401
30 0.000416 0.039572 700.000000 7.179487
30 0.000433 0.055183 800.000000 7.352941
40 0.000591 0.029232 100.000000 7.518797
40 0.000499 0.041663 200.000000 7.692307
40 0.000414 0.046843 300.000000 6.993007
40 0.000378 0.035390 400.000000 6.956522
40 0.000336 0.025001 500.000000 7.363770
40 0.000315 0.021518 600.000000 7.263923
40 0.000421 0.040402 700.000000 7.142857
40 0.000441 0.055924 800.000000 7.346189
50 0.000622 0.034542 100.000000 7.407407
50 0.000571 0.045095 200.000000 7.575758
50 0.000429 0.050423 300.000000 6.960557
50 0.000399 0.035912 400.000000 6.932409
50 0.000347 0.024753 500.000000 7.363770
50 0.000336 0.023129 600.000000 7.177033
50 0.000443 0.043292 700.000000 7.106599
50 0.000456 0.059283 800.000000 7.326007
60 0.000649 0.038604 100.000000 7.246377
60 0.000589 0.046151 200.000000 7.407407
60 0.000412 0.048740 300.000000 6.928406
60 0.000396 0.033151 400.000000 6.908463
60 0.000350 0.023935 500.000000 7.342144
60 0.000365 0.025052 600.000000 7.042253
60 0.000436 0.044322 700.000000 7.092198
60 0.000481 0.059744 800.000000 7.299270
70 0.000617 0.044579 100.000000 6.944445
70 0.000603 0.051112 200.000000 7.220217
70 0.000409 0.053026 300.000000 6.849315
70 0.000408 0.032913 400.000000 6.896552
70 0.000349 0.023474 500.000000 7.320644
70 0.000392 0.027305 600.000000 6.984866
70 0.000447 0.047281 700.000000 7.092198
70 0.000478 0.063125 800.000000 7.239819
80 0.000762 0.046763 100.000000 6.711410
80 0.000457 0.053844 200.000000 6.968641
80 0.000389 0.055946 300.000000 6.607930
80 0.000410 0.031511 400.000000 6.884682
80 0.000354 0.022930 500.000000 7.267442
80 0.000441 0.033483 600.000000 6.952491
80 0.000460 0.050337 700.000000 7.085020
80 0.000490 0.065811 800.000000 7.098492
90 0.000788 0.049243 100.000000 6.535948
90 0.000493 0.055046 200.000000 6.711410
90 0.000495 0.053725 300.000000 6.382979
90 0.000395 0.030256 400.000000 6.872852
90 0.000364 0.021749 500.000000 7.153076
90 0.000470 0.035422 600.000000 6.928406
90 0.000479 0.052933 700.000000 7.077857
90 0.000523 0.064870 800.000000 7.042253
100 0.000897 0.058173 100.000000 6.451613
100 0.000642 0.062366 200.000000 6.557377
100 0.000502 0.054620 300.000000 6.342494
100 0.000427 0.031606 400.000000 6.884682
100 0.000375 0.021619 500.000000 6.993007
100 0.000481 0.038517 600.000000 6.920415
100 0.000491 0.056757 700.000000 7.077857
100 0.000532 0.063577 800.000000 7.017544
110 0.000850 0.048667 100.000000 6.535948
110 0.000648 0.053685 200.000000 6.430868
110 0.000492 0.047379 300.000000 6.369427
110 0.000414 0.027790 400.000000 6.920415
110 0.000379 0.020321 500.000000 6.973501
110 0.000479 0.038336 600.000000 6.928406
110 0.000498 0.056530 700.000000 7.092198
110 0.000530 0.059389 800.000000 7.023705
120 0.000719 0.021712 100.000000 6.756757
120 0.000610 0.031334 200.000000 6.389776
120 0.000499 0.032872 300.000000 6.423983
120 0.000407 0.020581 400.000000 6.980803
120 0.000361 0.018647 500.000000 7.012623
120 0.000456 0.034249 600.000000 6.960557
120 0.000481 0.051118 700.000000 7.135576
120 0.000507 0.051194 800.000000 7.054674
130 0.000652 0.012899 100.000000 6.993007
130 0.000590 0.024280 200.000000 6.451613
130 0.000499 0.026769 300.000000 6.507592
130 0.000404 0.017599 400.000000 7.054674
130 0.000359 0.018047 500.000000 7.062147
130 0.000446 0.032690 600.000000 7.001167
130 0.000471 0.048856 700.000000 7.179487
130 0.000500 0.046837 800.000000 7.092198
140 0.000575 0.015987 100.000000 7.299270
140 0.000571 0.027550 200.000000 6.535948
140 0.000477 0.025998 300.000000 6.593407
140 0.000378 0.018420 400.000000 7.142857
140 0.000353 0.017869 500.000000 7.122507
140 0.000439 0.033083 600.000000 7.042253
140 0.000462 0.049273 700.000000 7.223942
140 0.000494 0.045991 800.000000 7.123775
150 0.000524 0.013206 100.000000 7.575758
150 0.000535 0.026338 200.000000 6.622517
150 0.000468 0.020862 300.000000 6.681514
150 0.000359 0.017585 400.000000 7.207207
150 0.000330 0.017792 500.000000 7.163324
150 0.000425 0.031559 600.000000 7.075472
150 0.000447 0.047124 700.000000 7.268951
150 0.000473 0.042570 800.000000 7.155635
160 0.000538 0.009803 100.000000 7.751938
160 0.000497 0.024193 200.000000 6.666667
160 0.000476 0.017589 300.000000 6.726458
160 0.000364 0.018021 400.000000 7.272727
160 0.000330 0.018108 500.000000 7.194244
160 0.000421 0.032448 600.000000 7.083825
160 0.000444 0.047553 700.000000 7.291667
160 0.000451 0.040873 800.000000 7.168459
170 0.000586 0.009124 100.000000 7.751938
170 0.000471 0.024235 200.000000 6.711410
170 0.000455 0.015519 300.000000 6.756757
170 0.000371 0.018880 400.000000 7.299270
170 0.000321 0.018792 500.000000 7.204611
170 0.000424 0.033711 600.000000 7.067138
170 0.000449 0.048426 700.000000 7.306890
170 0.000462 0.040181 800.000000 7.149240
180 0.000622 0.005243 100.000000 7.692307
180 0.000424 0.021999 200.000000 6.734007
180 0.000434 0.014518 300.000000 6.756757
180 0.000360 0.019656 400.000000 7.326007
180 0.000307 0.019639 500.000000 7.153076
180 0.000430 0.034601 600.000000 7.050529
180 0.000442 0.049124 700.000000 7.306890
180 0.000437 0.037929 800.000000 7.104796
190 0.000573 0.005218 100.000000 7.575758
190 0.000395 0.023561 200.000000 6.756757
190 0.000432 0.014511 300.000000 6.772009
190 0.000338 0.020786 400.000000 7.339449
190 0.000312 0.020145 500.000000 7.052186
190 0.000415 0.035173 600.000000 7.050529
190 0.000455 0.049680 700.000000 7.306890
190 0.000430 0.036275 800.000000 7.073386
200 0.000682 0.013067 100.000000 7.518797
200 0.000442 0.031416 200.000000 6.779661
200 0.000449 0.015320 300.000000 6.802721
200 0.000357 0.021310 400.000000 7.366483
200 0.000352 0.021402 500.000000 6.983240
200 0.000439 0.037707 600.000000 7.067138
200 0.000489 0.053316 700.000000 7.299270
200 0.000434 0.035250 800.000000 7.073386
210 0.000778 0.017470 100.000000 7.407407
210 0.000469 0.036882 200.000000 6.756757
210 0.000489 0.015233 300.000000 6.849315
210 0.000383 0.021080 400.000000 7.393715
210 0.000384 0.023503 500.000000 6.973501
210 0.000454 0.040423 600.000000 7.092198
210 0.000501 0.056132 700.000000 7.276507
210 0.000441 0.033854 800.000000 7.079646
220 0.000724 0.024514 100.000000 7.299270
220 0.000467 0.041269 200.000000 6.666667
220 0.000494 0.015519 300.000000 6.896552
220 0.000367 0.022186 400.000000 7.407407
220 0.000431 0.025701 500.000000 6.983240
220 0.000465 0.042102 600.000000 7.117438
220 0.000494 0.058066 700.000000 7.209063
220 0.000445 0.032557 800.000000 7.098492
230 0.000133 0.005044 100.000000 7.142857
230 0.000399 0.019165 200.000000 6.493506
230 0.000430 0.016850 300.000000 6.944445
230 0.000330 0.023495 400.000000 7.393715
230 0.000385 0.026206 500.000000 6.993007
230 0.000416 0.039334 600.000000 7.142857
230 0.000463 0.051071 700.000000 7.142857
230 0.000404 0.030110 800.000000 7.117438
240 0.000271 0.008001 100.000000 6.849315
240 0.000499 0.019876 200.000000 6.309148
240 0.000404 0.018377 300.000000 6.976744
240 0.000332 0.023905 400.000000 7.339449
240 0.000409 0.027277 500.000000 7.002801
240 0.000430 0.041287 600.000000 7.159904
240 0.000495 0.050985 700.000000 7.113821
240 0.000415 0.029408 800.000000 7.130125
250 0.000538 0.009933 100.000000 6.711410
250 0.000488 0.015365 200.000000 6.269592
250 0.000404 0.020955 300.000000 7.009346
250 0.000322 0.023822 400.000000 7.168459
250 0.000411 0.028306 500.000000 7.012623
250 0.000438 0.042345 600.000000 7.177033
250 0.000489 0.048438 700.000000 7.099391
250 0.000400 0.028790 800.000000 7.136485
260 0.000523 0.010769 100.000000 6.369427
260 0.000451 0.011631 200.000000 6.250000
260 0.000376 0.022481 300.000000 7.025761
260 0.000311 0.023423 400.000000 7.079646
260 0.000413 0.030202 500.000000 7.002801
260 0.000444 0.043712 600.000000 7.185629
260 0.000488 0.045993 700.000000 7.092198
260 0.000399 0.028331 800.000000 7.142857
270 0.000562 0.010697 100.000000 5.952381
270 0.000480 0.009613 200.000000 6.269592
270 0.000365 0.024616 300.000000 7.042253
270 0.000310 0.024577 400.000000 7.054674
270 0.000404 0.031601 500.000000 6.983240
270 0.000440 0.044402 600.000000 7.194244
270 0.000477 0.043736 700.000000 7.092198
270 0.000396 0.027815 800.000000 7.149240
280 0.000564 0.010644 100.000000 5.813953
280 0.000468 0.012900 200.000000 6.269592
280 0.000362 0.024746 300.000000 7.075472
280 0.000321 0.022940 400.000000 7.054674
280 0.000417 0.033383 500.000000 6.973501
280 0.000442 0.046608 600.000000 7.202881
280 0.000474 0.043201 700.000000 7.092198
280 0.000386 0.027695 800.000000 7.162041
290 0.000482 0.012122 100.000000 5.813953
290 0.000463 0.015281 200.000000 6.289308
290 0.000361 0.026279 300.000000 7.109005
290 0.000302 0.023340 400.000000 7.054674
290 0.000405 0.034482 500.000000 6.954103
290 0.000436 0.047543 600.000000 7.211538
290 0.000448 0.043807 700.000000 7.085020
290 0.000376 0.027926 800.000000 7.174888
300 0.000410 0.010750 100.000000 5.882353
300 0.000419 0.017842 200.000000 6.309148
300 0.000343 0.027723 300.000000 7.142857
300 0.000273 0.024798 400.000000 7.054674
300 0.000394 0.035399 500.000000 6.925208
300 0.000426 0.047483 600.000000 7.228916
300 0.000445 0.042281 700.000000 7.056452
300 0.000358 0.028414 800.000000 7.194244
310 0.000320 0.010013 100.000000 5.952381
310 0.000406 0.021084 200.000000 6.349206
310 0.000344 0.029705 300.000000 7.194244
310 0.000258 0.028481 400.000000 7.005254
310 0.000393 0.036607 500.000000 6.925208
310 0.000412 0.047641 600.000000 7.237636
310 0.000407 0.040165 700.000000 7.014028
310 0.000336 0.028840 800.000000 7.213706
320 0.000279 0.009085 100.000000 6.024096
320 0.000456 0.023386 200.000000 6.389776
320 0.000360 0.032711 300.000000 7.228916
320 0.000269 0.033630 400.000000 6.908463
320 0.000381 0.038570 500.000000 6.934813
320 0.000433 0.048108 600.000000 7.246377
320 0.000408 0.038854 700.000000 7.000000
320 0.000324 0.029363 800.000000 7.239819
330 0.000278 0.008280 100.000000 6.097561
330 0.000497 0.024824 200.000000 6.451613
330 0.000384 0.034964 300.000000 7.281553
330 0.000304 0.035959 400.000000 6.849315
330 0.000395 0.040283 500.000000 6.963789
330 0.000469 0.049667 600.000000 7.255139
330 0.000402 0.037486 700.000000 7.000000
330 0.000338 0.029613 800.000000 7.259528
340 0.000327 0.009023 100.000000 6.134969
340 0.000498 0.028456 200.000000 6.535948
340 0.000364 0.036691 300.000000 7.334963
340 0.000300 0.036671 400.000000 6.837607
340 0.000391 0.040816 500.000000 7.002801
340 0.000455 0.050276 600.000000 7.246377
340 0.000390 0.036777 700.000000 7.021063
340 0.000333 0.030130 800.000000 7.292616
350 0.000328 0.009205 100.000000 6.097561
350 0.000449 0.030345 200.000000 6.622517
350 0.000341 0.035174 300.000000 7.389163
350 0.000359 0.032000 400.000000 6.872852
350 0.000404 0.040942 500.000000 7.042253
350 0.000453 0.051697 600.000000 7.211538
350 0.000400 0.036083 700.000000 7.042253
350 0.000333 0.030197 800.000000 7.319304
360 0.000476 0.015516 100.000000 6.024096
360 0.000516 0.030593 200.000000 6.711410
360 0.000340 0.033631 300.000000 7.425743
360 0.000401 0.030618 400.000000 6.908463
360 0.000431 0.042030 500.000000 7.092198
360 0.000471 0.054318 600.000000 7.142857
360 0.000417 0.035386 700.000000 7.070707
360 0.000345 0.030066 800.000000 7.352941
370 0.000673 0.023331 100.000000 5.882353
370 0.000594 0.027457 200.000000 6.825939
370 0.000410 0.031632 300.000000 7.462687
370 0.000448 0.032885 400.000000 6.944445
370 0.000472 0.045699 500.000000 7.142857
370 0.000525 0.056883 600.000000 7.125891
370 0.000441 0.034380 700.000000 7.106599
370 0.000368 0.028767 800.000000 7.393715
380 0.000748 0.017447 100.000000 5.780347
380 0.000521 0.027756 200.000000 6.944445
380 0.000396 0.030610 300.000000 7.481297
380 0.000445 0.033263 400.000000 7.005254
380 0.000458 0.046504 500.000000 7.183908
380 0.000530 0.055661 600.000000 7.134364
380 0.000439 0.033914 700.000000 7.142857
380 0.000360 0.028581 800.000000 7.434944
390 0.000828 0.013841 100.000000 5.780347
390 0.000547 0.029640 200.000000 7.042253
390 0.000400 0.033291 300.000000 7.425743
390 0.000472 0.036105 400.000000 7.042253
390 0.000478 0.048019 500.000000 7.235890
390 0.000538 0.054291 600.000000 7.151371
390 0.000437 0.033441 700.000000 7.172131
390 0.000373 0.028907 800.000000 7.469655
400 0.000515 0.008834 100.000000 5.847953
400 0.000474 0.025518 200.000000 7.168459
400 0.000355 0.028544 300.000000 7.299270
400 0.000423 0.035147 400.000000 7.079646
400 0.000439 0.046749 500.000000 7.278020
400 0.000501 0.050637 600.000000 7.168459
400 0.000394 0.032798 700.000000 7.201646
400 0.000334 0.026795 800.000000 7.504691
410 0.000457 0.011933 100.000000 5.988024
410 0.000465 0.024876 200.000000 7.272727
410 0.000355 0.030606 300.000000 7.299270
410 0.000428 0.037610 400.000000 7.130125
410 0.000451 0.048454 500.000000 7.320644
410 0.000498 0.049882 600.000000 7.194244
410 0.000390 0.032140 700.000000 7.238883
410 0.000332 0.025773 800.000000 7.547170
420 0.000550 0.013593 100.000000 6.172840
420 0.000471 0.029616 200.000000 7.434944
420 0.000354 0.035249 300.000000 7.371007
420 0.000423 0.039738 400.000000 7.194244
420 0.000446 0.049552 500.000000 7.385524
420 0.000496 0.049391 600.000000 7.237636
420 0.000397 0.032427 700.000000 7.276507
420 0.000333 0.026818 800.000000 7.590133
430 0.000572 0.013017 100.000000 6.410256
430 0.000505 0.029570 200.000000 7.633588
430 0.000381 0.040072 300.000000 7.444169
430 0.000425 0.043221 400.000000 7.259528
430 0.000451 0.051324 500.000000 7.451565
430 0.000493 0.048963 600.000000 7.281553
430 0.000394 0.031528 700.000000 7.322176
430 0.000339 0.024763 800.000000 7.640879
440 0.000609 0.017046 100.000000 6.622517
440 0.000529 0.033715 200.000000 7.782101
440 0.000397 0.043226 300.000000 7.518797
440 0.000424 0.045230 400.000000 7.299270
440 0.000444 0.052583 500.000000 7.507507
440 0.000492 0.048640 600.000000 7.326007
440 0.000389 0.031733 700.000000 7.368421
440 0.000336 0.025056 800.000000 7.684918
450 0.000604 0.020481 100.000000 6.711410
450 0.000515 0.033718 200.000000 7.874016
450 0.000387 0.042086 300.000000 7.556675
450 0.000424 0.044927 400.000000 7.312614
450 0.000441 0.053111 500.000000 7.541478
450 0.000480 0.048117 600.000000 7.343941
450 0.000376 0.031216 700.000000 7.391764
450 0.000342 0.025346 800.000000 7.707129
460 0.000676 0.024288 100.000000 6.756757
460 0.000550 0.037849 200.000000 7.936508
460 0.000386 0.045043 300.000000 7.556675
460 0.000426 0.046769 400.000000 7.285975
460 0.000445 0.054557 500.000000 7.564297
460 0.000456 0.049459 600.000000 7.334963
460 0.000380 0.031255 700.000000 7.415254
460 0.000339 0.026107 800.000000 7.722008
470 0.000689 0.028442 100.000000 6.756757
470 0.000572 0.040136 200.000000 7.968128
470 0.000385 0.048081 300.000000 7.518797
470 0.000451 0.048919 400.000000 7.233273
470 0.000470 0.056743 500.000000 7.552870
470 0.000475 0.048621 600.000000 7.272727
470 0.000376 0.030880 700.000000 7.423118
470 0.000337 0.026069 800.000000 7.707129
480 0.000780 0.034415 100.000000 6.756757
480 0.000582 0.042428 200.000000 8.000000
480 0.000382 0.050784 300.000000 7.352941
480 0.000462 0.050490 400.000000 7.194244
480 0.000490 0.058469 500.000000 7.541478
480 0.000452 0.047050 600.000000 7.202881
480 0.000358 0.030665 700.000000 7.438895
480 0.000341 0.026284 800.000000 7.670182
490 0.000887 0.040792 100.000000 6.756757
490 0.000578 0.047328 200.000000 8.000000
490 0.000387 0.053154 300.000000 7.142857
490 0.000463 0.052331 400.000000 7.194244
490 0.000525 0.059958 500.000000 7.530120
490 0.000451 0.045352 600.000000 7.168459
490 0.000371 0.031256 700.000000 7.446808
490 0.000310 0.028089 800.000000 7.490637
500 0.000903 0.042193 100.000000 6.896552
500 0.000563 0.046839 200.000000 8.064516
500 0.000422 0.052335 300.000000 7.075472
500 0.000475 0.053216 400.000000 7.233273
500 0.000532 0.061482 500.000000 7.507507
500 0.000435 0.043681 600.000000 7.168459
500 0.000371 0.030320 700.000000 7.470651
500 0.000307 0.027790 800.000000 7.462687
510 0.000859 0.039834 100.000000 7.092198
510 0.000566 0.041910 200.000000 8.163265
510 0.000462 0.047196 300.000000 7.125891
510 0.000491 0.053043 400.000000 7.285975
510 0.000533 0.062641 500.000000 7.473842
510 0.000451 0.042356 600.000000 7.202881
510 0.000377 0.029577 700.000000 7.510730
510 0.000316 0.028400 800.000000 7.483630
520 0.000855 0.027758 100.000000 7.352941
520 0.000519 0.028938 200.000000 8.298756
520 0.000546 0.041204 300.000000 7.194244
520 0.000519 0.051305 400.000000 7.366483
520 0.000544 0.063887 500.000000 7.429420
520 0.000464 0.040756 600.000000 7.255139
520 0.000389 0.027594 700.000000 7.559395
520 0.000347 0.028812 800.000000 7.511737
530 0.000789 0.013021 100.000000 7.692307
530 0.000529 0.014461 200.000000 8.438819
530 0.000579 0.037085 300.000000 7.281553
530 0.000560 0.049026 400.000000 7.448790
530 0.000577 0.065055 500.000000 7.407407
530 0.000483 0.038333 600.000000 7.299270
530 0.000406 0.024674 700.000000 7.616975
530 0.000362 0.030276 800.000000 7.554296
540 0.000862 0.013245 100.000000 8.064516
540 0.000562 0.023771 200.000000 8.583691
540 0.000561 0.041608 300.000000 7.389163
540 0.000537 0.052620 400.000000 7.532957
540 0.000588 0.064294 500.000000 7.429420
540 0.000472 0.038007 600.000000 7.352941
540 0.000396 0.024898 700.000000 7.667032
540 0.000354 0.028055 800.000000 7.597341
550 0.000723 0.015782 100.000000 8.474576
550 0.000537 0.038335 200.000000 8.695652
550 0.000523 0.045491 300.000000 7.481297
550 0.000476 0.053162 400.000000 7.619048
550 0.000555 0.062230 500.000000 7.462687
550 0.000440 0.037129 600.000000 7.407407
550 0.000364 0.022678 700.000000 7.726269
550 0.000330 0.024282 800.000000 7.640879
560 0.000631 0.007741 100.000000 8.849558
560 0.000493 0.033053 200.000000 8.620689
560 0.000562 0.041747 300.000000 7.556675
560 0.000509 0.052732 400.000000 7.692307
560 0.000579 0.062146 500.000000 7.485030
560 0.000446 0.035720 600.000000 7.453416
560 0.000381 0.022721 700.000000 7.777778
560 0.000333 0.027167 800.000000 7.677543
570 0.000724 0.009611 100.000000 9.090909
570 0.000473 0.036591 200.000000 8.264462
570 0.000563 0.042119 300.000000 7.594937
570 0.000516 0.055034 400.000000 7.722008
570 0.000581 0.060774 500.000000 7.485030
570 0.000439 0.034593 600.000000 7.481297
570 0.000369 0.022931 700.000000 7.812500
570 0.000345 0.028035 800.000000 7.707129
580 0.000680 0.007126 100.000000 9.259259
580 0.000484 0.034775 200.000000 8.097166
580 0.000583 0.041848 300.000000 7.575758
580 0.000547 0.057389 400.000000 7.736944
580 0.000598 0.060259 500.000000 7.473842
580 0.000459 0.032883 600.000000 7.490637
580 0.000380 0.023968 700.000000 7.829978
580 0.000353 0.031003 800.000000 7.722008
590 0.000730 0.012780 100.000000 9.345795
590 0.000492 0.039629 200.000000 8.032128
590 0.000572 0.043401 300.000000 7.537688
590 0.000543 0.059485 400.000000 7.751938
590 0.000590 0.058855 500.000000 7.473842
590 0.000451 0.031314 600.000000 7.500000
590 0.000380 0.023934 700.000000 7.856341
590 0.000357 0.031672 800.000000 7.729469
600 0.000662 0.012157 100.000000 9.433962
600 0.000434 0.036031 200.000000 8.000000
600 0.000548 0.043231 300.000000 7.481297
600 0.000522 0.061220 400.000000 7.751938
600 0.000548 0.058063 500.000000 7.462687
600 0.000421 0.030529 600.000000 7.509387
600 0.000372 0.025637 700.000000 7.865169
600 0.000333 0.033483 800.000000 7.744434
610 0.000823 0.019143 100.000000 9.523809
610 0.000432 0.042053 200.000000 7.968128
610 0.000546 0.046746 300.000000 7.425743
610 0.000538 0.064126 400.000000 7.766990
610 0.000532 0.059838 500.000000 7.418397
610 0.000419 0.029877 600.000000 7.528231
610 0.000365 0.025906 700.000000 7.856341
610 0.000338 0.033914 800.000000 7.759457
620 0.000755 0.022760 100.000000 9.615385
620 0.000379 0.041260 200.000000 7.874016
620 0.000564 0.048425 300.000000 7.352941
620 0.000539 0.066287 400.000000 7.766990
620 0.000526 0.057259 500.000000 7.331378
620 0.000407 0.029270 600.000000 7.537688
620 0.000368 0.027102 700.000000 7.838746
620 0.000336 0.035396 800.000000 7.774539
630 0.000601 0.022482 100.000000 9.615385
630 0.000528 0.034614 200.000000 7.518797
630 0.000564 0.049824 300.000000 7.334963
630 0.000567 0.069544 400.000000 7.736944
630 0.000521 0.054750 500.000000 7.256894
630 0.000388 0.028674 600.000000 7.556675
630 0.000351 0.029595 700.000000 7.751938
630 0.000323 0.038966 800.000000 7.782101
640 0.000555 0.018692 100.000000 9.615385
640 0.000594 0.026456 200.000000 7.220217
640 0.000603 0.053743 300.000000 7.317073
640 0.000621 0.075483 400.000000 7.692307
640 0.000528 0.052451 500.000000 7.225433
640 0.000416 0.028187 600.000000 7.566204
640 0.000313 0.033566 700.000000 7.559395
640 0.000312 0.043685 800.000000 7.797271
650 0.000466 0.017867 100.000000 9.433962
650 0.000608 0.028530 200.000000 7.092198
650 0.000603 0.058245 300.000000 7.334963
650 0.000599 0.079254 400.000000 7.547170
650 0.000518 0.048785 500.000000 7.215007
650 0.000408 0.027832 600.000000 7.575758
650 0.000310 0.035132 700.000000 7.526882
650 0.000294 0.045638 800.000000 7.804878
660 0.000464 0.018508 100.000000 9.174312
660 0.000710 0.042898 200.000000 7.042253
660 0.000652 0.064437 300.000000 7.334963
660 0.000645 0.086251 400.000000 7.285975
660 0.000536 0.047128 500.000000 7.215007
660 0.000419 0.028304 600.000000 7.585335
660 0.000340 0.039165 700.000000 7.518797
660 0.000310 0.051429 800.000000 7.812500
670 0.000497 0.018900 100.000000 8.403361
670 0.000824 0.045873 200.000000 6.993007
670 0.000691 0.069540 300.000000 7.334963
670 0.000723 0.086198 400.000000 7.194244
670 0.000554 0.043616 500.000000 7.204611
670 0.000438 0.029274 600.000000 7.604563
670 0.000354 0.041111 700.000000 7.518797
670 0.000319 0.053602 800.000000 7.820137
680 0.000331 0.011968 100.000000 7.407407
680 0.000802 0.046558 200.000000 6.968641
680 0.000678 0.073109 300.000000 7.334963
680 0.000721 0.082484 400.000000 7.142857
680 0.000538 0.040051 500.000000 7.204611
680 0.000400 0.031017 600.000000 7.614213
680 0.000352 0.043728 700.000000 7.526882
680 0.000308 0.056007 800.000000 7.835455
690 0.000432 0.011586 100.000000 7.042253
690 0.000789 0.050876 200.000000 6.896552
690 0.000696 0.077738 300.000000 7.317073
690 0.000722 0.079532 400.000000 7.117438
690 0.000546 0.037006 500.000000 7.194244
690 0.000410 0.032385 600.000000 7.633588
690 0.000363 0.045260 700.000000 7.534984
690 0.000313 0.057696 800.000000 7.843137
700 0.000424 0.008192 100.000000 6.944445
700 0.000806 0.056116 200.000000 6.802721
700 0.000718 0.082814 300.000000 7.317073
700 0.000721 0.077689 400.000000 7.092198
700 0.000536 0.034573 500.000000 7.204611
700 0.000422 0.034339 600.000000 7.643312
700 0.000367 0.048088 700.000000 7.543103
700 0.000335 0.061119 800.000000 7.858546
710 0.000299 0.009553 100.000000 6.849315
710 0.000807 0.059036 200.000000 6.711410
710 0.000710 0.086083 300.000000 7.299270
710 0.000654 0.075001 400.000000 7.054674
710 0.000519 0.032107 500.000000 7.204611
710 0.000414 0.036328 600.000000 7.633588
710 0.000358 0.050246 700.000000 7.543103
710 0.000322 0.062897 800.000000 7.858546
720 0.000293 0.012973 100.000000 6.666667
720 0.000856 0.066550 200.000000 6.578948
720 0.000741 0.093791 300.000000 7.281553
720 0.000717 0.075749 400.000000 6.944445
720 0.000502 0.031628 500.000000 7.215007
720 0.000417 0.038331 600.000000 7.604563
720 0.000360 0.053167 700.000000 7.551240
720 0.000328 0.066096 800.000000 7.858546
730 0.000882 0.009901 100.000000 6.211180
730 0.000882 0.072156 200.000000 6.514658
730 0.000760 0.097714 300.000000 7.246377
730 0.000682 0.070223 400.000000 6.837607
730 0.000480 0.031555 500.000000 7.225433
730 0.000414 0.040075 600.000000 7.537688
730 0.000347 0.054782 700.000000 7.559395
730 0.000333 0.067140 800.000000 7.858546
740 0.000925 0.017990 100.000000 5.780347
740 0.000885 0.077042 200.000000 6.514658
740 0.000819 0.102832 300.000000 7.194244
740 0.000676 0.064382 400.000000 6.791172
740 0.000489 0.031206 500.000000 7.235890
740 0.000351 0.043411 600.000000 7.299270
740 0.000327 0.056869 700.000000 7.575758
740 0.000344 0.069442 800.000000 7.850834
750 0.001046 0.026454 100.000000 5.649717
750 0.000905 0.083471 200.000000 6.535948
750 0.000816 0.107513 300.000000 7.109005
750 0.000669 0.060301 400.000000 6.779661
750 0.000484 0.031900 500.000000 7.256894
750 0.000337 0.045104 600.000000 7.263923
750 0.000317 0.058676 700.000000 7.592191
750 0.000346 0.070853 800.000000 7.850834
760 0.001172 0.067341 100.000000 5.649717
760 0.000947 0.087474 200.000000 6.578948
760 0.000808 0.111062 300.000000 6.896552
760 0.000672 0.055008 400.000000 6.802721
760 0.000490 0.032048 500.000000 7.288630
760 0.000371 0.047101 600.000000 7.272727
760 0.000319 0.060347 700.000000 7.616975
760 0.000345 0.071987 800.000000 7.843137
770 0.001234 0.068182 100.000000 5.714286
770 0.000912 0.089282 200.000000 6.666667
770 0.000843 0.109282 300.000000 6.787330
770 0.000655 0.050683 400.000000 6.837607
770 0.000470 0.033028 500.000000 7.331378
770 0.000361 0.048215 600.000000 7.299270
770 0.000319 0.061105 700.000000 7.650273
770 0.000340 0.071848 800.000000 7.835455
780 0.001366 0.071321 100.000000 5.813953
780 0.000914 0.093232 200.000000 6.756757
780 0.000888 0.109618 300.000000 6.802721
780 0.000674 0.047544 400.000000 6.884682
780 0.000469 0.033285 500.000000 7.385524
780 0.000360 0.049511 600.000000 7.334963
780 0.000322 0.062532 700.000000 7.692307
780 0.000341 0.072606 800.000000 7.835455
790 0.001341 0.071262 100.000000 5.988024
790 0.000934 0.089875 200.000000 6.896552
790 0.000898 0.101951 300.000000 6.849315
790 0.000655 0.042819 400.000000 6.956522
790 0.000468 0.034236 500.000000 7.462687
790 0.000357 0.050023 600.000000 7.389163
790 0.000311 0.061995 700.000000 7.751938
790 0.000331 0.071166 800.000000 7.820137
800 0.001318 0.071155 100.000000 6.211180
800 0.000925 0.090317 200.000000 7.042253
800 0.000896 0.098249 300.000000 6.928406
800 0.000635 0.041481 400.000000 7.042253
800 0.000467 0.035364 500.000000 7.541478
800 0.000365 0.050654 600.000000 7.453416
800 0.000309 0.062203 700.000000 7.812500
800 0.000330 0.071149 800.000000 7.812500
810 0.001387 0.075731 100.000000 6.451613
810 0.000943 0.095844 200.000000 7.194244
810 0.000901 0.099768 300.000000 7.009346
810 0.000643 0.042227 400.000000 7.117438
810 0.000446 0.036426 500.000000 7.621951
810 0.000372 0.051591 600.000000 7.518797
810 0.000316 0.063648 700.000000 7.865169
810 0.000330 0.073263 800.000000 7.797271
820 0.001309 0.073756 100.000000 6.578948
820 0.000959 0.092533 200.000000 7.326007
820 0.000886 0.091894 300.000000 7.075472
820 0.000632 0.036563 400.000000 7.168459
820 0.000432 0.037189 500.000000 7.692307
820 0.000366 0.052585 600.000000 7.566204
820 0.000306 0.063839 700.000000 7.918552
820 0.000326 0.072540 800.000000 7.766990
830 0.001257 0.072787 100.000000 6.666667
830 0.000915 0.090772 200.000000 7.407407
830 0.000865 0.084138 300.000000 7.109005
830 0.000618 0.032949 400.000000 7.207207
830 0.000426 0.038926 500.000000 7.739938
830 0.000368 0.053183 600.000000 7.604563
830 0.000301 0.063780 700.000000 7.954545
830 0.000320 0.071641 800.000000 7.759457
840 0.001317 0.081722 100.000000 6.622517
840 0.000929 0.097926 200.000000 7.462687
840 0.000862 0.084076 300.000000 7.109005
840 0.000611 0.033127 400.000000 7.246377
840 0.000430 0.040448 500.000000 7.776050
840 0.000374 0.054593 600.000000 7.633588
840 0.000323 0.065878 700.000000 7.981756
840 0.000315 0.074075 800.000000 7.759457
850 0.001347 0.089169 100.000000 6.535948
850 0.000948 0.104702 200.000000 7.490637
850 0.000827 0.083349 300.000000 7.109005
850 0.000586 0.033315 400.000000 7.272727
850 0.000441 0.042488 500.000000 7.788162
850 0.000363 0.056366 600.000000 7.653061
850 0.000339 0.067474 700.000000 8.009153
850 0.000318 0.076030 800.000000 7.774539
860 0.001336 0.094296 100.000000 6.451613
860 0.000954 0.107259 200.000000 7.518797
860 0.000833 0.081775 300.000000 7.058824
860 0.000559 0.034105 400.000000 7.299270
860 0.000429 0.044689 500.000000 7.800312
860 0.000368 0.057867 600.000000 7.672634
860 0.000330 0.068235 700.000000 8.027523
860 0.000317 0.076586 800.000000 7.797271
870 0.001448 0.101746 100.000000 6.410256
870 0.000961 0.113799 200.000000 7.575758
870 0.000872 0.080896 300.000000 7.009346
870 0.000554 0.035666 400.000000 7.352941
870 0.000440 0.046496 500.000000 7.812500
870 0.000373 0.059527 600.000000 7.712082
870 0.000339 0.069852 700.000000 8.055236
870 0.000319 0.078509 800.000000 7.835455
880 0.001418 0.098023 100.000000 6.578948
880 0.000940 0.107601 200.000000 7.722008
880 0.000803 0.068793 300.000000 7.009346
880 0.000522 0.033864 400.000000 7.421150
880 0.000432 0.047483 500.000000 7.836991
880 0.000361 0.059546 600.000000 7.772021
880 0.000329 0.068712 700.000000 8.101851
880 0.000310 0.077005 800.000000 7.881773
890 0.001063 0.074888 100.000000 6.802721
890 0.000823 0.074628 200.000000 7.843137
890 0.000688 0.029295 300.000000 7.042253
890 0.000432 0.029524 400.000000 7.504691
890 0.000353 0.047120 500.000000 7.849294
890 0.000304 0.054644 600.000000 7.832898
890 0.000289 0.058824 700.000000 8.149011
890 0.000271 0.064613 800.000000 7.928642
900 0.001093 0.077088 100.000000 7.042253
900 0.000869 0.075808 200.000000 8.000000
900 0.000714 0.026196 300.000000 7.109005
900 0.000432 0.031210 400.000000 7.604563
900 0.000321 0.049336 500.000000 7.776050
900 0.000307 0.055694 600.000000 7.894737
900 0.000293 0.059482 700.000000 8.206330
900 0.000272 0.065605 800.000000 7.984032
910 0.001080 0.077423 100.000000 7.352941
910 0.000889 0.076648 200.000000 8.163265
910 0.000687 0.021877 300.000000 7.177033
910 0.000438 0.032609 400.000000 7.692307
910 0.000296 0.050253 500.000000 7.704160
910 0.000287 0.055861 600.000000 7.957560
910 0.000308 0.059456 700.000000 8.254717
910 0.000270 0.065724 800.000000 8.032128
920 0.001011 0.076823 100.000000 7.575758
920 0.000849 0.073804 200.000000 8.196721
920 0.000639 0.014671 300.000000 7.228916
920 0.000405 0.033731 400.000000 7.751938
920 0.000267 0.049530 500.000000 7.692307
920 0.000257 0.054014 600.000000 8.010681
920 0.000282 0.056282 700.000000 8.293839
920 0.000250 0.062150 800.000000 8.072654
930 0.000927 0.064070 100.000000 7.751938
930 0.000766 0.069270 200.000000 8.000000
930 0.000606 0.017142 300.000000 7.263923
930 0.000380 0.035474 400.000000 7.812500
930 0.000243 0.049147 500.000000 7.692307
930 0.000229 0.052758 600.000000 8.053691
930 0.000285 0.054632 700.000000 8.303678
930 0.000257 0.060701 800.000000 8.105370
940 0.000800 0.034442 100.000000 7.874016
940 0.000706 0.055152 200.000000 7.547170
940 0.000535 0.018864 300.000000 7.281553
940 0.000320 0.039455 400.000000 7.858546
940 0.000245 0.048883 500.000000 7.704160
940 0.000199 0.049802 600.000000 8.086253
940 0.000269 0.049181 700.000000 8.284023
940 0.000244 0.056318 800.000000 8.121827
950 0.000637 0.018519 100.000000 7.936508
950 0.000741 0.033405 200.000000 7.380074
950 0.000502 0.021949 300.000000 7.317073
950 0.000283 0.043264 400.000000 7.905138
950 0.000247 0.046884 500.000000 7.727975
950 0.000209 0.044418 600.000000 8.108109
950 0.000277 0.039539 700.000000 8.225616
950 0.000249 0.049400 800.000000 8.146640
960 0.000752 0.018609 100.000000 8.064516
960 0.000739 0.028930 200.000000 7.326007
960 0.000462 0.024796 300.000000 7.334963
960 0.000276 0.043940 400.000000 7.936508
960 0.000257 0.045570 500.000000 7.751938
960 0.000199 0.042401 600.000000 8.141112
960 0.000276 0.036920 700.000000 8.083141
960 0.000243 0.047296 800.000000 8.163265
970 0.000793 0.018240 100.000000 8.130081
970 0.000706 0.021269 200.000000 7.299270
970 0.000441 0.028928 300.000000 7.352941
970 0.000246 0.044756 400.000000 8.000000
970 0.000262 0.044857 500.000000 7.776050
970 0.000191 0.040925 600.000000 8.174387
970 0.000292 0.036131 700.000000 7.954545
970 0.000248 0.046219 800.000000 8.188332
980 0.000727 0.015402 100.000000 8.264462
980 0.000688 0.012677 200.000000 7.299270
980 0.000427 0.033368 300.000000 7.389163
980 0.000256 0.045214 400.000000 8.048289
980 0.000272 0.043326 500.000000 7.812500
980 0.000210 0.038862 600.000000 8.207934
980 0.000298 0.035522 700.000000 7.927520
980 0.000258 0.044963 800.000000 8.213552
990 0.000636 0.011353 100.000000 8.403361
990 0.000665 0.013253 200.000000 7.352941
990 0.000380 0.038244 300.000000 7.444169
990 0.000256 0.045266 400.000000 8.097166
990 0.000272 0.041163 500.000000 7.849294
990 0.000256 0.036237 600.000000 8.253095
990 0.000310 0.034355 700.000000 7.945517
990 0.000265 0.043195 800.000000 8.238929
1000 0.000626 0.012946 100.000000 8.620689
1000 0.000592 0.015960 200.000000 7.380074
1000 0.000347 0.040300 300.000000 7.500000
1000 0.000251 0.045005 400.000000 8.146640
1000 0.000249 0.040124 500.000000 7.898894
1000 0.000264 0.034951 600.000000 8.298756
1000 0.000305 0.033769 700.000000 7.972665
1000 0.000263 0.042745 800.000000 8.264462
1010 0.000667 0.013859 100.000000 8.849558
1010 0.000604 0.021273 200.000000 7.380074
1010 0.000336 0.043083 300.000000 7.575758
1010 0.000251 0.045622 400.000000 8.196721
1010 0.000262 0.040039 500.000000 7.949126
1010 0.000265 0.034708 600.000000 8.333333
1010 0.000310 0.034228 700.000000 8.018328
1010 0.000266 0.043803 800.000000 8.290155
1020 0.000617 0.012975 100.000000 9.090909
1020 0.000615 0.023179 200.000000 7.352941
1020 0.000302 0.044331 300.000000 7.653061
1020 0.000227 0.044356 400.000000 8.230453
1020 0.000250 0.038095 500.000000 8.000000
1020 0.000269 0.032329 600.000000 8.379889
1020 0.000305 0.033110 700.000000 8.055236
1020 0.000269 0.041764 800.000000 8.324662
1030 0.000515 0.009586 100.000000 9.174312
1030 0.000510 0.024856 200.000000 7.220217
1030 0.000249 0.044480 300.000000 7.731959
1030 0.000220 0.042258 400.000000 8.213552
1030 0.000233 0.034541 500.000000 8.038586
1030 0.000269 0.028095 600.000000 8.415147
1030 0.000301 0.029527 700.000000 8.092485
1030 0.000266 0.038002 800.000000 8.342023
1040 0.000718 0.009102 100.000000 9.174312
1040 0.000539 0.029060 200.000000 7.092198
1040 0.000228 0.045929 300.000000 7.772021
1040 0.000197 0.043882 400.000000 7.968128
1040 0.000238 0.034111 500.000000 8.064516
1040 0.000297 0.027475 600.000000 8.415147
1040 0.000309 0.029665 700.000000 8.120649
1040 0.000267 0.039033 800.000000 8.350731
1050 0.000811 0.008452 100.000000 8.849558
1050 0.000467 0.032372 200.000000 7.042253
1050 0.000236 0.046208 300.000000 7.792208
1050 0.000192 0.042230 400.000000 7.707129
1050 0.000204 0.031324 500.000000 8.090615
1050 0.000331 0.025251 600.000000 8.403361
1050 0.000307 0.027957 700.000000 8.139535
1050 0.000266 0.037203 800.000000 8.359457
1060 0.000718 0.009123 100.000000 7.812500
1060 0.000437 0.036422 200.000000 6.993007
1060 0.000221 0.045952 300.000000 7.812500
1060 0.000229 0.039591 400.000000 7.648183
1060 0.000201 0.027839 500.000000 8.103727
1060 0.000327 0.021019 600.000000 8.368201
1060 0.000311 0.025165 700.000000 8.139535
1060 0.000265 0.035871 800.000000 8.359457
1070 0.000836 0.007484 100.000000 6.944445
1070 0.000422 0.039164 200.000000 6.993007
1070 0.000209 0.046632 300.000000 7.832898
1070 0.000229 0.038853 400.000000 7.648183
1070 0.000201 0.027559 500.000000 8.116883
1070 0.000327 0.022678 600.000000 8.310249
1070 0.000311 0.026683 700.000000 8.158508
1070 0.000261 0.037162 800.000000 8.368201
1080 0.000869 0.012122 100.000000 6.666667
1080 0.000381 0.040892 200.000000 6.993007
1080 0.000243 0.042731 300.000000 7.874016
1080 0.000252 0.032777 400.000000 7.648183
1080 0.000229 0.021677 500.000000 8.130081
1080 0.000352 0.024600 600.000000 8.141112
1080 0.000321 0.023061 700.000000 8.168028
1080 0.000274 0.031196 800.000000 8.385744
1090 0.000838 0.019899 100.000000 6.535948
1090 0.000334 0.041143 200.000000 6.993007
1090 0.000190 0.041084 300.000000 7.915567
1090 0.000265 0.031222 400.000000 7.662835
1090 0.000231 0.021924 500.000000 8.156607
1090 0.000384 0.029439 600.000000 7.926024
1090 0.000327 0.024585 700.000000 8.177570
1090 0.000303 0.024781 800.000000 8.394544
1100 0.000798 0.026167 100.000000 6.493506
1100 0.000316 0.041623 200.000000 6.993007
1100 0.000205 0.038865 300.000000 7.936508
1100 0.000263 0.028944 400.000000 7.677543
1100 0.000251 0.021967 500.000000 8.183306
1100 0.000385 0.030487 600.000000 7.863696
1100 0.000332 0.024584 700.000000 8.187135
1100 0.000295 0.023423 800.000000 8.403361
1110 0.000721 0.034098 100.000000 6.451613
1110 0.000236 0.045796 200.000000 6.993007
1110 0.000232 0.038425 300.000000 7.978724
1110 0.000264 0.027360 400.000000 7.707129
1110 0.000309 0.021663 500.000000 8.196721
1110 0.000390 0.029757 600.000000 7.853403
1110 0.000330 0.024125 700.000000 8.196721
1110 0.000293 0.024994 800.000000 8.394544
1120 0.000591 0.042680 100.000000 6.329114
1120 0.000237 0.047512 200.000000 7.042253
1120 0.000228 0.037552 300.000000 7.957560
1120 0.000258 0.026322 400.000000 7.722008
1120 0.000325 0.023156 500.000000 8.223684
1120 0.000389 0.030291 600.000000 7.874016
1120 0.000337 0.024720 700.000000 8.206330
1120 0.000441 0.027528 800.000000 8.324662
1130 0.000696 0.037593 100.000000 6.060606
1130 0.000156 0.047379 200.000000 7.067138
1130 0.000197 0.035834 300.000000 7.936508
1130 0.000238 0.024596 400.000000 7.751938
1130 0.000323 0.022997 500.000000 8.237232
1130 0.000371 0.028657 600.000000 7.894737
1130 0.000329 0.023591 700.000000 8.206330
1130 0.000443 0.028202 800.000000 8.179959
1140 0.000647 0.036881 100.000000 5.847953
1140 0.000097 0.047977 200.000000 7.142857
1140 0.000172 0.034607 300.000000 7.874016
1140 0.000218 0.020053 400.000000 7.782101
1140 0.000321 0.015529 500.000000 8.250825
1140 0.000356 0.019217 600.000000 7.926024
1140 0.000313 0.017822 700.000000 8.225616
1140 0.000444 0.031192 800.000000 8.154943
1150 0.000662 0.029267 100.000000 5.747127
1150 0.000118 0.040052 200.000000 7.194244
1150 0.000149 0.031088 300.000000 7.500000
1150 0.000200 0.016330 400.000000 7.827789
1150 0.000346 0.020853 500.000000 8.278146
1150 0.000362 0.024302 600.000000 7.957560
1150 0.000317 0.017565 700.000000 8.244994
1150 0.000451 0.024608 800.000000 8.163265
1160 0.000694 0.025924 100.000000 5.780347
1160 0.000127 0.036098 200.000000 7.299270
1160 0.000189 0.026739 300.000000 7.352941
1160 0.000170 0.013365 400.000000 7.874016
1160 0.000376 0.022441 500.000000 8.291874
1160 0.000352 0.024615 600.000000 8.000000
1160 0.000317 0.016293 700.000000 8.274232
1160 0.000453 0.023482 800.000000 8.179959
1170 0.000634 0.026632 100.000000 5.917160
1170 0.000149 0.034474 200.000000 7.434944
1170 0.000203 0.023630 300.000000 7.389163
1170 0.000186 0.011746 400.000000 7.968128
1170 0.000379 0.024186 500.000000 8.347245
1170 0.000360 0.024180 600.000000 8.064516
1170 0.000317 0.014715 700.000000 8.323424
1170 0.000453 0.024117 800.000000 8.230453
1180 0.000594 0.032484 100.000000 6.097561
1180 0.000144 0.037111 200.000000 7.604563
1180 0.000194 0.025680 300.000000 7.500000
1180 0.000196 0.013055 400.000000 8.064516
1180 0.000381 0.025329 500.000000 8.417508
1180 0.000359 0.023567 600.000000 8.130081
1180 0.000313 0.014983 700.000000 8.383233
1180 0.000444 0.028545 800.000000 8.281573
1190 0.000596 0.035840 100.000000 6.369427
1190 0.000167 0.038578 200.000000 7.843137
1190 0.000245 0.028068 300.000000 7.614213
1190 0.000202 0.016501 400.000000 8.196721
1190 0.000384 0.029130 500.000000 8.503402
1190 0.000367 0.026078 600.000000 8.207934
1190 0.000317 0.017537 700.000000 8.454106
1190 0.000439 0.031378 800.000000 8.342023
1200 0.000543 0.035055 100.000000 6.666667
1200 0.000169 0.036380 200.000000 8.064516
1200 0.000243 0.025591 300.000000 7.731959
1200 0.000210 0.016588 400.000000 8.316009
1200 0.000390 0.031928 500.000000 8.576329
1200 0.000368 0.027055 600.000000 8.287292
1200 0.000319 0.017030 700.000000 8.526188
1200 0.000441 0.030748 800.000000 8.412198
1210 0.000502 0.027382 100.000000 6.896552
1210 0.000151 0.026992 200.000000 8.264462
1210 0.000248 0.010697 300.000000 7.853403
1210 0.000211 0.009549 400.000000 8.421053
1210 0.000377 0.030017 500.000000 8.605852
1210 0.000370 0.022428 600.000000 8.368201
1210 0.000314 0.007758 700.000000 8.588957
1210 0.000450 0.024983 800.000000 8.465609
1220 0.000446 0.019598 100.000000 7.092198
1220 0.000203 0.014711 200.000000 8.438819
1220 0.000298 0.007062 300.000000 7.936508
1220 0.000250 0.025148 400.000000 8.510638
1220 0.000404 0.043726 500.000000 8.591065
1220 0.000381 0.032353 600.000000 8.426967
1220 0.000327 0.015829 700.000000 8.641975
1220 0.000468 0.017809 800.000000 8.519702
1230 0.000487 0.023102 100.000000 7.246377
1230 0.000258 0.018893 200.000000 8.620689
1230 0.000349 0.022928 300.000000 8.021390
1230 0.000292 0.039508 400.000000 8.583691
1230 0.000426 0.054853 500.000000 8.460237
1230 0.000394 0.040700 600.000000 8.474576
1230 0.000337 0.024809 700.000000 8.695652
1230 0.000478 0.016104 800.000000 8.556149
1240 0.000432 0.028066 100.000000 7.407407
1240 0.000311 0.020783 200.000000 8.733624
1240 0.000370 0.027026 300.000000 8.086253
1240 0.000302 0.042528 400.000000 8.658009
1240 0.000465 0.056349 500.000000 8.278146
1240 0.000394 0.040573 600.000000 8.510638
1240 0.000371 0.030904 700.000000 8.728180
1240 0.000477 0.019537 800.000000 8.592911
1250 0.000329 0.031839 100.000000 7.462687
1250 0.000303 0.022257 200.000000 8.849558
1250 0.000383 0.030476 300.000000 8.152174
1250 0.000316 0.045384 400.000000 8.714597
1250 0.000476 0.056970 500.000000 8.196721
1250 0.000397 0.040760 600.000000 8.534851
1250 0.000362 0.031091 700.000000 8.750000
1250 0.000477 0.022261 800.000000 8.629990
1260 0.000319 0.027438 100.000000 7.575758
1260 0.000304 0.015373 200.000000 8.968610
1260 0.000370 0.028442 300.000000 8.196721
1260 0.000368 0.043746 400.000000 8.752735
1260 0.000473 0.055338 500.000000 8.183306
1260 0.000396 0.039167 600.000000 8.559201
1260 0.000356 0.026816 700.000000 8.760951
1260 0.000465 0.025474 800.000000 8.648648
1270 0.000183 0.026136 100.000000 7.692307
1270 0.000279 0.005980 200.000000 9.049774
1270 0.000322 0.024175 300.000000 8.241758
1270 0.000390 0.039883 400.000000 8.810573
1270 0.000471 0.050511 500.000000 8.223684
1270 0.000402 0.032952 600.000000 8.583691
1270 0.000357 0.018373 700.000000 8.739077
1270 0.000459 0.033146 800.000000 8.686211
1280 0.000287 0.024627 100.000000 7.936508
1280 0.000395 0.027817 200.000000 9.132421
1280 0.000386 0.044368 300.000000 8.333333
1280 0.000473 0.059505 400.000000 8.888889
1280 0.000522 0.068259 500.000000 8.278146
1280 0.000446 0.045942 600.000000 8.633094
1280 0.000583 0.014091 700.000000 8.674102
1280 0.000468 0.037490 800.000000 8.724100
1290 0.000489 0.003083 100.000000 8.264462
1290 0.000408 0.028930 200.000000 9.259259
1290 0.000430 0.051572 300.000000 8.450705
1290 0.000481 0.068124 400.000000 8.968610
1290 0.000516 0.070740 500.000000 8.347245
1290 0.000453 0.047518 600.000000 8.683068
1290 0.000608 0.020875 700.000000 8.599508
1290 0.000487 0.032146 800.000000 8.771930
1300 0.000553 0.003665 100.000000 8.620689
1300 0.000435 0.032357 200.000000 9.389671
1300 0.000440 0.054197 300.000000 8.595988
1300 0.000495 0.070709 400.000000 9.070294
1300 0.000522 0.069611 500.000000 8.431704
1300 0.000458 0.044426 600.000000 8.746356
1300 0.000603 0.015360 700.000000 8.599508
1300 0.000489 0.036475 800.000000 8.830022
1310 0.000519 0.002856 100.000000 9.090909
1310 0.000437 0.031454 200.000000 9.478673
1310 0.000446 0.052943 300.000000 8.720930
1310 0.000513 0.069332 400.000000 9.174312
1310 0.000526 0.065379 500.000000 8.517887
1310 0.000453 0.039611 600.000000 8.810573
1310 0.000597 0.010826 700.000000 8.631319
1310 0.000486 0.041431 800.000000 8.879024
1320 0.000519 0.010453 100.000000 9.433962
1320 0.000492 0.033177 200.000000 9.009009
1320 0.000467 0.056559 300.000000 8.849558
1320 0.000530 0.073092 400.000000 9.237875
1320 0.000526 0.065467 500.000000 8.591065
1320 0.000453 0.039954 600.000000 8.862629
1320 0.000603 0.012821 700.000000 8.663366
1320 0.000489 0.042430 800.000000 8.928572
1330 0.000606 0.010688 100.000000 9.708738
1330 0.000590 0.036137 200.000000 8.510638
1330 0.000451 0.058826 300.000000 8.928572
1330 0.000593 0.074670 400.000000 9.280743
1330 0.000529 0.063388 500.000000 8.650519
1330 0.000456 0.035957 600.000000 8.888889
1330 0.000596 0.008616 700.000000 8.684863
1330 0.000482 0.047688 800.000000 8.958567
1340 0.000584 0.011917 100.000000 9.900990
1340 0.000574 0.038622 200.000000 8.403361
1340 0.000452 0.058797 300.000000 8.982036
1340 0.000595 0.076713 400.000000 9.259259
1340 0.000535 0.060122 500.000000 8.680555
1340 0.000450 0.031793 600.000000 8.915304
1340 0.000584 0.008740 700.000000 8.706468
1340 0.000476 0.052397 800.000000 8.988764
1350 0.000619 0.011727 100.000000 10.101010
1350 0.000618 0.039248 200.000000 8.368201
1350 0.000441 0.058008 300.000000 9.036144
1350 0.000582 0.077959 400.000000 9.195402
1350 0.000522 0.056212 500.000000 8.695652
1350 0.000441 0.027352 600.000000 8.928572
1350 0.000568 0.013678 700.000000 8.728180
1350 0.000468 0.057516 800.000000 8.998875
1360 0.000722 0.021416 100.000000 10.204082
1360 0.000627 0.048313 200.000000 8.403361
1360 0.000461 0.066932 300.000000 9.063444
1360 0.000600 0.087860 400.000000 9.009009
1360 0.000532 0.059547 500.000000 8.726004
1360 0.000439 0.029125 600.000000 8.955224
1360 0.000566 0.015216 700.000000 8.750000
1360 0.000471 0.059218 800.000000 9.019166
1370 0.000827 0.022991 100.000000 10.526316
1370 0.000669 0.050083 200.000000 8.438819
1370 0.000471 0.066977 300.000000 9.118541
1370 0.000638 0.087164 400.000000 8.639309
1370 0.000534 0.054233 500.000000 8.741259
1370 0.000438 0.025639 600.000000 8.968610
1370 0.000551 0.023224 700.000000 8.771930
1370 0.000458 0.065446 800.000000 9.029346
1380 0.000754 0.026446 100.000000 10.638298
1380 0.000644 0.050740 200.000000 8.474576
1380 0.000480 0.066123 300.000000 9.174312
1380 0.000649 0.082888 400.000000 8.385744
1380 0.000522 0.051658 500.000000 8.756567
1380 0.000455 0.026871 600.000000 8.982036
1380 0.000547 0.026567 700.000000 8.793970
1380 0.000443 0.068445 800.000000 9.039548
1390 0.000705 0.029293 100.000000 10.869565
1390 0.000623 0.052891 200.000000 8.474576
1390 0.000550 0.066201 300.000000 9.202454
1390 0.000630 0.079308 400.000000 8.333333
1390 0.000510 0.049711 500.000000 8.771930
1390 0.000439 0.022926 600.000000 8.982036
1390 0.000531 0.032435 700.000000 8.816121
1390 0.000437 0.072919 800.000000 9.039548
1400 0.000579 0.022982 100.000000 10.752688
1400 0.000491 0.043432 200.000000 8.510638
1400 0.000536 0.056068 300.000000 9.230769
1400 0.000597 0.064613 400.000000 8.333333
1400 0.000487 0.037739 500.000000 8.771930
1400 0.000423 0.013203 600.000000 8.902077
1400 0.000517 0.042451 700.000000 8.827238
1400 0.000420 0.079573 800.000000 9.029346
1410 0.000442 0.019013 100.000000 10.416667
1410 0.000436 0.033104 200.000000 8.510638
1410 0.000525 0.046989 300.000000 9.202454
1410 0.000552 0.051985 400.000000 8.350731
1410 0.000465 0.029059 500.000000 8.756567
1410 0.000629 0.004977 600.000000 8.633094
1410 0.000487 0.051982 700.000000 8.838384
1410 0.000424 0.084590 800.000000 8.958567
1420 0.000490 0.015965 100.000000 9.615385
1420 0.000453 0.031539 200.000000 8.510638
1420 0.000542 0.046027 300.000000 9.174312
1420 0.000555 0.042623 400.000000 8.368201
1420 0.000455 0.017945 500.000000 8.741259
1420 0.000623 0.017753 600.000000 8.534851
1420 0.000488 0.060306 700.000000 8.838384
1420 0.000456 0.090171 800.000000 8.048289
1430 0.000557 0.012246 100.000000 7.575758
1430 0.000387 0.029279 200.000000 8.510638
1430 0.000581 0.042695 300.000000 9.118541
1430 0.000520 0.036050 400.000000 8.385744
1430 0.000431 0.014144 500.000000 8.726004
1430 0.000621 0.020711 600.000000 8.510638
1430 0.000477 0.062675 700.000000 8.849558
1430 0.000456 0.090438 800.000000 7.976072
1440 0.000634 0.012298 100.000000 7.194244
1440 0.000395 0.031108 200.000000 8.510638
1440 0.000604 0.045679 300.000000 9.036144
1440 0.000527 0.032329 400.000000 8.385744
1440 0.000423 0.009131 500.000000 8.710801
1440 0.000608 0.027048 600.000000 8.510638
1440 0.000474 0.068443 700.000000 8.849558
1440 0.000454 0.091574 800.000000 7.960199
1450 0.000651 0.009844 100.000000 7.092198
1450 0.000345 0.028410 200.000000 8.510638
1450 0.000564 0.042927 300.000000 8.849558
1450 0.000504 0.023957 400.000000 8.385744
1450 0.000402 0.004873 500.000000 8.710801
1450 0.000584 0.034891 600.000000 8.522727
1450 0.000460 0.074507 700.000000 8.849558
1450 0.000450 0.092660 800.000000 7.960199
1460 0.000636 0.016705 100.000000 6.993007
1460 0.000341 0.031357 200.000000 8.510638
1460 0.000552 0.042505 300.000000 8.379889
1460 0.000468 0.022277 400.000000 8.385744
1460 0.000373 0.009980 500.000000 8.710801
1460 0.000566 0.037706 600.000000 8.522727
1460 0.000445 0.077176 700.000000 8.838384
1460 0.000437 0.091771 800.000000 7.960199
1470 0.000627 0.010306 100.000000 6.944445
1470 0.000329 0.019841 200.000000 8.510638
1470 0.000621 0.037082 300.000000 7.853403
1470 0.000471 0.015520 400.000000 8.368201
1470 0.000407 0.010550 500.000000 8.695652
1470 0.000539 0.047255 600.000000 8.522727
1470 0.000410 0.084138 700.000000 8.827238
1470 0.000423 0.094054 800.000000 7.960199
1480 0.000675 0.014950 100.000000 6.896552
1480 0.000473 0.023628 200.000000 8.510638
1480 0.000613 0.037265 300.000000 7.712082
1480 0.000465 0.016079 400.000000 8.350731
1480 0.000391 0.012627 500.000000 8.665511
1480 0.000533 0.051195 600.000000 8.534851
1480 0.000415 0.087717 700.000000 8.816121
1480 0.000435 0.095193 800.000000 7.952286
1490 0.000530 0.021670 100.000000 6.944445
1490 0.000515 0.027524 200.000000 8.547009
1490 0.000604 0.035850 300.000000 7.731959
1490 0.000467 0.015555 400.000000 8.350731
1490 0.000389 0.015120 500.000000 8.605852
1490 0.000538 0.055284 600.000000 8.547009
1490 0.000413 0.091102 700.000000 8.805032
1490 0.000436 0.096028 800.000000 7.960199
1500 0.000581 0.027657 100.000000 7.042253
1500 0.000567 0.030671 200.000000 8.620689
1500 0.000594 0.033021 300.000000 7.772021
1500 0.000480 0.011425 400.000000 8.385744
1500 0.000727 0.021838 500.000000 8.417508
1500 0.000535 0.061563 600.000000 8.583691
1500 0.000414 0.096119 700.000000 8.793970
1500 0.000442 0.097890 800.000000 7.976072
1510 0.000551 0.033649 100.000000 7.194244
1510 0.000565 0.035436 200.000000 8.695652
1510 0.000583 0.032500 300.000000 7.853403
1510 0.000471 0.011954 400.000000 8.421053
1510 0.000729 0.023726 500.000000 8.305648
1510 0.000540 0.064209 600.000000 8.633094
1510 0.000468 0.097024 700.000000 8.728180
1510 0.000435 0.098991 800.000000 8.000000
1520 0.000551 0.036817 100.000000 7.462687
1520 0.000594 0.038405 200.000000 8.849558
1520 0.000590 0.032640 300.000000 7.957560
1520 0.000468 0.012946 400.000000 8.492569
1520 0.000731 0.024663 500.000000 8.319468
1520 0.000543 0.066835 600.000000 8.683068
1520 0.000493 0.098555 700.000000 7.856341
1520 0.000431 0.099697 800.000000 8.032128
1530 0.000541 0.032389 100.000000 7.874016
1530 0.000614 0.033937 200.000000 9.090909
1530 0.000591 0.028259 300.000000 8.108109
1530 0.000460 0.008283 400.000000 8.602151
1530 0.000713 0.026107 500.000000 8.389262
1530 0.000532 0.069561 600.000000 8.771930
1530 0.000497 0.099606 700.000000 7.865169
1530 0.000429 0.100450 800.000000 8.080808
1540 0.000504 0.022327 100.000000 8.403361
1540 0.000621 0.023899 200.000000 9.433962
1540 0.000578 0.021625 300.000000 8.287292
1540 0.000450 0.005326 400.000000 8.752735
1540 0.000688 0.029820 500.000000 8.503402
1540 0.000507 0.073341 600.000000 8.875740
1540 0.000477 0.100438 700.000000 7.918552
1540 0.000417 0.100892 800.000000 8.146640
1550 0.000460 0.009881 100.000000 9.009009
1550 0.000697 0.019180 200.000000 9.756098
1550 0.000582 0.021827 300.000000 8.474576
1550 0.000444 0.014845 400.000000 8.908686
1550 0.000660 0.035449 500.000000 8.605852
1550 0.000480 0.077305 600.000000 8.982036
1550 0.000456 0.101454 700.000000 7.972665
1550 0.000398 0.101500 800.000000 8.213552
1560 0.000322 0.003581 100.000000 9.615385
1560 0.000722 0.023046 200.000000 10.050251
1560 0.000574 0.026997 300.000000 8.645534
1560 0.000437 0.023914 400.000000 9.029346
1560 0.000633 0.041220 500.000000 8.710801
1560 0.000460 0.081048 600.000000 9.077156
1560 0.000440 0.102246 700.000000 8.027523
1560 0.000383 0.102264 800.000000 8.273009
1570 0.000326 0.007522 100.000000 10.000000
1570 0.000763 0.027905 200.000000 10.204082
1570 0.000559 0.029272 300.000000 8.771930
1570 0.000430 0.026918 400.000000 9.111617
1570 0.000621 0.046205 500.000000 8.771930
1570 0.000451 0.084145 600.000000 9.146341
1570 0.000430 0.102997 700.000000 8.055236
1570 0.000375 0.103318 800.000000 8.307373
1580 0.000289 0.007165 100.000000 10.416667
1580 0.000722 0.025651 200.000000 10.256411
1580 0.000560 0.023864 300.000000 8.849558
1580 0.000414 0.024525 400.000000 9.174312
1580 0.000611 0.049838 500.000000 8.818342
1580 0.000453 0.086750 600.000000 9.188361
1580 0.000435 0.103516 700.000000 8.073818
1580 0.000376 0.104164 800.000000 8.342023
1590 0.000254 0.010063 100.000000 10.526316
1590 0.000673 0.027045 200.000000 10.050251
1590 0.000532 0.022766 300.000000 8.902077
1590 0.000392 0.021655 400.000000 9.216590
1590 0.000594 0.049087 500.000000 8.865249
1590 0.000442 0.086702 600.000000 9.216590
1590 0.000434 0.101770 700.000000 8.092485
1590 0.000369 0.105020 800.000000 8.359457
1600 0.000383 0.008473 100.000000 10.752688
1600 0.000707 0.036963 200.000000 9.389671
1600 0.000534 0.027492 300.000000 8.928572
1600 0.000391 0.022230 400.000000 9.237875
1600 0.000574 0.052666 500.000000 8.880995
1600 0.000433 0.088834 600.000000 9.230769
1600 0.000423 0.101656 700.000000 8.111239
1600 0.000372 0.106554 800.000000 8.368201
1610 0.000586 0.012183 100.000000 10.752688
1610 0.000795 0.044946 200.000000 8.474576
1610 0.000545 0.034233 300.000000 8.928572
1610 0.000446 0.014162 400.000000 9.237875
1610 0.000567 0.054758 500.000000 8.912656
1610 0.000415 0.090596 600.000000 9.230769
1610 0.000427 0.101786 700.000000 8.111239
1610 0.000372 0.108038 800.000000 8.368201
1620 0.000652 0.017243 100.000000 10.869565
1620 0.000807 0.047591 200.000000 8.163265
1620 0.000549 0.037678 300.000000 8.928572
1620 0.000427 0.015740 400.000000 9.237875
1620 0.000558 0.060783 500.000000 8.928572
1620 0.000406 0.094275 600.000000 9.230769
1620 0.000439 0.103728 700.000000 8.111239
1620 0.000369 0.110101 800.000000 8.359457
1630 0.000887 0.020981 100.000000 10.869565
1630 0.000846 0.052559 200.000000 8.130081
1630 0.000579 0.039577 300.000000 8.928572
1630 0.000455 0.013308 400.000000 9.153318
1630 0.000568 0.064919 500.000000 8.944544
1630 0.000425 0.099204 600.000000 9.202454
1630 0.000450 0.106540 700.000000 8.111239
1630 0.000386 0.113146 800.000000 8.359457
1640 0.000991 0.019090 100.000000 10.869565
1640 0.000789 0.042150 200.000000 8.163265
1640 0.000562 0.029842 300.000000 8.902077
1640 0.000830 0.014981 400.000000 8.849558
1640 0.000571 0.071649 500.000000 8.944544
1640 0.000418 0.104742 600.000000 9.146341
1640 0.000453 0.108835 700.000000 8.111239
1640 0.000392 0.115326 800.000000 8.368201
1650 0.000954 0.022017 100.000000 10.752688
1650 0.000741 0.036207 200.000000 8.163265
1650 0.000542 0.024030 300.000000 8.875740
1650 0.000830 0.018267 400.000000 8.547009
1650 0.000582 0.076776 500.000000 8.960573
1650 0.000492 0.107452 600.000000 8.862629
1650 0.000443 0.111495 700.000000 8.101851
1650 0.000397 0.118293 800.000000 8.368201
1660 0.001129 0.029865 100.000000 10.526316
1660 0.000761 0.038294 200.000000 8.196721
1660 0.000529 0.028974 300.000000 8.823529
1660 0.000809 0.030548 400.000000 8.492569
1660 0.000549 0.083843 500.000000 8.960573
1660 0.000512 0.109433 600.000000 7.812500
1660 0.000437 0.112952 700.000000 8.101851
1660 0.000383 0.119630 800.000000 8.359457
1670 0.001287 0.039683 100.000000 10.204082
1670 0.000753 0.035629 200.000000 8.196721
1670 0.000519 0.026856 300.000000 8.797654
1670 0.000775 0.046036 400.000000 8.474576
1670 0.000533 0.093162 500.000000 8.960573
1670 0.000500 0.113382 600.000000 7.782101
1670 0.000424 0.115394 700.000000 8.101851
1670 0.000380 0.120690 800.000000 8.342023
1680 0.001178 0.039764 100.000000 9.708738
1680 0.000696 0.026190 200.000000 8.196721
1680 0.000471 0.023990 300.000000 8.797654
1680 0.000749 0.055632 400.000000 8.492569
1680 0.000524 0.099613 500.000000 8.960573
1680 0.000501 0.115534 600.000000 7.772021
1680 0.000417 0.117487 700.000000 8.101851
1680 0.000381 0.123272 800.000000 8.324662
1690 0.001162 0.043657 100.000000 8.620689
1690 0.000669 0.019545 200.000000 8.196721
1690 0.000438 0.018718 300.000000 8.797654
1690 0.000738 0.060310 400.000000 8.492569
1690 0.000526 0.103755 500.000000 8.960573
1690 0.000505 0.116651 600.000000 7.782101
1690 0.000427 0.120365 700.000000 8.101851
1690 0.000380 0.127549 800.000000 8.324662
1700 0.001216 0.037905 100.000000 6.993007
1700 0.000628 0.013982 200.000000 8.163265
1700 0.000483 0.016889 300.000000 8.771930
1700 0.000723 0.067830 400.000000 8.510638
1700 0.000498 0.109775 500.000000 8.944544
1700 0.000511 0.118524 600.000000 7.772021
1700 0.000429 0.122901 700.000000 8.092485
1700 0.000381 0.131290 800.000000 8.324662
1710 0.001093 0.026455 100.000000 6.493506
1710 0.000566 0.013412 200.000000 8.163265
1710 0.000412 0.019419 300.000000 8.746356
1710 0.000702 0.073490 400.000000 8.510638
1710 0.000470 0.112280 500.000000 8.928572
1710 0.000515 0.118434 600.000000 7.772021
1710 0.000418 0.124276 700.000000 8.083141
1710 0.000377 0.133915 800.000000 8.324662
1720 0.000879 0.016623 100.000000 6.410256
1720 0.000459 0.010730 200.000000 8.130081
1720 0.000360 0.021404 300.000000 8.670520
1720 0.000693 0.075125 400.000000 8.528785
1720 0.000463 0.113800 500.000000 8.912656
1720 0.000516 0.118653 600.000000 7.772021
1720 0.000424 0.127339 700.000000 8.073818
1720 0.000379 0.138767 800.000000 8.324662
1730 0.000696 0.009573 100.000000 6.451613
1730 0.000427 0.017018 200.000000 8.097166
1730 0.001107 0.026639 300.000000 8.310249
1730 0.000699 0.083714 400.000000 8.547009
1730 0.000460 0.120235 500.000000 8.849558
1730 0.000523 0.121738 600.000000 7.761966
1730 0.000433 0.130538 700.000000 8.083141
1730 0.000386 0.142992 800.000000 8.307373
1740 0.000642 0.014262 100.000000 6.535948
1740 0.000419 0.022762 200.000000 8.097166
1740 0.001115 0.034078 300.000000 8.000000
1740 0.000706 0.091568 400.000000 8.565310
1740 0.000544 0.123868 500.000000 8.635578
1740 0.000512 0.125112 600.000000 7.772021
1740 0.000441 0.134382 700.000000 8.092485
1740 0.000390 0.147169 800.000000 8.307373
1750 0.000581 0.012340 100.000000 6.622517
1750 0.000383 0.018417 200.000000 8.130081
1750 0.001116 0.028174 300.000000 7.957560
1750 0.000697 0.093586 400.000000 8.602151
1750 0.000626 0.123208 500.000000 7.429420
1750 0.000510 0.126158 600.000000 7.782101
1750 0.000431 0.136833 700.000000 8.101851
1750 0.000373 0.150717 800.000000 8.316009
1760 0.000311 0.014185 100.000000 6.711410
1760 0.000289 0.018387 200.000000 8.163265
1760 0.001078 0.031735 300.000000 7.957560
1760 0.000649 0.096176 400.000000 8.639309
1760 0.000609 0.120525 500.000000 7.407407
1760 0.000489 0.125294 600.000000 7.792208
1760 0.000415 0.136729 700.000000 8.111239
1760 0.000353 0.151440 800.000000 8.333333
1770 0.000381 0.014237 100.000000 6.849315
1770 0.000291 0.020287 200.000000 8.230453
1770 0.001063 0.038255 300.000000 8.021390
1770 0.000647 0.101382 400.000000 8.695652
1770 0.000604 0.122517 500.000000 7.418397
1770 0.000485 0.128192 600.000000 7.822686
1770 0.000444 0.139499 700.000000 8.120649
1770 0.000347 0.154754 800.000000 8.359457
1780 0.000383 0.022746 100.000000 6.993007
1780 0.000315 0.027403 200.000000 8.333333
1780 0.001054 0.048377 300.000000 8.108109
1780 0.000647 0.108943 400.000000 8.752735
1780 0.000618 0.126445 500.000000 7.462687
1780 0.000493 0.131748 600.000000 7.863696
1780 0.000453 0.143067 700.000000 8.149011
1780 0.000350 0.158441 800.000000 8.394544
1790 0.000443 0.023109 100.000000 7.246377
1790 0.000305 0.030021 200.000000 8.510638
1790 0.001034 0.054863 300.000000 8.219178
1790 0.000645 0.113678 400.000000 8.849558
1790 0.000634 0.128868 500.000000 7.507507
1790 0.000492 0.134688 600.000000 7.915567
1790 0.000450 0.146607 700.000000 8.187135
1790 0.000357 0.161428 800.000000 8.438819
1800 0.000421 0.024653 100.000000 7.575758
1800 0.000289 0.032747 200.000000 8.733624
1800 0.001023 0.059398 300.000000 8.356546
1800 0.000641 0.117589 400.000000 8.948545
1800 0.000621 0.130222 500.000000 7.575758
1800 0.000495 0.136949 600.000000 7.968128
1800 0.000452 0.149244 700.000000 8.235294
1800 0.000360 0.164278 800.000000 8.483563
1810 0.000384 0.020220 100.000000 7.936508
1810 0.000245 0.028563 200.000000 8.968610
1810 0.000989 0.061108 300.000000 8.522727
1810 0.000618 0.117217 400.000000 9.090909
1810 0.000612 0.128600 500.000000 7.656968
1810 0.000487 0.136333 600.000000 8.042895
1810 0.000438 0.148769 700.000000 8.303678
1810 0.000351 0.163519 800.000000 8.547009
1820 0.000325 0.011709 100.000000 8.474576
1820 0.000235 0.021373 200.000000 9.259259
1820 0.000948 0.062072 300.000000 8.695652
1820 0.000591 0.115375 400.000000 9.237875
1820 0.000593 0.125823 500.000000 7.739938
1820 0.000469 0.134713 600.000000 8.119080
1820 0.000427 0.147493 700.000000 8.373206
1820 0.000343 0.161474 800.000000 8.620689
1830 0.000259 0.012072 100.000000 9.009009
1830 0.000222 0.022822 200.000000 9.615385
1830 0.000934 0.063726 300.000000 8.902077
1830 0.000574 0.115479 400.000000 9.411765
1830 0.000592 0.125130 500.000000 7.836991
1830 0.000465 0.134355 600.000000 8.207934
1830 0.000423 0.147546 700.000000 8.454106
1830 0.000341 0.161782 800.000000 8.686211
1840 0.000186 0.009373 100.000000 9.615385
1840 0.000260 0.022983 200.000000 9.950249
1840 0.000905 0.065115 300.000000 9.090909
1840 0.000536 0.113407 400.000000 9.569378
1840 0.000580 0.122199 500.000000 7.923930
1840 0.000449 0.132564 600.000000 8.275862
1840 0.000415 0.145752 700.000000 8.526188
1840 0.000325 0.159523 800.000000 8.752735
1850 0.000136 0.011352 100.000000 10.204082
1850 0.000249 0.021456 200.000000 10.256411
1850 0.000891 0.068127 300.000000 9.287926
1850 0.000508 0.114747 400.000000 9.708738
1850 0.000564 0.122426 500.000000 8.000000
1850 0.000437 0.133132 600.000000 8.344924
1850 0.000410 0.146067 700.000000 8.599508
1850 0.000323 0.159486 800.000000 8.820287
1860 0.000116 0.011005 100.000000 10.638298
1860 0.000208 0.023270 200.000000 10.471204
1860 0.000895 0.073716 300.000000 9.433962
1860 0.000505 0.118664 400.000000 9.803922
1860 0.000580 0.124797 500.000000 8.064516
1860 0.000444 0.135285 600.000000 8.403361
1860 0.000415 0.148661 700.000000 8.652658
1870 0.000114 0.010787 100.000000 10.869565
1870 0.000187 0.021209 200.000000 10.526316
1870 0.000851 0.080902 300.000000 9.523809
1870 0.000488 0.121941 400.000000 9.828010
1870 0.000566 0.126339 500.000000 8.090615
1870 0.000443 0.136937 600.000000 8.426967
1870 0.000407 0.150554 700.000000 8.674102
1880 0.000212 0.013579 100.000000 10.869565
1880 0.001017 0.011572 200.000000 10.101010
1880 0.000863 0.092456 300.000000 9.523809
1880 0.000503 0.129621 400.000000 9.779951
1880 0.000580 0.132349 500.000000 8.077544
1880 0.000451 0.142840 600.000000 8.426967
1880 0.000413 0.156472 700.000000 8.663366
1890 0.000296 0.014980 100.000000 10.526316
1890 0.001575 0.009166 200.000000 9.009009
1890 0.000851 0.102982 300.000000 9.523809
1890 0.000610 0.132831 400.000000 9.501187
1890 0.000558 0.136648 500.000000 8.064516
1890 0.000466 0.147350 600.000000 8.415147
1890 0.000419 0.160750 700.000000 8.631319
1900 0.000274 0.016369 100.000000 10.309278
1900 0.001566 0.023646 200.000000 8.771930
1900 0.000838 0.110934 300.000000 9.523809
1900 0.000719 0.135600 400.000000 7.648183
1900 0.000560 0.139830 500.000000 8.038586
1900 0.000454 0.150313 600.000000 8.403361
1900 0.000395 0.164020 700.000000 8.620689
1910 0.000333 0.015077 100.000000 10.204082
1910 0.001529 0.039882 200.000000 8.733624
1910 0.000795 0.120453 300.000000 9.493670
1910 0.000711 0.138765 400.000000 7.561437
1910 0.000547 0.142713 500.000000 8.038586
1910 0.000462 0.153033 600.000000 8.379889
1910 0.000372 0.167379 700.000000 8.610086
1920 0.000343 0.016198 100.000000 10.101010
1920 0.001459 0.056715 200.000000 8.733624
1920 0.000773 0.128242 300.000000 9.493670
1920 0.000707 0.140602 400.000000 7.561437
1920 0.000536 0.146105 500.000000 8.038586
1920 0.000483 0.156416 600.000000 8.356546
1920 0.000367 0.170488 700.000000 8.620689
1930 0.000221 0.018370 100.000000 10.101010
1930 0.001372 0.074864 200.000000 8.733624
1930 0.000737 0.135800 300.000000 9.493670
1930 0.000704 0.142809 400.000000 7.561437
1930 0.000523 0.149568 500.000000 8.038586
1930 0.000475 0.160191 600.000000 8.344924
1930 0.000370 0.173282 700.000000 8.620689
1940 0.000233 0.020443 100.000000 10.204082
1940 0.001304 0.089582 200.000000 8.771930
1940 0.000698 0.142756 300.000000 9.493670
1940 0.000695 0.145726 400.000000 7.561437
1940 0.000523 0.152750 500.000000 8.038586
1940 0.000465 0.163634 600.000000 8.356546
1940 0.000367 0.176098 700.000000 8.631319
1950 0.000340 0.041182 100.000000 10.101010
1950 0.001301 0.100706 200.000000 8.849558
1950 0.000653 0.149213 300.000000 9.493670
1950 0.000703 0.148611 400.000000 7.575758
1950 0.000517 0.156184 500.000000 8.038586
1950 0.000472 0.167593 600.000000 8.368201
1950 0.000370 0.179542 700.000000 8.631319
1960 0.000284 0.042793 100.000000 10.000000
1960 0.001247 0.114373 200.000000 8.888889
1960 0.000636 0.155102 300.000000 9.493670
1960 0.000694 0.152352 400.000000 7.575758
1960 0.000520 0.159649 500.000000 8.038586
1960 0.000466 0.171336 600.000000 8.368201
1970 0.001028 0.034417 100.000000 9.433962
1970 0.001231 0.125152 200.000000 8.928572
1970 0.000626 0.158799 300.000000 9.433962
1970 0.000685 0.154263 400.000000 7.575758
1970 0.000514 0.161733 500.000000 8.051530
1970 0.000458 0.173290 600.000000 8.368201
1980 0.002937 0.027537 100.000000 8.000000
1980 0.001168 0.132601 200.000000 9.009009
1980 0.000722 0.155338 300.000000 9.287926
1980 0.000651 0.154297 400.000000 7.590133
1980 0.000510 0.162161 500.000000 8.064516
1980 0.000453 0.173657 600.000000 8.356546
1990 0.002899 0.025995 100.000000 7.575758
1990 0.001158 0.142351 200.000000 9.049774
1990 0.000857 0.157293 300.000000 7.109005
1990 0.000625 0.157045 400.000000 7.590133
1990 0.000503 0.164658 500.000000 8.077544
1990 0.000429 0.176069 600.000000 8.368201
2000 0.002861 0.045856 100.000000 7.518797
2000 0.001086 0.150561 200.000000 9.090909
2000 0.000882 0.159098 300.000000 6.976744
2000 0.000640 0.157991 400.000000 7.604563
2000 0.000499 0.165469 500.000000 8.077544
2000 0.000411 0.177154 600.000000 8.368201
2010 0.002748 0.074426 100.000000 7.518797
2010 0.001071 0.160101 200.000000 9.132421
2010 0.000871 0.161981 300.000000 6.944445
2010 0.000616 0.161382 400.000000 7.619048
2010 0.000518 0.167981 500.000000 8.064516
2010 0.000393 0.180007 600.000000 8.379889
2020 0.002614 0.101834 100.000000 7.575758
2020 0.001022 0.168114 200.000000 9.174312
2020 0.000860 0.163946 300.000000 6.944445
2020 0.000600 0.164244 400.000000 7.619048
2020 0.000537 0.170328 500.000000 8.051530
2020 0.000386 0.181602 600.000000 8.391608
2030 0.002580 0.137029 100.000000 7.633588
2030 0.001032 0.188937 200.000000 9.132421
2030 0.000894 0.176935 300.000000 6.944445
2030 0.000622 0.176740 400.000000 7.619048
2030 0.000536 0.183128 500.000000 8.038586
2030 0.000403 0.192734 600.000000 8.403361
2040 0.002296 0.195805 100.000000 7.692307
2040 0.000849 0.203427 200.000000 9.132421
2040 0.000826 0.180356 300.000000 6.944445
2040 0.000562 0.177770 400.000000 7.619048
2040 0.000501 0.182081 500.000000 8.051530
2040 0.000369 0.189042 600.000000 8.403361
2050 0.002294 0.221296 100.000000 7.751938
2050 0.000826 0.214442 200.000000 9.132421
2050 0.000841 0.187511 300.000000 6.960557
2050 0.000567 0.184241 400.000000 7.619048
2050 0.000509 0.188508 500.000000 8.064516
2060 0.002244 0.243456 100.000000 7.936508
2060 0.000825 0.225165 200.000000 9.174312
2060 0.000845 0.194594 300.000000 6.993007
2060 0.000589 0.190986 400.000000 7.633588
2060 0.000510 0.194910 500.000000 8.090615
2070 0.002282 0.263448 100.000000 8.196721
2070 0.000846 0.234607 200.000000 9.302325
2070 0.000854 0.201897 300.000000 7.058824
2070 0.000600 0.197582 400.000000 7.707129
2070 0.000516 0.201815 500.000000 8.130081
2080 0.000323 0.022954 100.000000 8.620689
2080 0.000455 0.025455 200.000000 9.478673
2080 0.000038 0.028031 300.000000 7.142857
2080 0.000073 0.023900 400.000000 7.797271
2080 0.000053 0.023240 500.000000 8.196721
2090 0.000585 0.020133 100.000000 9.259259
2090 0.000611 0.043955 200.000000 9.756098
2090 0.000116 0.043531 300.000000 7.263923
2090 0.000143 0.038742 400.000000 7.905138
2090 0.000074 0.037618 500.000000 8.291874
2100 0.000635 0.021521 100.000000 9.900990
2100 0.000571 0.047775 200.000000 9.950249
2100 0.000162 0.044212 300.000000 7.389163
2100 0.000165 0.039482 400.000000 8.016032
2100 0.000082 0.038992 500.000000 8.389262
2110 0.000651 0.024456 100.000000 10.526316
2110 0.000432 0.054454 200.000000 9.950249
2110 0.000183 0.045428 300.000000 7.500000
2110 0.000166 0.040864 400.000000 8.113590
2110 0.000082 0.040249 500.000000 8.460237
2120 0.000684 0.026060 100.000000 10.989011
2120 0.000266 0.058763 200.000000 6.872852
2120 0.000200 0.045845 300.000000 7.556675
2120 0.000171 0.041259 400.000000 8.179959
2120 0.000098 0.040375 500.000000 8.517887
2130 0.000792 0.029893 100.000000 11.235955
2130 0.000204 0.062089 200.000000 6.688963
2130 0.000174 0.046962 300.000000 7.594937
2130 0.000164 0.042884 400.000000 8.196721
2130 0.000106 0.041291 500.000000 8.532423
2140 0.000719 0.029604 100.000000 11.363636
2140 0.000148 0.056119 200.000000 6.644518
2140 0.000173 0.042770 300.000000 7.614213
2140 0.000102 0.039136 400.000000 8.179959
2140 0.000109 0.036669 500.000000 8.547009
2150 0.000668 0.024820 100.000000 11.363636
2150 0.000124 0.046735 200.000000 6.622517
2150 0.000139 0.035452 300.000000 7.614213
2150 0.000053 0.031753 400.000000 8.146640
2150 0.000089 0.029679 500.000000 8.547009
2160 0.000593 0.019024 100.000000 11.235955
2160 0.000077 0.036379 200.000000 6.622517
2160 0.000103 0.028128 300.000000 7.594937
2160 0.000040 0.024693 400.000000 8.130081
2160 0.000056 0.023879 500.000000 8.547009
2170 0.000663 0.016621 100.000000 11.111111
2170 0.000108 0.030906 200.000000 6.600660
2170 0.000115 0.025691 300.000000 7.575758
2170 0.000072 0.023000 400.000000 8.130081
2170 0.000053 0.023401 500.000000 8.547009
2180 0.000744 0.019442 100.000000 10.869565
2180 0.000145 0.028968 200.000000 6.578948
2180 0.000110 0.025219 300.000000 7.537688
2180 0.000076 0.023483 400.000000 8.113590
2190 0.000650 0.018047 100.000000 10.526316
2190 0.000148 0.026364 200.000000 6.557377
2190 0.000092 0.024702 300.000000 7.518797
2190 0.000086 0.026166 400.000000 8.097166
2200 0.000508 0.021534 100.000000 9.900990
2200 0.000152 0.027351 200.000000 6.535948
2200 0.000103 0.025599 300.000000 7.518797
2200 0.000108 0.028964 400.000000 8.064516
2210 0.000287 0.034911 100.000000 4.926108
2210 0.000103 0.028794 200.000000 6.514658
2210 0.000096 0.026340 300.000000 7.518797
2210 0.000094 0.030428 400.000000 8.032128
2220 0.000483 0.026456 100.000000 4.694836
2220 0.000174 0.031138 200.000000 6.493506
2220 0.000110 0.031626 300.000000 7.481297
2220 0.000095 0.037532 400.000000 8.016032
2230 0.000502 0.025980 100.000000 4.651163
2230 0.000172 0.034840 200.000000 6.493506
2230 0.000188 0.035208 300.000000 7.444169
2230 0.000102 0.041256 400.000000 8.032128
2240 0.000599 0.027570 100.000000 4.651163
2240 0.000184 0.040820 200.000000 6.493506
2240 0.000214 0.042414 300.000000 7.407407
2240 0.000122 0.047494 400.000000 8.032128
2250 0.000668 0.033421 100.000000 4.651163
2250 0.000230 0.048180 200.000000 6.514658
2250 0.000229 0.051342 300.000000 7.425743
2250 0.000139 0.055689 400.000000 8.048289
2260 0.000831 0.045016 100.000000 4.672897
2260 0.000290 0.062627 200.000000 6.493506
2260 0.000291 0.066341 300.000000 7.444169
2260 0.000166 0.070113 400.000000 8.048289
2270 0.000904 0.057089 100.000000 4.672897
2270 0.000344 0.071366 200.000000 6.493506
2270 0.000322 0.076258 300.000000 7.444169
2280 0.000932 0.065663 100.000000 4.716981
2280 0.000362 0.076295 200.000000 6.514658
2280 0.000323 0.081147 300.000000 7.481297
2290 0.000888 0.069449 100.000000 4.761905
2290 0.000345 0.075306 200.000000 6.578948
2290 0.000315 0.080322 300.000000 7.500000
2300 0.000744 0.072782 100.000000 4.854369
2300 0.000313 0.072209 200.000000 6.688963
2300 0.000295 0.076717 300.000000 7.556675
2310 0.000364 0.050865 100.000000 5.000000
2310 0.000183 0.044701 200.000000 6.825939
2310 0.000202 0.047379 300.000000 7.672634
2320 0.000261 0.043615 100.000000 5.181347
2320 0.000142 0.037134 200.000000 7.017544
2320 0.000175 0.040236 300.000000 7.812500
2330 0.000199 0.039953 100.000000 5.434783
2330 0.000116 0.032866 200.000000 7.246377
2330 0.000138 0.036539 300.000000 8.000000
2340 0.000228 0.042759 100.000000 5.747127
2340 0.000129 0.035641 200.000000 7.518797
2340 0.000147 0.039338 300.000000 8.219178
2350 0.000223 0.042226 100.000000 6.097561
2350 0.000128 0.035082 200.000000 7.812500
2350 0.000144 0.038816 300.000000 8.450705
2360 0.000152 0.030712 100.000000 6.493506
2360 0.000118 0.024217 200.000000 8.130081
2360 0.000097 0.028003 300.000000 8.695652
2370 0.000136 0.029619 100.000000 6.944445
2370 0.000110 0.023150 200.000000 8.438819
2370 0.000097 0.026940 300.000000 8.955224
2380 0.000135 0.030474 100.000000 7.462687
2380 0.000109 0.023820 200.000000 8.810573
2380 0.000100 0.027662 300.000000 9.230769
2390 0.000135 0.029867 100.000000 8.064516
2390 0.000106 0.023607 200.000000 9.216590
2390 0.000099 0.027299 300.000000 9.523809
2400 0.000159 0.032158 100.000000 8.771930
2400 0.000121 0.025293 200.000000 9.661836
2400 0.000101 0.029126 300.000000 9.836065
2410 0.000101 0.022435 100.000000 9.345795
2410 0.000100 0.014864 200.000000 10.050251
2410 0.000087 0.018398 300.000000 10.101010
2420 0.000188 0.013445 100.000000 9.900990
2420 0.000154 0.013628 200.000000 10.362695
2420 0.000058 0.014672 300.000000 10.309278
2430 0.000194 0.013163 100.000000 10.309278
2430 0.000144 0.015844 200.000000 10.526316
2430 0.000092 0.016029 300.000000 10.452962
2440 0.000266 0.013747 100.000000 10.526316
2440 0.000074 0.016023 200.000000 10.582010
2440 0.000109 0.015444 300.000000 10.526316
2450 0.000228 0.013197 100.000000 10.638298
2450 0.000080 0.015769 200.000000 10.471204
2450 0.000123 0.014772 300.000000 10.563380
2460 0.000347 0.012627 100.000000 10.638298
2460 0.000016 0.015219 200.000000 10.471204
2460 0.000100 0.015406 300.000000 10.563380
2470 0.000387 0.015631 100.000000 10.526316
2470 0.000066 0.016043 200.000000 10.471204
2470 0.000122 0.016958 300.000000 10.563380
2480 0.000352 0.019073 100.000000 10.416667
2480 0.000095 0.017225 200.000000 10.526316
2490 0.000256 0.016622 100.000000 10.416667
2490 0.000094 0.015465 200.000000 10.526316
2500 0.000252 0.017525 100.000000 10.526316
2500 0.000111 0.016737 200.000000 10.471204
2510 0.000168 0.013343 100.000000 10.638298
2510 0.000160 0.015843 200.000000 10.416667
2520 0.000109 0.011631 100.000000 10.638298
2520 0.000171 0.016225 200.000000 10.416667
2530 0.000045 0.012815 100.000000 10.416667
2530 0.000186 0.018169 200.000000 10.416667
2540 0.000319 0.014312 100.000000 10.204082
2540 0.000187 0.018809 200.000000 10.416667
2550 0.000390 0.017138 100.000000 10.101010
2550 0.000212 0.023033 200.000000 10.416667
2560 0.000428 0.019347 100.000000 10.204082
2560 0.000240 0.024027 200.000000 10.471204
2570 0.000528 0.021761 100.000000 10.309278
2570 0.000250 0.024726 200.000000 10.526316
2580 0.000427 0.023307 100.000000 10.416667
2590 0.000392 0.026883 100.000000 10.309278
2600 0.000468 0.026989 100.000000 10.101010
2610 0.000414 0.034230 100.000000 10.000000
2620 0.000389 0.030458 100.000000 10.101010
2630 0.000356 0.019740 100.000000 10.309278
2640 0.000404 0.017708 100.000000 10.526316
2650 0.000312 0.018125 100.000000 10.638298
2660 0.000332 0.019977 100.000000 10.638298
