0 0.000508 0.018672 100.000000 11.627907
0 0.000395 0.021059 200.000000 12.048193
0 0.000366 0.019766 300.000000 10.309278
0 0.000422 0.040562 400.000000 10.282776
0 0.000499 0.069584 500.000000 10.351967
0 0.000490 0.099393 600.000000 10.791367
0 0.000467 0.128769 700.000000 11.146497
0 0.000587 0.126526 800.000000 10.810811
10 0.000499 0.020375 100.000000 11.627907
10 0.000396 0.022789 200.000000 12.048193
10 0.000480 0.020581 300.000000 9.771987
10 0.000434 0.045107 400.000000 10.335917
10 0.000498 0.075336 500.000000 10.330579
10 0.000496 0.105193 600.000000 10.810811
10 0.000467 0.134294 700.000000 11.164274
10 0.000592 0.119316 800.000000 10.796222
20 0.000430 0.020071 100.000000 11.764706
20 0.000354 0.021005 200.000000 11.904762
20 0.000505 0.020659 300.000000 9.646302
20 0.000442 0.048728 400.000000 10.389610
20 0.000500 0.079934 500.000000 10.351967
20 0.000513 0.110796 600.000000 10.830325
20 0.000472 0.139525 700.000000 11.182109
20 0.000595 0.112523 800.000000 10.810811
30 0.000437 0.018845 100.000000 11.764706
30 0.000343 0.019697 200.000000 11.560694
30 0.000527 0.021233 300.000000 9.615385
30 0.000525 0.052948 400.000000 10.416667
30 0.000519 0.085432 500.000000 10.373444
30 0.000524 0.116807 600.000000 10.869565
30 0.000476 0.146319 700.000000 11.182109
30 0.000605 0.106472 800.000000 10.840109
40 0.000403 0.016052 100.000000 11.904762
40 0.000342 0.017714 200.000000 11.111111
40 0.000522 0.024184 300.000000 9.646302
40 0.000529 0.058055 400.000000 10.443864
40 0.000532 0.091165 500.000000 10.416667
40 0.000528 0.122778 600.000000 10.909091
40 0.000479 0.151998 700.000000 11.182109
40 0.000606 0.099513 800.000000 10.869565
50 0.000430 0.019488 100.000000 11.904762
50 0.000325 0.019130 200.000000 10.752688
50 0.000475 0.033538 300.000000 9.677420
50 0.000528 0.064755 400.000000 10.443864
50 0.000525 0.096743 500.000000 10.460251
50 0.000519 0.127721 600.000000 10.928962
50 0.000471 0.154960 700.000000 11.128776
50 0.000595 0.090976 800.000000 10.899182
60 0.000375 0.030019 100.000000 12.048193
60 0.000253 0.027749 200.000000 10.526316
60 0.000443 0.044847 300.000000 9.708738
60 0.000503 0.072812 400.000000 10.309278
60 0.000508 0.101644 500.000000 10.504202
60 0.000501 0.130685 600.000000 10.968922
60 0.000532 0.152274 700.000000 10.920437
60 0.000580 0.082288 800.000000 10.928962
70 0.000255 0.025789 100.000000 12.048193
70 0.000267 0.020348 200.000000 10.309278
70 0.000486 0.044683 300.000000 9.771987
70 0.000538 0.076864 400.000000 10.152285
70 0.000541 0.107913 500.000000 10.548523
70 0.000520 0.139163 600.000000 10.989011
70 0.000648 0.152118 700.000000 10.736197
70 0.000603 0.077230 800.000000 10.958904
80 0.000272 0.026845 100.000000 12.195122
80 0.000261 0.021893 200.000000 9.900990
80 0.000506 0.051201 300.000000 9.803922
80 0.000565 0.082533 400.000000 10.050251
80 0.000554 0.114467 500.000000 10.570825
80 0.000526 0.144282 600.000000 11.029411
80 0.000668 0.144423 700.000000 10.670732
80 0.000593 0.070464 800.000000 10.989011
90 0.000295 0.023142 100.000000 12.195122
90 0.000572 0.018332 200.000000 9.216590
90 0.000526 0.054709 300.000000 9.868421
90 0.000594 0.089749 400.000000 10.000000
90 0.000579 0.122249 500.000000 10.615711
90 0.000548 0.153371 600.000000 11.049724
90 0.000678 0.140248 700.000000 10.670732
90 0.000609 0.065822 800.000000 11.019283
100 0.000308 0.024362 100.000000 12.048193
100 0.000644 0.023568 200.000000 8.849558
100 0.000558 0.061121 300.000000 9.933775
100 0.000603 0.096456 400.000000 10.000000
100 0.000593 0.128828 500.000000 10.638298
100 0.000550 0.159061 600.000000 11.070110
100 0.000677 0.131636 700.000000 10.670732
100 0.000611 0.058950 800.000000 11.034483
110 0.000336 0.020059 100.000000 11.494253
110 0.000776 0.021752 200.000000 8.733624
110 0.000590 0.066806 300.000000 9.966778
110 0.000643 0.105423 400.000000 10.025063
110 0.000642 0.140144 500.000000 10.660981
110 0.000573 0.171599 600.000000 11.070110
110 0.000704 0.127846 700.000000 10.687023
110 0.000630 0.054734 800.000000 11.049724
120 0.000365 0.022722 100.000000 10.526316
120 0.000821 0.023804 200.000000 8.733624
120 0.000726 0.073947 300.000000 10.000000
120 0.000695 0.114871 400.000000 10.075566
120 0.000676 0.151992 500.000000 10.683761
120 0.000592 0.183915 600.000000 11.049724
120 0.000722 0.122112 700.000000 10.703364
120 0.000641 0.049733 800.000000 11.065007
130 0.000334 0.018414 100.000000 9.803922
130 0.000770 0.035547 200.000000 8.771930
130 0.000747 0.081322 300.000000 10.000000
130 0.000695 0.121553 400.000000 10.101010
130 0.000655 0.157099 500.000000 10.706638
130 0.000586 0.186705 600.000000 11.009174
130 0.000709 0.110960 700.000000 10.736197
130 0.000638 0.041655 800.000000 11.065007
140 0.000354 0.016952 100.000000 9.345795
140 0.000777 0.044996 200.000000 8.771930
140 0.000738 0.089795 300.000000 9.836065
140 0.000684 0.128214 400.000000 10.126582
140 0.000655 0.162725 500.000000 10.729613
140 0.000625 0.188163 600.000000 10.791367
140 0.000705 0.100980 700.000000 10.769231
140 0.000628 0.035229 800.000000 11.080333
150 0.000222 0.013944 100.000000 8.928572
150 0.000733 0.056454 200.000000 8.810573
150 0.000701 0.095315 300.000000 9.584664
150 0.000675 0.129999 400.000000 10.152285
150 0.000629 0.162290 500.000000 10.752688
150 0.000750 0.175330 600.000000 10.526316
150 0.000696 0.086751 700.000000 10.785825
150 0.000608 0.028917 800.000000 11.080333
160 0.000287 0.017440 100.000000 8.264462
160 0.000737 0.065317 200.000000 8.888889
160 0.000732 0.102069 300.000000 9.433962
160 0.000685 0.136452 400.000000 10.178117
160 0.000630 0.167293 500.000000 10.775862
160 0.000782 0.164360 600.000000 10.434783
160 0.000679 0.076998 700.000000 10.802469
160 0.000612 0.027157 800.000000 11.080333
170 0.001078 0.016303 100.000000 7.299270
170 0.000791 0.073800 200.000000 8.928572
170 0.000778 0.113834 300.000000 9.375000
170 0.000721 0.148231 400.000000 10.230179
170 0.000662 0.180230 500.000000 10.799136
170 0.000797 0.160609 600.000000 10.416667
170 0.000701 0.072967 700.000000 10.835914
170 0.000620 0.027195 800.000000 11.095700
180 0.001237 0.021341 100.000000 6.896552
180 0.000869 0.081647 200.000000 9.049774
180 0.000805 0.122657 300.000000 9.404388
180 0.000743 0.157082 400.000000 10.282776
180 0.000671 0.188365 500.000000 10.845987
180 0.000803 0.153346 600.000000 10.434783
180 0.000707 0.066791 700.000000 10.869565
180 0.000627 0.028612 800.000000 11.095700
190 0.001380 0.031136 100.000000 6.896552
190 0.000880 0.089794 200.000000 9.216590
190 0.000810 0.129957 300.000000 9.493670
190 0.000779 0.163809 400.000000 10.362695
190 0.000673 0.194709 500.000000 10.893247
190 0.000808 0.145842 600.000000 10.489511
190 0.000710 0.061172 700.000000 10.920437
190 0.000621 0.031379 800.000000 11.126565
200 0.001320 0.043235 100.000000 7.092198
200 0.000937 0.093861 200.000000 9.389671
200 0.000791 0.130749 300.000000 9.646302
200 0.000759 0.163421 400.000000 10.498688
200 0.000659 0.193345 500.000000 10.989011
200 0.000798 0.135310 600.000000 10.582010
200 0.000707 0.054549 700.000000 11.006289
200 0.000981 0.034438 800.000000 11.173184
210 0.001435 0.053021 100.000000 7.299270
210 0.000978 0.104968 200.000000 9.615385
210 0.000865 0.143490 300.000000 9.803922
210 0.000799 0.176489 400.000000 10.638298
210 0.000687 0.205495 500.000000 11.111111
210 0.000816 0.135835 600.000000 10.676157
210 0.000717 0.054234 700.000000 11.093502
210 0.001072 0.038689 800.000000 11.220197
220 0.001459 0.062738 100.000000 7.575758
220 0.000983 0.109442 200.000000 9.852217
220 0.000850 0.145917 300.000000 10.000000
220 0.000784 0.179284 400.000000 10.781672
220 0.000679 0.207623 500.000000 11.185682
220 0.000813 0.127848 600.000000 10.771993
220 0.000712 0.049354 700.000000 11.182109
220 0.001067 0.044560 800.000000 11.283498
230 0.001439 0.075889 100.000000 7.812500
230 0.001056 0.118518 200.000000 10.000000
230 0.000887 0.155714 300.000000 10.135135
230 0.000795 0.188550 400.000000 10.899182
230 0.000690 0.215471 500.000000 11.235955
230 0.000816 0.123785 600.000000 10.869565
230 0.000717 0.045681 700.000000 11.254020
230 0.001072 0.051343 800.000000 11.331445
240 0.001399 0.084377 100.000000 8.064516
240 0.001017 0.122486 200.000000 10.050251
240 0.000872 0.157060 300.000000 10.273973
240 0.000777 0.188638 400.000000 11.019283
240 0.000673 0.213177 500.000000 11.185682
240 0.000805 0.113466 600.000000 10.968922
240 0.000699 0.038759 700.000000 11.308562
240 0.001047 0.060392 800.000000 11.379801
250 0.001357 0.090799 100.000000 8.333333
250 0.000973 0.123674 200.000000 10.000000
250 0.000846 0.154811 300.000000 10.452962
250 0.000764 0.186166 400.000000 11.142061
250 0.000784 0.203881 500.000000 11.013216
250 0.000788 0.101105 600.000000 11.049724
250 0.000683 0.033395 700.000000 11.382113
250 0.001030 0.069316 800.000000 11.444921
260 0.001365 0.098800 100.000000 8.620689
260 0.000977 0.128673 200.000000 9.900990
260 0.000848 0.158454 300.000000 10.600707
260 0.000756 0.189006 400.000000 11.267606
260 0.000873 0.197502 500.000000 10.893247
260 0.000793 0.092803 600.000000 11.131725
260 0.000676 0.031348 700.000000 11.456629
260 0.001024 0.077749 800.000000 11.510792
270 0.001404 0.107803 100.000000 8.928572
270 0.001008 0.133620 200.000000 9.900990
270 0.000870 0.163744 300.000000 10.752688
270 0.000750 0.192448 400.000000 11.428572
270 0.000922 0.190553 500.000000 10.893247
270 0.000786 0.086090 600.000000 11.235955
270 0.000683 0.029314 700.000000 11.532125
270 0.001026 0.084428 800.000000 11.594203
280 0.001355 0.106064 100.000000 9.433962
280 0.000999 0.130514 200.000000 10.101010
280 0.000856 0.160641 300.000000 10.989011
280 0.000750 0.188615 400.000000 11.627907
280 0.000909 0.178022 500.000000 10.964912
280 0.000769 0.077526 600.000000 11.363636
280 0.000676 0.028927 700.000000 11.627907
280 0.001016 0.091289 800.000000 11.695907
290 0.001144 0.081949 100.000000 10.101010
290 0.000888 0.108168 200.000000 10.362695
290 0.000785 0.137793 300.000000 11.278195
290 0.000702 0.166658 400.000000 11.834319
290 0.000860 0.151610 500.000000 11.111111
290 0.000727 0.059589 600.000000 11.516315
290 0.000643 0.030346 700.000000 11.744967
290 0.000986 0.100411 800.000000 11.799410
300 0.000708 0.043286 100.000000 10.869565
300 0.000695 0.069888 200.000000 10.695188
300 0.000658 0.099482 300.000000 11.583012
300 0.000606 0.128208 400.000000 12.084592
300 0.000779 0.112231 500.000000 11.261261
300 0.000666 0.035627 600.000000 11.673152
300 0.000587 0.039669 700.000000 11.884550
300 0.000945 0.110130 800.000000 11.922503
310 0.000615 0.027718 100.000000 11.764706
310 0.000601 0.054125 200.000000 11.049724
310 0.000600 0.083777 300.000000 11.857708
310 0.000558 0.112444 400.000000 12.307693
310 0.000743 0.092635 500.000000 11.415525
310 0.000638 0.025851 600.000000 11.834319
310 0.000550 0.046582 700.000000 12.006861
310 0.000927 0.116335 800.000000 12.048193
320 0.000681 0.026682 100.000000 12.658228
320 0.000612 0.053419 200.000000 11.299435
320 0.000592 0.082551 300.000000 12.145749
320 0.000554 0.110559 400.000000 12.539185
320 0.000734 0.084587 500.000000 11.547344
320 0.000641 0.022575 600.000000 11.952191
320 0.000550 0.050616 700.000000 12.110726
320 0.000921 0.123155 800.000000 12.139606
330 0.000550 0.024076 100.000000 13.333333
330 0.000541 0.044885 200.000000 11.560694
330 0.000584 0.073930 300.000000 12.295082
330 0.000519 0.101069 400.000000 12.658228
330 0.000708 0.067277 500.000000 11.627907
330 0.000612 0.020712 600.000000 12.048193
330 0.000526 0.058225 700.000000 12.152778
330 0.000917 0.131931 800.000000 12.213740
340 0.000565 0.016410 100.000000 13.698630
340 0.000530 0.043169 200.000000 11.695907
340 0.000575 0.072155 300.000000 12.448133
340 0.000505 0.099385 400.000000 12.698413
340 0.000700 0.055254 500.000000 11.709601
340 0.000610 0.024305 600.000000 12.096774
340 0.001012 0.064279 700.000000 12.131716
340 0.000907 0.142154 800.000000 12.251148
350 0.000554 0.015485 100.000000 13.698630
350 0.000564 0.046121 200.000000 11.764706
350 0.000564 0.075473 300.000000 12.500000
350 0.000497 0.101485 400.000000 12.658228
350 0.000690 0.044391 500.000000 11.737089
350 0.000594 0.031343 600.000000 12.096774
350 0.001020 0.076746 700.000000 12.110726
350 0.000904 0.153015 800.000000 12.269938
360 0.000692 0.022242 100.000000 13.333333
360 0.000600 0.054518 200.000000 11.834319
360 0.000580 0.084245 300.000000 12.500000
360 0.000495 0.108248 400.000000 12.461060
360 0.000685 0.037794 500.000000 11.764706
360 0.000589 0.038046 600.000000 12.096774
360 0.001006 0.090939 700.000000 12.068966
360 0.000900 0.165268 800.000000 12.232416
370 0.000728 0.026435 100.000000 12.195122
370 0.000610 0.057173 200.000000 11.834319
370 0.000569 0.085739 300.000000 12.500000
370 0.000670 0.100475 400.000000 11.834319
370 0.000679 0.029838 500.000000 11.792453
370 0.000566 0.047393 600.000000 12.096774
370 0.000986 0.104574 700.000000 12.068966
370 0.000897 0.177190 800.000000 12.102875
380 0.000761 0.029447 100.000000 10.869565
380 0.000629 0.059347 200.000000 11.834319
380 0.000541 0.087706 300.000000 12.500000
380 0.000805 0.089007 400.000000 11.461318
380 0.000666 0.023607 500.000000 11.792453
380 0.000568 0.055320 600.000000 12.072434
380 0.000980 0.117958 700.000000 12.068966
380 0.000890 0.189005 800.000000 11.958146
390 0.000890 0.041877 100.000000 10.309278
390 0.000683 0.070102 200.000000 11.834319
390 0.000591 0.097695 300.000000 12.448133
390 0.000808 0.080132 400.000000 11.299435
390 0.000667 0.025330 500.000000 11.792453
390 0.000578 0.063040 600.000000 12.024048
390 0.000993 0.131287 700.000000 12.068966
390 0.000905 0.201652 800.000000 11.834319
400 0.000776 0.040904 100.000000 10.101010
400 0.000642 0.065120 200.000000 11.764706
400 0.000545 0.090410 300.000000 12.396694
400 0.000768 0.058269 400.000000 11.235955
400 0.000643 0.031850 500.000000 11.792453
400 0.000548 0.072896 600.000000 11.976048
400 0.000987 0.146162 700.000000 12.048193
400 0.000885 0.212785 800.000000 11.730206
410 0.000858 0.055632 100.000000 10.000000
410 0.000722 0.078959 200.000000 11.764706
410 0.000557 0.103081 300.000000 12.345679
410 0.000792 0.053096 400.000000 11.235955
410 0.000663 0.038488 500.000000 11.764706
410 0.000961 0.078579 600.000000 11.881188
410 0.001002 0.159715 700.000000 12.048193
410 0.000988 0.223653 800.000000 11.611031
420 0.000567 0.028353 100.000000 10.101010
420 0.000599 0.054529 200.000000 11.764706
420 0.000512 0.078297 300.000000 12.244898
420 0.000741 0.024248 400.000000 11.267606
420 0.000615 0.050110 500.000000 11.764706
420 0.001100 0.093911 600.000000 11.834319
420 0.000956 0.171550 700.000000 12.048193
430 0.000524 0.025007 100.000000 10.309278
430 0.000546 0.049107 200.000000 11.904762
430 0.000473 0.071207 300.000000 12.145749
430 0.000711 0.018946 400.000000 11.331445
430 0.000587 0.058792 500.000000 11.820331
430 0.001074 0.107100 600.000000 11.834319
430 0.000936 0.181566 700.000000 12.048193
440 0.000603 0.027140 100.000000 10.752688
440 0.000552 0.052815 200.000000 12.195122
440 0.000506 0.071745 300.000000 11.952191
440 0.000714 0.020272 400.000000 11.461318
440 0.000575 0.063959 500.000000 11.904762
440 0.001061 0.116273 600.000000 11.904762
440 0.000948 0.189191 700.000000 12.068966
450 0.000625 0.028373 100.000000 11.363636
450 0.000586 0.055082 200.000000 12.578616
450 0.000733 0.067622 300.000000 11.673152
450 0.000725 0.022640 400.000000 11.627907
450 0.000573 0.068604 500.000000 12.019231
450 0.001053 0.124400 600.000000 12.000000
450 0.000940 0.196147 700.000000 12.068966
460 0.000659 0.028193 100.000000 12.048193
460 0.000582 0.056690 200.000000 12.987013
460 0.000847 0.064006 300.000000 11.583012
460 0.000726 0.025022 400.000000 11.834319
460 0.000569 0.072221 500.000000 12.165450
460 0.001048 0.131293 600.000000 12.121212
460 0.000940 0.202192 700.000000 12.089810
470 0.000641 0.026244 100.000000 12.820513
470 0.000544 0.052887 200.000000 13.333333
470 0.000895 0.051990 300.000000 11.583012
470 0.000696 0.032386 400.000000 11.976048
470 0.000562 0.076904 500.000000 12.285012
470 0.001036 0.137374 600.000000 12.244898
470 0.000925 0.207246 700.000000 12.089810
480 0.000636 0.026309 100.000000 13.333333
480 0.000572 0.049832 200.000000 13.698630
480 0.000876 0.039408 300.000000 11.583012
480 0.000677 0.039634 400.000000 12.121212
480 0.000553 0.081969 500.000000 12.376238
480 0.001028 0.146719 600.000000 12.320329
480 0.000922 0.213711 700.000000 12.068966
490 0.000648 0.026181 100.000000 13.698630
490 0.000575 0.052313 200.000000 13.793103
490 0.000861 0.029928 300.000000 11.627907
490 0.000682 0.047035 400.000000 12.195122
490 0.000536 0.087784 500.000000 12.406948
490 0.001038 0.155860 600.000000 12.396694
490 0.000929 0.222810 700.000000 12.027492
500 0.000680 0.025292 100.000000 13.888889
500 0.000546 0.049698 200.000000 13.888889
500 0.000830 0.020040 300.000000 11.627907
500 0.000652 0.056469 400.000000 12.232416
500 0.000524 0.093885 500.000000 12.376238
500 0.001041 0.166871 600.000000 12.422360
500 0.000913 0.230707 700.000000 11.965812
510 0.000706 0.028562 100.000000 13.888889
510 0.000542 0.051279 200.000000 13.793103
510 0.000827 0.018428 300.000000 11.627907
510 0.000647 0.065003 400.000000 12.232416
510 0.001206 0.098234 500.000000 12.285012
510 0.001033 0.179447 600.000000 12.422360
520 0.000612 0.027815 100.000000 13.888889
520 0.000509 0.047137 200.000000 13.513514
520 0.000795 0.027706 300.000000 11.627907
520 0.000621 0.075150 400.000000 12.195122
520 0.001196 0.115509 500.000000 12.165450
520 0.001019 0.191694 600.000000 12.396694
530 0.000581 0.029446 100.000000 13.698630
530 0.000457 0.044717 200.000000 12.738853
530 0.000765 0.038887 300.000000 11.673152
530 0.000584 0.083993 400.000000 12.158054
530 0.001162 0.131184 500.000000 12.106538
530 0.001012 0.204503 600.000000 12.295082
540 0.000542 0.028839 100.000000 13.698630
540 0.000907 0.030270 200.000000 11.428572
540 0.000753 0.050211 300.000000 11.673152
540 0.000551 0.091645 400.000000 12.121212
540 0.001140 0.143996 500.000000 12.106538
540 0.001000 0.215117 600.000000 12.096774
550 0.000519 0.026192 100.000000 13.698630
550 0.001029 0.017754 200.000000 10.869565
550 0.000713 0.062183 300.000000 11.673152
550 0.000554 0.097126 400.000000 12.121212
550 0.001122 0.156967 500.000000 12.106538
550 0.000986 0.225300 600.000000 11.904762
560 0.000534 0.024334 100.000000 13.698630
560 0.000978 0.018125 200.000000 10.695188
560 0.000693 0.071280 300.000000 11.718750
560 0.000529 0.103481 400.000000 12.048193
560 0.001127 0.169477 500.000000 12.106538
560 0.000991 0.235318 600.000000 11.764706
570 0.000444 0.022575 100.000000 13.513514
570 0.000927 0.030824 200.000000 10.638298
570 0.000666 0.079599 300.000000 11.718750
570 0.000511 0.107738 400.000000 11.976048
570 0.001136 0.180752 500.000000 12.106538
570 0.000973 0.243442 600.000000 11.650485
580 0.000453 0.021144 100.000000 13.333333
580 0.000897 0.044771 200.000000 10.695188
580 0.000652 0.086824 300.000000 11.718750
580 0.001348 0.108252 400.000000 11.869436
580 0.001115 0.190774 500.000000 12.106538
590 0.000461 0.020392 100.000000 12.987013
590 0.000889 0.057497 200.000000 10.695188
590 0.000627 0.095616 300.000000 11.673152
590 0.001357 0.125858 400.000000 11.764706
590 0.001115 0.205354 500.000000 12.077294
600 0.000367 0.024718 100.000000 11.764706
600 0.000857 0.069102 200.000000 10.752688
600 0.000607 0.102102 300.000000 11.673152
600 0.001328 0.141037 400.000000 11.730206
600 0.001108 0.217229 500.000000 12.019231
610 0.001164 0.017614 100.000000 9.803922
610 0.000865 0.079833 200.000000 10.752688
610 0.000574 0.109515 300.000000 11.627907
610 0.001318 0.157609 400.000000 11.695907
610 0.001107 0.230420 500.000000 11.792453
620 0.001597 0.025879 100.000000 8.928572
620 0.000854 0.090574 200.000000 10.810811
620 0.000602 0.116086 300.000000 11.583012
620 0.001308 0.174583 400.000000 11.695907
620 0.001109 0.245134 500.000000 11.574074
630 0.001485 0.047795 100.000000 8.695652
630 0.000787 0.098891 200.000000 10.810811
630 0.000558 0.118160 300.000000 11.538462
630 0.001309 0.183768 400.000000 11.730206
630 0.001108 0.251651 500.000000 11.441648
640 0.001473 0.064426 100.000000 8.695652
640 0.000805 0.106952 200.000000 10.869565
640 0.000581 0.123981 300.000000 11.494253
640 0.001338 0.200309 400.000000 11.730206
640 0.001109 0.264494 500.000000 11.337869
650 0.001503 0.083406 100.000000 8.695652
650 0.000794 0.115124 200.000000 10.928962
650 0.001077 0.126012 300.000000 11.406844
650 0.001357 0.215178 400.000000 11.764706
650 0.001261 0.274284 500.000000 11.185682
660 0.001495 0.100519 100.000000 8.849558
660 0.000798 0.123493 200.000000 10.989011
660 0.001747 0.138477 300.000000 11.363636
660 0.001350 0.229371 400.000000 11.799410
670 0.001490 0.116402 100.000000 9.090909
670 0.000819 0.131879 200.000000 11.111111
670 0.001736 0.156403 300.000000 11.406844
670 0.001339 0.243031 400.000000 11.869436
680 0.001466 0.126602 100.000000 9.523809
680 0.000800 0.137413 200.000000 11.363636
680 0.001722 0.169257 300.000000 11.538462
680 0.001337 0.252008 400.000000 11.976048
690 0.001393 0.118775 100.000000 10.101010
690 0.000736 0.128883 200.000000 11.764706
690 0.001683 0.165801 300.000000 11.811024
690 0.001337 0.247500 400.000000 12.121212
700 0.000927 0.071073 100.000000 10.869565
700 0.000516 0.084037 200.000000 12.195122
700 0.001518 0.126605 300.000000 12.096774
700 0.001217 0.208176 400.000000 12.232416
710 0.000635 0.042581 100.000000 11.627907
710 0.000354 0.053385 200.000000 12.658228
710 0.001426 0.100596 300.000000 12.396694
710 0.001146 0.180178 400.000000 12.383901
720 0.000330 0.019913 100.000000 12.500000
720 0.000281 0.025422 200.000000 13.071896
720 0.001318 0.074926 300.000000 12.711864
720 0.001065 0.154805 400.000000 12.422360
730 0.000136 0.016037 100.000000 13.333333
730 0.000240 0.017278 200.000000 13.422819
730 0.001253 0.070381 300.000000 12.931034
730 0.001022 0.147758 400.000000 12.422360
740 0.000108 0.018243 100.000000 13.888889
740 0.000265 0.017989 200.000000 13.605442
740 0.001275 0.081458 300.000000 13.100436
740 0.001028 0.156368 400.000000 12.383901
750 0.000136 0.016209 100.000000 14.285714
750 0.000265 0.017337 200.000000 13.605442
750 0.001298 0.091547 300.000000 13.215859
750 0.001029 0.165056 400.000000 12.269938
760 0.000092 0.017006 100.000000 14.285714
760 0.000264 0.016659 200.000000 13.422819
760 0.001298 0.107568 300.000000 13.215859
760 0.001133 0.173076 400.000000 12.084592
770 0.000114 0.018198 100.000000 14.084507
770 0.001884 0.009243 200.000000 13.071896
770 0.001300 0.121309 300.000000 13.215859
780 0.000231 0.017853 100.000000 13.888889
780 0.001901 0.036371 200.000000 12.820513
780 0.001308 0.143749 300.000000 13.100436
790 0.000270 0.018626 100.000000 13.698630
790 0.001819 0.062090 200.000000 12.738853
790 0.001326 0.163473 300.000000 12.711864
800 0.000351 0.018864 100.000000 13.333333
800 0.001860 0.081931 200.000000 12.658228
800 0.001321 0.176297 300.000000 12.244898
810 0.000426 0.018787 100.000000 13.157895
810 0.001848 0.114402 200.000000 12.658228
810 0.001352 0.201551 300.000000 11.904762
820 0.000552 0.019417 100.000000 12.820513
820 0.001905 0.129282 200.000000 12.658228
820 0.001327 0.211231 300.000000 11.627907
830 0.000902 0.016915 100.000000 12.345679
830 0.001890 0.155078 200.000000 12.658228
830 0.001549 0.222861 300.000000 11.363636
840 0.003653 0.009785 100.000000 12.048193
840 0.001903 0.177366 200.000000 12.658228
850 0.003584 0.056140 100.000000 11.764706
850 0.001866 0.201690 200.000000 12.578616
860 0.003492 0.112459 100.000000 11.627907
860 0.001930 0.232483 200.000000 12.269938
870 0.003520 0.154977 100.000000 11.764706
870 0.001917 0.257361 200.000000 11.764706
880 0.003439 0.190813 100.000000 11.904762
880 0.001888 0.272586 200.000000 11.363636
890 0.003557 0.236932 100.000000 12.048193
890 0.001936 0.300015 200.000000 11.111111
900 0.003623 0.272667 100.000000 12.345679
900 0.001899 0.318055 200.000000 10.989011
910 0.003007 0.252430 100.000000 12.658228
910 0.001925 0.267930 200.000000 10.810811
920 0.000258 0.021113 100.000000 12.987013
930 0.000288 0.018489 100.000000 13.333333
940 0.000343 0.016044 100.000000 13.157895
950 0.000397 0.017187 100.000000 12.048193
960 0.000360 0.019834 100.000000 10.989011
970 0.000345 0.017917 100.000000 10.204082
980 0.000267 0.014347 100.000000 9.708738
990 0.000901 0.025695 100.000000 9.090909
