1 0 0 0 0 1 0 0 0 0 1 0
0.999999 0.00136098 0.00137738 -0.0086968 -0.00135402 0.999987 -0.00488843 -0.00746731 -0.00138401 0.00488661 0.999987 0.955147
0.999997 0.000790578 0.00229539 -0.0113247 -0.000779399 0.999988 -0.00485986 -0.0213102 -0.00229918 0.00485805 0.999985 1.90871
0.999995 -8.42482e-05 0.00355671 -0.0156594 9.35395e-05 0.999996 -0.00255972 -0.0249487 -0.00355652 0.00256008 0.999991 2.85763
0.999999 -0.000850476 0.00170263 -0.0141378 0.000851333 0.999999 -0.000506254 -0.0295232 -0.00170223 0.000507561 0.999998 3.81293
1 -0.00164303 0.000292627 -0.0150191 0.00164315 0.999998 0.000139304 -0.0460074 -0.000292906 -0.000138807 1 4.75064
0.999988 -0.00501915 0.000311555 -0.0156264 0.00501997 0.999983 -0.00273715 -0.0642088 -0.000297831 0.00273856 0.999996 5.69474
0.999991 -0.00444548 -0.00145251 -0.0116356 0.0044416 0.999986 -0.00275761 -0.0660432 0.00146466 0.00275117 0.999996 6.62269
0.999986 -0.00495595 -0.00206667 -0.0177794 0.00495028 0.999984 -0.0027103 -0.0727581 0.00208009 0.00269994 0.999994 7.54792
0.999989 -0.00472856 -0.00191363 -0.0292175 0.00472593 0.999988 -0.00143556 -0.08036 0.00192043 0.00142666 0.999998 8.4762
0.999984 -0.00452392 -0.00358726 -0.0304001 0.00452408 0.99999 5.03771e-05 -0.0876253 0.00358714 -6.67759e-05 0.999994 9.40255
0.999983 -0.00417642 -0.00448327 -0.0361888 0.00418269 0.99999 0.0013578 -0.0950598 0.00447785 -0.00137644 0.999991 10.3184
0.999983 -0.0044032 -0.00405469 -0.0428451 0.00441247 0.999988 0.0023045 -0.101864 0.00404471 -0.00232254 0.99999 11.2299
0.999976 -0.00455503 -0.00568712 -0.0429208 0.00457089 0.999986 0.0027493 -0.101744 0.00567491 -0.00277518 0.999982 12.1406
0.999971 -0.00446625 -0.00646761 -0.049242 0.00448483 0.999986 0.00288074 -0.10043 0.00645484 -0.00290976 0.999976 13.044
0.999971 -0.00454149 -0.0066163 -0.0584048 0.00456156 0.999985 0.00299994 -0.0980016 0.00660296 -0.00303001 0.999976 13.9431
0.999951 -0.00436687 -0.00916607 -0.0641079 0.00439625 0.999986 0.00319941 -0.098408 0.00915211 -0.00323958 0.999954 14.845
0.999939 -0.00412913 -0.0105661 -0.0759083 0.00416409 0.999987 0.0032702 -0.0960214 0.0105527 -0.00331398 0.999941 15.739
0.999934 -0.00377257 -0.0110713 -0.0951011 0.00381095 0.999987 0.00345801 -0.0964156 0.0110582 -0.00350003 0.999934 16.6265
0.999909 -0.0026882 -0.0134541 -0.11407 0.00272932 0.999992 0.00302497 -0.0941312 0.0134461 -0.0030614 0.999907 17.5175
0.999888 -0.00270009 -0.0149197 -0.135019 0.00275612 0.99999 0.00374212 -0.0995695 0.0149095 -0.0037829 0.999884 18.4037
0.99988 -0.00291177 -0.0154809 -0.157795 0.00298421 0.999985 0.00464817 -0.101101 0.0154673 -0.0046938 0.999872 19.2853
0.999846 -0.00286044 -0.0174993 -0.177287 0.00295502 0.999982 0.00538619 -0.102565 0.0174836 -0.00543712 0.999835 20.1687
0.999817 -0.00294024 -0.0191473 -0.19663 0.00305539 0.999978 0.00597813 -0.108533 0.0191294 -0.00603558 0.999803 21.0392
0.999802 -0.00272351 -0.0199003 -0.222116 0.0028519 0.999976 0.0064283 -0.110989 0.0198823 -0.0064838 0.999785 21.8974
0.999758 -0.00260047 -0.0220561 -0.243404 0.00275311 0.999973 0.00688298 -0.109859 0.0220377 -0.00694215 0.999737 22.7636
0.999758 -0.00270148 -0.022012 -0.268193 0.00288359 0.999963 0.00824775 -0.109613 0.0219888 -0.00830916 0.999727 23.6091
0.999724 -0.00319464 -0.0234762 -0.292203 0.00343532 0.999943 0.010212 -0.110346 0.0234423 -0.01029 0.999677 24.4693
0.999712 -0.00294556 -0.0239972 -0.315334 0.00321686 0.999932 0.0112786 -0.108324 0.0239622 -0.0113525 0.999652 25.3088
0.999725 -0.00268552 -0.0235121 -0.340166 0.00295929 0.999929 0.0116044 -0.105613 0.0234793 -0.011671 0.999661 26.1287
0.999695 -0.00217058 -0.0247494 -0.363465 0.00246227 0.999929 0.0117676 -0.102856 0.024722 -0.0118249 0.999628 26.9503
0.999681 -0.00209286 -0.0254055 -0.388644 0.00240281 0.999924 0.0121653 -0.100594 0.0253782 -0.0122227 0.999608 27.75
0.999675 -0.00183719 -0.0255743 -0.413446 0.00216019 0.999919 0.0126162 -0.0955233 0.025549 -0.0126673 0.999597 28.5364
0.999627 -0.00161929 -0.0274711 -0.437157 0.0019789 0.999914 0.0130614 -0.0941648 0.0274478 -0.0131112 0.999542 29.3238
0.999574 -0.00118084 -0.029314 -0.462012 0.00157457 0.99991 0.013417 -0.0894557 0.0292954 -0.0134575 0.999484 30.094
0.999547 -0.000844651 -0.0302754 -0.489777 0.00126805 0.999903 0.0139606 -0.0869682 0.0302609 -0.013993 0.999449 30.8576
0.999462 -0.000746807 -0.0329174 -0.517575 0.00123513 0.999891 0.0148205 -0.0834367 0.0329026 -0.0148531 0.999352 31.6153
0.999399 -0.000494488 -0.0348133 -0.54587 0.00105214 0.999873 0.0159956 -0.0814026 0.0348012 -0.0160229 0.999271 32.3631
0.99935 -0.000130247 -0.0361738 -0.577157 0.000734387 0.999862 0.0166922 -0.0738932 0.0361664 -0.0167079 0.99921 33.1005
0.999261 0.000389745 -0.0385877 -0.60817 0.000273891 0.999854 0.0171866 -0.0682249 0.0385889 -0.0171847 0.999113 33.8231
0.99922 0.00102893 -0.0396053 -0.640788 -0.000340314 0.99985 0.0173945 -0.0570885 0.0396171 -0.0173674 0.999069 34.5362
0.999129 0.00126922 -0.0418618 -0.676069 -0.000525884 0.999843 0.0177583 -0.0512802 0.0418779 -0.017721 0.998971 35.2388
0.999071 0.00205587 -0.0431521 -0.714845 -0.00125136 0.999827 0.0186664 -0.0455449 0.0431827 -0.018595 0.998899 35.9423
0.999046 0.00229419 -0.0437781 -0.75338 -0.00144775 0.999814 0.0193499 -0.0338054 0.0438145 -0.0192683 0.998861 36.6319
0.999023 0.0027899 -0.0442084 -0.789692 -0.00192463 0.999808 0.0196074 -0.0216106 0.0442544 -0.0195031 0.998835 37.302
0.999077 0.00317553 -0.0430251 -0.82685 -0.002334 0.999808 0.0195867 -0.0103112 0.0430792 -0.0194684 0.998889 37.961
0.999181 0.00341557 -0.0404396 -0.859552 -0.00262186 0.999805 0.0196661 -0.000714736 0.0404988 -0.019544 0.998993 38.6109
0.999245 0.003367 -0.0389203 -0.886505 -0.00259204 0.9998 0.0199362 0.00684315 0.0389798 -0.0198205 0.999051 39.2503
0.99936 0.00356526 -0.0357276 -0.912912 -0.00282533 0.999783 0.0207422 0.017974 0.0357937 -0.0206281 0.999152 39.8904
0.999494 0.00394259 -0.0318339 -0.943525 -0.00324656 0.999757 0.0218758 0.0386143 0.0319125 -0.0217615 0.999261 40.5286
0.999555 0.00891383 -0.0286533 -0.967199 -0.00815628 0.99962 0.0264499 0.0450251 0.0288781 -0.0262045 0.999245 41.1403
0.999673 0.00933454 -0.0241747 -0.992181 -0.00868946 0.999609 0.02664 0.0610844 0.0244139 -0.0264213 0.99936 41.7408
0.999794 0.00959964 -0.0181489 -1.01003 -0.00910948 0.999599 0.0269015 0.0746301 0.0183998 -0.0267307 0.999479 42.3271
0.999878 0.00956867 -0.0130412 -1.02698 -0.00920526 0.999577 0.027627 0.0899615 0.0133001 -0.0275035 0.999541 42.8909
0.999937 0.00989567 -0.00619171 -1.03949 -0.00972021 0.99957 0.0277583 0.105847 0.00646372 -0.0276964 0.999601 43.4395
0.999956 0.0102903 0.00136678 -1.04656 -0.010324 0.999562 0.0277787 0.114321 -0.00108032 -0.0277915 0.999622 43.9666
0.999915 0.0106716 0.00815575 -1.0473 -0.010896 0.999552 0.0279787 0.120354 -0.00785349 -0.0280654 0.999581 44.4738
0.999819 0.0113836 0.0158847 -1.0472 -0.0118233 0.999542 0.0278846 0.130371 -0.0155599 -0.0280674 0.999494 44.9632
0.999639 0.0120425 0.0242441 -1.04264 -0.0127065 0.999545 0.0274259 0.138976 -0.0239027 -0.0277242 0.999337 45.4228
0.999427 0.0121291 0.0319019 -1.03281 -0.0130082 0.999538 0.0275048 0.138883 -0.0315535 -0.0279041 0.999121 45.8671
0.999122 0.0121399 0.0402431 -1.01584 -0.0132439 0.999542 0.0272811 0.147527 -0.0398933 -0.0277902 0.998825 46.2854
0.998796 0.0121529 0.0477515 -0.994363 -0.0134772 0.999532 0.0275148 0.14797 -0.0473946 -0.0281253 0.998489 46.6875
0.998375 0.0126271 0.0556923 -0.974429 -0.0141777 0.999522 0.0275357 0.157991 -0.0553178 -0.0282806 0.998076 47.0622
0.997801 0.0131032 0.0651401 -0.955298 -0.0149038 0.99952 0.0272375 0.164585 -0.0647518 -0.0281485 0.997513 47.418
0.997212 0.013413 0.0735043 -0.938909 -0.0154406 0.999516 0.0270871 0.170316 -0.0731051 -0.0281467 0.996935 47.7401
0.996516 0.0135238 0.0824159 -0.921635 -0.015806 0.999509 0.0271061 0.169577 -0.0820087 -0.0283144 0.996238 48.0445
0.995681 0.0131054 0.0919916 -0.887301 -0.0156896 0.999503 0.0274254 0.162269 -0.091586 -0.0287504 0.995391 48.3282
0.994669 0.0132938 0.102364 -0.856527 -0.0161645 0.999499 0.0272689 0.1664 -0.10195 -0.028778 0.994383 48.5918
0.993351 0.0134413 0.114398 -0.81807 -0.0166139 0.999504 0.0268268 0.174197 -0.11398 -0.0285492 0.993082 48.8551
0.991698 0.0136144 0.127947 -0.778339 -0.0171393 0.999504 0.0264911 0.186231 -0.127522 -0.028464 0.991437 49.1154
0.989606 0.0140948 0.143166 -0.742519 -0.0179992 0.999501 0.0260145 0.196238 -0.142727 -0.0283212 0.989366 49.3796
0.987036 0.0141801 0.159943 -0.695164 -0.0185429 0.999496 0.0258196 0.200836 -0.159496 -0.0284504 0.986799 49.6403
0.984191 0.0141624 0.176585 -0.645383 -0.0189845 0.999492 0.0256488 0.200498 -0.176131 -0.0285959 0.98396 49.8867
0.98075 0.0138565 0.194834 -0.579892 -0.0192107 0.999489 0.0256196 0.200266 -0.19438 -0.0288691 0.980512 50.1413
0.976653 0.0137496 0.214417 -0.513208 -0.0196541 0.999485 0.0254308 0.202381 -0.213956 -0.0290514 0.976421 50.3883
0.972113 0.0139316 0.234144 -0.444654 -0.0203658 0.99948 0.0250855 0.208287 -0.233673 -0.0291542 0.971888 50.6244
0.966723 0.0143234 0.255454 -0.374799 -0.0213122 0.999471 0.0246121 0.214866 -0.254966 -0.0292375 0.966518 50.8665
0.960384 0.0143478 0.278348 -0.291716 -0.0219572 0.999467 0.0242406 0.215572 -0.277852 -0.0293918 0.960185 51.1094
0.953126 0.0143097 0.302263 -0.207434 -0.0225728 0.999462 0.0238622 0.215531 -0.301759 -0.0295668 0.952936 51.3439
0.944645 0.0145028 0.327808 -0.113801 -0.0234202 0.999456 0.0232728 0.22134 -0.327293 -0.0296616 0.944468 51.5898
0.934618 0.0159191 0.355321 -0.0138833 -0.0258429 0.999398 0.0232008 0.226494 -0.354736 -0.0308665 0.934467 51.8429
0.923488 0.0158734 0.383328 0.0940892 -0.0265805 0.999391 0.0226521 0.222487 -0.382735 -0.0311078 0.923345 52.0761
0.910542 0.0157831 0.413137 0.220912 -0.027308 0.999386 0.0220064 0.215896 -0.412535 -0.0313198 0.910414 52.3069
0.894915 0.0157953 0.445983 0.360536 -0.0280967 0.999386 0.0209842 0.214286 -0.445378 -0.0313095 0.894807 52.5407
0.877559 0.0160276 0.479221 0.508535 -0.0290509 0.999384 0.019774 0.224389 -0.478607 -0.0312746 0.877484 52.7595
0.857745 0.0166068 0.51383 0.675128 -0.0300748 0.999389 0.0179047 0.235259 -0.513218 -0.0308108 0.857717 53.0006
0.835933 0.0165862 0.548598 0.841803 -0.0307604 0.999389 0.0166562 0.239915 -0.547985 -0.0307987 0.835933 53.2246
0.811339 0.0166818 0.584358 1.03298 -0.0315395 0.999388 0.0152607 0.246167 -0.583746 -0.0308119 0.811365 53.4587
0.783824 0.0167613 0.620772 1.2392 -0.0323111 0.999384 0.013814 0.251738 -0.620156 -0.0308856 0.783883 53.7063
0.754696 0.0167989 0.655876 1.45609 -0.033096 0.999376 0.0124858 0.250663 -0.655257 -0.0311297 0.754779 53.9381
0.721691 0.0164299 0.692035 1.70308 -0.0335782 0.999374 0.0112907 0.241579 -0.691414 -0.0313856 0.721791 54.1709
0.684265 0.0157155 0.729079 1.98485 -0.0338668 0.999375 0.0102434 0.233022 -0.728463 -0.0317007 0.684368 54.4106
0.645432 0.0157452 0.763669 2.28032 -0.0345958 0.999366 0.00863472 0.237076 -0.763046 -0.0319928 0.645568 54.6264
0.602655 0.0155955 0.797864 2.61047 -0.0349956 0.999365 0.00689949 0.243965 -0.79725 -0.0320797 0.602816 54.8548
0.556811 0.0154924 0.830508 2.95388 -0.0354391 0.999361 0.00511787 0.24466 -0.829894 -0.032282 0.557005 55.0591
0.508514 0.0149516 0.860937 3.33034 -0.035246 0.999374 0.00346252 0.246268 -0.860347 -0.0321053 0.508721 55.2563
0.459228 0.0143896 0.888215 3.7308 -0.0351348 0.999383 0.00197496 0.247221 -0.887635 -0.0321141 0.45945 55.4477
0.410301 0.0109166 0.911897 4.14119 -0.0391276 0.999221 0.00564334 0.262802 -0.911125 -0.0379957 0.410406 55.6133
0.36017 0.0110627 0.932835 4.57732 -0.0394981 0.999216 0.00340043 0.270991 -0.932062 -0.0380697 0.360325 55.7748
0.312294 0.00951676 0.94995 5.01459 -0.0411206 0.99915 0.00350879 0.27359 -0.949108 -0.0401582 0.312419 55.902
0.265822 0.00749783 0.964006 5.4832 -0.0386763 0.99925 0.00289294 0.270858 -0.963258 -0.0380529 0.265913 55.9945
0.221047 0.00203178 0.975274 5.97673 -0.0271981 0.999625 0.00408221 0.268159 -0.974897 -0.027428 0.221019 56.07
0.179029 6.10705e-05 0.983857 6.4805 -0.0247286 0.999686 0.00443776 0.26529 -0.983545 -0.0251236 0.178974 56.1304
0.14101 0.00112873 0.990021 6.98782 -0.0248204 0.999692 0.00239561 0.296614 -0.989711 -0.0249106 0.140995 56.1838
0.107392 -2.21182e-05 0.994231 7.51549 -0.0226627 0.999742 0.00247024 0.304786 -0.993971 -0.022797 0.107364 56.2269
0.0774967 -0.00154114 0.997005 8.05989 -0.0176149 0.999844 0.00291489 0.306003 -0.996851 -0.0177881 0.0774577 56.2556
0.0528628 -0.00218658 0.998614 8.6199 -0.0166902 0.999859 0.00307293 0.325135 -0.998475 -0.0168293 0.0528193 56.2674
0.0325302 -0.00213859 0.999482 9.19059 -0.0156687 0.999877 0.00264963 0.349153 -0.999363 -0.0157469 0.0324931 56.2724
0.0158991 -0.00194575 0.999885 9.77388 -0.0158331 0.999875 0.00219761 0.360732 -0.99976 -0.015866 0.0158668 56.2788
0.0029043 -0.00220181 1.00001 10.3592 -0.0157059 0.999878 0.00224737 0.369721 -0.999888 -0.0157127 0.00286984 56.2765
-0.00926751 -0.00218281 0.999969 10.9627 -0.0157792 0.999876 0.00203646 0.375966 -0.999845 -0.0157596 -0.00930029 56.2711
-0.0188075 -0.00180926 0.999835 11.5734 -0.0145216 0.999897 0.00153641 0.385758 -0.999733 -0.0144904 -0.0188312 56.2552
-0.0264346 -0.00211118 0.999663 12.1964 -0.0136501 0.999909 0.00175085 0.397287 -0.99957 -0.0135991 -0.0264604 56.2338
-0.0306374 -0.00224771 0.999542 12.8357 -0.0140227 0.999904 0.00181888 0.408911 -0.999448 -0.0139606 -0.0306653 56.212
-0.0347831 -0.00284983 0.999405 13.4824 -0.0142823 0.999898 0.00235424 0.416838 -0.999305 -0.0141917 -0.0348196 56.1965
-0.0365301 -0.00920182 0.999305 14.1518 -0.0158685 0.999841 0.00862686 0.429569 -0.999223 -0.0155424 -0.0366696 56.1755
-0.0379004 -0.0158513 0.99917 14.8256 -0.0145029 0.99978 0.0153109 0.434184 -0.999189 -0.0139104 -0.0381214 56.1516
-0.0383466 -0.0174195 0.999128 15.5068 -0.0144473 0.999756 0.0168763 0.448103 -0.999177 -0.0137876 -0.0385882 56.1224
-0.0389051 -0.0166086 0.999119 16.1896 -0.0143113 0.999771 0.0160623 0.46367 -0.999153 -0.0136736 -0.0391333 56.0968
-0.0372117 -0.00864898 0.999285 16.8846 -0.0153687 0.999853 0.00808179 0.483659 -0.999206 -0.0150571 -0.0373384 56.0694
-0.0353101 -0.0024837 0.999388 17.5819 -0.0150958 0.999887 0.00195173 0.490684 -0.999275 -0.0150175 -0.035343 56.0455
-0.0336051 -0.00157153 0.999449 18.2895 -0.0149823 0.999891 0.0010687 0.508215 -0.99934 -0.0149382 -0.0336243 56.0276
-0.0306267 -0.00416969 0.999537 19.025 -0.0150677 0.999882 0.00370958 0.505202 -0.99943 -0.0149469 -0.0306854 56.0079
-0.0282313 -0.0117718 0.999548 19.7589 -0.0146978 0.999831 0.0113604 0.501483 -0.999511 -0.0143705 -0.0283988 55.9926
-0.0261334 -0.0146103 0.999566 20.4821 -0.0129589 0.999817 0.0142753 0.496397 -0.999589 -0.01258 -0.0263173 55.9781
-0.0225205 -0.0101503 0.999711 21.2094 -0.00694868 0.99993 0.00999636 0.485329 -0.99974 -0.00672171 -0.0225888 55.9575
-0.0195641 -0.00698768 0.999798 21.9367 -0.00401982 0.999971 0.00691038 0.476495 -0.999815 -0.00388361 -0.019591 55.9432
-0.0179601 -0.0072243 0.999829 22.6627 -0.0059114 0.999962 0.00711945 0.485149 -0.999839 -0.00578266 -0.0180016 55.9408
-0.0134249 -0.0125943 0.999845 23.4042 -0.00988603 0.999876 0.0124621 0.489013 -0.999875 -0.00971703 -0.0135473 55.9423
-0.00912136 -0.0146571 0.999867 24.1356 -0.00782041 0.999867 0.0145862 0.493839 -0.999946 -0.00768652 -0.00923427 55.9338
-0.00679146 -0.0142399 0.99989 24.8653 -0.00222252 0.999899 0.0142251 0.479173 -0.999989 -0.0021255 -0.00682194 55.9301
-0.00322883 -0.0137199 0.999916 25.6053 -0.00332211 0.999905 0.0137094 0.496342 -1.00001 -0.00327782 -0.00327352 55.9302
0.000270413 -0.0139305 0.999918 26.3395 -0.00365671 0.999899 0.0139313 0.513195 -1.00001 -0.00366002 0.000220011 55.9384
0.00322809 -0.0150153 0.999898 27.0762 -0.00327915 0.999886 0.0150261 0.514133 -1.00001 -0.00332762 0.0031791 55.9481
0.00766573 -0.0161729 0.999855 27.8204 -0.00199986 0.99987 0.0161885 0.517878 -0.999984 -0.0021235 0.00763301 55.9542
0.0108119 -0.017157 0.99981 28.5607 0.00290922 0.999854 0.0171267 0.509013 -0.999957 0.00272315 0.0108608 55.9587
0.0134401 -0.0171787 0.999778 29.2941 0.00256697 0.999853 0.0171456 0.526291 -0.999922 0.00233611 0.0134828 55.967
0.01682 -0.0173648 0.999724 30.0374 0.00221896 0.999852 0.0173301 0.540853 -0.999876 0.00192653 0.0168566 55.9808
0.0199943 -0.0181641 0.999652 30.7807 0.00281114 0.999835 0.0181114 0.553512 -0.999813 0.00244818 0.0200426 55.9947
0.0227595 -0.0186028 0.999584 31.5222 0.00297864 0.999828 0.0185399 0.563607 -0.999756 0.00255522 0.0228114 56.0112
0.026343 -0.0184116 0.9995 32.2679 0.00209817 0.999832 0.0183626 0.579238 -0.999668 0.00161358 0.0263778 56.0349
0.0293033 -0.0185136 0.999416 33.0162 0.00161818 0.999832 0.0184742 0.595826 -0.999589 0.00107562 0.0293289 56.0642
0.0315545 -0.0192311 0.999334 33.7636 0.00262402 0.999816 0.0191577 0.601136 -0.999516 0.00201801 0.0315997 56.0892
0.0348929 -0.0195286 0.999218 34.5107 0.00191208 0.999812 0.0194739 0.622838 -0.999409 0.00123085 0.0349242 56.1219
0.0362095 -0.0195163 0.999171 35.2859 0.00189234 0.999812 0.0194604 0.639556 -0.99936 0.00118645 0.0362399 56.1668
0.0428189 -0.019496 0.99891 36.0225 0.0019493 0.999813 0.0194304 0.661681 -0.999102 0.0011149 0.042849 56.1787
0.0445724 -0.0199473 0.998825 36.7771 0.00177236 0.999804 0.019888 0.671669 -0.999023 0.000884174 0.0445992 56.2192
0.0471209 -0.0171357 0.99876 37.5351 0.00138498 0.999857 0.0170896 0.67741 -0.99891 0.000577712 0.0471381 56.2607
0.0512984 -0.0169035 0.998559 38.3001 0.00181574 0.99986 0.0168325 0.694643 -0.9987 0.000950017 0.0513221 56.2998
0.0544472 -0.0166794 0.998396 39.0683 0.000431305 0.999865 0.0166809 0.711234 -0.998539 -0.000477854 0.0544471 56.3505
0.0567629 -0.0159317 0.99828 39.8415 -0.00331018 0.999866 0.0161455 0.755407 -0.998402 -0.00422052 0.0567028 56.41
0.0606601 -0.0166444 0.998038 40.6226 -0.0023722 0.99986 0.0168194 0.754686 -0.998178 -0.00338801 0.0606122 56.4613
0.0644819 -0.0165293 0.997801 41.4058 -0.00276033 0.999859 0.0167419 0.768808 -0.997935 -0.0038334 0.0644273 56.5142
0.0675564 -0.0165209 0.997598 42.1978 -0.00390835 0.999855 0.0168233 0.783971 -0.997731 -0.00503569 0.067482 56.5768
0.0724047 -0.0171351 0.997248 42.9909 -0.00280375 0.999848 0.0173836 0.798216 -0.997391 -0.00405428 0.0723459 56.6415
0.0772464 -0.0172413 0.996882 43.7881 -0.0023452 0.999849 0.0174746 0.805401 -0.997033 -0.00368791 0.0771942 56.7038
0.0812639 -0.0146559 0.996604 44.5843 -0.00351937 0.999884 0.0149914 0.819723 -0.996706 -0.00472522 0.0812031 56.7786
0.0877244 -0.0134998 0.996073 45.3774 -0.00346383 0.999903 0.0138571 0.821631 -0.996163 -0.00466609 0.087669 56.8601
0.0949362 -0.00925191 0.995461 46.1756 -0.00288166 0.999953 0.0095687 0.833454 -0.995499 -0.00377654 0.0949053 56.936
0.101514 -0.00972605 0.994806 46.9757 -0.0030418 0.999949 0.0100871 0.844954 -0.994854 -0.00405023 0.101479 57.0339
0.109793 -0.0113135 0.99391 47.7867 -0.00306142 0.99993 0.0117204 0.851323 -0.99397 -0.00432914 0.109751 57.1327
0.117457 -0.012251 0.993023 48.5999 -0.00302118 0.999919 0.0126938 0.853923 -0.993098 -0.00449127 0.117411 57.2328
0.124172 -0.0134109 0.992191 49.4129 -0.00301634 0.999902 0.0138929 0.862546 -0.992277 -0.00471745 0.12412 57.3401
0.133036 -0.0184361 0.990961 50.2298 -0.00297627 0.99982 0.0190009 0.884979 -0.991132 -0.00547734 0.132956 57.4583
0.14041 -0.024695 0.989807 51.0387 -0.00330915 0.999676 0.025411 0.913086 -0.990109 -0.00684302 0.140283 57.5865
0.147138 -0.026259 0.988788 51.8456 -0.0032607 0.999633 0.0270327 0.928657 -0.989136 -0.00720185 0.146998 57.7143
0.155345 -0.0260819 0.987538 52.6363 -0.003556 0.999634 0.0269611 0.947199 -0.987876 -0.00769952 0.155195 57.8382
0.161035 -0.0253236 0.986645 53.4241 -0.00367664 0.999652 0.0262581 0.959055 -0.986968 -0.00785618 0.160885 57.9719
0.165075 -0.0254523 0.985976 54.2027 -0.00339339 0.99965 0.0263739 0.980282 -0.986298 -0.00769897 0.164931 58.1087
0.171022 -0.0256194 0.984956 54.9786 -0.00296107 0.999648 0.0265163 1.00166 -0.985289 -0.00745157 0.170885 58.2511
0.176383 -0.0267558 0.983981 55.7467 -0.00280081 0.999617 0.0276835 1.02329 -0.984341 -0.00763829 0.17624 58.398
0.180809 -0.0289399 0.983115 56.5056 -0.00189946 0.999559 0.0297741 1.02619 -0.983543 -0.00725094 0.180674 58.5405
0.186038 -0.0350052 0.981943 57.2645 0.000396181 0.999372 0.035552 1.0532 -0.982566 -0.00622455 0.185935 58.6853
0.189312 -0.041576 0.981059 58.017 0.00271958 0.999126 0.0418175 1.08234 -0.981941 -0.00524853 0.189259 58.8325
0.191821 -0.0435916 0.980486 58.7443 0.00233186 0.999034 0.0439606 1.12157 -0.981451 -0.00614575 0.191738 58.9867
0.195748 -0.0448437 0.979652 59.4782 0.0018453 0.998974 0.0453602 1.14304 -0.980681 -0.00707143 0.195629 59.1373
0.197138 -0.0450691 0.979364 60.1898 0.00124535 0.998957 0.0457207 1.17881 -0.980399 -0.00779324 0.196989 59.2862
0.199674 -0.0452438 0.978841 60.9022 0.000817623 0.998945 0.0460071 1.21402 -0.979891 -0.00838612 0.1995 59.4427
0.201244 -0.040443 0.978731 61.5938 -0.000280516 0.999148 0.041345 1.24374 -0.979566 -0.00859463 0.201061 59.5956
0.202763 -0.0353071 0.978616 62.2724 -0.00167171 0.999341 0.036402 1.27357 -0.979256 -0.00901691 0.202569 59.7472
0.205361 -0.0350405 0.978083 62.955 -0.00105402 0.999354 0.0360245 1.29571 -0.97871 -0.00842867 0.205192 59.8962
0.206946 -0.0350899 0.977748 63.6223 -0.00154422 0.999349 0.0361928 1.33169 -0.97838 -0.00899977 0.206756 60.0447
0.207015 -0.0364441 0.977684 64.2842 -0.00165916 0.999295 0.0376015 1.35203 -0.978362 -0.009406 0.206808 60.1888
0.208423 -0.0370381 0.977362 64.934 -0.00269467 0.999262 0.0384434 1.37583 -0.978065 -0.0106461 0.208168 60.3311
0.208305 -0.0375858 0.977368 65.5784 -0.00376883 0.999228 0.0392303 1.39315 -0.978082 -0.0118552 0.208003 60.4708
0.206585 -0.0378893 0.97772 66.2129 -0.00436303 0.999209 0.0396448 1.41484 -0.978449 -0.0124558 0.206256 60.6079
0.205572 -0.0378311 0.977937 66.8319 -0.00527971 0.999199 0.0397642 1.4364 -0.978654 -0.0133375 0.205208 60.741
0.202836 -0.0384024 0.978485 67.4463 -0.00599751 0.999168 0.0404583 1.45303 -0.979225 -0.0140748 0.202436 60.8738
0.20143 -0.0350648 0.978902 68.0451 -0.00408003 0.999326 0.0366367 1.47873 -0.979521 -0.0113736 0.201151 60.9996
0.199271 -0.0350118 0.979345 68.6368 -0.00366054 0.999333 0.0364722 1.49792 -0.979969 -0.0108528 0.199009 61.1202
0.19643 -0.0356863 0.979896 69.2275 -0.00374082 0.999309 0.037144 1.52534 -0.980537 -0.0109618 0.196161 61.2428
0.195082 -0.036986 0.980116 69.8046 -0.00399054 0.999255 0.0385035 1.54779 -0.980811 -0.0114226 0.194788 61.359
0.192848 -0.0384572 0.980503 70.3725 -0.00369735 0.999201 0.0399187 1.56521 -0.981248 -0.0113236 0.192552 61.4737
0.190221 -0.0400011 0.980953 70.9344 -0.00329915 0.999143 0.0413837 1.57068 -0.981768 -0.0111084 0.189925 61.5818
0.188691 -0.0383688 0.981316 71.4751 0.000336702 0.999245 0.039006 1.59099 -0.982063 -0.00702983 0.188562 61.6818
0.186193 -0.0387751 0.981775 72.0206 0.00174396 0.999238 0.0391351 1.60401 -0.982544 -0.00557459 0.186118 61.7812
0.183784 -0.0388374 0.982229 72.5615 0.00192761 0.999237 0.0391502 1.63119 -0.982992 -0.00530196 0.183719 61.8806
0.182991 -0.0384169 0.982391 73.0954 0.00179185 0.999253 0.0387437 1.65081 -0.983146 -0.00532962 0.182923 61.9834
0.181793 -0.0389753 0.982594 73.6431 0.00288172 0.999237 0.0391032 1.67172 -0.98336 -0.00427723 0.181766 62.0826
0.181207 -0.04062 0.982634 74.193 0.00480707 0.999176 0.0404186 1.67417 -0.983467 -0.00260069 0.181252 62.1771
0.183998 -0.0421064 0.982054 74.7345 0.00837438 0.999119 0.04127 1.68817 -0.982919 0.000630452 0.184189 62.2754
0.185923 -0.0429854 0.981652 75.2877 0.0109886 0.999076 0.0416684 1.70505 -0.982537 0.00303961 0.186223 62.3776
0.188985 -0.0434193 0.98105 75.8421 0.0110644 0.999059 0.042086 1.7336 -0.981947 0.00290104 0.189287 62.4929
0.194865 -0.0442398 0.979861 76.3918 0.0114441 0.999022 0.0428304 1.75357 -0.980798 0.0028673 0.195179 62.6078
0.201475 -0.0450294 0.978488 76.9514 0.0131438 0.998983 0.0432673 1.77133 -0.979435 0.00414371 0.201862 62.7203
0.209102 -0.0455668 0.976861 77.5165 0.0136144 0.998958 0.0436847 1.79525 -0.977834 0.00416462 0.209503 62.8488
0.217682 -0.0463616 0.974949 78.0895 0.0147623 0.998919 0.0442065 1.82056 -0.975938 0.00476942 0.218132 62.9858
0.227348 -0.0473899 0.97269 78.6649 0.0148648 0.998873 0.0451927 1.84184 -0.973736 0.00418404 0.227795 63.1315
0.237042 -0.0481123 0.970339 79.2471 0.0152097 0.99884 0.0458111 1.85986 -0.971411 0.00389946 0.237499 63.2845
0.247333 -0.0482511 0.967759 79.8289 0.0151321 0.998836 0.0459346 1.89304 -0.968848 0.00328274 0.247774 63.4475
0.256602 -0.0484402 0.965334 80.4188 0.0152122 0.998828 0.0460785 1.92023 -0.966428 0.00286104 0.257038 63.6204
0.268336 -0.0474499 0.962187 81.0208 0.0144081 0.998879 0.0452426 1.9602 -0.963254 0.00172276 0.268717 63.8014
0.279187 -0.047761 0.95908 81.6355 0.0146298 0.998864 0.0454847 1.98194 -0.960156 0.00133239 0.279569 63.9888
0.289344 -0.0480174 0.956052 82.2523 0.0145841 0.998853 0.0457547 2.01202 -0.957151 0.000704064 0.28971 64.1875
0.299246 -0.0480837 0.952996 82.8825 0.0148867 0.998849 0.0457239 2.03693 -0.954091 0.000504241 0.299618 64.3962
0.309566 -0.0467573 0.94976 83.5225 0.0122103 0.99891 0.0451986 2.06867 -0.950837 -0.00239527 0.309797 64.6197
0.325194 -0.0491874 0.9444 84.16 0.0132595 0.998792 0.0474558 2.09402 -0.945586 -0.00291014 0.325453 64.8436
0.334016 -0.0566586 0.940895 84.8251 0.0165175 0.998397 0.0542591 2.11181 -0.94246 -0.0025824 0.334414 65.0923
0.345627 -0.0606467 0.936444 85.5051 0.0191655 0.998165 0.0575714 2.1474 -0.938209 -0.0019509 0.346154 65.3404
0.35597 -0.062213 0.932457 86.1836 0.0204252 0.998068 0.0587947 2.19417 -0.934312 -0.00188382 0.356551 65.6065
0.363938 -0.0646785 0.929209 86.8799 0.0241553 0.997914 0.0600012 2.23248 -0.931142 0.000608519 0.364741 65.8784
0.372119 -0.068313 0.925701 87.5718 0.0313354 0.997652 0.0610279 2.28577 -0.927694 0.00629728 0.373383 66.153
0.379256 -0.0792341 0.921928 88.2884 0.0449413 0.996738 0.0671769 2.346 -0.924234 0.0159553 0.381579 66.42
0.384823 -0.0835595 0.919235 89.0082 0.04953 0.996334 0.0698352 2.37327 -0.921701 0.0186552 0.387548 66.7295
0.392207 -0.0840205 0.916067 89.7112 0.0506663 0.99629 0.0696871 2.42745 -0.918515 0.0190818 0.395008 67.0326
0.398742 -0.0798071 0.913619 90.4302 0.0522551 0.99657 0.0642491 2.48093 -0.915615 0.0221221 0.401542 67.3437
0.406367 -0.0753751 0.910632 91.131 0.0547342 0.996819 0.0580852 2.53287 -0.912105 0.0262386 0.409198 67.6515
0.412137 -0.0751037 0.908057 91.8424 0.0538896 0.996868 0.0579927 2.57763 -0.909569 0.0250336 0.41489 67.9755
0.417016 -0.0735686 0.905954 92.5424 0.0482963 0.997115 0.0587414 2.61111 -0.907652 0.0192579 0.419364 68.3174
0.422403 -0.0708072 0.903674 93.23 0.0443577 0.99737 0.0574171 2.66003 -0.905365 0.0158315 0.424429 68.6533
0.426689 -0.0707474 0.901665 93.9133 0.0439277 0.997391 0.0574719 2.68324 -0.903368 0.0150852 0.428681 68.9806
0.430809 -0.0710221 0.89968 94.591 0.0441385 0.99737 0.0576007 2.73298 -0.901407 0.0148953 0.432807 69.3187
0.434884 -0.0694833 0.89784 95.2521 0.0428897 0.997496 0.0564224 2.77784 -0.899502 0.0139707 0.436773 69.6507
0.438889 -0.0712497 0.895749 95.907 0.043794 0.997369 0.0578775 2.82313 -0.897518 0.0138263 0.440851 69.979
0.442559 -0.0733644 0.893772 96.5662 0.0448429 0.997222 0.0596529 2.85959 -0.895655 0.0136792 0.444617 70.3064
0.446669 -0.0745068 0.891629 97.202 0.0454107 0.997137 0.0605767 2.9038 -0.893591 0.0134315 0.448769 70.6252
0.449475 -0.0754785 0.890138 97.8304 0.0458857 0.99707 0.061377 2.94677 -0.892152 0.0132569 0.45162 70.9487
0.453579 -0.0751292 0.888081 98.4414 0.0454818 0.9971 0.0611249 2.98667 -0.8901 0.0126663 0.455676 71.268
0.456425 -0.0754693 0.886595 99.0511 0.0458474 0.997078 0.0612725 3.01968 -0.888619 0.0126816 0.458549 71.5829
0.458355 -0.0765446 0.885505 99.6537 0.0468 0.996988 0.0619592 3.0593 -0.887582 0.0130421 0.460551 71.8938
0.459651 -0.0769396 0.8848 100.246 0.0471628 0.996959 0.062193 3.0885 -0.886885 0.0131423 0.46188 72.2062
0.461868 -0.0770612 0.883633 100.819 0.0469402 0.996953 0.062411 3.13316 -0.885752 0.0126519 0.464073 72.5111
0.464124 -0.0778783 0.88238 101.391 0.047721 0.996888 0.0628855 3.16507 -0.884523 0.0129211 0.466394 72.8144
0.466371 -0.0784156 0.881146 101.953 0.047768 0.996849 0.0634324 3.20326 -0.883346 0.0125072 0.468642 73.1186
0.469627 -0.0804226 0.879234 102.5 0.0490578 0.996691 0.0649643 3.23955 -0.881541 0.012624 0.472017 73.4123
0.472739 -0.0808558 0.877525 103.045 0.0498317 0.996648 0.0649894 3.27094 -0.87984 0.0130052 0.475178 73.7078
0.47511 -0.081532 0.876182 103.583 0.0505756 0.996592 0.0653135 3.30308 -0.878513 0.013282 0.477612 73.9976
0.478826 -0.0821511 0.874098 104.1 0.050652 0.996546 0.0659151 3.33374 -0.876495 0.0127126 0.481328 74.2843
0.481831 -0.0824879 0.872414 104.615 0.0507454 0.996525 0.0661978 3.36431 -0.874835 0.0123745 0.48434 74.5713
0.484783 -0.0831478 0.870713 105.127 0.0510881 0.996471 0.0667155 3.39696 -0.873188 0.0121402 0.487315 74.8611
0.488738 -0.0838936 0.868429 105.624 0.0517114 0.996411 0.0671564 3.42824 -0.870938 0.0120855 0.49132 75.1478
0.492238 -0.0839086 0.866447 106.125 0.0515081 0.996414 0.0672352 3.4644 -0.868982 0.0115331 0.49479 75.4362
0.496773 -0.0847072 0.863779 106.615 0.0526268 0.996343 0.0674425 3.49552 -0.866325 0.011954 0.499413 75.7212
0.50169 -0.0846194 0.860939 107.099 0.0523497 0.996357 0.0674266 3.53565 -0.863509 0.0112424 0.504288 76.0169
0.507834 -0.0788565 0.85788 107.584 0.0503772 0.996825 0.0618086 3.57033 -0.860022 0.0118288 0.510193 76.312
0.513689 -0.0723247 0.854963 108.066 0.0465406 0.997331 0.0564077 3.59572 -0.856761 0.0108142 0.515678 76.6166
0.521285 -0.0664958 0.85083 108.542 0.0441 0.997736 0.0509598 3.61555 -0.852285 0.0109567 0.523036 76.9268
0.527484 -0.0611605 0.847402 109.036 0.042559 0.998063 0.0455453 3.63053 -0.848547 0.0120398 0.529059 77.2359
0.533484 -0.0619454 0.843582 109.513 0.0420635 0.998033 0.0466877 3.64849 -0.844807 0.0105766 0.535038 77.5515
0.539582 -0.0629497 0.839619 110.004 0.0365126 0.99802 0.0513636 3.66943 -0.841191 0.00294151 0.540805 77.8841
0.545377 -0.0642195 0.835771 110.509 0.0363165 0.997944 0.0529844 3.69324 -0.837448 0.00145568 0.546586 78.2246
0.552236 -0.0657162 0.831135 110.997 0.0307245 0.997823 0.058484 3.70705 -0.833171 -0.00676102 0.553046 78.5665
0.558202 -0.0666842 0.827065 111.5 0.0310783 0.997755 0.059473 3.73357 -0.829168 -0.0074944 0.559019 78.9175
0.564676 -0.0659867 0.822713 112.012 0.0303655 0.997792 0.0591903 3.77201 -0.824805 -0.00844152 0.565426 79.2835
0.571694 -0.0613733 0.818213 112.523 0.0266695 0.998071 0.0562317 3.81005 -0.820079 -0.0103263 0.572226 79.6584
0.577955 -0.0617436 0.813772 113.04 0.0275594 0.998049 0.0561549 3.84497 -0.815655 -0.0100282 0.578523 80.0411
0.583447 -0.0618216 0.80984 113.565 0.0284089 0.998051 0.055724 3.88161 -0.811701 -0.00950571 0.584065 80.4319
0.590388 -0.0624686 0.804743 114.096 0.0297641 0.998015 0.0556383 3.92425 -0.806623 -0.00889589 0.591069 80.839
0.597217 -0.0629806 0.79965 114.638 0.0310016 0.997989 0.0554503 3.9688 -0.801528 -0.0083258 0.597967 81.2632
0.603518 -0.0645828 0.794775 115.2 0.0323717 0.997885 0.0565087 3.9975 -0.796745 -0.00837595 0.604325 81.6947
0.611767 -0.0656229 0.788358 115.763 0.0333928 0.997816 0.0571471 4.03812 -0.790381 -0.00863562 0.612621 82.1419
0.619206 -0.0661321 0.782485 116.331 0.0340354 0.997779 0.0573974 4.0782 -0.784545 -0.00890867 0.620074 82.6014
0.626567 -0.0666145 0.776563 116.903 0.0353154 0.997753 0.0570962 4.13451 -0.778615 -0.00835035 0.62751 83.079
0.634808 -0.0665102 0.769849 117.48 0.0351061 0.99775 0.0572547 4.17486 -0.771927 -0.00931939 0.635707 83.5748
0.641631 -0.0669914 0.764132 118.056 0.0361468 0.997721 0.0571203 4.22403 -0.766211 -0.00902951 0.642589 84.0758
0.646237 -0.067822 0.760165 118.644 0.0370628 0.997665 0.0575071 4.2668 -0.762292 -0.00898941 0.647234 84.5838
0.650318 -0.0686363 0.756605 119.244 0.0381897 0.997614 0.0576769 4.31222 -0.758752 -0.00861411 0.651386 85.1078
0.653402 -0.0700506 0.753811 119.85 0.040599 0.997527 0.057511 4.35694 -0.755978 -0.00697387 0.654623 85.6345
0.656624 -0.0713516 0.750887 120.472 0.0427858 0.997445 0.0573677 4.39464 -0.753055 -0.005542 0.657998 86.168
0.659227 -0.0756523 0.748179 121.098 0.0485731 0.99714 0.0580316 4.4451 -0.750431 -0.00191463 0.661009 86.715
0.661862 -0.0803324 0.745361 121.72 0.0541197 0.996776 0.0593743 4.50809 -0.747721 0.00104084 0.664075 87.2678
0.664712 -0.0802233 0.742831 122.354 0.0547396 0.996783 0.0586702 4.55492 -0.74515 0.0016635 0.666958 87.8266
0.668307 -0.0811142 0.739502 122.985 0.0562797 0.996709 0.0584676 4.61301 -0.741806 0.00254443 0.670672 88.4042
0.670241 -0.0816233 0.737692 123.605 0.0571616 0.996666 0.058347 4.65241 -0.739998 0.00306112 0.672665 88.9788
0.676293 -0.0759389 0.732762 124.243 0.0520784 0.997121 0.0552728 4.70706 -0.734844 0.000780019 0.6783 89.5646
0.679842 -0.0731281 0.729755 124.867 0.0466868 0.997321 0.0564512 4.751 -0.731931 -0.00430798 0.681428 90.1706
0.682801 -0.0751535 0.726783 125.506 0.0463281 0.997156 0.0595896 4.79501 -0.729189 -0.0070177 0.68434 90.7784
0.686869 -0.0785348 0.722579 126.138 0.045014 0.99684 0.0655582 4.85983 -0.725447 -0.0125037 0.688227 91.3921
0.68997 -0.0838015 0.719027 126.77 0.046701 0.99637 0.0713142 4.91411 -0.722386 -0.0156256 0.691377 92.0095
0.694852 -0.0848188 0.714187 127.42 0.0471228 0.996263 0.0724761 4.9706 -0.717668 -0.0167056 0.696246 92.6417
0.698586 -0.0863192 0.710358 128.062 0.0479186 0.996122 0.0739219 5.01157 -0.713977 -0.0176017 0.700012 93.2686
0.702913 -0.0893267 0.705699 128.703 0.0588455 0.995992 0.0674632 5.06241 -0.7089 -0.00589341 0.705345 93.8839
0.70675 -0.0878588 0.702045 129.346 0.0633269 0.996142 0.0609155 5.11587 -0.704682 0.00140593 0.709586 94.5283
0.713441 -0.0858805 0.695489 129.973 0.064616 0.996304 0.0567465 5.16452 -0.697793 0.00445451 0.716345 95.1844
0.718953 -0.0891753 0.689375 130.607 0.0668729 0.996019 0.0591026 5.22154 -0.691895 0.00360806 0.722053 95.8455
0.724176 -0.0943486 0.683188 131.239 0.0707863 0.995542 0.0624565 5.25531 -0.686037 0.0031308 0.727619 96.5123
0.728929 -0.0945085 0.678096 131.889 0.0711765 0.995528 0.0622413 5.30072 -0.680941 0.00289459 0.732396 97.2007
0.734036 -0.0924675 0.672845 132.499 0.0739447 0.995687 0.0561704 5.34351 -0.675139 0.00852225 0.737701 97.8712
0.736939 -0.0918987 0.669746 133.114 0.0745563 0.99573 0.0545955 5.40776 -0.671898 0.00969983 0.740644 98.56
0.740357 -0.0939589 0.665674 133.727 0.0766658 0.995533 0.055256 5.45456 -0.667894 0.0101253 0.744246 99.244
0.742322 -0.0997821 0.662635 134.347 0.0807877 0.994972 0.0593273 5.49986 -0.665218 0.00949236 0.746651 99.9369
0.743073 -0.10272 0.66134 134.972 0.082977 0.994675 0.0612671 5.54703 -0.664113 0.00935018 0.747632 100.638
0.74423 -0.106277 0.659479 135.589 0.0860177 0.994297 0.0631663 5.59609 -0.662426 0.0097161 0.749128 101.34
0.744274 -0.108347 0.659088 136.205 0.0872591 0.994079 0.0648839 5.65257 -0.662216 0.00922017 0.749315 102.045
0.743334 -0.109022 0.660042 136.819 0.087611 0.994005 0.0655206 5.71773 -0.663224 0.00912267 0.748431 102.756
0.74357 -0.108877 0.659795 137.426 0.0869803 0.994028 0.0660112 5.77499 -0.663043 0.00830528 0.748594 103.459
0.742276 -0.107397 0.661499 138.035 0.0853424 0.994194 0.0656513 5.84104 -0.664703 0.00772177 0.747133 104.161
0.74125 -0.105433 0.662958 138.65 0.0834259 0.994408 0.0648713 5.90911 -0.666091 0.00722215 0.745895 104.864
0.739596 -0.103996 0.665035 139.262 0.0819441 0.994562 0.0643991 5.97898 -0.668109 0.00686574 0.744098 105.569
0.73761 -0.103002 0.667385 139.878 0.0800775 0.994675 0.0650166 6.03614 -0.670528 0.00548566 0.741924 106.272
0.734775 -0.103821 0.670385 140.507 0.0790905 0.994597 0.0673478 6.09105 -0.673749 0.00353493 0.739018 106.981
0.733402 -0.105041 0.671691 141.127 0.0778555 0.994476 0.0705152 6.15087 -0.675389 0.000578956 0.737523 107.67
0.730348 -0.107328 0.674656 141.753 0.0794896 0.994231 0.0721207 6.20811 -0.6785 0.000954318 0.734667 108.356
0.728557 -0.104184 0.677076 142.369 0.0781586 0.994563 0.0689401 6.24641 -0.680578 0.00269281 0.732732 109.022
0.722593 -0.0958318 0.684665 142.989 0.0744079 0.99538 0.0607966 6.32185 -0.687323 0.00701253 0.726387 109.705
0.721796 -0.0911332 0.68614 143.611 0.0725672 0.995803 0.0559298 6.37556 -0.688357 0.00942167 0.725373 110.368
0.717943 -0.0943049 0.689751 144.234 0.072909 0.995526 0.0602268 6.42792 -0.692339 0.00704891 0.721607 111.034
0.71414 -0.0969994 0.69331 144.856 0.069697 0.995294 0.0674635 6.47663 -0.696591 0.000143523 0.717533 111.699
0.710551 -0.0996225 0.696623 145.48 0.0686835 0.995027 0.0722442 6.53471 -0.70035 -0.00348728 0.713861 112.359
0.707752 -0.0996977 0.699451 146.102 0.0681148 0.995018 0.0729093 6.59401 -0.703236 -0.00395827 0.711011 112.996
0.704564 -0.100774 0.702515 146.73 0.0687494 0.99491 0.0737726 6.65068 -0.706368 -0.00368065 0.707907 113.64
0.700361 -0.101213 0.706636 147.373 0.0701966 0.994872 0.0729299 6.70462 -0.710394 -0.00147332 0.703869 114.278
0.697328 -0.101066 0.709658 148.002 0.0716702 0.994887 0.0712663 6.75029 -0.713226 0.00116471 0.701007 114.904
0.693474 -0.10107 0.713417 148.637 0.0720606 0.994886 0.070905 6.80608 -0.716934 0.00223886 0.697205 115.533
0.688734 -0.101107 0.717996 149.276 0.0715977 0.994881 0.0714229 6.87487 -0.721535 0.00221494 0.692449 116.158
0.685524 -0.101238 0.721035 149.917 0.0706384 0.994871 0.0725322 6.94643 -0.724679 0.00121049 0.689154 116.78
0.680628 -0.101587 0.725618 150.573 0.0701612 0.994834 0.073471 7.00426 -0.729327 0.000903475 0.684241 117.401
0.674591 -0.101471 0.731242 151.22 0.0688131 0.994848 0.0745741 7.07775 -0.735041 1.23728e-05 0.678093 118.015
0.670003 -0.0967184 0.736097 151.874 0.0659955 0.995319 0.0707135 7.13779 -0.739483 0.00120042 0.673252 118.632
0.664475 -0.0917844 0.74171 152.534 0.0630596 0.995785 0.0667378 7.1962 -0.744709 0.00242682 0.667457 119.239
0.657347 -0.0908315 0.748159 153.203 0.0613864 0.995873 0.0669749 7.25625 -0.751147 0.0019007 0.660211 119.839
0.651564 -0.0960792 0.752541 153.9 0.0601951 0.995376 0.0749697 7.31646 -0.756264 -0.00354796 0.654331 120.444
0.645409 -0.100115 0.757313 154.587 0.0534768 0.994871 0.08595 7.39832 -0.762026 -0.0149744 0.647455 121.061
0.637474 -0.104578 0.763398 155.295 0.0526512 0.994351 0.0922544 7.45778 -0.768734 -0.0186157 0.639375 121.667
0.631583 -0.104948 0.768238 155.998 0.0501611 0.99426 0.0945913 7.55522 -0.773747 -0.0212068 0.633224 122.259
0.623603 -0.104484 0.774783 156.717 0.0493353 0.994322 0.0943866 7.6374 -0.780245 -0.0206354 0.625213 122.85
0.615579 -0.105109 0.7811 157.447 0.0529226 0.994351 0.092102 7.71018 -0.786358 -0.0153585 0.617666 123.422
0.61 -0.0984452 0.786318 158.172 0.0520269 0.995097 0.0842281 7.79816 -0.790753 -0.0104691 0.612127 123.995
0.602022 -0.0969807 0.792634 158.91 0.0549048 0.995285 0.0800791 7.8765 -0.796651 -0.00469038 0.60451 124.567
0.59446 -0.101287 0.797775 159.676 0.0563159 0.994853 0.0843494 7.96151 -0.802213 -0.00521464 0.597101 125.14
0.587425 -0.108165 0.802083 160.435 0.0597795 0.994131 0.0902869 8.03498 -0.807129 -0.00508901 0.590446 125.693
0.580357 -0.108724 0.807126 161.181 0.0586233 0.994064 0.0917581 8.11636 -0.812311 -0.00593573 0.583282 126.235
0.573597 -0.108877 0.811935 161.923 0.0578856 0.994048 0.092409 8.20288 -0.817151 -0.00600643 0.576487 126.776
0.567147 -0.109566 0.816351 162.67 0.0577743 0.993973 0.0932721 8.28608 -0.821649 -0.00573459 0.570056 127.3
0.561382 -0.117001 0.81931 163.417 0.062576 0.993133 0.0989524 8.35063 -0.82525 -0.00428122 0.56485 127.8
0.555908 -0.118035 0.822874 164.159 0.0611667 0.993002 0.101121 8.43114 -0.829051 -0.00588138 0.559235 128.313
0.552701 -0.118306 0.825005 164.889 0.0604428 0.992966 0.101904 8.52274 -0.831247 -0.00645693 0.555966 128.808
0.548033 -0.118458 0.82808 165.613 0.0597493 0.992947 0.102504 8.60755 -0.834382 -0.00669811 0.551242 129.296
0.543394 -0.118286 0.831168 166.341 0.0591392 0.992967 0.102654 8.69175 -0.837455 -0.00662703 0.54657 129.775
0.541044 -0.114377 0.833234 167.046 0.0593496 0.993442 0.0978363 8.788 -0.83896 -0.00348108 0.54428 130.238
0.537922 -0.112863 0.835471 167.759 0.0583406 0.993616 0.0966692 8.88502 -0.841036 -0.00325886 0.541074 130.707
0.534216 -0.116354 0.837356 168.475 0.0575676 0.993201 0.101287 8.94914 -0.843448 -0.00590398 0.537279 131.172
0.533003 -0.122633 0.837245 169.189 0.0566615 0.992404 0.109294 9.00487 -0.844277 -0.0108145 0.535905 131.618
0.528954 -0.127318 0.8391 169.891 0.0600198 0.99183 0.112662 9.06147 -0.846588 -0.00922978 0.532271 132.064
0.526964 -0.128439 0.840192 170.583 0.0596624 0.991678 0.114182 9.14902 -0.847854 -0.0100424 0.530243 132.496
0.524185 -0.12803 0.84198 171.269 0.0587524 0.991727 0.114228 9.24495 -0.849639 -0.0104078 0.527366 132.919
0.524135 -0.122496 0.842846 171.938 0.0575541 0.992446 0.108452 9.33248 -0.849753 -0.00833492 0.527227 133.343
0.519027 -0.110847 0.847593 172.624 0.0526944 0.99383 0.0977085 9.40251 -0.853196 -0.00604956 0.521661 133.783
0.518051 -0.110162 0.848292 173.292 0.0561885 0.993924 0.0947653 9.46184 -0.853566 -0.00142937 0.521095 134.184
0.516458 -0.11505 0.848602 173.961 0.0558661 0.99336 0.10068 9.54317 -0.854553 -0.00458863 0.519451 134.591
0.514359 -0.122875 0.848795 174.619 0.0483267 0.992276 0.114366 9.61823 -0.856278 -0.0178058 0.516325 135.01
0.512303 -0.125604 0.849624 175.271 0.042652 0.991758 0.120903 9.68906 -0.85781 -0.0257005 0.513433 135.421
0.50967 -0.124394 0.851399 175.905 0.0406003 0.991882 0.120621 9.76612 -0.859477 -0.0269097 0.510584 135.814
0.508282 -0.122877 0.852433 176.536 0.0406756 0.9921 0.118761 9.83475 -0.860295 -0.0256903 0.50926 136.198
0.50558 -0.12285 0.854057 177.162 0.0408034 0.992121 0.11856 9.92564 -0.861881 -0.0250933 0.50661 136.568
0.502302 -0.124031 0.855804 177.786 0.0408925 0.99197 0.119769 10.0148 -0.86379 -0.0251639 0.503336 136.94
0.500832 -0.125111 0.856524 178.403 0.0409143 0.991826 0.120957 10.0995 -0.864644 -0.0255351 0.501858 137.309
0.498513 -0.125532 0.857799 179.009 0.0405845 0.991765 0.121556 10.1795 -0.865997 -0.0257834 0.499498 137.669
0.494476 -0.125617 0.860135 179.611 0.0400611 0.991756 0.121816 10.2574 -0.868335 -0.0257768 0.495433 138.016
0.492005 -0.125179 0.8616 180.203 0.0395174 0.991811 0.121536 10.3405 -0.86976 -0.0257474 0.492918 138.359
0.487761 -0.124878 0.864069 180.789 0.0388011 0.991851 0.12145 10.4228 -0.872181 -0.0257114 0.488633 138.693
0.482598 -0.125069 0.86692 181.373 0.0380045 0.991821 0.121936 10.506 -0.875083 -0.0258988 0.483399 139.024
0.478509 -0.124706 0.869253 181.945 0.0370108 0.99186 0.121929 10.5856 -0.87737 -0.026172 0.479232 139.345
0.472958 -0.124483 0.872301 182.526 0.0359415 0.991882 0.122065 10.6612 -0.880417 -0.0263794 0.473588 139.658
0.466138 -0.124336 0.876001 183.115 0.0348919 0.991901 0.122227 10.7403 -0.884091 -0.0264089 0.466703 139.969
0.460594 -0.124491 0.878892 183.698 0.0339489 0.991873 0.122708 10.8308 -0.887028 -0.0266808 0.461073 140.275
0.454438 -0.124813 0.882061 184.285 0.0326303 0.991815 0.123539 10.9246 -0.890247 -0.0273587 0.454793 140.592
0.447657 -0.124628 0.885532 184.888 0.0304797 0.991803 0.124182 11.0104 -0.893752 -0.0285995 0.447782 140.909
0.442061 -0.124506 0.888371 185.485 0.0292692 0.991806 0.124444 11.0848 -0.896574 -0.0290096 0.442085 141.211
0.435203 -0.123913 0.891818 186.097 0.0278355 0.991874 0.124237 11.1726 -0.899967 -0.0292438 0.435112 141.512
0.427262 -0.123449 0.895729 186.719 0.026325 0.991925 0.124157 11.2687 -0.903812 -0.0294669 0.427063 141.821
0.420287 -0.123394 0.899016 187.334 0.0251808 0.991927 0.124379 11.3611 -0.907107 -0.0296367 0.419997 142.121
0.412691 -0.123356 0.902548 187.976 0.0239535 0.991926 0.124626 11.4515 -0.910623 -0.0298124 0.412315 142.428
0.405958 -0.12325 0.905595 188.616 0.022813 0.991934 0.124779 11.5414 -0.913672 -0.0299952 0.405492 142.72
0.399054 -0.122765 0.90874 189.278 0.0213946 0.991985 0.124622 11.6331 -0.916745 -0.0302884 0.398484 143.013
0.391567 -0.12302 0.911941 189.963 0.0209779 0.99197 0.124814 11.721 -0.919975 -0.0297419 0.391 143.306
0.38479 -0.123828 0.914729 190.64 0.020357 0.99187 0.125714 11.8196 -0.922846 -0.0297517 0.384183 143.588
0.377249 -0.125094 0.917677 191.339 0.019575 0.991704 0.127143 11.9188 -0.92597 -0.0300007 0.376564 143.877
0.369288 -0.125989 0.920803 192.063 0.0184195 0.991577 0.128293 12.0242 -0.929199 -0.0304157 0.368499 144.172
0.363484 -0.127093 0.922943 192.783 0.0177723 0.991428 0.129529 12.1175 -0.931496 -0.0306784 0.362623 144.457
0.357466 -0.128325 0.925136 193.517 0.0168534 0.991252 0.130991 12.2053 -0.933841 -0.0312326 0.356503 144.74
0.351654 -0.129948 0.927119 194.273 0.0155087 0.991003 0.133025 12.3109 -0.936066 -0.0324 0.350502 145.027
0.346136 -0.135929 0.928353 195.037 0.0157039 0.990161 0.139131 12.4213 -0.93812 -0.0335789 0.344865 145.313
0.340274 -0.137716 0.930238 195.803 0.0208517 0.990091 0.138954 12.5204 -0.94016 -0.0278851 0.33977 145.592
0.334414 -0.131202 0.933317 196.595 0.022466 0.991102 0.131282 12.6271 -0.942225 -0.0229342 0.334386 145.87
0.32977 -0.118796 0.936608 197.372 0.0241165 0.992799 0.117437 12.7225 -0.943818 -0.016139 0.330257 146.141
0.324649 -0.111101 0.939354 198.172 0.0269789 0.993773 0.108219 12.817 -0.945517 -0.0097901 0.325625 146.414
0.318557 -0.115229 0.940925 198.995 0.0329882 0.993342 0.110484 12.9208 -0.947394 -0.00415568 0.320234 146.691
0.313571 -0.124643 0.941417 199.825 0.03877 0.992214 0.118462 13.032 -0.94884 -0.000647145 0.315962 146.958
0.306939 -0.13018 0.942835 200.659 0.0415697 0.991502 0.123371 13.1439 -0.950885 0.00132641 0.309739 147.227
0.303332 -0.125873 0.944603 201.484 0.0391085 0.992059 0.119645 13.2444 -0.95215 0.000650083 0.305846 147.502
0.29967 -0.11366 0.9473 202.313 0.0326733 0.993531 0.108876 13.3524 -0.953548 -0.00167507 0.301442 147.782
0.293803 -0.11023 0.949557 203.157 0.031011 0.993919 0.105791 13.4689 -0.955431 -0.00163457 0.295434 148.06
0.29027 -0.113629 0.950226 204.028 0.0302478 0.99353 0.109572 13.5583 -0.956531 -0.00306295 0.291826 148.347
0.285075 -0.114194 0.951747 204.9 0.0290052 0.993465 0.110519 13.6486 -0.958134 -0.00389995 0.286524 148.627
0.279655 -0.112428 0.953546 205.779 0.0283036 0.993665 0.108863 13.7449 -0.959748 -0.00345478 0.281063 148.891
0.272719 -0.111156 0.95572 206.663 0.027211 0.993812 0.107828 13.8405 -0.961777 -0.00340021 0.274055 149.142
0.268722 -0.112373 0.956693 207.552 0.0276337 0.993674 0.10896 13.9319 -0.962887 -0.00284275 0.270125 149.398
0.26412 -0.112717 0.95795 208.454 0.0272963 0.993637 0.109397 14.0304 -0.964172 -0.00274488 0.265515 149.653
0.26018 -0.113328 0.958939 209.377 0.0260618 0.993563 0.110354 14.131 -0.965274 -0.00371988 0.261456 149.907
0.25726 -0.113698 0.9597 210.283 0.025779 0.993522 0.110802 14.2339 -0.966066 -0.00376418 0.258524 150.158
0.25335 -0.114338 0.960648 211.239 0.0244877 0.993443 0.111789 14.3424 -0.967132 -0.0047973 0.254485 150.41
0.252097 -0.115334 0.960876 212.098 0.0235298 0.993324 0.113062 14.4401 -0.967485 -0.00589274 0.253127 150.646
0.248439 -0.116465 0.961677 213.039 0.0232494 0.993189 0.114281 14.5487 -0.968439 -0.0060332 0.249451 150.892
0.245764 -0.116608 0.962361 213.969 0.0212583 0.993162 0.114919 14.6644 -0.969166 -0.00778391 0.246562 151.142
0.245796 -0.112323 0.962851 214.894 0.0180961 0.993637 0.111301 14.7916 -0.969223 -0.00993295 0.246261 151.39
0.240304 -0.112569 0.96422 215.796 0.0172443 0.993606 0.111709 14.8916 -0.970614 -0.010216 0.240707 151.637
0.23918 -0.112935 0.964445 216.725 0.0175365 0.993568 0.112002 14.9994 -0.970888 -0.00987536 0.239618 151.871
0.238638 -0.114487 0.964407 217.649 0.0170389 0.993382 0.113718 15.0955 -0.971029 -0.0107041 0.239008 152.11
0.237584 -0.115766 0.964503 218.576 0.0174879 0.993236 0.114913 15.2191 -0.971281 -0.0104339 0.237998 152.346
0.23439 -0.122811 0.964425 219.494 0.0192247 0.992394 0.121708 15.3139 -0.972022 -0.00998534 0.234967 152.57
0.234193 -0.121878 0.96458 220.397 0.0169735 0.992487 0.121288 15.4414 -0.972113 -0.0120322 0.234499 152.794
0.232415 -0.117008 0.965625 221.308 0.01373 0.993048 0.117034 15.5627 -0.972589 -0.0139412 0.232404 153.023
0.229815 -0.115856 0.966374 222.218 0.0139335 0.993194 0.115763 15.6685 -0.973206 -0.0131387 0.229862 153.238
0.227783 -0.116041 0.966845 223.102 0.0147686 0.993186 0.11573 15.7592 -0.97367 -0.0120812 0.227942 153.461
0.212284 -0.123603 0.969419 224.064 0.0176426 0.992307 0.122663 15.8712 -0.97712 -0.00893576 0.212828 153.651
0.218257 -0.128827 0.967421 224.958 0.0222701 0.991662 0.127038 15.9662 -0.975706 -0.00618168 0.219305 153.892
0.214164 -0.133646 0.967672 225.88 0.0259295 0.99104 0.13114 16.0672 -0.976525 -0.00299338 0.215707 154.1
0.211457 -0.133701 0.968271 226.783 0.0225175 0.991018 0.131932 16.187 -0.977197 -0.0060941 0.212567 154.3
0.207007 -0.133446 0.969257 227.716 0.0214012 0.99105 0.131881 16.3065 -0.978177 -0.00655604 0.208007 154.506
0.2039 -0.13383 0.969873 228.609 0.0208609 0.990997 0.132367 16.4182 -0.978839 -0.00675648 0.204854 154.698
0.199853 -0.134361 0.970631 229.525 0.0204164 0.990925 0.132972 16.544 -0.979684 -0.00675712 0.200779 154.896
0.195402 -0.134951 0.971466 230.429 0.0198794 0.990844 0.133652 16.6623 -0.980592 -0.00680306 0.196294 155.091
0.192118 -0.135292 0.972062 231.332 0.0185328 0.990791 0.134241 16.7838 -0.981268 -0.0077742 0.192852 155.277
0.188206 -0.135261 0.972843 232.247 0.016279 0.99078 0.134613 16.9068 -0.982065 -0.00949707 0.188671 155.459
0.183806 -0.135318 0.973664 233.164 0.01405 0.990755 0.135047 17.0344 -0.982933 -0.0111416 0.184005 155.646
0.180979 -0.135995 0.974112 234.082 0.0128382 0.990651 0.135927 17.1564 -0.983474 -0.012093 0.181031 155.825
0.178169 -0.135782 0.974648 234.995 0.00809561 0.990619 0.136533 17.2762 -0.984038 -0.0164345 0.177593 156.004
0.174785 -0.130892 0.975941 235.891 0.00151086 0.991174 0.132673 17.4087 -0.984676 -0.0217132 0.173438 156.183
0.172697 -0.125986 0.976946 236.794 -0.00354403 0.991717 0.128523 17.5362 -0.985041 -0.0256567 0.170816 156.353
0.169465 -0.125109 0.977637 237.702 -0.00566543 0.991785 0.127909 17.6642 -0.985591 -0.0272134 0.167362 156.525
0.16551 -0.126753 0.97809 238.606 -0.00517091 0.991598 0.129384 17.7912 -0.986267 -0.0264706 0.16346 156.688
0.162092 -0.12799 0.978515 239.523 -0.00548088 0.991435 0.130597 17.9123 -0.986831 -0.0265301 0.160001 156.849
0.159036 -0.129473 0.978808 240.43 -0.00518729 0.991257 0.131968 18.0316 -0.987332 -0.0260635 0.15697 157.005
0.155074 -0.130403 0.979334 241.332 -0.00596175 0.991123 0.132926 18.1503 -0.987956 -0.0264501 0.152918 157.152
0.152645 -0.130618 0.979673 242.214 -0.00660987 0.991087 0.133175 18.2729 -0.988332 -0.0268027 0.150418 157.296
0.148144 -0.130354 0.980413 243.116 -0.00709248 0.991125 0.132859 18.3934 -0.989011 -0.0266341 0.145903 157.429
0.146204 -0.129136 0.980851 243.991 -0.00481468 0.991355 0.131242 18.4884 -0.989316 -0.0239092 0.144315 157.561
0.139311 -0.135535 0.981007 244.895 0.00562385 0.990698 0.136084 18.5928 -0.990304 -0.0134393 0.138775 157.682
0.133615 -0.140959 0.98102 245.803 0.0104155 0.989996 0.140835 18.677 -0.991052 -0.00859862 0.133743 157.806
0.128993 -0.141379 0.981592 246.695 0.0104203 0.989939 0.141221 18.7965 -0.991663 -0.00798661 0.129167 157.922
0.123654 -0.134241 0.983266 247.578 0.0150908 0.990966 0.1334 18.8691 -0.992285 -0.00165585 0.12456 158.033
0.117014 -0.122791 0.985587 248.451 0.0139382 0.992449 0.122 18.9878 -0.993105 -0.000537229 0.117841 158.145
0.11224 -0.121741 0.986258 249.338 0.01531 0.99258 0.120784 19.0886 -0.993638 0.00154421 0.113268 158.25
0.107587 -0.121693 0.986797 250.217 0.0128765 0.992584 0.121011 19.2245 -0.994185 -0.000311504 0.108354 158.358
0.102165 -0.128489 0.986498 251.105 0.00994745 0.991725 0.128145 19.3264 -0.994793 -0.00327744 0.102595 158.462
0.0979787 -0.133839 0.986226 251.992 0.00867717 0.99101 0.133635 19.4406 -0.995224 -0.00453441 0.0982575 158.558
0.0923684 -0.13414 0.986712 252.87 0.00591814 0.99096 0.134169 19.5636 -0.995783 -0.00655221 0.0923249 158.65
0.0850519 -0.13586 0.987149 253.744 0.00191809 0.990698 0.136192 19.6824 -0.996448 -0.00968857 0.0845197 158.743
0.0795164 -0.140403 0.986961 254.619 -0.00115658 0.990037 0.140939 19.8087 -0.996908 -0.0123473 0.0785599 158.826
0.0727256 -0.144103 0.986966 255.492 -0.00217444 0.9895 0.144642 19.9327 -0.997423 -0.0126637 0.0716469 158.899
0.0643547 -0.144545 0.987468 256.352 -0.00247721 0.989448 0.145002 20.0411 -0.998 -0.0117765 0.0633161 158.96
0.0592087 -0.143702 0.987928 257.217 -0.00361934 0.989566 0.144166 20.1732 -0.998312 -0.0121101 0.0580697 159.009
0.0523944 -0.14309 0.988386 258.08 -0.00463065 0.989656 0.143525 20.2978 -0.998691 -0.0120956 0.0511886 159.06
0.0448681 -0.145423 0.988432 258.946 -0.00513745 0.989321 0.145796 20.4275 -0.999053 -0.0116182 0.0436408 159.105
0.0401933 -0.149637 0.987989 259.808 -0.00593082 0.98869 0.14999 20.5607 -0.99925 -0.0118869 0.0388506 159.147
0.0341966 -0.151583 0.987934 260.672 -0.00464007 0.988416 0.151828 20.6797 -0.999478 -0.00977476 0.0330962 159.18
0.0276768 -0.151826 0.988085 261.531 -0.00508269 0.988385 0.15202 20.8042 -0.99968 -0.00922825 0.0265834 159.215
0.0247352 -0.152217 0.988118 262.382 -0.0052189 0.988327 0.152389 20.9473 -0.999755 -0.00892499 0.0236514 159.24
0.0212485 -0.151681 0.988267 263.24 -0.00479812 0.988419 0.151813 21.0744 -0.99984 -0.00796629 0.0202746 159.261
0.0169651 -0.154895 0.987866 264.105 -0.00234653 0.987938 0.154957 21.2011 -0.999928 -0.00494579 0.0163964 159.272
0.0165031 -0.157992 0.987369 264.954 -0.000735701 0.987456 0.158024 21.3288 -0.999941 -0.00333292 0.0161797 159.28
0.0141621 -0.15949 0.987179 265.806 -5.74292e-05 0.987217 0.159507 21.454 -0.999975 -0.00231451 0.0139713 159.292
0.011584 -0.160648 0.987011 266.677 0.000338429 0.987032 0.160653 21.5818 -1.00001 -0.00152562 0.0114883 159.303
0.011153 -0.162018 0.986806 267.522 0.00132576 0.986807 0.162013 21.7146 -1.00001 -0.000497506 0.01122 159.312
0.0103925 -0.161403 0.986901 268.373 0.00212873 0.98691 0.161388 21.8444 -1.00002 0.000424917 0.0106002 159.322
0.00893954 -0.161529 0.986909 269.221 0.00225493 0.986888 0.161515 21.9691 -1.00003 0.000782663 0.009186 159.33
0.0109932 -0.160791 0.986995 270.057 0.004215 0.987008 0.160752 22.0943 -1.00001 0.00239423 0.0115283 159.336
0.0110053 -0.160742 0.987017 270.887 0.00582627 0.987009 0.160685 22.2185 -0.999999 0.00398335 0.0117983 159.346
0.013672 -0.16145 0.986855 271.71 0.00639154 0.986894 0.161374 22.3372 -0.999965 0.00410248 0.0145247 159.351
0.0156652 -0.163286 0.986536 272.524 0.00715715 0.986588 0.163191 22.4594 -0.999929 0.0045054 0.0166232 159.365
0.0180212 -0.165598 0.986099 273.333 0.00804382 0.986203 0.165475 22.5768 -0.999885 0.00495133 0.0191044 159.377
0.0200187 -0.168402 0.985598 274.13 0.00869968 0.985725 0.168257 22.697 -0.999839 0.00520703 0.0211974 159.396
0.0245678 -0.171254 0.984992 274.917 0.00936828 0.985237 0.171069 22.8146 -0.999736 0.00502627 0.0258088 159.422
0.0278666 -0.173449 0.984531 275.688 0.00997867 0.984851 0.173233 22.9355 -0.99964 0.00499784 0.0291745 159.445
0.0310533 -0.174491 0.984241 276.432 0.0101907 0.984671 0.174252 23.0661 -0.999548 0.00462029 0.0323546 159.479
0.0360726 -0.174745 0.984036 277.182 0.0109322 0.984624 0.174459 23.1915 -0.999367 0.00446542 0.0374275 159.517
0.0397072 -0.174648 0.983903 277.921 0.0115168 0.984644 0.174321 23.3176 -0.999228 0.00441082 0.0411078 159.556
0.041816 -0.17744 0.983328 278.64 0.0128385 0.984138 0.177052 23.4488 -0.999121 0.00522162 0.0434301 159.594
0.0432649 -0.178939 0.982983 279.291 0.0135792 0.983869 0.178508 23.5694 -0.999056 0.00562611 0.044996 159.63
0.0458399 -0.179998 0.982685 279.975 0.0142485 0.98367 0.179526 23.6961 -0.998926 0.00577292 0.0476558 159.673
0.0474218 -0.179481 0.982693 280.599 0.0148854 0.983766 0.178965 23.7951 -0.998849 0.00614227 0.049323 159.704
0.0488527 -0.179849 0.982567 281.207 0.0150551 0.983697 0.179319 23.9146 -0.998772 0.0060331 0.0507637 159.732
0.0498713 -0.179715 0.982529 281.834 0.0151578 0.983723 0.17917 24.0266 -0.998726 0.00595876 0.0517835 159.772
0.0529085 -0.17961 0.982401 282.475 0.0155358 0.983742 0.17903 24.1439 -0.998559 0.00579093 0.0548386 159.817
0.0567243 -0.179576 0.982183 283.116 0.0159451 0.983751 0.178948 24.2656 -0.998349 0.00551143 0.058666 159.866
0.0603695 -0.179569 0.981978 283.731 0.016572 0.983752 0.178886 24.3745 -0.998119 0.00547495 0.0623646 159.916
0.0631609 -0.179739 0.981761 284.33 0.0171247 0.983721 0.179003 24.4799 -0.997943 0.00550766 0.0652109 159.96
0.0671599 -0.179393 0.981569 284.929 0.0180576 0.983782 0.178574 24.5915 -0.997659 0.00573268 0.0693103 160.009
0.0696372 -0.178612 0.981529 285.506 0.0183509 0.983925 0.177753 24.6917 -0.99749 0.00563504 0.0717956 160.057
0.0735672 -0.178299 0.98131 286.068 0.0186011 0.983984 0.177402 24.7908 -0.997198 0.00520326 0.0757059 160.107
0.0760938 -0.178152 0.981133 286.631 0.0195806 0.984008 0.177163 24.8943 -0.996996 0.00573149 0.0783653 160.159
0.0794308 -0.178303 0.980852 287.181 0.0202072 0.983981 0.177247 24.9865 -0.996717 0.00574221 0.0817617 160.213
0.0820113 -0.178554 0.980583 287.727 0.0205896 0.983936 0.17745 25.0808 -0.996507 0.00563829 0.08437 160.265
0.0849734 -0.178548 0.980344 288.259 0.0212523 0.983937 0.177372 25.171 -0.996238 0.00576353 0.0874034 160.315
0.0879158 -0.178427 0.980095 288.778 0.0213868 0.983961 0.177219 25.2564 -0.995987 0.00538204 0.0903211 160.369
0.0897724 -0.178537 0.979919 289.303 0.021688 0.983941 0.177295 25.3471 -0.995808 0.00533707 0.0922032 160.42
0.093206 -0.178614 0.979571 289.784 0.0224429 0.983926 0.17728 25.4269 -0.995483 0.00546213 0.0957155 160.466
0.0947867 -0.178523 0.979449 290.273 0.0224368 0.983944 0.177184 25.5154 -0.995327 0.00518185 0.0972705 160.518
0.0955596 -0.178501 0.979366 290.752 0.0225164 0.983948 0.177146 25.5972 -0.995258 0.00512481 0.0980439 160.572
0.0974495 -0.178521 0.979189 291.236 0.022854 0.983945 0.177126 25.6815 -0.995061 0.00511841 0.0999651 160.625
0.0984777 -0.178534 0.979071 291.715 0.02313 0.983942 0.177103 25.7669 -0.99496 0.00520661 0.101025 160.678
0.0978312 -0.178385 0.979176 292.182 0.0233137 0.983968 0.176941 25.8512 -0.995013 0.00551886 0.100422 160.733
0.0984458 -0.178246 0.979127 292.665 0.0234289 0.983992 0.176784 25.9415 -0.994957 0.00553756 0.101045 160.773
0.0974962 -0.178287 0.979228 293.155 0.0231343 0.983986 0.176863 26.0319 -0.99505 0.00541122 0.100059 160.832
0.0951643 -0.178534 0.979399 293.675 0.0228776 0.98394 0.177147 26.1237 -0.995288 0.00554961 0.0977189 160.893
0.0937255 -0.178789 0.979505 294.182 0.0229321 0.983893 0.177408 26.2062 -0.995418 0.00583534 0.0963157 160.941
0.0905583 -0.178417 0.979858 294.685 0.022839 0.983957 0.177061 26.3017 -0.995719 0.00634602 0.0931789 160.997
0.0882117 -0.176308 0.980467 295.202 0.0280121 0.984281 0.174487 26.3738 -0.995793 0.0120739 0.0917641 161.042
0.0858137 -0.171214 0.981569 295.721 0.0280679 0.98517 0.169397 26.457 -0.996006 0.0130151 0.0893453 161.084
0.082978 -0.170936 0.981875 296.257 0.027354 0.985219 0.16922 26.5618 -0.996261 0.0128173 0.0864275 161.137
0.0812065 -0.1706 0.982067 296.803 0.0271334 0.985278 0.168922 26.663 -0.996419 0.0129305 0.0846386 161.183
0.0789937 -0.170761 0.982234 297.363 0.0280585 0.98523 0.169039 26.7652 -0.996565 0.0142076 0.0826185 161.22
0.0754423 -0.175123 0.981731 297.938 0.033711 0.984365 0.17301 26.8648 -0.996671 0.0200439 0.0801651 161.261
0.0733887 -0.176213 0.981707 298.52 0.0342659 0.984151 0.174105 26.9644 -0.9968 0.0208621 0.0782641 161.299
0.0719124 -0.174375 0.982129 299.112 0.0299067 0.984555 0.172624 27.0522 -0.997054 0.0169595 0.0760155 161.353
0.0698967 -0.174029 0.982352 299.712 0.0292588 0.984619 0.172364 27.1665 -0.997211 0.0166953 0.0739139 161.411
0.0679936 -0.176566 0.982017 300.312 0.0322395 0.984112 0.174719 27.2801 -0.997257 0.019781 0.0726046 161.451
0.0663719 -0.177172 0.982035 300.937 0.0323699 0.983994 0.175352 27.3922 -0.997356 0.0201503 0.0710448 161.49
0.06412 -0.177122 0.982177 301.57 0.032267 0.983998 0.175353 27.513 -0.997513 0.0204492 0.0688083 161.539
0.0625258 -0.177127 0.982296 302.209 0.0310389 0.984016 0.175476 27.6313 -0.997648 0.0195181 0.0670242 161.59
0.0609097 -0.176303 0.982529 302.86 0.0294892 0.984187 0.174781 27.7542 -0.9978 0.0183291 0.0651449 161.638
0.0591234 -0.175163 0.982858 303.519 0.0288811 0.984394 0.173714 27.8718 -0.99792 0.0181159 0.0632597 161.685
0.0580854 -0.174892 0.982952 304.192 0.028619 0.984444 0.173475 27.9942 -0.997994 0.0180557 0.0621865 161.72
0.0571733 -0.175804 0.98286 304.881 0.0260479 0.984323 0.174565 28.1169 -0.998112 0.0156214 0.0608563 161.764
0.0553296 -0.175911 0.982929 305.573 0.0253286 0.98431 0.17474 28.2435 -0.99824 0.0152287 0.0589164 161.815
0.0538777 -0.174963 0.983196 306.271 0.0243034 0.98449 0.173875 28.3701 -0.998339 0.0145274 0.0572943 161.866
0.0516108 -0.169657 0.984232 306.978 0.0265646 0.985371 0.168469 28.4908 -0.998407 0.0174518 0.0553624 161.904
0.0488925 -0.163982 0.985348 307.691 0.027031 0.986309 0.162815 28.6117 -0.998525 0.0186749 0.0526558 161.942
0.0483285 -0.164091 0.985342 308.418 0.0268729 0.986292 0.16294 28.7398 -0.998563 0.0186052 0.0520754 161.982
0.0472375 -0.166165 0.985063 309.158 0.0275224 0.985931 0.165006 28.8563 -0.998592 0.0193172 0.0511462 162.018
0.044087 -0.172329 0.984135 309.898 0.0319767 0.984772 0.171016 28.9722 -0.998609 0.0239306 0.048926 162.059
0.0435927 -0.173593 0.98395 310.661 0.0325421 0.984535 0.172269 29.107 -0.998607 0.0245102 0.0485677 162.089
0.0423352 -0.173581 0.983991 311.422 0.0327058 0.984528 0.172277 29.2439 -0.998662 0.0248896 0.0473572 162.126
0.0406613 -0.173532 0.984087 312.187 0.0322816 0.984539 0.172293 29.3816 -0.998739 0.0247624 0.0456347 162.168
0.0406806 -0.173484 0.984079 312.969 0.032613 0.984541 0.172226 29.518 -0.998733 0.0250883 0.0457093 162.205
0.0405325 -0.174519 0.983918 313.754 0.0332333 0.984342 0.17324 29.6547 -0.998713 0.025677 0.0456978 162.245
0.0399088 -0.175502 0.983752 314.544 0.0333445 0.984163 0.174231 29.7951 -0.998741 0.02585 0.0451285 162.286
0.041569 -0.1764 0.983539 315.35 0.0338809 0.983997 0.175065 29.9395 -0.998649 0.0260459 0.0468804 162.322
0.0422863 -0.176841 0.983414 316.16 0.0342609 0.983912 0.175466 30.0808 -0.998613 0.0262734 0.0476644 162.365
0.0437805 -0.177736 0.983203 316.977 0.0345533 0.983751 0.176312 30.2302 -0.998532 0.0262539 0.0492106 162.409
0.0458391 -0.178626 0.982932 317.806 0.035232 0.983583 0.177111 30.3759 -0.998423 0.0265126 0.0513795 162.454
0.047356 -0.179348 0.982745 318.64 0.0359926 0.983439 0.177755 30.5258 -0.998319 0.0269537 0.0530271 162.501
0.0490005 -0.179849 0.982556 319.482 0.036585 0.983341 0.178177 30.6802 -0.998225 0.0272166 0.0547634 162.552
0.0475921 -0.180279 0.982564 320.315 0.0366238 0.983255 0.178647 30.8303 -0.998285 0.0274829 0.0533977 162.611
0.0562445 -0.181399 0.981883 321.206 0.0387639 0.983035 0.1794 31.0009 -0.997761 0.027972 0.0623209 162.656
0.0566031 -0.181974 0.981773 322.039 0.0392497 0.982918 0.179939 31.1554 -0.997716 0.028349 0.0627783 162.717
0.0592973 -0.182453 0.981509 322.906 0.0403208 0.982814 0.180269 31.311 -0.997522 0.0288864 0.0656336 162.774
0.0623012 -0.182532 0.981325 323.785 0.0410874 0.982793 0.180212 31.4707 -0.997302 0.0290925 0.0687287 162.835
0.0644023 -0.182403 0.981197 324.657 0.0420588 0.9828 0.179949 31.6241 -0.997134 0.0296794 0.0709648 162.9
0.0682235 -0.182368 0.980962 325.55 0.0428069 0.982805 0.179749 31.7855 -0.996843 0.0297287 0.0748565 162.967
0.0711204 -0.182092 0.980791 326.439 0.0432 0.982859 0.179352 31.9519 -0.996628 0.0296151 0.077766 163.044
0.0731374 -0.182197 0.98064 327.319 0.0432393 0.98285 0.179398 32.1083 -0.996476 0.0292814 0.0797608 163.124
0.0759833 -0.182052 0.980434 328.233 0.0426283 0.982909 0.179216 32.281 -0.996295 0.0281773 0.0824433 163.209
0.0778029 -0.183487 0.98004 329.137 0.0426218 0.982655 0.180609 32.4461 -0.99615 0.0277191 0.0842734 163.292
0.0783488 -0.185874 0.97953 330.038 0.0425089 0.982218 0.182992 32.6143 -0.996117 0.027302 0.084855 163.374
0.0808905 -0.187461 0.979039 330.95 0.0428874 0.981923 0.184486 32.7898 -0.995892 0.0270651 0.0874675 163.46
0.0820637 -0.18872 0.978681 331.857 0.0424315 0.981703 0.185754 32.9577 -0.995821 0.0262838 0.088568 163.542
0.0819239 -0.188978 0.978661 332.751 0.0421796 0.98166 0.186043 33.1226 -0.995838 0.0260381 0.0883919 163.62
0.0834669 -0.189205 0.97847 333.66 0.042311 0.981621 0.186214 33.2936 -0.99571 0.0258578 0.0899364 163.709
0.0838563 -0.190306 0.978239 334.569 0.0424003 0.981411 0.187304 33.4578 -0.995668 0.0257709 0.090366 163.797
0.0833883 -0.191043 0.978119 335.469 0.0424437 0.981266 0.188049 33.6183 -0.995711 0.0258346 0.0899326 163.891
0.0842666 -0.191817 0.97791 336.388 0.0422064 0.981128 0.188828 33.7755 -0.995642 0.025362 0.0907717 163.984
0.0847592 -0.192169 0.977781 337.287 0.0424856 0.981055 0.189139 33.9391 -0.995593 0.0255111 0.0913157 164.07
0.0847123 -0.192051 0.977825 338.168 0.0424987 0.981077 0.189025 34.1033 -0.995592 0.0255435 0.0912706 164.154
0.0854785 -0.192193 0.977714 339.075 0.0427404 0.981047 0.189121 34.2714 -0.995521 0.0256229 0.0920706 164.248
0.0859509 -0.192566 0.977617 339.967 0.0427586 0.980977 0.189485 34.4345 -0.995475 0.0255151 0.0925491 164.334
0.086001 -0.192862 0.977537 340.837 0.0428231 0.980918 0.18977 34.6009 -0.995473 0.0255414 0.0926167 164.423
0.0865749 -0.193526 0.977372 341.741 0.0427505 0.980794 0.190434 34.774 -0.995422 0.0252964 0.0931848 164.509
0.0868876 -0.193905 0.977253 342.625 0.0425837 0.980725 0.190817 34.9434 -0.995406 0.0250362 0.0934678 164.597
0.0869088 -0.194322 0.977185 343.489 0.042225 0.980653 0.191273 35.1089 -0.995415 0.0246384 0.093432 164.682
0.0877149 -0.194064 0.977148 344.392 0.0418912 0.980715 0.191022 35.2878 -0.995363 0.0241793 0.0941507 164.768
0.0883052 -0.195274 0.976871 345.275 0.0439842 0.980428 0.192027 35.4629 -0.995216 0.02601 0.0951654 164.853
0.0898681 -0.195785 0.97661 346.205 0.0442138 0.98033 0.192472 35.6508 -0.995071 0.0258833 0.0967547 164.948
0.0888011 -0.194285 0.977023 347.052 0.0468321 0.980547 0.190746 35.8148 -0.995044 0.0288175 0.0961718 165.039
0.0903621 -0.189849 0.977736 347.928 0.0518458 0.981253 0.18575 35.9809 -0.994659 0.0339074 0.0985086 165.124
0.0932608 -0.189854 0.977477 348.803 0.0524201 0.981251 0.185602 36.1493 -0.994357 0.03393 0.101464 165.211
0.0976763 -0.190686 0.976869 349.682 0.0543257 0.981056 0.186081 36.3132 -0.993835 0.034894 0.106182 165.3
0.100605 -0.191358 0.976455 350.562 0.0551572 0.980918 0.186566 36.4774 -0.993493 0.0350891 0.109239 165.403
0.103159 -0.191084 0.976228 351.443 0.0555629 0.980974 0.186151 36.6473 -0.993213 0.0350396 0.11181 165.504
0.107728 -0.191427 0.975681 352.321 0.0563098 0.980912 0.186253 36.8161 -0.992681 0.0348757 0.11645 165.61
0.111353 -0.195742 0.974404 353.203 0.0569474 0.980082 0.190385 36.9852 -0.99225 0.0342904 0.120279 165.72
0.114438 -0.199047 0.97339 354.086 0.0577054 0.979425 0.193514 37.16 -0.99185 0.0340244 0.123569 165.834
0.120118 -0.200117 0.972472 354.961 0.0583964 0.979227 0.194304 37.3316 -0.991142 0.0334501 0.129305 165.951
0.125227 -0.200519 0.971758 355.837 0.0592073 0.979154 0.194432 37.503 -0.990458 0.0331868 0.134488 166.08
0.129956 -0.200947 0.971035 356.715 0.0599802 0.979074 0.194594 37.6754 -0.989806 0.032955 0.139285 166.213
0.137081 -0.201313 0.969992 357.587 0.0613065 0.979004 0.194536 37.8435 -0.988759 0.0327996 0.146543 166.35
0.144099 -0.201515 0.968919 358.464 0.0627277 0.978962 0.194286 38.0152 -0.987675 0.0327824 0.153704 166.493
0.151652 -0.201546 0.967773 359.333 0.0643172 0.978954 0.193813 38.1861 -0.986438 0.0328522 0.161422 166.646
0.160579 -0.201799 0.966266 360.208 0.0660475 0.978905 0.193473 38.3582 -0.984914 0.0327525 0.170515 166.807
0.170091 -0.20197 0.964615 361.079 0.0680873 0.978867 0.192965 38.5278 -0.983172 0.0328563 0.180246 166.976
0.17835 -0.202021 0.963098 361.946 0.0695853 0.978861 0.192452 38.7011 -0.981607 0.0326941 0.188632 167.149
0.188327 -0.202333 0.961144 362.824 0.0714619 0.978803 0.192065 38.8761 -0.979602 0.0325141 0.198792 167.337
0.198621 -0.202462 0.95903 363.685 0.0734028 0.978781 0.191441 39.048 -0.977428 0.032372 0.209261 167.525
0.20062 -0.202998 0.958515 364.605 0.0739537 0.978669 0.191805 39.2312 -0.976975 0.0324058 0.21135 167.723
0.211045 -0.20286 0.95629 365.455 0.0759449 0.9787 0.190864 39.4011 -0.974627 0.0323449 0.221948 167.921
0.217056 -0.203215 0.954881 366.323 0.0769615 0.978635 0.190794 39.5706 -0.973222 0.0320762 0.228056 168.13
0.221235 -0.203516 0.953844 367.19 0.0777244 0.978577 0.190777 39.7403 -0.972225 0.0319309 0.232306 168.347
0.226792 -0.203626 0.952528 368.057 0.0789701 0.978551 0.190404 39.9077 -0.970839 0.0320392 0.238005 168.573
0.231319 -0.204004 0.951344 368.927 0.0799434 0.978473 0.190395 40.0797 -0.969694 0.0320123 0.242641 168.799
0.234969 -0.204302 0.9504 369.785 0.0807612 0.978411 0.190374 40.2502 -0.968745 0.0320234 0.246393 169.025
0.240071 -0.20491 0.948979 370.659 0.0818916 0.978285 0.190532 40.4252 -0.967402 0.0319725 0.251631 169.258
0.244265 -0.205199 0.947859 371.528 0.0828503 0.978223 0.19044 40.6018 -0.966266 0.0320126 0.255944 169.495
0.247552 -0.205975 0.946823 372.392 0.0836162 0.978064 0.190921 40.7725 -0.965367 0.0319075 0.259336 169.735
0.252892 -0.206491 0.945313 373.266 0.0846071 0.977962 0.191007 40.9532 -0.963892 0.0316761 0.264787 169.982
0.257405 -0.207664 0.943822 374.131 0.0855396 0.977724 0.191806 41.1245 -0.962618 0.0313628 0.269426 170.23
0.261046 -0.20873 0.942601 374.983 0.086284 0.977507 0.192582 41.2973 -0.961567 0.0310587 0.273181 170.48
0.26565 -0.209797 0.941062 375.848 0.0869283 0.977298 0.193348 41.4788 -0.960251 0.0304425 0.277847 170.739
0.269894 -0.210065 0.939808 376.696 0.0878034 0.977243 0.193235 41.6519 -0.958984 0.0303656 0.282192 170.999
0.274065 -0.211416 0.938283 377.516 0.088555 0.976967 0.194277 41.8281 -0.957734 0.0298455 0.286465 171.261
0.279477 -0.211678 0.93664 378.357 0.0892157 0.976927 0.194181 42.0143 -0.956104 0.0292942 0.29191 171.529
0.283718 -0.211724 0.93534 379.189 0.0898821 0.976924 0.193884 42.1829 -0.954795 0.0290623 0.296191 171.801
0.286464 -0.213126 0.934198 380.008 0.0905647 0.97663 0.195054 42.3523 -0.953908 0.0287298 0.299067 172.073
0.290688 -0.216139 0.932185 380.84 0.0865529 0.976126 0.199348 42.5287 -0.953005 0.0227358 0.302445 172.353
0.292488 -0.21747 0.931327 381.651 0.0862458 0.975856 0.2008 42.712 -0.952479 0.0215919 0.304178 172.631
0.294004 -0.212597 0.93196 382.454 0.0819014 0.976994 0.197044 42.8795 -0.952399 0.0183978 0.304642 172.906
0.294626 -0.21256 0.931786 383.252 0.0815825 0.977011 0.197099 43.0515 -0.952231 0.0179476 0.30519 173.18
0.295198 -0.211561 0.931819 384.061 0.0809541 0.977236 0.196238 43.2367 -0.952111 0.0175063 0.305594 173.455
0.296605 -0.214692 0.93067 384.853 0.0779458 0.976623 0.20047 43.4181 -0.951922 0.0130822 0.306402 173.726
0.297543 -0.21979 0.929164 385.646 0.0748731 0.975542 0.206795 43.5963 -0.951878 0.00803975 0.306712 173.997
0.297913 -0.221759 0.928592 386.447 0.0745069 0.975106 0.208982 43.7687 -0.951789 0.00692886 0.307015 174.27
0.297709 -0.222762 0.928404 387.216 0.0741389 0.974881 0.210151 43.9318 -0.951884 0.00626785 0.306736 174.525
0.29712 -0.223068 0.928533 388.016 0.0739807 0.974812 0.210532 44.1072 -0.952078 0.00614133 0.306135 174.794
0.296504 -0.222871 0.928763 388.798 0.0737514 0.974857 0.210398 44.2835 -0.95229 0.00611454 0.305476 175.058
0.294959 -0.224976 0.928762 389.56 0.077156 0.974348 0.211534 44.4692 -0.952496 0.00926651 0.304748 175.306
0.294064 -0.226868 0.928572 390.363 0.0786916 0.973898 0.213033 44.6524 -0.952653 0.0104262 0.304231 175.571
0.293487 -0.227392 0.928641 391.138 0.0786309 0.973777 0.213613 44.8299 -0.95283 0.010328 0.303668 175.829
0.291924 -0.224013 0.929939 391.91 0.0801743 0.974523 0.209596 44.9966 -0.953187 0.0133717 0.302437 176.081
0.291401 -0.223718 0.930191 392.699 0.0799658 0.97459 0.209366 45.1766 -0.953359 0.0133746 0.301884 176.338
0.291296 -0.223337 0.930299 393.486 0.078092 0.974701 0.209556 45.3665 -0.953553 0.0116068 0.301357 176.596
0.290397 -0.224141 0.930404 394.272 0.0776028 0.974522 0.210568 45.5419 -0.953862 0.0110543 0.30039 176.848
0.290575 -0.224796 0.930173 395.082 0.0772076 0.974379 0.211372 45.7239 -0.953845 0.0103977 0.300475 177.114
0.290884 -0.224758 0.930102 395.881 0.0768568 0.974392 0.211445 45.9077 -0.953774 0.00997963 0.300706 177.371
0.290612 -0.225723 0.929937 396.672 0.0761742 0.974178 0.212668 46.0794 -0.953917 0.00903369 0.300292 177.633
0.290961 -0.224895 0.930046 397.498 0.0766528 0.974363 0.211651 46.2689 -0.953767 0.00970895 0.300738 177.91
0.290262 -0.224738 0.930285 398.305 0.0765204 0.974398 0.211532 46.4563 -0.953996 0.00978669 0.300018 178.172
0.291696 -0.224705 0.929861 399.17 0.0767548 0.974407 0.211412 46.6498 -0.953535 0.00970375 0.301475 178.466
0.291772 -0.225388 0.929657 399.961 0.0761464 0.974257 0.212316 46.8157 -0.953565 0.00884274 0.301414 178.732
0.291865 -0.227249 0.929189 400.816 0.0814589 0.973769 0.212586 46.9953 -0.953092 0.0136447 0.302718 179.017
0.2918 -0.227132 0.929223 401.64 0.0825239 0.97378 0.212121 47.1699 -0.953025 0.0147866 0.302883 179.284
0.292902 -0.226898 0.928948 402.511 0.0846358 0.973802 0.211188 47.3663 -0.952497 0.0167652 0.30443 179.57
0.292668 -0.228514 0.928611 403.37 0.0907488 0.973308 0.210925 47.5476 -0.952011 0.0225394 0.305584 179.85
0.29289 -0.229473 0.928319 404.224 0.0941609 0.973005 0.210831 47.7254 -0.951606 0.0256611 0.306588 180.131
0.292416 -0.231648 0.927914 405.069 0.0920317 0.972559 0.213804 47.9113 -0.951964 0.0228778 0.305702 180.413
0.294616 -0.236764 0.925939 405.931 0.092305 0.97137 0.219032 48.1196 -0.951256 0.0209387 0.308033 180.714
0.295687 -0.239403 0.924904 406.786 0.0921156 0.970751 0.221834 48.3001 -0.950946 0.0196048 0.309082 181.003
0.29582 -0.240074 0.924702 407.598 0.0922438 0.970588 0.222498 48.4909 -0.950887 0.0194786 0.309263 181.28
0.296903 -0.238229 0.92482 408.427 0.0946314 0.970985 0.219753 48.7044 -0.95032 0.0222719 0.310823 181.563
0.297472 -0.238158 0.924668 409.249 0.0949349 0.970996 0.21957 48.9056 -0.950107 0.0224676 0.311451 181.85
0.29682 -0.239629 0.924485 410.071 0.0974235 0.970582 0.22031 49.1015 -0.950064 0.0246743 0.311424 182.125
0.297279 -0.240042 0.924243 410.91 0.0989155 0.970445 0.220247 49.2941 -0.949762 0.0259471 0.312234 182.407
0.297608 -0.240965 0.923884 411.73 0.0992827 0.970218 0.22108 49.4833 -0.949625 0.0259306 0.312659 182.685
0.297514 -0.241475 0.923794 412.53 0.0990224 0.970101 0.221709 49.6678 -0.949677 0.0255148 0.312528 182.954
0.297358 -0.241432 0.923843 413.31 0.0985366 0.970125 0.221823 49.8483 -0.949781 0.0250715 0.312255 183.219
0.298743 -0.241086 0.923499 414.133 0.0987317 0.97021 0.221362 50.0503 -0.949322 0.0250484 0.313644 183.507
0.296739 -0.243273 0.923561 414.914 0.097879 0.969694 0.223989 50.2351 -0.950044 0.023931 0.311548 183.771
0.295424 -0.243917 0.923824 415.701 0.0975181 0.969537 0.224823 50.4188 -0.950485 0.0236715 0.310208 184.045
0.294292 -0.244771 0.923948 416.476 0.0971794 0.969331 0.225855 50.5928 -0.950877 0.0233216 0.309045 184.301
0.292599 -0.245147 0.924399 417.23 0.0956253 0.969266 0.226799 50.7575 -0.951551 0.0220347 0.307046 184.545
0.29196 -0.240819 0.925725 418.002 0.0958852 0.970308 0.22219 50.9233 -0.951727 0.0238931 0.306374 184.806
0.290449 -0.235314 0.927626 418.741 0.0935409 0.971661 0.217217 51.0919 -0.952417 0.0236805 0.304227 185.055
0.289664 -0.235877 0.927717 419.486 0.093952 0.971515 0.217692 51.2601 -0.952622 0.0241038 0.303565 185.304
0.288101 -0.235632 0.928278 420.222 0.0942016 0.971555 0.217403 51.4438 -0.953065 0.0248111 0.302101 185.553
0.286766 -0.239362 0.927725 420.966 0.0932365 0.970691 0.221641 51.615 -0.953569 0.0229391 0.300669 185.798
0.284783 -0.240016 0.928179 421.673 0.0933952 0.970518 0.22233 51.7921 -0.954142 0.0233715 0.298802 186.018
0.284316 -0.242177 0.927748 422.409 0.0935029 0.969994 0.224563 51.9656 -0.954276 0.0229004 0.298421 186.255
0.283905 -0.242667 0.927761 423.13 0.0930305 0.969882 0.225239 52.1253 -0.954439 0.0223637 0.297929 186.483
0.283102 -0.242736 0.927974 423.837 0.0921963 0.969882 0.225584 52.2843 -0.954765 0.0216925 0.296946 186.71
0.28264 -0.242723 0.928133 424.554 0.0929159 0.969864 0.225364 52.4612 -0.954826 0.0225414 0.296675 186.939
0.282297 -0.242951 0.928163 425.259 0.0934774 0.969795 0.225431 52.6273 -0.954879 0.0231238 0.296472 187.163
0.28191 -0.243372 0.928185 425.954 0.0936687 0.969684 0.225827 52.789 -0.954968 0.0232791 0.29616 187.382
0.281173 -0.243193 0.92844 426.649 0.094043 0.969715 0.225538 52.9529 -0.955155 0.0238982 0.295519 187.597
0.28259 -0.24337 0.927981 427.361 0.0935481 0.969691 0.225846 53.1293 -0.954781 0.0229891 0.296791 187.81
0.282399 -0.243314 0.928037 428.066 0.0927812 0.969723 0.226024 53.3004 -0.954917 0.0222759 0.296415 188.042
0.283371 -0.245197 0.927262 428.778 0.0921582 0.969281 0.228169 53.4613 -0.954684 0.0207985 0.297263 188.268
0.283305 -0.246479 0.926925 429.485 0.093407 0.968938 0.229115 53.6412 -0.954589 0.0216725 0.297518 188.497
0.284651 -0.247778 0.926183 430.195 0.0946354 0.968594 0.230063 53.8195 -0.954061 0.0221622 0.299159 188.725
0.286065 -0.248987 0.925406 430.904 0.0956302 0.96828 0.230974 53.9988 -0.953545 0.0224235 0.300792 188.955
0.287852 -0.250185 0.924546 431.606 0.0967654 0.967962 0.23183 54.1699 -0.952887 0.0227313 0.302839 189.181
0.289608 -0.250241 0.923965 432.292 0.0965301 0.967964 0.231915 54.3377 -0.952384 0.0220264 0.304478 189.417
0.291867 -0.249615 0.923441 432.984 0.0957778 0.968151 0.231453 54.506 -0.951765 0.0208917 0.306478 189.644
0.293649 -0.249716 0.922831 433.641 0.0960661 0.968129 0.231418 54.6664 -0.951192 0.0206972 0.308271 189.874
0.295781 -0.25021 0.922034 434.297 0.0970326 0.967996 0.23158 54.8373 -0.950429 0.0209703 0.310593 190.103
0.297016 -0.250585 0.921517 434.942 0.0971102 0.967906 0.231914 55.0025 -0.95004 0.0206068 0.31181 190.334
0.297931 -0.251576 0.920969 435.578 0.0976856 0.967649 0.232751 55.1646 -0.94969 0.0206216 0.312868 190.556
0.299661 -0.252069 0.920256 436.204 0.097816 0.967532 0.23318 55.3092 -0.949137 0.0201409 0.314579 190.772
0.300621 -0.252402 0.919869 436.815 0.098297 0.967441 0.233356 55.4574 -0.948779 0.0202688 0.315644 190.989
0.301481 -0.252997 0.919407 437.42 0.0994626 0.967271 0.233567 55.6076 -0.94839 0.0210308 0.316768 191.204
0.302464 -0.253318 0.919012 438.013 0.100078 0.96718 0.233683 55.753 -0.948006 0.0212928 0.317889 191.416
0.303181 -0.253942 0.918587 438.604 0.101216 0.967 0.233934 55.8973 -0.947662 0.0220518 0.31887 191.62
0.303954 -0.254101 0.918304 439.177 0.101598 0.966955 0.233959 56.0413 -0.947368 0.0221856 0.319726 191.818
0.305044 -0.254082 0.917932 439.735 0.101524 0.966969 0.233932 56.1775 -0.947032 0.0218328 0.320754 192.02
0.305834 -0.253972 0.917715 440.284 0.101414 0.967003 0.23384 56.3166 -0.946783 0.0215529 0.321499 192.223
0.306943 -0.254057 0.917306 440.828 0.101677 0.966982 0.233808 56.456 -0.946402 0.021503 0.322631 192.418
0.307521 -0.254162 0.917099 441.362 0.101739 0.966957 0.233889 56.5848 -0.946202 0.0213794 0.323217 192.608
0.309802 -0.254111 0.916329 441.865 0.101729 0.966984 0.23378 56.7125 -0.945464 0.0207921 0.325415 192.791
0.309495 -0.254278 0.916402 442.405 0.101361 0.966947 0.234095 56.8502 -0.945599 0.0204366 0.325038 192.991
0.310669 -0.254695 0.915874 442.909 0.101772 0.966839 0.234361 56.9759 -0.945175 0.0204015 0.326279 193.171
0.311299 -0.255035 0.915581 443.398 0.102233 0.966744 0.234552 57.093 -0.944912 0.020587 0.327019 193.342
0.31177 -0.255033 0.915406 443.887 0.101971 0.966754 0.234624 57.2065 -0.944791 0.0201961 0.327402 193.516
0.312876 -0.25495 0.915066 444.354 0.101431 0.966791 0.234705 57.3161 -0.944478 0.0193833 0.328345 193.679
0.313533 -0.254718 0.914892 444.816 0.101041 0.966863 0.234576 57.4261 -0.944308 0.0188948 0.328871 193.847
0.314435 -0.253621 0.914901 445.275 0.100739 0.967154 0.233509 57.5357 -0.944034 0.0187432 0.329655 194.014
0.315612 -0.253847 0.91442 445.719 0.101174 0.967094 0.233565 57.6408 -0.943601 0.0187995 0.3309 194.166
0.316611 -0.253957 0.914057 446.148 0.101146 0.967071 0.233676 57.7439 -0.943264 0.01847 0.331871 194.322
0.316333 -0.254296 0.914046 446.571 0.100344 0.966999 0.234317 57.8377 -0.943448 0.0175973 0.331402 194.48
0.315594 -0.254514 0.914254 446.991 0.0997476 0.966949 0.234776 57.9371 -0.943753 0.0171014 0.33055 194.634
0.314486 -0.254979 0.914493 447.39 0.0996673 0.966828 0.235312 58.031 -0.944138 0.0171432 0.329458 194.781
0.313558 -0.255285 0.91474 447.766 0.0993664 0.966748 0.235763 58.1202 -0.944473 0.01697 0.328498 194.917
0.312506 -0.255516 0.915022 448.141 0.0992229 0.966688 0.236072 58.2102 -0.944842 0.0170174 0.32744 195.051
0.311975 -0.255686 0.915169 448.505 0.0989576 0.966645 0.236359 58.2994 -0.94504 0.0168256 0.326871 195.182
0.310939 -0.256148 0.915379 448.863 0.0989419 0.966523 0.236866 58.3863 -0.945388 0.0169186 0.325864 195.309
0.309921 -0.25636 0.915679 449.214 0.0989673 0.966461 0.237106 58.4711 -0.945714 0.0171389 0.324897 195.429
0.309134 -0.25672 0.915831 449.546 0.0989847 0.966365 0.237489 58.5498 -0.945976 0.0172372 0.32414 195.545
0.308286 -0.256829 0.916099 449.875 0.0984955 0.96634 0.237793 58.6287 -0.946298 0.016924 0.323205 195.659
0.307409 -0.256908 0.916359 450.179 0.0978936 0.966327 0.238094 58.7027 -0.946651 0.0165137 0.322199 195.77
0.306611 -0.256979 0.916618 450.476 0.0975606 0.96631 0.238301 58.7755 -0.946938 0.0163608 0.321352 195.878
0.305238 -0.257169 0.917011 450.77 0.0972403 0.966261 0.23863 58.8435 -0.947421 0.0163317 0.319938 195.981
0.30451 -0.257408 0.917199 451.042 0.0970825 0.966197 0.238953 58.9066 -0.947666 0.0162812 0.319206 196.076
0.303942 -0.257477 0.917356 451.319 0.0967809 0.966183 0.239132 58.9747 -0.947885 0.0161001 0.318574 196.174
0.303475 -0.257523 0.91751 451.589 0.0967643 0.966168 0.2392 59.0448 -0.94803 0.0161919 0.318126 196.271
0.303086 -0.257684 0.91758 451.86 0.0966566 0.966127 0.239408 59.1158 -0.948171 0.016129 0.317719 196.368
0.303221 -0.257927 0.91748 452.122 0.0967676 0.966061 0.239628 59.181 -0.948111 0.016123 0.317888 196.464
0.303968 -0.258008 0.917198 452.388 0.0966043 0.966047 0.23975 59.2459 -0.947895 0.0157289 0.318564 196.563
0.305333 -0.258158 0.916714 452.642 0.0967167 0.966011 0.239852 59.3063 -0.947439 0.0154277 0.319923 196.655
0.307078 -0.258204 0.916107 452.901 0.0963534 0.966013 0.239989 59.3636 -0.946918 0.0145746 0.321512 196.756
0.309712 -0.25829 0.915207 453.155 0.0971467 0.965988 0.239771 59.4293 -0.945972 0.0146501 0.32427 196.853
0.313659 -0.258425 0.913812 453.415 0.098556 0.965947 0.239358 59.4966 -0.944531 0.014985 0.328439 196.946
0.319113 -0.258591 0.911887 453.677 0.100078 0.965902 0.238912 59.5607 -0.942537 0.015021 0.33411 197.044
0.326352 -0.258638 0.909295 453.937 0.101881 0.965891 0.238188 59.6265 -0.939867 0.0149064 0.341562 197.148
0.335356 -0.258647 0.906023 454.198 0.104084 0.965892 0.237237 59.6922 -0.936444 0.0147443 0.350837 197.254
0.345719 -0.257677 0.902385 454.463 0.105521 0.966164 0.23548 59.7594 -0.932512 0.0138112 0.361202 197.372
0.356838 -0.257776 0.89803 454.727 0.108655 0.966135 0.234176 59.825 -0.927946 0.0140131 0.37276 197.49
0.370437 -0.257704 0.892515 455.001 0.111934 0.966158 0.232528 59.8965 -0.922215 0.0137658 0.386736 197.617
0.385443 -0.257674 0.886159 455.268 0.115865 0.966165 0.230568 59.9705 -0.915551 0.0138048 0.402255 197.756
0.402391 -0.257075 0.878757 455.538 0.119478 0.966333 0.228003 60.0462 -0.907767 0.0132454 0.419547 197.904
0.420034 -0.257293 0.870408 455.799 0.124302 0.966272 0.225672 60.11 -0.89908 0.0134049 0.437846 198.054
0.438258 -0.257436 0.861323 456.068 0.12908 0.966235 0.223133 60.1809 -0.889664 0.0133898 0.456677 198.211
0.456808 -0.257525 0.851614 456.328 0.134028 0.966209 0.220312 60.2459 -0.879538 0.0135009 0.475883 198.372
0.475533 -0.257107 0.841418 456.575 0.138219 0.966327 0.217179 60.3142 -0.868906 0.013024 0.495042 198.547
0.490686 -0.251862 0.834285 456.818 0.136484 0.967745 0.211906 60.3741 -0.860711 0.00988857 0.509229 198.722
0.498811 -0.246847 0.830948 457.075 0.132368 0.969067 0.208438 60.4404 -0.856681 0.00601971 0.516039 198.891
0.498174 -0.246616 0.83141 457.307 0.131874 0.969127 0.208476 60.5033 -0.857121 0.00578549 0.515311 199.049
0.49408 -0.246673 0.833822 457.54 0.130865 0.969113 0.209173 60.5648 -0.859649 0.00577041 0.511083 199.199
0.485165 -0.246751 0.839028 457.764 0.128551 0.969094 0.210695 60.6202 -0.865052 0.00563693 0.501886 199.334
0.472501 -0.247028 0.846133 458 0.125566 0.969023 0.212806 60.6777 -0.872475 0.00569416 0.488866 199.459
0.458563 -0.247248 0.853712 458.221 0.122177 0.968967 0.215026 60.7315 -0.880348 0.0057023 0.474536 199.564
0.441379 -0.247521 0.862634 458.45 0.118118 0.968896 0.217594 60.791 -0.889646 0.00585102 0.456872 199.664
0.421973 -0.247608 0.872276 458.683 0.113385 0.968873 0.220203 60.8556 -0.899613 0.00598481 0.43691 199.761
0.402008 -0.247738 0.881609 458.924 0.107667 0.968844 0.223174 60.9114 -0.909415 0.00520238 0.416143 199.864
0.381373 -0.247914 0.890691 459.166 0.102287 0.9688 0.225884 60.9751 -0.918866 0.00496161 0.394829 199.965
0.361968 -0.24835 0.898621 459.42 0.0975944 0.968689 0.22842 61.04 -0.927196 0.00501973 0.37486 200.054
0.343843 -0.248716 0.905621 459.678 0.0932742 0.968594 0.230621 61.1039 -0.934503 0.00517486 0.35624 200.141
0.327251 -0.249062 0.911643 459.942 0.0894027 0.968504 0.232521 61.1687 -0.940825 0.00541091 0.3392 200.221
0.312232 -0.249244 0.916857 460.201 0.0858883 0.968455 0.234047 61.2393 -0.946234 0.00567156 0.323788 200.298
0.298984 -0.249153 0.921277 460.461 0.0821946 0.968481 0.235261 61.3137 -0.950839 0.00538477 0.31003 200.386
0.289162 -0.249631 0.924288 460.711 0.0797575 0.968358 0.236606 61.3786 -0.95407 0.00530249 0.299921 200.459
0.278698 -0.249877 0.927421 460.966 0.0772155 0.968294 0.237703 61.4507 -0.957398 0.00536418 0.289147 200.544
0.272079 -0.250149 0.929321 461.215 0.07564 0.968224 0.2385 61.5163 -0.959415 0.00540408 0.282354 200.61
0.269788 -0.250299 0.929938 461.445 0.0750528 0.968185 0.238837 61.5726 -0.960119 0.00535921 0.279982 200.674
0.272163 -0.250296 0.929257 461.662 0.0754626 0.968187 0.238705 61.6291 -0.959405 0.00515879 0.282391 200.741
0.277869 -0.25052 0.927496 461.886 0.0771881 0.968128 0.238388 61.6874 -0.957642 0.00535147 0.288341 200.811
0.287169 -0.250799 0.924594 462.095 0.0797984 0.968055 0.237828 61.7403 -0.954669 0.00548538 0.298007 200.878
0.298622 -0.250743 0.920963 462.293 0.0825416 0.96807 0.236823 61.7976 -0.950924 0.00529752 0.309774 200.951
0.312031 -0.250438 0.916598 462.47 0.0853408 0.968152 0.235497 61.849 -0.946349 0.00474218 0.323464 201.032
0.325791 -0.250439 0.911789 462.638 0.0887822 0.968152 0.234216 61.8936 -0.941394 0.00464538 0.337639 201.111
0.339535 -0.250236 0.906826 462.794 0.0917532 0.968207 0.232844 61.938 -0.936227 0.00414686 0.351698 201.191
0.353626 -0.250403 0.90137 462.955 0.095373 0.968164 0.231561 61.9827 -0.930644 0.00408079 0.366237 201.273
0.367579 -0.250821 0.895662 463.094 0.100074 0.968051 0.230047 62.0186 -0.924713 0.00507306 0.380933 201.331
0.378743 -0.251542 0.890787 463.231 0.114129 0.967735 0.224765 62.0458 -0.918572 0.0165366 0.395218 201.397
0.393306 -0.248588 0.885297 463.353 0.12133 0.968398 0.218045 62.0576 -0.911489 0.0216557 0.411035 201.452
0.407811 -0.247545 0.878996 463.446 0.124519 0.968661 0.215047 62.1044 -0.904673 0.0217524 0.425841 201.525
0.423742 -0.245036 0.872145 463.539 0.121149 0.969427 0.213531 62.1459 -0.897769 0.0151783 0.440469 201.605
0.438811 -0.243878 0.864981 463.637 0.119241 0.969786 0.212957 62.1844 -0.890771 0.00969295 0.454619 201.682
0.451458 -0.244023 0.858414 463.733 0.122135 0.969755 0.211467 62.2071 -0.884021 0.0093746 0.467604 201.751
0.463198 -0.244336 0.85204 463.829 0.125262 0.969674 0.209995 62.2289 -0.877498 0.00945908 0.479742 201.812
0.474792 -0.244469 0.845603 463.914 0.128071 0.969643 0.208446 62.2493 -0.870858 0.00932914 0.491684 201.869
0.485706 -0.244498 0.839366 463.992 0.130757 0.969634 0.206803 62.2695 -0.86443 0.00930753 0.50291 201.924
0.49549 -0.245293 0.833401 464.069 0.134238 0.969429 0.205546 62.2902 -0.858309 0.0100285 0.513266 201.981
0.504736 -0.245379 0.827801 464.149 0.136712 0.969402 0.204019 62.3134 -0.852524 0.0101939 0.522822 202.033
0.512174 -0.245311 0.823248 464.211 0.13836 0.969424 0.202816 62.3335 -0.847797 0.0100285 0.53045 202.086
0.520783 -0.242241 0.818737 464.265 0.135506 0.970225 0.200893 62.3329 -0.843013 0.00632237 0.538083 202.14
0.532051 -0.236329 0.813208 464.305 0.129552 0.971704 0.197656 62.3328 -0.836877 0.000190689 0.547608 202.195
0.539944 -0.231407 0.809405 464.346 0.125328 0.972879 0.194563 62.3357 -0.832467 -0.0036121 0.554284 202.244
0.544683 -0.231293 0.806263 464.393 0.126316 0.972908 0.193792 62.3455 -0.829211 -0.0037101 0.559137 202.276
0.549495 -0.236347 0.801512 464.442 0.131991 0.971696 0.196065 62.3557 -0.825155 -0.00194418 0.565119 202.307
0.55327 -0.241804 0.797283 464.486 0.138068 0.970356 0.198511 62.3677 -0.821617 0.000250028 0.570249 202.334
0.556922 -0.24185 0.794716 464.53 0.139172 0.970343 0.197793 62.3859 -0.818974 0.000446418 0.574044 202.365
0.562076 -0.241526 0.791184 464.553 0.140223 0.970425 0.196654 62.3997 -0.81525 0.000408604 0.579315 202.399
0.56768 -0.238725 0.788021 464.581 0.137442 0.971113 0.195205 62.4153 -0.811848 -0.00250654 0.584072 202.434
0.570928 -0.238652 0.785699 464.604 0.138071 0.971132 0.194676 62.4211 -0.809447 -0.00266228 0.587392 202.464
