0.000000 0.000000 0.000000 0.000000
0.003300 4.566320 -0.021884 4.562080
-0.031600 9.099120 -0.067945 9.068370
-0.081746 13.587400 -0.128630 13.544000
-0.172500 18.042800 -0.206718 17.981200
-0.267645 22.451600 -0.285815 22.367900
-0.358316 26.802000 -0.375723 26.714700
-0.443022 31.082000 -0.448463 30.993000
-0.523724 35.272000 -0.509552 35.175500
-0.612409 39.330100 -0.570291 39.226600
-0.675511 43.239500 -0.603690 43.124000
-0.699432 46.977400 -0.611889 46.863700
-0.695244 50.605500 -0.575290 50.493700
-0.616023 54.132900 -0.460141 54.006200
-0.419612 57.531100 -0.234667 57.410900
-0.040987 60.807700 0.168410 60.689100
0.555692 63.941500 0.763785 63.832800
1.384770 66.905400 1.569950 66.799000
2.426490 69.705000 2.601070 69.611800
3.675550 72.304100 3.846150 72.224300
5.147170 74.746300 5.321140 74.667000
6.825110 76.950100 7.000160 76.885900
8.719890 78.917100 8.893290 78.859300
10.789600 80.649100 10.953400 80.588900
13.029500 82.197300 13.203000 82.106900
15.465500 83.550000 15.652900 83.390100
18.059600 84.618000 18.258100 84.427200
20.809700 85.374800 21.011800 85.158700
23.659600 85.799900 23.857400 85.544800
26.551800 85.953100 26.752900 85.657800
29.494300 85.917600 29.704600 85.583300
32.451200 85.735700 32.660000 85.362200
35.430200 85.494100 35.646400 85.065700
38.436400 85.235200 38.642000 84.752500
41.481100 84.934200 41.677400 84.412700
44.550600 84.617200 44.730500 84.060100
47.658700 84.275100 47.826100 83.702400
50.812700 83.907200 50.992200 83.297400
53.984100 83.508900 54.159700 82.863700
57.200700 83.114500 57.379700 82.435700
60.449900 82.728800 60.613900 82.017100
63.769000 82.304600 63.908500 81.558800
67.084600 81.863300 67.229700 81.077100
70.455900 81.455400 70.591400 80.620400
73.861800 81.053200 73.993500 80.161400
77.314000 80.640400 77.424400 79.700100
80.790700 80.235600 80.904300 79.245000
84.289700 79.830800 84.442100 78.776300
87.823200 79.420300 88.013900 78.306600
91.434800 79.017200 91.619600 77.849300
95.093000 78.626000 95.268200 77.413800
98.787700 78.282100 98.962700 76.986500
102.525000 77.939300 102.721000 76.556900
106.272000 77.563800 106.467000 76.103100
109.993000 77.164700 110.194000 75.629700
113.685000 76.673900 113.883000 75.060900
117.338000 76.022000 117.549000 74.358300
120.906000 75.211700 121.084000 73.507900
124.445000 74.265800 124.599000 72.519200
127.896000 73.151300 127.995000 71.360500
131.274000 71.880300 131.347000 70.045700
134.557000 70.468600 134.600000 68.594400
137.780000 68.884300 137.797000 66.969400
140.975000 67.121000 140.964000 65.170700
144.090000 65.167200 144.050000 63.177800
147.123000 63.016400 147.057000 60.986200
150.055000 60.676500 149.955000 58.614900
152.882000 58.147900 152.762000 56.049200
155.553000 55.406000 155.383000 53.282300
158.081000 52.427000 157.779000 50.318900
160.432000 49.322200 159.962000 47.166600
162.520000 46.053000 161.907000 43.871600
164.370000 42.657000 163.644000 40.483500
166.041000 39.167500 165.209000 36.987000
167.566000 35.590200 166.613000 33.435200
168.942000 31.978700 167.889000 29.821700
170.241000 28.325200 169.145000 26.186600
171.419000 24.649400 170.354000 22.544800
172.575000 20.976600 171.531000 18.876200
173.708000 17.360200 172.702000 15.250500
174.976000 13.771900 173.921000 11.615400
176.310000 10.216300 175.186000 8.023750
177.742000 6.698140 176.553000 4.472170
179.331000 3.223550 178.094000 0.941826
181.094000 -0.175163 179.777000 -2.491950
182.987000 -3.447320 181.585000 -5.807660
185.007000 -6.570750 183.553000 -8.984470
187.210000 -9.545650 185.688000 -11.996400
189.587000 -12.303000 187.991000 -14.831000
192.146000 -14.814400 190.457000 -17.383200
194.874000 -17.078700 193.117000 -19.726700
197.722000 -19.118400 195.941000 -21.821700
200.773000 -20.870600 198.921000 -23.643800
203.954000 -22.321000 202.080000 -25.160600
207.268000 -23.433500 205.380000 -26.358900
210.695000 -24.167300 208.760000 -27.203400
214.143000 -24.515300 212.206000 -27.676700
217.629000 -24.490600 215.658000 -27.770700
221.083000 -24.116100 219.140000 -27.550300
224.531000 -23.433900 222.592000 -26.995900
227.938000 -22.438000 226.001000 -26.116700
231.254000 -21.119500 229.338000 -24.918500
234.433000 -19.501400 232.561000 -23.393500
237.522000 -17.581800 235.665000 -21.577300
240.462000 -15.409400 238.622000 -19.501100
243.280000 -13.037100 241.446000 -17.218400
245.958000 -10.466400 244.142000 -14.729400
248.496000 -7.727070 246.694000 -12.070100
250.890000 -4.812890 249.106000 -9.230840
253.156000 -1.741600 251.400000 -6.230240
255.309000 1.477320 253.579000 -3.103610
257.369000 4.803600 255.681000 0.176265
259.393000 8.201910 257.746000 3.524450
261.390000 11.654100 259.770000 6.909170
263.346000 15.155100 261.767000 10.346500
265.265000 18.674900 263.689000 13.761200
267.167000 22.191300 265.617000 17.202000
269.063000 25.707200 267.527000 20.644500
270.918000 29.250900 269.450000 24.088100
272.770000 32.829900 271.409000 27.548500
274.684000 36.409300 273.360000 31.049300
276.619000 39.961800 275.315000 34.561500
278.567000 43.561500 277.303000 38.120900
280.500000 47.192300 279.258000 41.649100
282.374000 50.834600 281.198000 45.168000
284.172000 54.411500 283.073000 48.637100
285.976000 57.929500 284.910000 52.093200
287.706000 61.403300 286.672000 55.485100
289.354000 64.815800 288.361000 58.829200
290.947000 68.144000 289.995000 62.073100
292.536000 71.408600 291.635000 65.282300
294.214000 74.595900 293.350000 68.411700
296.038000 77.699800 295.199000 71.459000
297.960000 80.720400 297.161000 74.403500
300.077000 83.591200 299.304000 77.185600
302.374000 86.254400 301.604000 79.760600
304.858000 88.673600 304.089000 82.100300
307.533000 90.798700 306.747000 84.143000
310.354000 92.592700 309.555000 85.863600
313.290000 94.053200 312.480000 87.241200
316.344000 95.177300 315.506000 88.299500
319.489000 95.970300 318.623000 89.037300
322.707000 96.444600 321.754000 89.429400
325.962000 96.586800 324.913000 89.483500
329.164000 96.370300 328.031000 89.197100
332.392000 95.769700 331.093000 88.582000
335.509000 94.841800 334.091000 87.628900
338.385000 93.620400 336.956000 86.346500
341.104000 92.105800 339.687000 84.747300
343.697000 90.324900 342.270000 82.838000
346.127000 88.200300 344.664000 80.599200
348.304000 85.703200 346.844000 78.058500
350.162000 82.923000 348.713000 75.280700
351.687000 79.991500 350.224000 72.348700
352.874000 76.990200 351.401000 69.347600
353.762000 73.888900 352.271000 66.271400
354.448000 70.675100 352.936000 63.180300
355.085000 67.463900 353.527000 59.972500
355.650000 64.235900 354.035000 56.784100
356.085000 61.017400 354.454000 53.609400
356.433000 57.861800 354.795000 50.475600
356.746000 54.771400 355.090000 47.428900
357.055000 51.781900 355.401000 44.471200
357.473000 48.927400 355.799000 41.637300
358.034000 46.306600 356.298000 39.020900
358.755000 43.937900 356.946000 36.646600
359.731000 41.781000 357.842000 34.477800
361.023000 39.906700 359.035000 32.559700
362.597000 38.356800 360.497000 30.962000
364.406000 37.146000 362.192000 29.682000
366.505000 36.252900 364.180000 28.700100
368.968000 35.707400 366.447000 28.031500
371.567000 35.497600 368.881000 27.707000
374.319000 35.605300 371.530000 27.689100
377.121000 36.017200 374.271000 27.959600
379.900000 36.704400 377.016000 28.517200
382.650000 37.651200 379.730000 29.328000
385.317000 38.849500 382.373000 30.385700
387.827000 40.299200 384.880000 31.697500
390.182000 42.064600 387.242000 33.340200
392.303000 44.101500 389.436000 35.263600
394.212000 46.341600 391.409000 37.410800
395.931000 48.698700 393.190000 39.662000
397.516000 51.135600 394.820000 42.000900
398.926000 53.641800 396.285000 44.430500
400.174000 56.230200 397.590000 46.936400
401.238000 58.894400 398.751000 49.537200
402.080000 61.642100 399.714000 52.222900
402.701000 64.481000 400.441000 55.003400
403.092000 67.393200 400.960000 57.891300
403.267000 70.400300 401.238000 60.883200
403.277000 73.496200 401.328000 63.973100
403.211000 76.681500 401.326000 67.173300
403.138000 79.946700 401.281000 70.430200
403.027000 83.298700 401.197000 73.782000
402.923000 86.741100 401.091000 77.214300
402.762000 90.259400 400.960000 80.722200
402.543000 93.886200 400.812000 84.308500
402.305000 97.590600 400.638000 87.969800
402.021000 101.352000 400.422000 91.705600
401.715000 105.140000 400.200000 95.488700
401.372000 108.908000 399.943000 99.227100
400.974000 112.661000 399.641000 102.984000
400.525000 116.400000 399.292000 106.726000
400.040000 120.104000 398.901000 110.424000
399.513000 123.797000 398.460000 114.112000
398.948000 127.507000 398.024000 117.802000
398.418000 131.212000 397.628000 121.483000
397.862000 134.894000 397.187000 125.136000
397.292000 138.495000 396.765000 128.808000
396.773000 142.101000 396.386000 132.459000
396.273000 145.713000 396.005000 136.099000
395.800000 149.323000 395.659000 139.732000
395.346000 152.961000 395.321000 143.387000
394.904000 156.604000 394.986000 147.051000
394.464000 160.260000 394.652000 150.727000
394.028000 163.934000 394.322000 154.427000
393.602000 167.618000 393.984000 158.109000
393.178000 171.303000 393.662000 161.816000
392.765000 175.010000 393.352000 165.551000
392.351000 178.712000 393.030000 169.270000
391.953000 182.423000 392.737000 172.997000
391.584000 186.171000 392.492000 176.736000
391.285000 189.960000 392.310000 180.504000
391.045000 193.746000 392.204000 184.251000
390.881000 197.536000 392.165000 188.005000
390.779000 201.345000 392.202000 191.807000
390.752000 205.130000 392.301000 195.584000
390.798000 208.941000 392.464000 199.396000
390.906000 212.749000 392.686000 203.186000
391.064000 216.556000 392.945000 206.974000
391.290000 220.376000 393.273000 210.752000
391.598000 224.195000 393.680000 214.543000
391.972000 228.028000 394.164000 218.320000
392.425000 231.860000 394.725000 222.121000
392.949000 235.709000 395.363000 225.925000
393.524000 239.569000 396.060000 229.730000
394.159000 243.431000 396.802000 233.513000
394.891000 247.313000 397.665000 237.324000
395.560000 251.214000 398.574000 241.123000
396.346000 255.147000 399.611000 244.940000
397.322000 259.045000 400.759000 248.739000
398.441000 262.918000 402.001000 252.517000
399.645000 266.740000 403.303000 256.216000
400.889000 270.478000 404.665000 259.853000
402.245000 274.145000 406.059000 263.432000
403.621000 277.765000 407.520000 266.968000
405.063000 281.364000 409.009000 270.443000
406.515000 284.958000 410.559000 273.937000
407.994000 288.480000 412.058000 277.328000
409.448000 291.959000 413.583000 280.712000
410.886000 295.377000 415.077000 284.005000
412.298000 298.736000 416.541000 287.259000
413.691000 302.044000 418.009000 290.482000
415.082000 305.314000 419.459000 293.633000
416.476000 308.572000 420.922000 296.789000
417.869000 311.866000 422.406000 299.990000
419.230000 315.202000 423.897000 303.218000
420.567000 318.593000 425.432000 306.458000
421.981000 321.983000 427.073000 309.722000
423.555000 325.388000 428.837000 312.975000
425.266000 328.795000 430.684000 316.227000
427.120000 332.223000 432.649000 319.510000
429.051000 335.662000 434.692000 322.782000
431.062000 339.072000 436.797000 326.018000
433.113000 342.435000 438.941000 329.210000
435.178000 345.742000 441.108000 332.343000
437.232000 349.043000 443.258000 335.473000
439.323000 352.351000 445.454000 338.614000
441.412000 355.681000 447.636000 341.751000
443.530000 359.029000 449.850000 344.895000
445.604000 362.367000 452.026000 348.045000
447.671000 365.724000 454.198000 351.200000
449.725000 369.065000 456.346000 354.335000
451.749000 372.421000 458.490000 357.470000
453.736000 375.784000 460.612000 360.592000
455.694000 379.119000 462.753000 363.703000
457.674000 382.434000 464.904000 366.797000
459.735000 385.734000 467.079000 369.870000
461.791000 389.042000 469.266000 372.942000
463.899000 392.292000 471.491000 375.969000
466.029000 395.489000 473.712000 378.920000
468.073000 398.535000 475.871000 381.727000
470.114000 401.478000 477.999000 384.436000
472.113000 404.369000 480.088000 387.105000
474.091000 407.204000 482.152000 389.709000
476.086000 409.967000 484.192000 392.249000
478.039000 412.690000 486.203000 394.726000
479.946000 415.363000 488.159000 397.129000
481.821000 417.955000 490.039000 399.486000
483.668000 420.479000 491.929000 401.800000
485.462000 422.890000 493.764000 403.988000
487.193000 425.153000 495.530000 406.049000
488.838000 427.256000 497.220000 407.969000
490.373000 429.219000 498.807000 409.740000
491.854000 431.107000 500.331000 411.449000
493.236000 432.888000 501.727000 413.039000
494.477000 434.555000 502.992000 414.525000
495.598000 436.096000 504.155000 415.896000
496.638000 437.542000 505.238000 417.195000
497.629000 438.970000 506.287000 418.477000
498.495000 440.430000 507.222000 419.795000
499.170000 441.956000 507.979000 421.185000
499.584000 443.547000 508.519000 422.667000
499.803000 445.201000 508.854000 424.234000
499.710000 446.946000 508.934000 425.931000
499.420000 448.742000 508.781000 427.674000
498.815000 450.532000 508.393000 429.491000
498.083000 452.355000 507.809000 431.347000
497.148000 454.175000 506.997000 433.221000
496.140000 456.048000 506.107000 435.148000
495.064000 457.978000 505.152000 437.130000
493.953000 459.976000 504.159000 439.193000
492.783000 461.997000 503.119000 441.336000
491.601000 464.104000 502.062000 443.551000
490.343000 466.329000 500.956000 445.869000
489.021000 468.635000 499.809000 448.266000
487.670000 471.012000 498.638000 450.720000
486.292000 473.415000 497.442000 453.227000
484.893000 475.850000 496.209000 455.770000
483.483000 478.314000 494.982000 458.325000
482.051000 480.790000 493.744000 460.912000
480.637000 483.263000 492.514000 463.485000
479.197000 485.732000 491.254000 466.082000
477.742000 488.256000 490.001000 468.716000
476.280000 490.763000 488.736000 471.328000
474.792000 493.278000 487.453000 473.971000
473.301000 495.784000 486.179000 476.582000
471.865000 498.195000 484.962000 479.056000
470.464000 500.551000 483.764000 481.498000
469.101000 502.837000 482.589000 483.865000
467.814000 504.991000 481.478000 486.117000
466.616000 506.998000 480.445000 488.209000
465.516000 508.855000 479.508000 490.127000
464.492000 510.604000 478.618000 491.951000
463.488000 512.330000 477.760000 493.721000
462.523000 513.995000 476.929000 495.449000
461.609000 515.568000 476.134000 497.078000
460.780000 517.017000 475.420000 498.573000
460.021000 518.326000 474.760000 499.928000
459.262000 519.569000 474.110000 501.234000
458.394000 520.727000 473.375000 502.478000
457.398000 521.783000 472.522000 503.646000
456.262000 522.643000 471.525000 504.649000
455.004000 523.204000 470.389000 505.473000
453.543000 523.635000 469.047000 506.149000
451.898000 523.795000 467.519000 506.576000
450.177000 523.711000 465.867000 506.723000
448.392000 523.290000 464.107000 506.597000
446.552000 522.594000 462.283000 506.178000
444.620000 521.695000 460.396000 505.534000
442.656000 520.566000 458.449000 504.669000
440.677000 519.294000 456.455000 503.652000
438.699000 517.953000 454.450000 502.573000
436.788000 516.549000 452.496000 501.438000
434.931000 515.081000 450.589000 500.223000
433.118000 513.544000 448.730000 498.942000
431.391000 511.929000 446.931000 497.578000
429.745000 510.263000 445.195000 496.155000
428.171000 508.555000 443.526000 494.673000
426.721000 506.816000 441.946000 493.135000
425.334000 505.019000 440.434000 491.551000
424.039000 503.213000 439.005000 489.933000
422.815000 501.345000 437.637000 488.241000
421.651000 499.415000 436.323000 486.486000
420.540000 497.427000 435.056000 484.663000
419.458000 495.381000 433.820000 482.772000
418.399000 493.279000 432.599000 480.803000
417.394000 491.105000 431.421000 478.786000
416.416000 488.875000 430.257000 476.720000
415.462000 486.633000 429.132000 474.618000
414.516000 484.371000 428.010000 472.498000
413.569000 482.086000 426.889000 470.349000
412.673000 479.780000 425.823000 468.198000
411.810000 477.467000 424.786000 466.040000
410.971000 475.154000 423.813000 463.893000
410.152000 472.851000 422.857000 461.714000
409.359000 470.550000 421.911000 459.530000
408.588000 468.266000 420.976000 457.357000
407.841000 466.044000 420.086000 455.256000
407.136000 463.931000 419.241000 453.257000
406.469000 461.954000 418.436000 451.380000
405.815000 460.139000 417.688000 449.653000
405.213000 458.360000 416.938000 447.990000
404.626000 456.582000 416.203000 446.331000
404.006000 454.814000 415.444000 444.666000
403.391000 453.026000 414.706000 442.995000
402.767000 451.230000 413.936000 441.287000
402.131000 449.361000 413.151000 439.517000
401.453000 447.442000 412.336000 437.705000
400.690000 445.461000 411.452000 435.833000
399.873000 443.406000 410.478000 433.897000
399.055000 441.300000 409.480000 431.920000
398.187000 439.137000 408.432000 429.898000
397.302000 436.903000 407.351000 427.830000
396.395000 434.637000 406.259000 425.729000
395.451000 432.345000 405.158000 423.587000
394.476000 430.015000 404.013000 421.418000
393.459000 427.623000 402.822000 419.195000
392.394000 425.177000 401.580000 416.929000
391.261000 422.687000 400.266000 414.629000
390.088000 420.188000 398.899000 412.321000
388.876000 417.660000 397.496000 409.980000
387.643000 415.117000 396.071000 407.617000
386.363000 412.548000 394.595000 405.234000
385.072000 409.981000 393.093000 402.852000
383.750000 407.391000 391.559000 400.456000
382.402000 404.795000 389.997000 398.051000
381.023000 402.185000 388.405000 395.630000
379.605000 399.580000 386.770000 393.218000
378.142000 396.970000 385.087000 390.807000
376.636000 394.357000 383.360000 388.392000
375.091000 391.740000 381.588000 385.974000
373.515000 389.121000 379.780000 383.555000
371.911000 386.523000 377.935000 381.164000
370.303000 383.955000 376.047000 378.756000
368.679000 381.351000 374.147000 376.338000
367.031000 378.742000 372.220000 373.907000
365.362000 376.155000 370.302000 371.517000
363.614000 373.658000 368.392000 369.205000
361.922000 371.262000 366.524000 367.004000
360.268000 368.943000 364.680000 364.889000
358.614000 366.657000 362.831000 362.796000
356.969000 364.403000 360.999000 360.742000
355.366000 362.209000 359.200000 358.729000
353.832000 360.080000 357.475000 356.780000
352.395000 358.044000 355.828000 354.915000
351.050000 356.109000 354.276000 353.153000
349.765000 354.330000 352.796000 351.524000
348.514000 352.721000 351.393000 350.055000
347.278000 351.220000 350.023000 348.712000
346.010000 349.853000 348.643000 347.507000
344.737000 348.653000 347.266000 346.478000
343.394000 347.645000 345.838000 345.613000
341.982000 346.858000 344.356000 344.961000
340.429000 346.276000 342.782000 344.550000
338.789000 346.024000 341.139000 344.426000
337.107000 346.114000 339.497000 344.632000
335.445000 346.478000 337.878000 345.113000
333.844000 347.186000 336.357000 345.941000
332.257000 348.086000 334.887000 346.996000
330.687000 349.192000 333.483000 348.268000
329.080000 350.413000 332.036000 349.658000
327.415000 351.753000 330.536000 351.167000
325.646000 353.156000 328.957000 352.745000
323.732000 354.525000 327.219000 354.298000
321.698000 355.776000 325.363000 355.753000
319.525000 356.889000 323.373000 357.099000
317.263000 357.850000 321.260000 358.304000
314.902000 358.642000 319.042000 359.349000
312.449000 359.244000 316.713000 360.237000
309.930000 359.676000 314.284000 360.963000
307.318000 359.913000 311.758000 361.522000
304.676000 359.978000 309.155000 361.932000
301.995000 359.886000 306.496000 362.190000
299.252000 359.686000 303.768000 362.335000
296.475000 359.418000 301.012000 362.407000
293.677000 359.126000 298.230000 362.446000
290.873000 358.805000 295.432000 362.454000
288.083000 358.437000 292.629000 362.410000
285.316000 358.106000 289.843000 362.374000
282.569000 357.806000 287.093000 362.374000
279.852000 357.547000 284.383000 362.404000
277.145000 357.351000 281.691000 362.502000
274.445000 357.228000 279.011000 362.681000
271.736000 357.212000 276.331000 362.962000
269.035000 357.331000 273.669000 363.376000
266.338000 357.577000 271.038000 363.905000
263.639000 357.951000 268.426000 364.566000
260.950000 358.439000 265.782000 365.336000
258.278000 359.076000 263.205000 366.246000
255.630000 359.860000 260.665000 367.280000
253.000000 360.811000 258.172000 368.481000
250.388000 361.915000 255.715000 369.850000
247.826000 363.186000 253.310000 371.385000
245.313000 364.646000 250.984000 373.094000
242.889000 366.259000 248.782000 374.940000
240.584000 368.018000 246.707000 376.934000
238.391000 369.901000 244.752000 379.030000
236.284000 371.905000 242.901000 381.238000
234.298000 374.032000 241.192000 383.531000
232.408000 376.263000 239.584000 385.930000
230.672000 378.606000 238.138000 388.415000
229.094000 381.067000 236.842000 391.011000
227.666000 383.627000 235.703000 393.697000
226.387000 386.301000 234.720000 396.507000
225.282000 389.108000 233.923000 399.388000
224.337000 392.027000 233.288000 402.365000
223.574000 395.039000 232.847000 405.404000
222.960000 398.197000 232.578000 408.571000
222.524000 401.472000 232.500000 411.841000
222.273000 404.814000 232.625000 415.164000
222.204000 408.203000 232.945000 418.505000
222.313000 411.608000 233.430000 421.823000
222.542000 415.036000 234.040000 425.135000
222.844000 418.461000 234.733000 428.477000
223.248000 421.901000 235.514000 431.811000
223.730000 425.361000 236.359000 435.153000
224.225000 428.849000 237.213000 438.504000
224.744000 432.363000 238.095000 441.885000
225.301000 435.906000 239.011000 445.318000
225.872000 439.494000 239.944000 448.800000
226.444000 443.131000 240.883000 452.325000
227.031000 446.807000 241.836000 455.885000
227.631000 450.507000 242.804000 459.474000
228.236000 454.221000 243.773000 463.063000
228.883000 457.930000 244.788000 466.646000
229.548000 461.645000 245.809000 470.202000
230.224000 465.357000 246.846000 473.766000
230.907000 469.061000 247.903000 477.329000
231.576000 472.759000 248.945000 480.895000
232.232000 476.445000 249.949000 484.447000
232.904000 480.132000 250.972000 488.016000
233.581000 483.795000 251.993000 491.544000
234.253000 487.457000 253.005000 495.060000
234.955000 491.111000 254.049000 498.571000
235.657000 494.769000 255.087000 502.064000
236.357000 498.394000 256.124000 505.530000
237.077000 502.011000 257.185000 508.984000
237.794000 505.611000 258.243000 512.424000
238.493000 509.186000 259.273000 515.839000
239.182000 512.744000 260.298000 519.255000
239.870000 516.287000 261.314000 522.617000
240.524000 519.813000 262.302000 525.982000
241.137000 523.317000 263.247000 529.320000
241.725000 526.789000 264.180000 532.652000
242.288000 530.246000 265.096000 535.956000
242.831000 533.676000 265.980000 539.237000
243.390000 537.075000 266.868000 542.484000
243.977000 540.449000 267.781000 545.718000
244.555000 543.797000 268.716000 548.915000
245.160000 547.106000 269.676000 552.062000
245.788000 550.385000 270.645000 555.176000
246.432000 553.614000 271.630000 558.230000
247.118000 556.831000 272.649000 561.279000
247.842000 559.992000 273.687000 564.257000
248.618000 563.105000 274.786000 567.183000
249.470000 566.163000 275.936000 570.054000
250.375000 569.178000 277.145000 572.886000
251.340000 572.142000 278.398000 575.647000
252.345000 575.067000 279.681000 578.391000
253.387000 577.991000 280.990000 581.113000
254.421000 580.935000 282.295000 583.843000
255.440000 583.884000 283.584000 586.588000
256.422000 586.855000 284.843000 589.350000
257.366000 589.802000 286.061000 592.099000
258.301000 592.781000 287.251000 594.872000
259.223000 595.735000 288.445000 597.637000
260.149000 598.676000 289.642000 600.378000
261.135000 601.569000 290.882000 603.082000
262.217000 604.421000 292.217000 605.710000
263.426000 607.206000 293.682000 608.271000
264.785000 609.917000 295.279000 610.749000
266.301000 612.554000 297.033000 613.139000
267.978000 615.139000 298.938000 615.473000
269.808000 617.635000 300.990000 617.703000
271.782000 620.054000 303.165000 619.826000
273.865000 622.357000 305.436000 621.814000
276.066000 624.535000 307.809000 623.655000
278.374000 626.561000 310.271000 625.366000
280.809000 628.447000 312.849000 626.925000
283.382000 630.177000 315.562000 628.328000
286.062000 631.815000 318.372000 629.606000
288.860000 633.367000 321.286000 630.789000
291.785000 634.816000 324.364000 631.883000
294.821000 636.235000 327.504000 632.909000
297.966000 637.615000 330.750000 633.896000
301.196000 638.983000 334.053000 634.852000
304.447000 640.332000 337.399000 635.804000
307.734000 641.667000 340.773000 636.728000
311.030000 642.969000 344.128000 637.621000
314.341000 644.263000 347.508000 638.483000
317.627000 645.576000 350.854000 639.353000
320.887000 646.928000 354.185000 640.266000
324.072000 648.357000 357.484000 641.239000
327.206000 649.863000 360.724000 642.298000
330.277000 651.407000 363.929000 643.415000
333.196000 652.935000 367.004000 644.524000
335.937000 654.437000 369.927000 645.615000
338.576000 655.934000 372.688000 646.689000
341.079000 657.381000 375.390000 647.777000
343.449000 658.765000 377.934000 648.811000
345.681000 660.071000 380.320000 649.774000
347.815000 661.321000 382.588000 650.686000
349.827000 662.476000 384.730000 651.528000
351.702000 663.506000 386.710000 652.266000
353.374000 664.405000 388.450000 652.916000
354.872000 665.173000 389.980000 653.472000
356.157000 665.830000 391.331000 653.959000
357.240000 666.370000 392.454000 654.357000
358.126000 666.820000 393.383000 654.683000
358.880000 667.202000 394.175000 654.962000
359.622000 667.593000 394.911000 655.270000
360.292000 668.044000 395.604000 655.631000
360.936000 668.605000 396.289000 656.087000
361.579000 669.371000 397.000000 656.716000
362.180000 670.371000 397.715000 657.559000
362.642000 671.629000 398.317000 658.657000
362.969000 673.158000 398.760000 659.992000
363.030000 674.860000 398.926000 661.542000
362.777000 676.611000 398.848000 663.276000
362.331000 678.553000 398.540000 665.130000
361.700000 680.571000 398.048000 667.113000
360.856000 682.664000 397.357000 669.170000
359.781000 684.804000 396.461000 671.299000
358.550000 687.050000 395.420000 673.515000
357.260000 689.419000 394.281000 675.837000
355.896000 691.905000 393.068000 678.301000
354.454000 694.536000 391.803000 680.891000
352.968000 697.270000 390.457000 683.589000
351.407000 700.111000 389.054000 686.414000
349.807000 703.034000 387.587000 689.274000
348.165000 706.037000 386.085000 692.266000
346.490000 709.125000 384.562000 695.294000
344.763000 712.252000 382.949000 698.434000
342.996000 715.465000 381.335000 701.652000
341.209000 718.758000 379.689000 704.899000
339.389000 722.098000 378.027000 708.262000
337.552000 725.507000 376.341000 711.630000
335.693000 728.973000 374.640000 715.034000
333.806000 732.489000 372.921000 718.510000
331.893000 736.065000 371.178000 722.015000
329.981000 739.698000 369.431000 725.566000
328.065000 743.344000 367.609000 729.152000
326.154000 746.941000 365.846000 732.694000
324.283000 750.480000 364.135000 736.164000
322.423000 753.993000 362.403000 739.598000
320.559000 757.511000 360.766000 743.039000
318.647000 761.034000 359.046000 746.464000
316.777000 764.521000 357.283000 749.923000
314.934000 767.999000 355.570000 753.285000
313.072000 771.479000 353.830000 756.731000
311.170000 774.960000 352.069000 760.154000
309.220000 778.434000 350.270000 763.493000
307.162000 781.905000 348.502000 766.658000
304.974000 785.341000 346.700000 769.821000
302.684000 788.731000 344.649000 773.204000
300.225000 792.063000 342.476000 776.481000
297.669000 795.297000 340.200000 779.671000
295.023000 798.459000 337.756000 782.839000
292.313000 801.608000 335.306000 785.959000
289.549000 804.712000 332.765000 789.074000
286.721000 807.761000 330.194000 792.118000
283.781000 810.750000 327.506000 795.095000
280.768000 813.622000 324.729000 798.016000
277.658000 816.386000 321.801000 800.854000
274.496000 819.026000 318.839000 803.555000
271.292000 821.534000 315.841000 806.114000
268.078000 823.900000 312.810000 808.583000
264.880000 826.140000 309.739000 810.946000
261.675000 828.315000 306.644000 813.236000
258.525000 830.404000 303.629000 815.443000
255.431000 832.388000 300.656000 817.533000
252.372000 834.294000 297.708000 819.516000
249.286000 836.061000 294.823000 821.428000
245.967000 837.631000 292.029000 823.200000
242.855000 839.175000 289.318000 824.914000
240.015000 840.646000 286.723000 826.492000
237.356000 842.039000 284.252000 828.008000
234.915000 843.357000 281.969000 829.413000
232.665000 844.616000 279.855000 830.770000
230.598000 845.792000 277.912000 832.018000
228.699000 846.848000 276.121000 833.131000
226.900000 847.761000 274.421000 834.110000
225.141000 848.482000 272.752000 834.895000
223.459000 849.002000 271.134000 835.484000
221.764000 849.303000 269.479000 835.859000
219.939000 849.165000 267.750000 835.969000
218.193000 848.806000 265.998000 835.768000
216.536000 848.092000 264.292000 835.234000
214.994000 847.093000 262.663000 834.398000
213.613000 845.789000 261.162000 833.272000
212.380000 844.260000 259.822000 831.915000
211.273000 842.529000 258.576000 830.370000
210.281000 840.557000 257.484000 828.639000
209.376000 838.408000 256.445000 826.672000
208.552000 836.144000 255.467000 824.584000
207.750000 833.719000 254.525000 822.332000
206.964000 831.154000 253.593000 819.983000
206.167000 828.504000 252.643000 817.546000
205.359000 825.751000 251.651000 815.005000
204.532000 822.915000 250.618000 812.385000
203.704000 820.007000 249.567000 809.695000
202.874000 817.020000 248.498000 806.925000
202.016000 813.945000 247.395000 804.091000
201.131000 810.792000 246.267000 801.173000
200.229000 807.569000 245.120000 798.198000
199.310000 804.306000 243.949000 795.161000
198.385000 801.002000 242.768000 792.102000
197.460000 797.674000 241.578000 789.012000
196.548000 794.307000 240.360000 785.874000
195.633000 790.911000 239.126000 782.702000
194.659000 787.490000 237.875000 779.531000
193.639000 784.036000 236.573000 776.325000
192.574000 780.575000 235.221000 773.126000
191.442000 777.086000 233.793000 769.903000
190.252000 773.584000 232.295000 766.662000
189.024000 770.044000 230.760000 763.388000
187.799000 766.464000 229.210000 760.075000
186.607000 762.828000 227.689000 756.710000
185.480000 759.135000 226.236000 753.294000
184.437000 755.406000 224.847000 749.811000
183.456000 751.645000 223.517000 746.296000
182.524000 747.859000 222.236000 742.738000
181.637000 744.036000 221.009000 739.152000
180.796000 740.198000 219.824000 735.534000
179.984000 736.324000 218.651000 731.905000
179.216000 732.445000 217.501000 728.263000
178.485000 728.548000 216.362000 724.636000
177.754000 724.639000 215.232000 720.969000
177.030000 720.714000 214.118000 717.278000
176.330000 716.766000 213.017000 713.553000
175.652000 712.766000 211.944000 709.781000
174.982000 708.804000 210.885000 706.039000
174.340000 704.852000 209.855000 702.329000
173.749000 700.941000 208.861000 698.630000
173.191000 697.062000 207.902000 694.969000
172.653000 693.246000 206.971000 691.346000
172.115000 689.468000 206.051000 687.769000
171.612000 685.725000 205.119000 684.216000
171.122000 682.028000 204.210000 680.708000
170.640000 678.345000 203.310000 677.214000
170.146000 674.693000 202.416000 673.747000
169.638000 671.057000 201.519000 670.299000
169.115000 667.422000 200.618000 666.852000
168.574000 663.777000 199.700000 663.376000
168.004000 660.115000 198.769000 659.888000
167.449000 656.421000 197.835000 656.358000
166.898000 652.723000 196.921000 652.828000
166.369000 649.011000 196.012000 649.280000
165.856000 645.282000 195.105000 645.728000
165.324000 641.544000 194.188000 642.185000
164.785000 637.790000 193.268000 638.593000
164.221000 634.020000 192.320000 634.978000
163.630000 630.226000 191.321000 631.329000
163.038000 626.398000 190.334000 627.659000
162.454000 622.562000 189.347000 624.021000
161.874000 618.711000 188.366000 620.357000
161.316000 614.858000 187.386000 616.706000
160.740000 611.013000 186.407000 613.018000
160.119000 607.184000 185.422000 609.299000
159.521000 603.343000 184.435000 605.595000
158.910000 599.476000 183.429000 601.886000
158.282000 595.564000 182.425000 598.141000
157.679000 591.640000 181.430000 594.379000
157.080000 587.703000 180.425000 590.598000
156.471000 583.741000 179.407000 586.793000
155.873000 579.762000 178.387000 582.968000
155.281000 575.775000 177.382000 579.152000
154.717000 571.780000 176.384000 575.335000
154.145000 567.795000 175.396000 571.522000
153.564000 563.794000 174.375000 567.711000
152.988000 559.815000 173.356000 563.937000
152.402000 555.848000 172.338000 560.153000
151.784000 551.879000 171.310000 556.350000
151.145000 547.918000 170.269000 552.553000
150.545000 543.962000 169.250000 548.770000
149.987000 539.990000 168.219000 544.969000
149.475000 536.000000 167.197000 541.157000
149.014000 532.004000 166.181000 537.337000
148.560000 528.006000 165.180000 533.516000
148.110000 524.009000 164.183000 529.684000
147.661000 520.011000 163.194000 525.884000
147.159000 516.025000 162.181000 522.087000
146.672000 512.023000 161.173000 518.290000
146.140000 508.038000 160.151000 514.492000
145.597000 504.069000 159.135000 510.688000
145.057000 500.103000 158.102000 506.900000
144.489000 496.141000 157.041000 503.109000
143.929000 492.156000 155.968000 499.317000
143.416000 488.164000 154.928000 495.528000
142.877000 484.168000 153.892000 491.732000
142.345000 480.173000 152.847000 487.928000
141.835000 476.169000 151.818000 484.111000
141.326000 472.160000 150.798000 480.291000
140.824000 468.167000 149.780000 476.504000
140.330000 464.203000 148.784000 472.760000
139.845000 460.288000 147.800000 469.053000
139.360000 456.404000 146.816000 465.364000
138.889000 452.556000 145.830000 461.691000
138.437000 448.718000 144.869000 458.027000
138.013000 444.900000 143.933000 454.378000
137.621000 441.071000 143.036000 450.718000
137.264000 437.240000 142.159000 447.035000
136.919000 433.414000 141.295000 443.342000
136.630000 429.588000 140.473000 439.642000
136.376000 425.731000 139.714000 435.914000
136.131000 421.899000 138.983000 432.200000
135.925000 418.019000 138.295000 428.437000
135.777000 414.153000 137.643000 424.692000
135.672000 410.303000 137.040000 420.949000
135.626000 406.498000 136.505000 417.239000
135.615000 402.750000 135.992000 413.590000
135.612000 399.060000 135.493000 409.988000
135.661000 395.440000 135.066000 406.458000
135.724000 391.883000 134.665000 402.966000
135.823000 388.374000 134.307000 399.541000
135.949000 384.924000 133.977000 396.165000
136.090000 381.544000 133.661000 392.860000
136.268000 378.224000 133.366000 389.617000
136.486000 374.997000 133.136000 386.451000
136.724000 371.841000 132.942000 383.342000
137.021000 368.757000 132.819000 380.312000
137.421000 365.773000 132.799000 377.361000
137.947000 362.874000 132.907000 374.477000
138.579000 360.066000 133.160000 371.617000
139.343000 357.290000 133.551000 368.788000
140.207000 354.524000 134.031000 365.962000
141.144000 351.798000 134.585000 363.180000
142.156000 349.152000 135.218000 360.454000
143.239000 346.577000 135.935000 357.786000
144.406000 344.085000 136.746000 355.184000
145.675000 341.678000 137.664000 352.650000
147.066000 339.339000 138.711000 350.182000
148.626000 337.085000 139.915000 347.765000
150.358000 334.908000 141.300000 345.394000
152.272000 332.791000 142.882000 343.073000
154.360000 330.787000 144.654000 340.826000
156.601000 328.942000 146.614000 338.688000
159.014000 327.245000 148.744000 336.674000
161.579000 325.736000 151.053000 334.820000
164.297000 324.441000 153.525000 333.162000
167.158000 323.367000 156.166000 331.715000
170.150000 322.515000 158.969000 330.448000
173.243000 321.819000 161.915000 329.327000
176.423000 321.230000 164.958000 328.280000
179.687000 320.706000 168.101000 327.305000
183.002000 320.202000 171.331000 326.338000
186.287000 319.657000 174.651000 325.390000
189.695000 319.131000 178.051000 324.425000
193.146000 318.627000 181.442000 323.458000
196.640000 318.099000 184.858000 322.425000
200.148000 317.528000 188.266000 321.345000
203.659000 316.902000 191.668000 320.194000
207.196000 316.211000 195.079000 318.995000
210.726000 315.422000 198.459000 317.684000
214.221000 314.546000 201.780000 316.298000
217.634000 313.571000 205.000000 314.824000
220.960000 312.490000 208.113000 313.275000
224.194000 311.272000 211.107000 311.605000
227.268000 309.946000 213.949000 309.844000
230.244000 308.486000 216.650000 307.971000
233.106000 306.890000 219.197000 306.002000
235.821000 305.202000 221.610000 303.934000
238.398000 303.457000 223.876000 301.820000
240.811000 301.653000 225.974000 299.679000
243.048000 299.836000 227.903000 297.569000
245.081000 298.045000 229.630000 295.496000
246.885000 296.283000 231.157000 293.483000
248.473000 294.564000 232.448000 291.548000
249.826000 292.894000 233.524000 289.719000
250.913000 291.310000 234.358000 288.002000
251.791000 289.750000 234.990000 286.336000
252.436000 288.223000 235.396000 284.728000
252.841000 286.650000 235.593000 283.099000
253.021000 284.980000 235.585000 281.434000
252.948000 283.317000 235.301000 279.794000
252.545000 281.654000 234.690000 278.176000
251.808000 279.969000 233.735000 276.598000
250.706000 278.324000 232.422000 275.122000
249.269000 276.748000 230.778000 273.756000
247.516000 275.224000 228.861000 272.507000
245.554000 273.708000 226.746000 271.304000
243.470000 272.064000 224.460000 270.019000
241.286000 270.282000 222.062000 268.619000
239.021000 268.354000 219.549000 267.084000
236.705000 266.290000 216.964000 265.415000
234.384000 264.077000 214.317000 263.595000
232.082000 261.744000 211.672000 261.663000
229.779000 259.320000 209.014000 259.634000
227.508000 256.786000 206.377000 257.505000
225.260000 254.169000 203.745000 255.288000
223.082000 251.519000 201.173000 253.025000
220.998000 248.921000 198.710000 250.805000
219.026000 246.398000 196.366000 248.643000
217.215000 243.949000 194.177000 246.527000
215.579000 241.586000 192.159000 244.476000
214.065000 239.350000 190.280000 242.531000
212.619000 237.309000 188.506000 240.756000
211.184000 235.518000 186.788000 239.205000
209.721000 234.006000 185.101000 237.917000
208.169000 232.743000 183.382000 236.898000
206.536000 231.754000 181.591000 236.164000
204.742000 231.043000 179.674000 235.716000
202.838000 230.644000 177.707000 235.620000
200.836000 230.555000 175.705000 235.862000
198.871000 230.848000 173.767000 236.439000
196.909000 231.518000 171.921000 237.375000
194.990000 232.482000 170.149000 238.624000
193.084000 233.628000 168.411000 240.060000
191.059000 234.846000 166.604000 241.585000
188.880000 236.085000 164.666000 243.170000
186.551000 237.319000 162.578000 244.791000
184.062000 238.531000 160.316000 246.406000
181.372000 239.685000 157.882000 248.003000
178.542000 240.738000 155.277000 249.549000
175.488000 241.643000 152.495000 250.994000
172.353000 242.467000 149.635000 252.369000
169.166000 243.205000 146.710000 253.674000
165.965000 243.856000 143.670000 254.886000
162.690000 244.473000 140.593000 256.081000
159.385000 245.042000 137.499000 257.244000
156.036000 245.560000 134.336000 258.370000
152.699000 246.039000 131.153000 259.450000
149.396000 246.515000 127.984000 260.499000
146.076000 246.970000 124.812000 261.515000
142.762000 247.419000 121.695000 262.520000
139.470000 247.862000 118.579000 263.523000
136.219000 248.303000 115.490000 264.525000
133.013000 248.751000 112.435000 265.539000
129.851000 249.223000 109.437000 266.603000
126.741000 249.765000 106.469000 267.699000
123.666000 250.378000 103.565000 268.865000
120.649000 251.084000 100.727000 270.094000
117.681000 251.900000 97.927400 271.423000
114.761000 252.888000 95.188200 272.866000
111.860000 254.074000 92.508600 274.485000
109.029000 255.470000 89.941400 276.289000
106.272000 257.019000 87.466400 278.234000
103.611000 258.725000 85.097400 280.329000
101.060000 260.594000 82.855500 282.556000
98.599500 262.629000 80.731300 284.934000
96.206300 264.824000 78.703000 287.446000
93.897800 267.138000 76.805700 290.082000
91.706300 269.609000 75.034900 292.862000
89.627900 272.240000 73.398600 295.763000
87.675000 275.020000 71.905800 298.786000
85.850200 277.947000 70.552000 301.942000
84.146600 280.971000 69.338900 305.169000
82.527300 284.123000 68.252200 308.468000
81.152300 287.354000 67.409500 311.846000
79.855300 290.744000 66.655200 315.336000
78.678800 294.156000 66.002300 318.831000
77.636500 297.632000 65.490400 322.353000
76.736500 301.141000 65.132700 325.891000
75.970500 304.699000 64.905400 329.463000
75.351700 308.292000 64.834800 333.055000
74.873400 311.921000 64.916500 336.648000
74.533100 315.574000 65.145600 340.235000
74.409800 319.239000 65.460600 343.837000
74.398400 322.885000 65.854600 347.437000
74.383500 326.529000 66.305300 351.004000
74.506900 330.152000 66.808900 354.550000
74.621200 333.790000 67.348200 358.059000
74.737700 337.424000 67.916300 361.564000
74.853600 341.075000 68.536300 365.078000
74.950300 344.732000 69.144100 368.585000
74.973700 348.385000 69.676300 372.082000
74.959800 351.986000 70.203600 375.562000
74.960000 355.571000 70.738500 379.017000
74.849200 359.161000 71.227600 382.493000
74.748000 362.728000 71.717600 385.970000
74.577400 366.297000 72.168200 389.455000
74.343600 369.913000 72.566600 392.945000
74.056700 373.509000 72.884700 396.402000
73.740900 377.105000 73.137000 399.886000
73.356200 380.685000 73.330700 403.381000
72.910800 384.260000 73.484200 406.878000
72.454900 387.800000 73.605600 410.355000
71.915400 391.322000 73.613700 413.853000
71.351100 394.862000 73.605400 417.359000
70.717400 398.382000 73.518200 420.856000
70.029900 401.902000 73.378200 424.374000
69.299400 405.388000 73.185500 427.892000
68.556200 408.882000 73.006600 431.394000
67.798300 412.382000 72.775900 434.885000
67.074600 415.907000 72.560500 438.396000
66.362500 419.424000 72.353500 441.881000
65.645200 422.910000 72.167200 445.399000
64.939300 426.374000 71.991600 448.893000
64.269200 429.886000 71.853900 452.422000
63.674400 433.477000 71.786600 456.002000
63.113400 437.077000 71.757700 459.562000
62.658300 440.691000 71.832400 463.111000
62.252400 444.315000 71.968900 466.634000
61.957700 447.926000 72.206600 470.139000
61.741400 451.509000 72.527300 473.614000
61.578400 455.094000 72.881600 477.069000
61.443600 458.671000 73.262600 480.525000
61.351000 462.248000 73.686600 483.968000
61.285400 465.833000 74.131000 487.442000
61.250900 469.414000 74.603500 490.891000
61.285200 473.003000 75.134700 494.341000
61.329000 476.575000 75.689200 497.757000
61.433900 480.178000 76.307900 501.228000
61.548600 483.785000 76.928600 504.680000
61.694500 487.385000 77.574900 508.131000
61.829500 491.024000 78.215100 511.595000
61.937100 494.679000 78.836000 515.095000
62.019600 498.389000 79.447500 518.615000
62.092000 502.151000 80.090500 522.168000
62.186300 505.922000 80.768200 525.709000
62.391400 509.705000 81.549900 529.256000
62.643900 513.541000 82.391300 532.826000
62.906800 517.358000 83.246100 536.383000
63.193300 521.159000 84.108000 539.904000
63.446500 524.979000 84.946300 543.447000
63.682100 528.784000 85.755100 547.038000
63.933500 532.562000 86.572800 550.603000
64.145100 536.360000 87.346400 554.178000
64.312800 540.127000 88.031200 557.738000
64.494900 543.887000 88.749600 561.268000
64.661600 547.632000 89.428700 564.803000
64.810300 551.351000 90.071900 568.310000
65.007700 555.053000 90.779600 571.802000
65.229300 558.751000 91.523100 575.306000
65.494100 562.399000 92.308500 578.767000
65.760600 566.070000 93.088800 582.216000
66.019300 569.741000 93.863200 585.641000
66.238300 573.397000 94.600500 589.068000
66.473400 577.045000 95.367000 592.481000
66.690500 580.724000 96.104300 595.916000
66.901600 584.385000 96.839200 599.350000
67.080700 588.036000 97.522800 602.765000
67.211400 591.678000 98.162800 606.195000
67.359400 595.285000 98.814700 609.568000
67.531100 598.907000 99.494500 612.949000
67.717200 602.485000 100.180000 616.276000
67.898000 606.059000 100.875000 619.618000
68.060800 609.617000 101.551000 622.948000
68.298900 613.146000 102.295000 626.226000
68.558600 616.668000 103.054000 629.494000
68.869100 620.160000 103.864000 632.761000
69.186900 623.648000 104.681000 635.979000
69.555700 627.103000 105.545000 639.150000
70.021000 630.536000 106.476000 642.287000
70.452800 633.940000 107.384000 645.408000
70.922200 637.320000 108.344000 648.497000
71.424200 640.634000 109.326000 651.534000
71.843400 643.985000 110.224000 654.578000
72.215100 647.263000 111.081000 657.605000
72.593900 650.537000 111.932000 660.647000
73.032400 653.751000 112.760000 663.635000
73.380000 657.013000 113.519000 666.602000
73.708600 660.215000 114.261000 669.579000
74.051000 663.438000 114.985000 672.562000
74.405700 666.653000 115.714000 675.546000
74.829000 669.847000 116.464000 678.494000
75.247800 673.077000 117.267000 681.478000
75.707600 676.316000 118.144000 684.459000
76.226600 679.605000 119.087000 687.420000
76.788600 682.882000 120.054000 690.419000
77.327400 686.214000 121.049000 693.459000
77.978100 689.589000 122.100000 696.515000
78.639800 693.032000 123.200000 699.620000
79.271000 696.482000 124.284000 702.717000
79.892900 700.009000 125.385000 705.914000
80.508300 703.591000 126.480000 709.148000
81.235300 707.180000 127.592000 712.403000
81.888200 710.831000 128.684000 715.690000
82.518900 714.534000 129.826000 719.004000
83.125100 718.260000 130.974000 722.306000
83.805100 721.962000 132.161000 725.604000
84.570200 725.660000 133.389000 728.909000
85.334900 729.361000 134.638000 732.205000
86.097700 733.060000 135.933000 735.469000
86.859200 736.758000 137.281000 738.704000
87.657400 740.448000 138.650000 741.897000
88.564600 744.081000 140.031000 745.073000
89.466700 747.725000 141.434000 748.237000
90.367300 751.362000 142.839000 751.387000
91.287000 754.958000 144.259000 754.511000
92.256300 758.618000 145.725000 757.697000
93.238000 762.193000 147.233000 760.815000
94.257200 765.822000 148.767000 764.028000
95.284100 769.399000 150.282000 767.125000
96.358800 772.997000 151.858000 770.278000
97.430400 776.528000 153.421000 773.333000
98.505100 780.065000 155.018000 776.422000
99.593800 783.585000 156.612000 779.463000
100.707000 787.064000 158.211000 782.448000
101.823000 790.545000 159.842000 785.440000
102.990000 793.986000 161.500000 788.387000
104.174000 797.413000 163.168000 791.294000
105.385000 800.799000 164.876000 794.184000
106.607000 804.175000 166.577000 797.078000
107.829000 807.532000 168.278000 799.930000
109.078000 810.861000 169.986000 802.732000
110.358000 814.166000 171.751000 805.533000
111.630000 817.457000 173.504000 808.303000
112.855000 820.698000 175.223000 811.048000
114.076000 823.879000 176.927000 813.671000
115.303000 826.967000 178.623000 816.201000
116.517000 829.999000 180.261000 818.714000
117.776000 832.983000 181.965000 821.190000
119.198000 835.918000 183.792000 823.532000
120.698000 838.796000 185.677000 825.770000
122.283000 841.648000 187.674000 827.929000
124.011000 844.278000 189.689000 830.010000
125.805000 846.844000 191.797000 832.033000
127.593000 849.412000 193.980000 833.949000
129.376000 851.984000 196.168000 835.763000
131.153000 854.560000 198.342000 837.474000
132.924000 857.138000 200.485000 839.081000
134.717000 859.334000 202.578000 840.594000
136.467000 861.423000 204.639000 842.017000
138.181000 863.447000 206.626000 843.380000
139.798000 865.367000 208.536000 844.666000
141.341000 867.213000 210.369000 845.908000
142.826000 869.016000 212.129000 847.122000
144.199000 870.704000 213.761000 848.278000
145.481000 872.235000 215.279000 849.294000
146.669000 873.553000 216.672000 850.147000
147.714000 874.374000 217.935000 850.807000
148.710000 875.040000 219.007000 851.302000
149.696000 875.709000 220.017000 851.693000
150.672000 876.383000 221.068000 851.963000
151.636000 877.058000 222.143000 852.123000
152.661000 877.648000 223.310000 852.185000
153.904000 877.921000 224.559000 852.070000
155.246000 877.992000 225.915000 851.841000
156.734000 877.911000 227.345000 851.381000
158.351000 877.661000 228.867000 850.739000
160.055000 877.220000 230.406000 849.884000
161.848000 876.580000 232.008000 848.829000
163.739000 875.817000 233.640000 847.621000
165.745000 874.952000 235.367000 846.290000
167.862000 874.030000 237.169000 844.881000
170.102000 873.063000 239.083000 843.409000
172.463000 872.040000 241.084000 841.860000
174.901000 870.976000 243.199000 840.254000
177.454000 869.862000 245.411000 838.573000
180.081000 868.714000 247.697000 836.871000
182.736000 867.546000 250.008000 835.133000
185.376000 866.364000 252.273000 833.399000
187.983000 865.147000 254.546000 831.636000
190.534000 863.900000 256.748000 829.887000
192.979000 862.679000 258.878000 828.171000
195.326000 861.480000 260.896000 826.530000
197.523000 860.204000 262.878000 824.946000
199.587000 859.188000 264.770000 823.460000
201.521000 858.248000 266.608000 822.098000
203.444000 857.374000 268.398000 820.913000
205.326000 856.710000 270.145000 819.962000
207.193000 856.360000 271.906000 819.265000
209.084000 856.340000 273.696000 818.823000
210.930000 856.635000 275.566000 818.685000
212.730000 857.287000 277.377000 818.849000
214.447000 858.121000 279.143000 819.348000
216.087000 859.487000 280.880000 820.186000
217.577000 861.114000 282.489000 821.333000
218.992000 862.986000 284.072000 822.730000
220.327000 865.047000 285.584000 824.294000
221.551000 867.315000 287.021000 826.059000
222.666000 869.753000 288.417000 828.052000
223.791000 872.326000 289.844000 830.118000
224.951000 874.985000 291.306000 832.280000
226.148000 877.732000 292.834000 834.496000
227.338000 880.542000 294.349000 836.776000
228.500000 883.401000 295.868000 839.086000
229.615000 886.274000 297.351000 841.446000
230.679000 889.151000 298.786000 843.787000
231.733000 892.001000 300.213000 846.137000
232.790000 894.812000 301.626000 848.417000
233.870000 897.584000 303.050000 850.650000
234.969000 900.284000 304.507000 852.854000
236.145000 902.895000 306.006000 854.943000
237.451000 905.345000 307.598000 856.872000
238.910000 907.656000 309.324000 858.630000
240.513000 909.817000 311.178000 860.224000
242.261000 911.797000 313.128000 861.616000
244.152000 913.608000 315.181000 862.821000
246.237000 915.236000 317.349000 863.841000
248.447000 916.665000 319.602000 864.640000
250.810000 917.872000 321.956000 865.228000
253.269000 918.801000 324.426000 865.563000
255.844000 919.570000 326.972000 865.690000
258.548000 920.080000 329.611000 865.528000
261.375000 920.340000 332.342000 865.132000
264.316000 920.449000 335.142000 864.550000
267.344000 920.420000 338.028000 863.823000
270.521000 920.400000 341.003000 862.944000
273.805000 920.232000 344.031000 861.983000
277.129000 919.987000 347.102000 860.944000
280.537000 919.609000 350.226000 859.817000
283.981000 919.144000 353.374000 858.598000
287.438000 918.591000 356.578000 857.298000
290.925000 917.961000 359.815000 855.912000
294.434000 917.235000 363.071000 854.439000
297.916000 916.449000 366.293000 852.896000
301.388000 915.559000 369.489000 851.301000
304.828000 914.545000 372.628000 849.623000
308.236000 913.493000 375.727000 847.903000
311.602000 912.368000 378.755000 846.136000
314.969000 911.215000 381.793000 844.323000
318.349000 910.067000 384.841000 842.467000
321.737000 908.914000 387.891000 840.618000
325.126000 907.717000 390.925000 838.736000
328.534000 906.509000 393.987000 836.836000
331.976000 905.291000 397.052000 834.883000
335.480000 904.050000 400.188000 832.899000
339.040000 902.775000 403.385000 830.836000
342.671000 901.478000 406.627000 828.763000
346.353000 900.120000 409.901000 826.613000
350.059000 898.744000 413.185000 824.476000
353.693000 897.377000 416.444000 822.326000
357.268000 896.001000 419.633000 820.194000
360.780000 894.627000 422.753000 818.077000
364.247000 893.252000 425.819000 815.972000
367.636000 891.906000 428.707000 814.033000
370.922000 890.568000 431.579000 811.972000
374.055000 889.297000 434.321000 809.997000
376.990000 888.110000 436.900000 808.148000
379.701000 887.022000 439.278000 806.419000
382.190000 886.041000 441.457000 804.851000
384.496000 885.142000 443.447000 803.400000
386.649000 884.317000 445.307000 802.068000
388.724000 883.535000 447.096000 800.778000
390.703000 882.767000 448.826000 799.544000
392.638000 882.011000 450.526000 798.328000
394.639000 881.237000 452.269000 797.087000
396.714000 880.414000 454.075000 795.764000
398.890000 879.522000 455.990000 794.373000
401.186000 878.584000 457.996000 792.892000
403.608000 877.618000 460.090000 791.367000
406.143000 876.615000 462.306000 789.742000
408.794000 875.593000 464.634000 788.084000
411.580000 874.530000 467.043000 786.339000
414.487000 873.440000 469.514000 784.549000
417.493000 872.303000 472.106000 782.672000
420.599000 871.130000 474.748000 780.734000
423.781000 869.896000 477.446000 778.693000
427.022000 868.585000 480.195000 776.594000
430.317000 867.181000 482.976000 774.375000
433.659000 865.682000 485.770000 772.083000
436.972000 864.136000 488.553000 769.699000
440.236000 862.545000 491.299000 767.299000
443.405000 860.925000 493.893000 764.919000
446.497000 859.316000 496.470000 762.522000
449.527000 857.710000 498.947000 760.150000
452.504000 856.141000 501.384000 757.850000
455.421000 854.632000 503.769000 755.612000
458.263000 853.222000 506.094000 753.513000
460.961000 851.967000 508.315000 751.574000
463.492000 850.798000 510.421000 749.779000
465.935000 849.684000 512.450000 748.041000
468.303000 848.620000 514.413000 746.370000
470.618000 847.594000 516.329000 744.748000
472.896000 846.594000 518.254000 743.152000
475.244000 845.569000 520.208000 741.499000
477.666000 844.487000 522.228000 739.782000
480.139000 843.386000 524.290000 738.006000
482.712000 842.251000 526.463000 736.188000
485.335000 841.075000 528.652000 734.292000
488.022000 839.895000 530.923000 732.404000
490.774000 838.661000 533.204000 730.470000
493.583000 837.410000 535.546000 728.525000
496.408000 836.156000 537.921000 726.544000
499.240000 834.917000 540.338000 724.558000
502.100000 833.650000 542.751000 722.564000
504.994000 832.361000 545.198000 720.545000
507.932000 831.113000 547.671000 718.507000
510.903000 829.843000 550.193000 716.457000
513.909000 828.570000 552.721000 714.396000
516.942000 827.277000 555.272000 712.310000
520.012000 825.979000 557.834000 710.203000
523.082000 824.684000 560.411000 708.108000
526.091000 823.402000 562.940000 706.047000
528.994000 822.187000 565.384000 704.080000
531.776000 821.035000 567.714000 702.183000
534.431000 819.959000 569.947000 700.419000
536.959000 818.954000 572.066000 698.740000
539.395000 817.996000 574.125000 697.133000
541.768000 817.013000 576.106000 695.520000
544.068000 815.937000 578.019000 693.867000
546.289000 814.768000 579.830000 692.133000
548.450000 813.485000 581.555000 690.321000
550.504000 812.068000 583.142000 688.408000
552.406000 810.443000 584.589000 686.346000
554.081000 808.612000 585.781000 684.158000
555.572000 806.580000 586.767000 681.828000
556.827000 804.241000 587.518000 679.338000
557.865000 801.725000 587.997000 676.708000
558.653000 799.014000 588.198000 673.992000
559.314000 796.157000 588.284000 671.176000
559.940000 793.170000 588.278000 668.260000
560.552000 790.079000 588.238000 665.278000
561.167000 786.886000 588.185000 662.184000
561.823000 783.610000 588.163000 659.029000
562.531000 780.263000 588.156000 655.771000
563.257000 776.834000 588.144000 652.425000
564.024000 773.323000 588.144000 648.989000
564.842000 769.740000 588.162000 645.502000
565.686000 766.055000 588.138000 641.907000
566.562000 762.329000 588.144000 638.255000
567.413000 758.574000 588.112000 634.583000
568.266000 754.827000 588.101000 630.932000
569.111000 751.091000 588.086000 627.269000
569.951000 747.345000 588.077000 623.615000
570.829000 743.591000 588.070000 619.944000
571.728000 739.836000 588.105000 616.300000
572.572000 736.084000 588.101000 612.638000
573.427000 732.299000 588.080000 608.912000
574.305000 728.525000 588.066000 605.186000
575.156000 724.780000 588.037000 601.514000
575.980000 721.038000 587.967000 597.857000
576.816000 717.295000 587.922000 594.198000
577.645000 713.536000 587.866000 590.526000
578.454000 709.770000 587.763000 586.842000
579.188000 706.000000 587.595000 583.199000
579.857000 702.193000 587.394000 579.597000
580.501000 698.362000 587.154000 575.918000
581.117000 694.502000 586.880000 572.226000
581.702000 690.621000 586.578000 568.530000
582.268000 686.716000 586.245000 564.822000
582.778000 682.789000 585.849000 561.079000
583.229000 678.843000 585.424000 557.337000
583.675000 674.867000 584.975000 553.574000
584.069000 670.916000 584.501000 549.852000
584.422000 666.984000 583.951000 546.113000
584.732000 663.088000 583.389000 542.475000
584.984000 659.230000 582.768000 538.876000
585.177000 655.391000 582.087000 535.320000
585.338000 651.543000 581.365000 531.749000
585.497000 647.692000 580.643000 528.186000
585.648000 643.808000 579.893000 524.608000
585.742000 639.927000 579.112000 521.065000
585.786000 636.003000 578.260000 517.473000
585.867000 632.061000 577.438000 513.817000
585.954000 628.115000 576.625000 510.180000
586.070000 624.172000 575.831000 506.554000
586.203000 620.253000 575.047000 502.919000
586.346000 616.333000 574.266000 499.300000
586.493000 612.391000 573.478000 495.634000
586.585000 608.450000 572.709000 491.965000
586.696000 604.504000 571.934000 488.287000
586.793000 600.569000 571.139000 484.625000
586.893000 596.669000 570.357000 480.973000
587.016000 592.795000 569.593000 477.334000
587.076000 588.975000 568.821000 473.722000
587.163000 585.132000 568.072000 470.102000
587.341000 581.301000 567.352000 466.482000
587.647000 577.506000 566.753000 462.865000
588.076000 573.745000 566.237000 459.221000
588.633000 570.009000 565.841000 455.579000
589.316000 566.302000 565.542000 451.924000
590.083000 562.615000 565.326000 448.279000
590.865000 558.944000 565.112000 444.641000
591.674000 555.279000 564.926000 441.006000
592.509000 551.617000 564.743000 437.369000
593.353000 547.974000 564.576000 433.747000
594.181000 544.369000 564.402000 430.156000
594.972000 540.806000 564.214000 426.626000
595.670000 537.270000 563.929000 423.124000
596.304000 533.766000 563.613000 419.689000
596.878000 530.385000 563.256000 416.386000
597.404000 527.189000 562.915000 413.265000
597.928000 524.181000 562.601000 410.314000
598.473000 521.364000 562.338000 407.536000
599.025000 518.736000 562.132000 404.930000
599.566000 516.253000 561.970000 402.465000
600.059000 513.944000 561.794000 400.169000
600.444000 511.805000 561.589000 398.078000
600.658000 509.779000 561.258000 396.119000
600.622000 507.760000 560.772000 394.249000
600.393000 505.808000 560.091000 392.502000
599.952000 503.909000 559.240000 390.897000
599.287000 502.106000 558.197000 389.412000
598.327000 500.335000 556.899000 388.055000
597.054000 498.630000 555.370000 386.886000
595.408000 497.001000 553.633000 385.966000
593.532000 495.629000 551.672000 385.301000
591.399000 494.435000 549.542000 384.906000
589.080000 493.365000 547.248000 384.708000
586.642000 492.358000 544.868000 384.626000
584.073000 491.287000 542.364000 384.540000
581.399000 490.147000 539.758000 384.431000
578.636000 488.917000 537.046000 384.270000
575.820000 487.600000 534.286000 384.068000
572.962000 486.226000 531.449000 383.805000
570.093000 484.785000 528.580000 383.485000
567.210000 483.293000 525.678000 383.130000
564.285000 481.770000 522.741000 382.773000
561.347000 480.249000 519.827000 382.416000
558.324000 478.716000 516.827000 382.053000
555.304000 477.186000 513.816000 381.676000
552.273000 475.597000 510.775000 381.283000
549.240000 473.990000 507.726000 380.874000
546.186000 472.365000 504.662000 380.449000
543.114000 470.730000 501.555000 380.007000
540.056000 469.093000 498.458000 379.569000
537.050000 467.465000 495.407000 379.125000
534.092000 465.864000 492.385000 378.706000
531.223000 464.297000 489.443000 378.289000
528.437000 462.763000 486.597000 377.872000
525.753000 461.238000 483.838000 377.428000
523.208000 459.751000 481.217000 376.973000
520.838000 458.320000 478.741000 376.495000
518.639000 456.962000 476.436000 376.033000
516.576000 455.662000 474.261000 375.570000
514.635000 454.440000 472.233000 375.144000
512.778000 453.380000 470.304000 374.819000
510.957000 452.559000 468.489000 374.680000
509.173000 451.960000 466.742000 374.756000
507.317000 451.618000 465.025000 375.072000
505.363000 451.490000 463.336000 375.635000
503.453000 451.655000 461.738000 376.438000
501.592000 452.149000 460.263000 377.536000
499.795000 453.000000 458.938000 378.931000
498.090000 454.191000 457.750000 380.595000
496.482000 455.740000 456.775000 382.567000
495.064000 457.546000 456.042000 384.775000
493.774000 459.672000 455.472000 387.242000
492.518000 462.037000 454.990000 389.896000
491.174000 464.561000 454.527000 392.727000
489.729000 467.247000 454.014000 395.738000
488.185000 470.075000 453.461000 398.910000
486.535000 473.044000 452.854000 402.239000
484.766000 476.126000 452.202000 405.693000
482.959000 479.272000 451.518000 409.240000
481.084000 482.541000 450.814000 412.884000
479.214000 485.733000 450.067000 416.528000
477.300000 489.005000 449.337000 420.262000
475.390000 492.241000 448.558000 423.956000
473.457000 495.500000 447.783000 427.723000
471.476000 498.772000 446.990000 431.481000
469.481000 502.069000 446.195000 435.262000
467.454000 505.396000 445.357000 439.082000
465.429000 508.744000 444.541000 442.910000
463.417000 512.124000 443.735000 446.743000
461.401000 515.533000 442.942000 450.624000
459.328000 518.972000 442.153000 454.500000
457.254000 522.427000 441.359000 458.415000
455.145000 525.878000 440.514000 462.322000
453.064000 529.335000 439.677000 466.255000
451.038000 532.825000 438.827000 470.177000
449.031000 536.352000 438.017000 474.120000
447.027000 539.876000 437.213000 478.055000
444.980000 543.421000 436.396000 482.048000
442.922000 547.001000 435.574000 486.023000
440.856000 550.582000 434.750000 490.004000
438.788000 554.156000 433.904000 494.028000
436.682000 557.725000 433.014000 498.026000
434.564000 561.308000 432.097000 502.031000
432.425000 564.886000 431.205000 506.005000
430.285000 568.487000 430.307000 509.993000
428.119000 572.087000 429.424000 514.050000
425.919000 575.734000 428.500000 518.075000
423.747000 579.359000 427.601000 522.141000
421.557000 582.983000 426.655000 526.181000
419.384000 586.621000 425.756000 530.275000
417.209000 590.263000 424.841000 534.337000
415.016000 593.916000 423.939000 538.452000
412.821000 597.578000 423.028000 542.532000
410.607000 601.251000 422.093000 546.633000
408.418000 604.941000 421.166000 550.731000
406.185000 608.613000 420.202000 554.853000
403.950000 612.300000 419.244000 558.967000
401.735000 615.951000 418.280000 563.061000
399.574000 619.547000 417.333000 567.089000
397.434000 623.069000 416.384000 571.036000
395.356000 626.517000 415.468000 574.881000
393.274000 629.959000 414.573000 578.725000
391.190000 633.386000 413.651000 582.505000
389.132000 636.762000 412.735000 586.285000
387.063000 640.165000 411.818000 590.053000
385.028000 643.578000 410.909000 593.824000
383.042000 646.974000 409.999000 597.547000
381.056000 650.304000 409.099000 601.294000
379.056000 653.606000 408.182000 604.952000
377.001000 656.899000 407.245000 608.617000
374.944000 660.197000 406.320000 612.305000
372.921000 663.471000 405.388000 616.019000
370.903000 666.826000 404.466000 619.724000
368.873000 670.226000 403.570000 623.519000
366.818000 673.659000 402.622000 627.330000
364.768000 677.163000 401.678000 631.219000
362.753000 680.717000 400.705000 635.093000
360.711000 684.285000 399.760000 638.867000
358.700000 687.878000 398.745000 642.781000
356.709000 691.472000 397.788000 646.699000
354.689000 695.056000 396.808000 650.606000
352.714000 698.592000 395.834000 654.494000
350.714000 702.123000 394.831000 658.314000
348.730000 705.644000 393.881000 662.064000
346.748000 709.172000 392.902000 665.875000
344.749000 712.663000 391.919000 669.715000
342.754000 716.146000 390.951000 673.505000
340.776000 719.618000 390.007000 677.289000
338.806000 723.069000 389.095000 681.052000
336.829000 726.540000 388.153000 684.863000
334.862000 730.030000 387.216000 688.633000
332.999000 733.585000 386.280000 692.489000
331.198000 737.206000 385.319000 696.417000
329.211000 740.846000 384.384000 700.396000
327.190000 744.535000 383.406000 704.395000
325.132000 748.258000 382.422000 708.447000
323.089000 751.985000 381.458000 712.499000
321.051000 755.652000 380.489000 716.509000
318.963000 759.290000 379.511000 720.455000
316.904000 762.936000 378.462000 724.446000
314.897000 766.562000 377.403000 728.410000
312.892000 770.216000 376.366000 732.324000
310.863000 773.832000 375.312000 736.216000
308.805000 777.365000 374.207000 740.079000
306.677000 780.810000 373.052000 743.748000
304.456000 784.233000 371.810000 747.532000
302.147000 787.612000 370.491000 751.293000
299.745000 790.953000 369.123000 755.056000
297.253000 794.248000 367.628000 758.808000
294.594000 797.448000 366.028000 762.571000
291.892000 800.623000 364.298000 766.251000
288.938000 803.681000 362.441000 769.926000
285.938000 806.652000 360.469000 773.621000
282.892000 809.549000 358.432000 777.260000
279.875000 812.333000 356.254000 780.766000
276.851000 815.073000 354.097000 784.153000
273.762000 817.715000 351.825000 787.482000
270.597000 820.238000 349.457000 790.748000
267.354000 822.641000 347.015000 793.872000
264.079000 824.968000 344.476000 797.019000
260.773000 827.201000 341.884000 799.991000
257.429000 829.349000 339.203000 802.989000
254.059000 831.417000 336.497000 805.859000
250.686000 833.445000 333.733000 808.752000
247.334000 835.414000 330.951000 811.564000
244.001000 837.317000 328.246000 814.300000
240.663000 839.217000 325.511000 816.998000
237.319000 841.098000 322.789000 819.678000
233.970000 842.993000 320.028000 822.354000
230.640000 844.911000 317.282000 825.084000
227.328000 846.797000 314.560000 827.740000
224.017000 848.647000 311.841000 830.388000
220.687000 850.469000 309.152000 832.997000
217.366000 852.307000 306.458000 835.643000
214.038000 854.127000 303.715000 838.249000
210.705000 855.934000 300.962000 840.860000
207.353000 857.796000 298.156000 843.436000
203.955000 859.651000 295.311000 846.064000
200.511000 861.519000 292.469000 848.711000
197.067000 863.343000 289.638000 851.419000
193.592000 865.111000 286.854000 854.100000
190.085000 866.773000 284.062000 856.809000
186.557000 868.424000 281.276000 859.519000
183.022000 870.048000 278.530000 862.242000
179.474000 871.659000 275.766000 864.950000
175.919000 873.245000 272.995000 867.682000
172.356000 874.869000 270.220000 870.453000
168.803000 876.527000 267.504000 873.273000
165.272000 878.245000 264.868000 876.100000
161.802000 880.097000 262.312000 879.086000
158.378000 882.089000 259.840000 882.172000
154.998000 884.220000 257.512000 885.347000
151.700000 886.498000 255.280000 888.614000
148.466000 888.853000 253.154000 891.955000
145.280000 891.327000 251.104000 895.333000
142.098000 893.812000 249.034000 898.782000
138.948000 896.325000 247.015000 902.192000
135.734000 898.795000 244.946000 905.594000
132.514000 901.231000 242.849000 908.971000
129.294000 903.649000 240.750000 912.369000
126.045000 906.056000 238.608000 915.737000
122.814000 908.453000 236.498000 919.116000
119.651000 910.899000 234.455000 922.490000
