0.000000 0.000000 0.000000 0.000000
0.003797 2.867240 -0.014094 2.856720
0.012592 5.703660 -0.018054 5.687770
0.005861 8.504610 -0.032750 8.474330
-0.014970 11.270200 -0.044212 11.227500
-0.032924 13.989300 -0.058195 13.941200
-0.065364 16.663800 -0.086555 16.609000
-0.119977 19.335900 -0.147052 19.259400
-0.176620 21.937500 -0.206716 21.871400
-0.246062 24.473900 -0.274405 24.443900
-0.317203 26.961000 -0.343886 26.926600
-0.401595 29.353000 -0.413416 29.298700
-0.493963 31.661900 -0.491889 31.588500
-0.593567 33.881200 -0.579875 33.796100
-0.710872 36.011100 -0.679222 35.905300
-0.820218 38.022500 -0.790331 37.923700
-0.923471 39.952200 -0.872869 39.852600
-1.003170 41.805900 -0.952915 41.704800
-1.058470 43.507000 -0.997784 43.402800
-1.076810 45.033000 -1.003740 44.925500
-1.046900 46.350500 -0.972083 46.248500
-0.988917 47.480000 -0.909580 47.380000
-0.915130 48.392000 -0.840441 48.289200
-0.804283 49.193500 -0.730470 49.075300
-0.664182 49.934600 -0.595222 49.844900
-0.461313 50.674300 -0.399498 50.578500
-0.200199 51.389400 -0.158302 51.296300
0.123518 52.110700 0.144822 52.032200
0.570123 52.782200 0.561382 52.716200
1.107880 53.467600 1.083210 53.402600
1.815700 54.157600 1.755500 54.123700
2.752910 54.822500 2.657430 54.800600
3.900320 55.388200 3.778690 55.393700
5.234260 55.821500 5.062720 55.849000
6.727320 56.037900 6.527810 56.077400
8.333610 56.134100 8.108780 56.203800
10.057800 56.146300 9.821330 56.226000
11.842800 56.102300 11.620200 56.200600
13.778400 56.040200 13.531000 56.141100
15.808300 55.967000 15.555400 56.064600
17.900600 55.888000 17.633500 55.986800
20.087200 55.834500 19.813100 55.933300
22.288300 55.796200 21.985600 55.884000
24.502500 55.791500 24.184200 55.873600
26.702000 55.794000 26.386700 55.876600
28.938100 55.809900 28.607800 55.896300
31.167400 55.853700 30.827400 55.929800
33.399100 55.929800 33.071800 55.989800
35.681000 56.032200 35.342300 56.084700
37.939100 56.159400 37.589500 56.175000
40.225700 56.319200 39.893700 56.320700
42.586900 56.499900 42.248000 56.483500
44.968700 56.705000 44.635900 56.679100
47.361200 56.977300 47.031400 56.931900
49.783000 57.295900 49.470600 57.234300
52.221700 57.675400 51.906400 57.602900
54.584000 58.084700 54.264500 57.991600
56.861700 58.528900 56.571300 58.418300
59.107300 58.985000 58.812700 58.860400
61.260900 59.452200 60.967700 59.311700
63.311500 59.912300 63.016900 59.757800
65.295600 60.359600 64.997100 60.190600
67.192200 60.768400 66.894200 60.599200
68.991600 61.134200 68.702900 60.981600
70.713800 61.472100 70.438300 61.333000
72.352300 61.772300 72.085600 61.639100
73.972100 62.094500 73.711300 61.938400
75.603800 62.397700 75.355900 62.231500
77.263200 62.760000 77.019000 62.572800
78.978600 63.175900 78.731100 62.982200
80.722500 63.662800 80.481000 63.470800
82.553400 64.233100 82.312600 64.037300
84.490400 64.905700 84.213100 64.691400
86.473900 65.645900 86.237900 65.451200
88.591500 66.470000 88.342100 66.262400
90.710900 67.374400 90.483200 67.185800
92.814000 68.341600 92.592200 68.156200
94.855700 69.337700 94.635800 69.155100
96.814400 70.312700 96.608100 70.143000
98.696800 71.274000 98.480100 71.106500
100.490000 72.196300 100.282000 72.044700
102.205000 73.098600 101.984000 72.956600
103.839000 73.964600 103.614000 73.836300
105.393000 74.821400 105.156000 74.697600
106.913000 75.673200 106.642000 75.558100
108.360000 76.545200 108.089000 76.455100
109.804000 77.484000 109.534000 77.392300
111.290000 78.500600 111.019000 78.408700
112.825000 79.583000 112.538000 79.498500
114.416000 80.769200 114.108000 80.676200
116.087000 82.059000 115.771000 81.981900
117.803000 83.483400 117.488000 83.415600
119.580000 84.985000 119.252000 84.951000
121.444000 86.581700 121.106000 86.559400
123.344000 88.254900 122.995000 88.249700
125.254000 90.039300 124.871000 90.021300
127.176000 91.859600 126.768000 91.857300
129.137000 93.720300 128.698000 93.741500
131.066000 95.668000 130.595000 95.700000
132.984000 97.680100 132.481000 97.729800
134.863000 99.726700 134.325000 99.800000
136.766000 101.827000 136.177000 101.902000
138.615000 103.901000 138.002000 104.019000
140.502000 106.004000 139.841000 106.132000
142.401000 108.043000 141.712000 108.214000
144.301000 110.041000 143.562000 110.223000
146.204000 112.001000 145.432000 112.215000
148.125000 113.906000 147.323000 114.133000
150.086000 115.768000 149.223000 116.012000
152.076000 117.603000 151.166000 117.869000
154.099000 119.366000 153.144000 119.690000
156.246000 121.193000 155.231000 121.513000
158.450000 122.938000 157.384000 123.272000
160.701000 124.596000 159.613000 124.994000
162.962000 126.197000 161.857000 126.627000
165.218000 127.721000 164.090000 128.164000
167.417000 129.152000 166.268000 129.624000
169.574000 130.527000 168.400000 131.020000
171.729000 131.835000 170.505000 132.342000
173.736000 133.063000 172.529000 133.622000
175.787000 134.294000 174.523000 134.846000
177.720000 135.460000 176.437000 136.028000
179.646000 136.570000 178.302000 137.137000
181.474000 137.584000 180.101000 138.183000
183.261000 138.547000 181.842000 139.165000
185.038000 139.455000 183.593000 140.096000
186.870000 140.350000 185.379000 141.027000
188.770000 141.235000 187.231000 141.933000
190.745000 142.096000 189.171000 142.825000
192.833000 142.937000 191.230000 143.688000
195.043000 143.765000 193.405000 144.547000
197.371000 144.591000 195.690000 145.396000
199.746000 145.369000 198.054000 146.220000
202.284000 146.152000 200.539000 147.027000
204.855000 146.959000 203.038000 147.861000
207.514000 147.731000 205.658000 148.688000
210.202000 148.446000 208.325000 149.458000
212.985000 149.159000 211.102000 150.211000
215.823000 149.869000 213.848000 150.969000
218.607000 150.551000 216.591000 151.695000
221.442000 151.217000 219.347000 152.406000
224.207000 151.855000 222.066000 153.086000
227.045000 152.481000 224.780000 153.776000
229.849000 153.062000 227.568000 154.438000
232.564000 153.609000 230.286000 155.042000
235.343000 154.124000 233.007000 155.617000
238.109000 154.621000 235.722000 156.174000
240.859000 155.091000 238.439000 156.701000
243.605000 155.497000 241.149000 157.178000
246.332000 155.869000 243.807000 157.606000
249.081000 156.206000 246.508000 157.981000
251.727000 156.484000 249.150000 158.326000
254.396000 156.736000 251.798000 158.648000
257.052000 156.928000 254.422000 158.934000
259.667000 157.077000 257.014000 159.133000
262.270000 157.155000 259.602000 159.288000
264.855000 157.190000 262.175000 159.396000
267.473000 157.195000 264.753000 159.456000
270.063000 157.169000 267.312000 159.503000
272.623000 157.138000 269.844000 159.545000
275.124000 157.125000 272.310000 159.586000
277.544000 157.133000 274.705000 159.657000
279.836000 157.177000 276.959000 159.760000
282.045000 157.245000 279.137000 159.897000
284.174000 157.338000 281.044000 160.013000
286.120000 157.434000 282.954000 160.162000
287.997000 157.552000 284.762000 160.322000
289.729000 157.677000 286.462000 160.485000
291.362000 157.811000 288.086000 160.653000
292.943000 157.946000 289.620000 160.819000
294.419000 158.089000 291.065000 160.989000
295.868000 158.228000 292.493000 161.150000
297.418000 158.366000 293.997000 161.339000
298.988000 158.472000 295.524000 161.495000
300.670000 158.584000 297.155000 161.651000
302.483000 158.688000 298.898000 161.798000
304.338000 158.783000 300.717000 161.949000
306.310000 158.918000 302.638000 162.109000
308.383000 159.000000 304.653000 162.251000
310.532000 159.117000 306.752000 162.407000
312.736000 159.198000 308.924000 162.537000
315.063000 159.269000 311.184000 162.658000
317.427000 159.327000 313.514000 162.790000
319.894000 159.406000 315.915000 162.930000
322.399000 159.501000 318.389000 163.085000
325.035000 159.620000 320.983000 163.261000
327.648000 159.744000 323.549000 163.447000
330.337000 159.911000 326.194000 163.665000
333.072000 160.088000 328.883000 163.922000
335.817000 160.288000 331.595000 164.181000
338.609000 160.487000 334.302000 164.445000
341.356000 160.707000 337.013000 164.725000
344.123000 160.925000 339.690000 164.996000
346.884000 161.142000 342.342000 165.267000
349.544000 161.328000 344.982000 165.530000
352.282000 161.539000 347.619000 165.802000
354.967000 161.755000 350.247000 166.096000
357.656000 162.041000 352.877000 166.428000
360.340000 162.349000 355.503000 166.800000
363.051000 162.723000 358.119000 167.229000
365.736000 163.159000 360.724000 167.726000
368.450000 163.670000 363.313000 168.287000
371.078000 164.243000 365.934000 168.912000
373.700000 164.839000 368.528000 169.587000
376.381000 165.510000 371.119000 170.296000
379.061000 166.213000 373.707000 171.045000
381.681000 166.929000 376.261000 171.832000
384.292000 167.710000 378.741000 172.645000
386.834000 168.504000 381.192000 173.487000
389.340000 169.279000 383.587000 174.319000
391.797000 170.034000 385.954000 175.146000
394.230000 170.797000 388.293000 175.947000
396.655000 171.512000 390.632000 176.728000
399.071000 172.215000 392.963000 177.506000
401.537000 172.963000 395.339000 178.295000
404.073000 173.702000 397.741000 179.111000
406.682000 174.475000 400.247000 179.984000
409.286000 175.230000 402.788000 180.831000
411.926000 176.031000 405.326000 181.710000
414.525000 176.818000 407.805000 182.573000
417.121000 177.612000 410.268000 183.418000
419.620000 178.386000 412.647000 184.242000
422.054000 179.119000 415.021000 185.059000
424.376000 179.808000 417.296000 185.840000
426.639000 180.474000 419.484000 186.582000
428.871000 181.130000 421.658000 187.297000
431.085000 181.766000 423.780000 187.991000
433.266000 182.399000 425.864000 188.666000
435.443000 183.026000 427.985000 189.351000
437.657000 183.668000 430.100000 190.055000
439.792000 184.306000 432.155000 190.751000
441.829000 184.931000 434.098000 191.449000
443.771000 185.542000 435.954000 192.113000
445.605000 186.122000 437.728000 192.752000
447.357000 186.682000 439.390000 193.369000
449.019000 187.217000 440.955000 193.944000
450.576000 187.723000 442.474000 194.502000
452.021000 188.196000 443.876000 195.016000
453.370000 188.640000 445.186000 195.496000
454.639000 189.053000 446.415000 195.960000
455.768000 189.424000 447.517000 196.365000
456.824000 189.757000 448.543000 196.741000
457.778000 190.062000 449.461000 197.077000
458.653000 190.335000 450.297000 197.376000
459.479000 190.593000 451.099000 197.666000
460.274000 190.854000 451.871000 197.958000
461.093000 191.132000 452.638000 198.247000
461.910000 191.444000 453.412000 198.574000
462.752000 191.821000 454.216000 198.962000
463.597000 192.268000 455.017000 199.420000
464.380000 192.761000 455.766000 199.931000
465.131000 193.216000 456.478000 200.409000
465.867000 193.559000 457.158000 200.779000
466.572000 193.830000 457.847000 201.082000
467.357000 194.065000 458.595000 201.363000
468.176000 194.274000 459.371000 201.613000
468.937000 194.466000 460.120000 201.839000
469.639000 194.656000 460.786000 202.047000
470.239000 194.873000 461.365000 202.271000
470.733000 195.106000 461.844000 202.515000
471.120000 195.288000 462.236000 202.696000
471.432000 195.507000 462.515000 202.927000
471.706000 195.688000 462.788000 203.116000
471.937000 195.861000 463.020000 203.280000
472.086000 196.013000 463.175000 203.441000
472.216000 196.124000 463.306000 203.549000
472.338000 196.220000 463.417000 203.641000
