0.000000 0.000000 0.000000 0.000000
-0.029778 3.912680 -0.012770 3.919800
-0.046422 7.861440 -0.017325 7.870980
-0.074851 11.819300 -0.035306 11.847600
-0.124666 15.861900 -0.057176 15.857800
-0.130309 19.923300 -0.042460 19.903200
-0.151192 24.012800 -0.034779 23.960600
-0.162416 28.126700 -0.036731 28.039200
-0.167475 32.245300 -0.051159 32.185000
-0.176635 36.410300 -0.044624 36.334000
-0.192679 40.586300 -0.048799 40.511000
-0.227084 44.813700 -0.047517 44.721600
-0.215972 49.059100 -0.043207 48.951100
-0.253838 53.310700 -0.051639 53.197400
-0.292086 57.584900 -0.061287 57.467900
-0.329420 61.905900 -0.062253 61.702400
-0.357997 66.171700 -0.065414 65.950800
-0.388823 70.417500 -0.063039 70.172200
-0.428180 74.602900 -0.055542 74.387100
-0.454144 78.827400 -0.044666 78.526000
-0.462387 83.020200 -0.009075 82.664600
-0.488411 87.145600 0.004872 86.794400
-0.512899 91.330400 0.008371 90.877400
-0.541516 95.564300 -0.006633 94.909800
-0.577668 99.729100 -0.020839 98.956000
-0.615204 103.584000 -0.030732 103.005000
-0.646104 107.639000 -0.025498 106.999000
-0.669612 111.607000 -0.007129 110.987000
-0.686941 115.800000 -0.010539 114.917000
-0.692748 119.733000 0.024326 118.923000
-0.688790 123.790000 0.068744 122.911000
-0.666823 127.767000 0.132082 126.896000
-0.627941 131.798000 0.215050 130.887000
-0.583407 135.736000 0.315344 134.893000
-0.539948 139.806000 0.391403 138.906000
-0.517217 143.844000 0.448538 142.907000
-0.482894 147.909000 0.533322 146.920000
-0.458051 151.950000 0.613071 150.966000
-0.449677 156.000000 0.669216 154.995000
-0.413096 160.014000 0.752369 159.015000
-0.409439 164.125000 0.805774 162.998000
-0.401081 168.169000 0.860092 167.034000
-0.403149 172.341000 0.895500 171.121000
-0.396681 176.483000 0.945895 175.224000
-0.382953 180.695000 1.024570 179.331000
-0.400074 184.909000 1.065340 183.477000
-0.415222 189.214000 1.101390 187.695000
-0.408216 193.531000 1.166750 191.899000
-0.384531 197.726000 1.238960 196.100000
-0.399014 201.980000 1.270510 200.347000
-0.402824 206.307000 1.312550 204.670000
-0.377981 210.704000 1.383140 208.981000
-0.378127 215.070000 1.432820 213.336000
-0.371152 219.470000 1.488980 217.698000
-0.369494 223.945000 1.524100 222.124000
-0.385323 228.438000 1.551010 226.580000
-0.385927 232.882000 1.590350 231.045000
-0.387261 237.436000 1.622100 235.534000
-0.394105 241.964000 1.660650 240.042000
-0.389503 246.535000 1.710310 244.586000
-0.385739 251.050000 1.775410 249.147000
-0.372893 255.656000 1.822580 253.705000
-0.358682 260.333000 1.890680 258.288000
-0.339807 264.955000 1.974830 262.869000
-0.300362 269.595000 2.044540 267.464000
-0.271791 274.233000 2.101370 272.065000
-0.237563 278.890000 2.172480 276.652000
-0.154317 283.582000 2.281170 281.249000
-0.077613 288.220000 2.391240 285.866000
-0.000781 292.961000 2.511210 290.493000
0.062034 297.677000 2.617290 295.151000
0.133220 302.446000 2.735020 299.845000
0.172784 307.238000 2.859300 304.588000
0.223721 312.033000 3.009710 309.396000
0.268651 316.925000 3.121350 314.234000
0.297909 321.882000 3.226580 319.079000
0.318247 326.776000 3.359110 323.928000
0.360069 331.655000 3.510260 328.767000
0.387482 336.544000 3.654380 333.581000
0.437206 341.370000 3.787090 338.392000
0.422522 346.193000 3.904960 343.162000
0.426174 351.014000 4.017320 347.908000
0.400770 355.775000 4.127190 352.669000
0.392204 360.513000 4.228480 357.400000
0.392404 365.273000 4.342220 362.124000
0.391007 370.088000 4.457590 366.852000
0.396433 374.853000 4.579740 371.603000
0.391603 379.678000 4.703370 376.370000
0.438271 384.474000 4.826890 381.148000
0.458860 389.390000 4.956380 385.933000
0.499137 394.228000 5.086750 390.744000
