0.000000 0.000000 0.000000 0.000000
-0.004701 1.680450 -0.007839 1.664300
-0.014265 3.355370 -0.014218 3.338380
-0.048937 5.106050 -0.036198 5.079670
-0.108206 6.928110 -0.082380 6.899830
-0.164294 8.910320 -0.144281 8.873210
-0.242516 11.001300 -0.212526 10.952000
-0.318514 13.258500 -0.268197 13.200000
-0.410720 15.670300 -0.317772 15.600000
-0.494161 18.223500 -0.387433 18.156700
-0.601281 20.928900 -0.449744 20.870300
-0.714856 23.763100 -0.516786 23.706200
-0.814786 26.677800 -0.591767 26.610500
-0.918821 29.666700 -0.668699 29.610200
-1.034960 32.727300 -0.738378 32.683100
-1.158300 35.879500 -0.816587 35.832200
-1.269000 39.058600 -0.892976 39.015200
-1.374520 42.291800 -0.984979 42.234200
-1.507080 45.509800 -1.085060 45.438500
-1.612310 48.725800 -1.178920 48.669700
-1.740400 51.918700 -1.266390 51.906500
-1.849270 55.171800 -1.351400 55.128200
-1.945190 58.381900 -1.428110 58.340100
-2.049290 61.631200 -1.501640 61.579400
-2.143860 64.860500 -1.575430 64.812900
-2.264160 68.082900 -1.663810 68.075800
-2.335910 71.336400 -1.741780 71.320000
-2.422530 74.594900 -1.812900 74.562300
-2.515900 77.788600 -1.904380 77.784300
-2.625510 81.023300 -2.007280 80.968700
-2.745260 84.168200 -2.092620 84.097900
-2.856160 87.196800 -2.177430 87.112100
-2.966450 90.065000 -2.271070 89.960500
-3.099020 92.716600 -2.389520 92.600600
-3.259460 95.163100 -2.522690 95.022000
-3.413020 97.327900 -2.661390 97.191100
-3.574040 99.207400 -2.802030 99.080600
-3.695460 100.882000 -2.923690 100.745000
-3.765600 102.366000 -2.975120 102.218000
-3.730430 103.668000 -2.957180 103.510000
-3.606730 104.854000 -2.838800 104.709000
-3.352440 105.978000 -2.600570 105.834000
-2.956300 106.997000 -2.234060 106.868000
-2.442180 107.944000 -1.751190 107.818000
-1.792930 108.758000 -1.141270 108.657000
-1.040980 109.475000 -0.413369 109.404000
-0.119909 110.067000 0.471713 110.035000
0.925879 110.543000 1.485660 110.536000
2.054910 110.869000 2.602730 110.879000
3.299610 111.042000 3.841660 111.077000
4.689470 111.175000 5.225590 111.209000
6.246090 111.211000 6.775490 111.244000
7.966810 111.201000 8.488580 111.200000
9.894310 111.141000 10.387400 111.113000
11.981100 111.127000 12.439100 111.058000
14.144900 111.115000 14.640900 110.993000
16.475000 111.093000 16.969500 110.923000
18.882000 111.061000 19.375500 110.841000
21.320000 111.027000 21.838300 110.763000
23.835000 110.993000 24.347800 110.686000
26.371700 110.953000 26.882200 110.598000
28.883000 110.907000 29.360000 110.489000
31.378700 110.858000 31.850100 110.390000
33.832400 110.836000 34.285300 110.306000
36.245100 110.795000 36.698000 110.198000
38.621400 110.731000 39.054400 110.081000
40.939800 110.655000 41.363900 109.950000
43.227800 110.578000 43.638700 109.812000
45.373500 110.495000 45.772000 109.681000
47.471100 110.416000 47.860700 109.551000
49.541100 110.339000 49.925900 109.425000
51.583400 110.266000 51.948400 109.303000
53.557900 110.171000 53.931400 109.168000
55.593300 110.028000 55.924300 108.965000
57.652100 109.859000 57.970700 108.740000
59.763100 109.656000 60.087600 108.480000
61.924400 109.438000 62.254000 108.196000
64.155100 109.206000 64.458900 107.900000
66.377100 108.972000 66.664600 107.600000
68.607500 108.741000 68.865800 107.314000
70.857500 108.491000 71.088900 107.004000
73.141000 108.236000 73.333200 106.684000
75.482300 107.961000 75.631000 106.345000
77.825500 107.665000 77.968400 105.978000
80.241700 107.342000 80.331500 105.586000
82.702500 107.011000 82.776900 105.188000
85.229700 106.688000 85.280800 104.794000
87.776400 106.379000 87.811800 104.406000
90.358300 106.084000 90.347200 104.036000
92.930100 105.790000 92.925100 103.673000
95.516500 105.497000 95.501100 103.308000
98.060000 105.219000 98.054700 102.953000
100.606000 104.971000 100.581000 102.621000
103.092000 104.710000 103.067000 102.277000
105.528000 104.430000 105.508000 101.929000
107.953000 104.151000 107.907000 101.588000
110.308000 103.856000 110.251000 101.229000
112.632000 103.538000 112.562000 100.849000
114.918000 103.221000 114.829000 100.463000
117.212000 102.876000 117.106000 100.054000
119.456000 102.528000 119.330000 99.638700
121.674000 102.156000 121.513000 99.207100
123.858000 101.758000 123.702000 98.748300
126.022000 101.326000 125.843000 98.266300
128.142000 100.819000 127.952000 97.699900
130.233000 100.223000 130.015000 97.052300
132.276000 99.596600 132.044000 96.363800
134.295000 98.946400 134.043000 95.657300
136.276000 98.339900 135.996000 94.984200
138.222000 97.745000 137.913000 94.335200
140.109000 97.184700 139.780000 93.720400
141.976000 96.667800 141.612000 93.155400
143.797000 96.179000 143.407000 92.612500
145.591000 95.737600 145.161000 92.116500
147.341000 95.354100 146.880000 91.663000
149.056000 95.040500 148.578000 91.273400
150.752000 94.822700 150.267000 90.976800
152.453000 94.755700 151.936000 90.811500
154.104000 94.771700 153.594000 90.744600
155.753000 94.773200 155.246000 90.673700
157.381000 94.665000 156.850000 90.511300
158.967000 94.498000 158.410000 90.291300
160.492000 94.246500 159.920000 89.985700
161.961000 93.940400 161.393000 89.639500
163.393000 93.587300 162.787000 89.265200
164.808000 93.262100 164.175000 88.888700
166.199000 92.938700 165.538000 88.503200
167.651000 92.574100 166.943000 88.085400
169.138000 92.165500 168.406000 87.611000
170.725000 91.699400 169.936000 87.090500
172.334000 91.203300 171.515000 86.532000
173.979000 90.681500 173.137000 85.939300
175.617000 90.168800 174.743000 85.353900
177.240000 89.672300 176.320000 84.786400
178.829000 89.208000 177.864000 84.245400
180.334000 88.790100 179.325000 83.755100
181.719000 88.422700 180.662000 83.326500
182.965000 88.145000 181.871000 82.992200
184.163000 87.971200 183.029000 82.749600
185.344000 87.924000 184.187000 82.622300
186.491000 88.006900 185.316000 82.614800
187.611000 88.173300 186.423000 82.700400
188.700000 88.463300 187.500000 82.900500
189.770000 88.910200 188.585000 83.260300
190.860000 89.552800 189.709000 83.803000
191.941000 90.379300 190.812000 84.536100
192.967000 91.453700 191.881000 85.527000
193.952000 92.742300 192.926000 86.751400
194.878000 94.288500 193.892000 88.223800
195.755000 96.048000 194.826000 89.926200
196.623000 98.006400 195.739000 91.814600
197.434000 100.131000 196.586000 93.871300
198.201000 102.416000 197.388000 96.088700
199.004000 104.801000 198.221000 98.417000
199.859000 107.291000 199.095000 100.845000
200.735000 109.855000 200.009000 103.355000
201.633000 112.445000 200.933000 105.878000
202.542000 115.056000 201.857000 108.412000
203.441000 117.656000 202.780000 110.945000
204.328000 120.234000 203.684000 113.478000
205.200000 122.855000 204.578000 116.021000
206.054000 125.457000 205.464000 118.566000
206.895000 127.993000 206.328000 121.071000
207.704000 130.533000 207.160000 123.535000
208.471000 132.973000 207.938000 125.904000
209.153000 135.253000 208.643000 128.141000
209.788000 137.412000 209.295000 130.231000
210.326000 139.374000 209.853000 132.129000
210.796000 141.132000 210.325000 133.822000
211.202000 142.665000 210.745000 135.316000
211.573000 144.064000 211.119000 136.684000
211.903000 145.426000 211.466000 138.013000
212.133000 146.740000 211.722000 139.305000
212.225000 148.022000 211.851000 140.575000
212.139000 149.270000 211.821000 141.818000
211.870000 150.471000 211.619000 143.012000
211.424000 151.562000 211.262000 144.136000
210.813000 152.548000 210.725000 145.140000
210.042000 153.384000 210.048000 146.039000
209.135000 154.074000 209.234000 146.806000
208.156000 154.586000 208.328000 147.408000
207.122000 154.920000 207.361000 147.826000
206.023000 155.134000 206.296000 148.129000
204.849000 155.327000 205.184000 148.383000
203.582000 155.417000 203.949000 148.554000
202.174000 155.515000 202.601000 148.728000
200.594000 155.541000 201.081000 148.839000
198.836000 155.486000 199.375000 148.879000
196.918000 155.415000 197.514000 148.905000
194.837000 155.335000 195.493000 148.928000
192.591000 155.311000 193.297000 149.020000
190.171000 155.362000 190.961000 149.201000
187.616000 155.488000 188.497000 149.466000
185.038000 155.690000 185.946000 149.821000
182.389000 155.964000 183.387000 150.242000
179.796000 156.247000 180.828000 150.685000
177.136000 156.537000 178.235000 151.137000
174.476000 156.831000 175.634000 151.595000
171.821000 157.112000 173.048000 152.046000
169.129000 157.392000 170.448000 152.491000
166.472000 157.668000 167.850000 152.934000
163.787000 157.962000 165.255000 153.384000
161.136000 158.263000 162.682000 153.846000
158.531000 158.569000 160.134000 154.315000
155.895000 158.881000 157.589000 154.791000
153.277000 159.198000 155.063000 155.261000
150.667000 159.521000 152.501000 155.737000
147.984000 159.857000 149.907000 156.228000
145.269000 160.207000 147.286000 156.740000
142.554000 160.559000 144.636000 157.250000
139.776000 160.912000 141.949000 157.758000
136.960000 161.232000 139.219000 158.253000
134.114000 161.513000 136.451000 158.702000
131.231000 161.769000 133.635000 159.134000
128.305000 162.039000 130.771000 159.582000
125.375000 162.298000 127.892000 160.014000
122.436000 162.550000 125.021000 160.428000
119.531000 162.779000 122.175000 160.828000
116.622000 163.018000 119.316000 161.227000
113.708000 163.245000 116.466000 161.628000
110.809000 163.488000 113.611000 162.030000
107.889000 163.734000 110.757000 162.422000
104.962000 163.987000 107.902000 162.825000
102.060000 164.231000 105.058000 163.221000
99.173900 164.449000 102.229000 163.595000
96.276900 164.697000 99.386700 163.989000
93.367100 164.980000 96.540400 164.419000
90.458900 165.280000 93.696200 164.860000
87.550600 165.584000 90.841000 165.313000
84.642900 165.912000 87.980000 165.791000
81.729600 166.226000 85.105400 166.262000
78.810900 166.545000 82.213400 166.724000
75.874100 166.870000 79.348900 167.186000
72.921400 167.202000 76.443500 167.667000
69.967200 167.514000 73.542000 168.128000
67.002500 167.809000 70.621100 168.571000
64.013400 168.075000 67.679400 168.971000
61.005800 168.323000 64.724800 169.359000
58.005500 168.567000 61.767600 169.738000
54.973900 168.813000 58.800800 170.131000
51.985100 169.044000 55.846800 170.506000
48.997400 169.261000 52.921800 170.863000
46.084900 169.450000 50.019900 171.201000
43.159200 169.628000 47.148000 171.519000
40.281500 169.788000 44.299500 171.806000
37.419600 169.951000 41.467900 172.093000
34.606200 170.103000 38.688000 172.374000
31.857100 170.242000 35.964800 172.636000
29.166500 170.359000 33.317300 172.873000
26.564000 170.455000 30.748500 173.097000
24.052200 170.549000 28.266300 173.300000
21.650000 170.638000 25.923900 173.488000
19.381200 170.736000 23.677100 173.683000
17.180600 170.865000 21.497800 173.897000
15.033200 171.009000 19.375200 174.122000
12.977100 171.139000 17.334900 174.349000
11.027000 171.275000 15.381300 174.577000
9.159090 171.428000 13.549900 174.802000
7.472230 171.589000 11.864900 175.023000
5.904890 171.748000 10.322100 175.237000
4.473770 171.948000 8.911890 175.475000
3.152700 172.176000 7.610450 175.746000
1.953870 172.451000 6.432410 176.051000
0.880772 172.763000 5.369250 176.391000
-0.063385 173.153000 4.415570 176.777000
-0.964849 173.613000 3.507960 177.232000
-1.792970 174.149000 2.673370 177.762000
-2.511190 174.766000 1.926090 178.353000
-3.213610 175.505000 1.207720 179.057000
-3.854720 176.406000 0.554355 179.937000
-4.442930 177.419000 -0.038176 180.947000
-4.964770 178.610000 -0.560225 182.128000
-5.392690 180.011000 -0.997509 183.500000
-5.683720 181.586000 -1.284200 185.056000
-5.824650 183.343000 -1.417490 186.774000
-5.858580 185.238000 -1.431990 188.639000
-5.840460 187.302000 -1.386800 190.649000
-5.815920 189.475000 -1.318750 192.784000
-5.815790 191.779000 -1.275160 195.040000
-5.822770 194.173000 -1.248000 197.383000
-5.866170 196.616000 -1.237970 199.761000
-5.921850 199.049000 -1.249290 202.148000
-5.975400 201.562000 -1.246890 204.566000
-6.034470 204.032000 -1.254560 206.984000
-6.114450 206.507000 -1.281900 209.390000
-6.206070 208.917000 -1.315140 211.756000
-6.303360 211.291000 -1.363920 214.072000
-6.399680 213.620000 -1.413530 216.335000
-6.487010 215.786000 -1.454670 218.456000
-6.579510 217.793000 -1.499580 220.432000
-6.685590 219.627000 -1.559930 222.220000
-6.779830 221.252000 -1.611480 223.830000
-6.882710 222.697000 -1.670240 225.255000
-6.928410 224.030000 -1.690110 226.558000
-6.898490 225.331000 -1.636700 227.831000
-6.765710 226.572000 -1.494320 229.050000
-6.470380 227.781000 -1.212880 230.226000
-6.015280 228.876000 -0.772427 231.290000
-5.453870 229.899000 -0.238660 232.277000
-4.772420 230.806000 0.419837 233.162000
-3.957900 231.638000 1.234320 233.955000
-3.010560 232.418000 2.153700 234.710000
-1.870900 233.014000 3.258190 235.275000
-0.600310 233.517000 4.522290 235.754000
0.850772 233.847000 5.958440 236.035000
2.457970 234.091000 7.556920 236.220000
4.230700 234.241000 9.308320 236.302000
6.127320 234.260000 11.199100 236.260000
8.170270 234.220000 13.241000 236.141000
10.349800 234.120000 15.394200 235.941000
12.669200 234.028000 17.692000 235.729000
15.041600 233.922000 20.071100 235.497000
17.447900 233.843000 22.440900 235.279000
19.836700 233.783000 24.832700 235.087000
22.236500 233.750000 27.232100 234.912000
24.722800 233.734000 29.680900 234.769000
27.180000 233.718000 32.137600 234.630000
29.670900 233.691000 34.616000 234.474000
32.159400 233.671000 37.077800 234.309000
34.633400 233.635000 39.518100 234.154000
37.072400 233.577000 41.926200 233.982000
39.489100 233.501000 44.311000 233.790000
41.878300 233.425000 46.668600 233.590000
44.233700 233.357000 49.001800 233.412000
46.548700 233.276000 51.299800 233.218000
48.834200 233.188000 53.578600 233.014000
51.100400 233.116000 55.840200 232.824000
53.342300 233.047000 58.068100 232.645000
55.571900 232.961000 60.268500 232.452000
57.719600 232.877000 62.411500 232.266000
59.905700 232.813000 64.567500 232.087000
62.031300 232.769000 66.670800 231.927000
64.146600 232.734000 68.742300 231.780000
66.206200 232.674000 70.781200 231.613000
68.225200 232.614000 72.780100 231.437000
70.180800 232.560000 74.720800 231.279000
72.117000 232.502000 76.640700 231.116000
74.031400 232.454000 78.527500 230.957000
75.914900 232.388000 80.393300 230.781000
77.790500 232.297000 82.238800 230.583000
79.735800 232.178000 84.151900 230.358000
81.714100 232.015000 86.131600 230.080000
83.828500 231.801000 88.207000 229.750000
86.013400 231.546000 90.370800 229.366000
88.344100 231.231000 92.644700 228.917000
90.772100 230.891000 95.029800 228.430000
93.330200 230.528000 97.529700 227.923000
96.009400 230.156000 100.163000 227.376000
98.798100 229.796000 102.894000 226.845000
101.674000 229.482000 105.725000 226.347000
104.641000 229.206000 108.629000 225.886000
107.656000 228.947000 111.573000 225.432000
110.668000 228.684000 114.524000 224.984000
113.684000 228.436000 117.461000 224.543000
116.701000 228.201000 120.406000 224.104000
119.672000 227.986000 123.320000 223.688000
122.607000 227.804000 126.222000 223.293000
125.536000 227.639000 129.083000 222.924000
128.454000 227.500000 131.914000 222.575000
131.310000 227.358000 134.707000 222.225000
134.145000 227.206000 137.472000 221.871000
136.976000 227.049000 140.199000 221.506000
139.775000 226.853000 142.918000 221.110000
142.584000 226.617000 145.622000 220.685000
145.338000 226.327000 148.319000 220.208000
148.114000 225.970000 151.026000 219.659000
150.899000 225.529000 153.722000 219.026000
153.683000 224.984000 156.398000 218.313000
156.394000 224.356000 159.057000 217.505000
159.164000 223.654000 161.715000 216.618000
161.929000 222.951000 164.389000 215.732000
164.700000 222.296000 167.080000 214.887000
167.463000 221.706000 169.738000 214.097000
170.213000 221.184000 172.415000 213.356000
172.967000 220.720000 175.067000 212.664000
175.659000 220.295000 177.674000 212.028000
178.237000 219.878000 180.162000 211.417000
180.668000 219.487000 182.513000 210.833000
183.112000 219.107000 184.849000 210.267000
185.535000 218.709000 187.186000 209.679000
187.893000 218.304000 189.470000 209.091000
190.253000 217.911000 191.743000 208.523000
192.608000 217.577000 193.992000 207.996000
194.892000 217.264000 196.207000 207.497000
197.166000 216.967000 198.416000 207.018000
199.381000 216.704000 200.561000 206.565000
201.517000 216.467000 202.597000 206.140000
203.443000 216.235000 204.463000 205.729000
205.171000 216.033000 206.113000 205.364000
206.633000 215.874000 207.554000 205.057000
208.018000 215.698000 208.852000 204.753000
209.291000 215.523000 210.105000 204.451000
210.496000 215.318000 211.241000 204.145000
211.490000 215.141000 212.196000 203.885000
212.405000 214.969000 213.080000 203.630000
213.305000 214.777000 213.951000 203.367000
214.181000 214.567000 214.775000 203.103000
215.037000 214.332000 215.599000 202.811000
215.932000 214.038000 216.448000 202.458000
216.857000 213.677000 217.329000 202.046000
217.805000 213.227000 218.248000 201.532000
218.830000 212.639000 219.225000 200.898000
219.894000 211.862000 220.205000 200.103000
220.917000 210.947000 221.174000 199.140000
221.909000 209.839000 222.107000 197.996000
222.856000 208.537000 222.971000 196.690000
223.685000 207.075000 223.730000 195.208000
224.401000 205.461000 224.382000 193.583000
224.953000 203.672000 224.871000 191.793000
225.322000 201.747000 225.180000 189.901000
225.454000 199.754000 225.253000 187.944000
225.373000 197.687000 225.127000 185.962000
225.142000 195.554000 224.834000 183.891000
224.779000 193.356000 224.404000 181.795000
224.271000 191.093000 223.845000 179.659000
223.636000 188.832000 223.156000 177.507000
222.899000 186.536000 222.349000 175.338000
222.058000 184.208000 221.440000 173.144000
221.199000 181.837000 220.512000 170.932000
220.312000 179.444000 219.565000 168.720000
219.455000 177.032000 218.636000 166.480000
218.684000 174.644000 217.770000 164.254000
217.989000 172.307000 216.957000 162.058000
217.334000 170.034000 216.230000 159.941000
216.740000 167.943000 215.563000 157.944000
216.168000 166.001000 214.940000 156.092000
215.619000 164.168000 214.335000 154.372000
215.084000 162.481000 213.739000 152.787000
214.510000 160.894000 213.112000 151.297000
213.845000 159.427000 212.428000 149.927000
213.069000 158.109000 211.645000 148.689000
212.152000 156.980000 210.730000 147.649000
211.070000 155.992000 209.681000 146.774000
209.876000 155.243000 208.532000 146.120000
208.608000 154.692000 207.291000 145.656000
207.214000 154.333000 205.940000 145.381000
205.716000 154.123000 204.492000 145.294000
204.128000 154.041000 202.960000 145.365000
202.427000 154.047000 201.322000 145.519000
200.602000 154.110000 199.568000 145.772000
198.637000 154.267000 197.681000 146.113000
196.563000 154.465000 195.697000 146.533000
194.371000 154.683000 193.596000 146.962000
192.054000 154.874000 191.366000 147.422000
189.600000 155.103000 189.030000 147.919000
187.071000 155.341000 186.587000 148.442000
184.454000 155.605000 184.044000 149.013000
181.736000 155.919000 181.428000 149.642000
178.977000 156.243000 178.744000 150.286000
176.141000 156.554000 176.018000 150.932000
173.294000 156.869000 173.289000 151.574000
170.480000 157.201000 170.561000 152.213000
167.676000 157.535000 167.848000 152.851000
164.881000 157.864000 165.162000 153.488000
162.102000 158.204000 162.487000 154.125000
159.353000 158.517000 159.844000 154.760000
156.594000 158.831000 157.188000 155.388000
153.790000 159.172000 154.532000 156.024000
151.030000 159.529000 151.860000 156.675000
148.230000 159.885000 149.167000 157.353000
145.395000 160.268000 146.452000 158.052000
142.547000 160.634000 143.716000 158.741000
139.632000 160.980000 140.928000 159.417000
136.655000 161.308000 138.072000 160.073000
133.631000 161.591000 135.156000 160.681000
130.570000 161.846000 132.182000 161.293000
127.435000 162.130000 129.138000 161.908000
124.247000 162.395000 126.057000 162.524000
121.051000 162.661000 122.959000 163.119000
117.864000 162.898000 119.852000 163.728000
114.671000 163.158000 116.751000 164.344000
111.484000 163.443000 113.650000 164.962000
108.279000 163.717000 110.546000 165.571000
105.081000 163.989000 107.433000 166.179000
101.881000 164.250000 104.339000 166.773000
98.708700 164.527000 101.251000 167.380000
95.497900 164.845000 98.142500 168.036000
92.261000 165.215000 94.997200 168.730000
89.034300 165.606000 91.863000 169.443000
85.806100 166.016000 88.719300 170.189000
82.555000 166.437000 85.562900 170.939000
79.248900 166.849000 82.351500 171.678000
75.947300 167.230000 79.121600 172.398000
72.574400 167.580000 75.834900 173.090000
69.164700 167.890000 72.505000 173.754000
65.722100 168.211000 69.127300 174.414000
62.223100 168.497000 65.712200 175.055000
58.725200 168.761000 62.286300 175.659000
55.228900 169.006000 58.874700 176.244000
51.750500 169.232000 55.484000 176.809000
48.322000 169.445000 52.112600 177.371000
44.910400 169.631000 48.782400 177.926000
41.550800 169.826000 45.483100 178.450000
38.227000 169.995000 42.246700 178.936000
35.019200 170.136000 39.100000 179.388000
31.932200 170.258000 36.061500 179.821000
28.986700 170.363000 33.188200 180.212000
26.186200 170.450000 30.442600 180.580000
23.543600 170.527000 27.845700 180.911000
21.029300 170.636000 25.378900 181.249000
18.645000 170.781000 22.991100 181.611000
16.363400 171.016000 20.749600 182.066000
14.194000 171.326000 18.612000 182.569000
12.138300 171.688000 16.579900 183.125000
10.152400 172.067000 14.650500 183.689000
8.301720 172.399000 12.866800 184.191000
6.630070 172.673000 11.211700 184.619000
5.118330 172.890000 9.736180 184.976000
3.802000 173.056000 8.465950 185.260000
2.751820 173.179000 7.412860 185.481000
1.890140 173.267000 6.569300 185.641000
1.199860 173.338000 5.884080 185.777000
0.565715 173.404000 5.269380 185.889000
-0.026434 173.450000 4.681660 185.989000
-0.615274 173.515000 4.095680 186.091000
-1.215690 173.561000 3.509540 186.187000
-1.823520 173.594000 2.905940 186.261000
-2.562420 173.627000 2.167920 186.362000
-3.466600 173.661000 1.270360 186.486000
-4.557800 173.695000 0.178551 186.621000
-5.886810 173.736000 -1.119540 186.795000
-7.410640 173.810000 -2.608320 187.012000
-9.088760 173.927000 -4.246090 187.285000
-10.951900 173.999000 -6.083120 187.537000
-12.986900 174.105000 -8.095300 187.807000
-15.124900 174.155000 -10.231300 188.059000
-17.490000 174.217000 -12.555700 188.352000
-19.995400 174.248000 -14.996300 188.643000
-22.660200 174.294000 -17.589800 188.937000
-25.402900 174.334000 -20.297100 189.256000
-28.210400 174.389000 -23.102100 189.579000
-31.139300 174.479000 -25.998400 189.937000
-34.140200 174.580000 -28.943500 190.317000
-37.185200 174.678000 -31.952900 190.719000
-40.287300 174.768000 -35.024400 191.083000
-43.457400 174.844000 -38.158900 191.468000
-46.622600 174.939000 -41.300500 191.852000
-49.811500 175.028000 -44.459800 192.233000
-52.978200 175.093000 -47.602000 192.607000
-56.137000 175.169000 -50.771600 192.983000
-59.292000 175.236000 -53.893900 193.337000
-62.496500 175.342000 -57.041100 193.730000
-65.693800 175.436000 -60.191300 194.111000
-68.918400 175.524000 -63.367600 194.504000
-72.119300 175.603000 -66.538800 194.876000
-75.344500 175.673000 -69.721100 195.241000
-78.554900 175.747000 -72.909600 195.602000
-81.812300 175.785000 -76.133300 195.927000
-85.033300 175.821000 -79.333800 196.253000
-88.288200 175.815000 -82.563000 196.546000
-91.567500 175.809000 -85.808300 196.820000
-94.825000 175.769000 -89.056600 197.078000
-98.107200 175.715000 -92.323300 197.301000
-101.432000 175.628000 -95.604200 197.492000
-104.732000 175.526000 -98.889200 197.667000
-108.045000 175.384000 -102.198000 197.814000
-111.339000 175.251000 -105.504000 197.945000
-114.646000 175.104000 -108.826000 198.058000
-117.971000 174.919000 -112.154000 198.160000
-121.312000 174.745000 -115.504000 198.255000
-124.667000 174.566000 -118.851000 198.330000
-128.048000 174.372000 -122.217000 198.408000
-131.454000 174.173000 -125.610000 198.489000
-134.854000 173.973000 -129.004000 198.564000
-138.257000 173.757000 -132.407000 198.639000
-141.679000 173.563000 -135.796000 198.720000
-145.072000 173.370000 -139.182000 198.790000
-148.474000 173.161000 -142.597000 198.861000
-151.879000 172.963000 -146.001000 198.932000
-155.284000 172.738000 -149.389000 198.988000
-158.681000 172.532000 -152.775000 199.040000
-162.024000 172.312000 -156.126000 199.090000
-165.373000 172.109000 -159.470000 199.153000
-168.625000 171.919000 -162.719000 199.215000
-171.867000 171.743000 -165.994000 199.282000
-175.003000 171.518000 -169.162000 199.308000
-178.088000 171.302000 -172.260000 199.335000
-181.137000 171.097000 -175.317000 199.363000
-184.121000 170.889000 -178.289000 199.386000
-187.059000 170.687000 -181.229000 199.415000
-189.929000 170.509000 -184.092000 199.433000
-192.743000 170.333000 -186.911000 199.469000
-195.487000 170.137000 -189.664000 199.483000
-198.215000 169.919000 -192.402000 199.481000
-200.892000 169.674000 -195.080000 199.445000
-203.513000 169.383000 -197.734000 199.360000
-206.101000 169.032000 -200.341000 199.212000
-208.617000 168.631000 -202.908000 199.014000
-211.110000 168.253000 -205.430000 198.817000
-213.556000 167.887000 -207.905000 198.634000
-215.905000 167.572000 -210.256000 198.481000
-218.166000 167.389000 -212.518000 198.447000
-220.333000 167.286000 -214.671000 198.487000
-222.405000 167.280000 -216.712000 198.632000
-224.340000 167.373000 -218.652000 198.849000
-226.193000 167.549000 -220.476000 199.148000
-227.902000 167.788000 -222.169000 199.491000
-229.512000 168.075000 -223.764000 199.884000
-231.004000 168.378000 -225.244000 200.286000
-232.420000 168.641000 -226.635000 200.657000
-233.743000 168.848000 -227.926000 200.968000
-234.938000 168.953000 -229.109000 201.185000
-236.034000 168.958000 -230.200000 201.297000
-237.041000 168.820000 -231.205000 201.282000
-237.953000 168.578000 -232.129000 201.150000
-238.804000 168.242000 -233.019000 200.927000
-239.592000 167.812000 -233.834000 200.594000
-240.327000 167.330000 -234.622000 200.219000
-240.991000 166.804000 -235.322000 199.777000
-241.639000 166.225000 -236.024000 199.281000
-242.288000 165.632000 -236.707000 198.779000
-242.917000 164.999000 -237.380000 198.242000
-243.535000 164.291000 -238.053000 197.612000
-244.115000 163.509000 -238.712000 196.916000
-244.660000 162.602000 -239.335000 196.100000
-245.150000 161.603000 -239.937000 195.175000
-245.571000 160.436000 -240.471000 194.066000
-245.971000 159.088000 -240.994000 192.791000
-246.363000 157.513000 -241.509000 191.296000
-246.777000 155.753000 -242.068000 189.621000
-247.132000 153.742000 -242.586000 187.676000
-247.429000 151.496000 -243.069000 185.494000
-247.684000 149.003000 -243.502000 183.083000
-247.929000 146.300000 -243.953000 180.470000
-248.169000 143.423000 -244.416000 177.645000
-248.437000 140.260000 -244.915000 174.608000
-248.696000 136.914000 -245.406000 171.355000
-248.960000 133.431000 -245.925000 167.938000
-249.212000 129.924000 -246.428000 164.497000
-249.420000 126.381000 -246.906000 161.069000
-249.600000 122.845000 -247.337000 157.623000
-249.769000 119.314000 -247.775000 154.175000
-249.920000 115.846000 -248.167000 150.742000
-250.040000 112.370000 -248.554000 147.319000
-250.175000 108.887000 -248.923000 143.916000
-250.280000 105.441000 -249.284000 140.536000
-250.365000 102.030000 -249.612000 137.163000
-250.433000 98.625400 -249.927000 133.836000
-250.497000 95.260900 -250.227000 130.512000
-250.548000 91.921400 -250.538000 127.232000
-250.636000 88.593000 -250.874000 123.957000
-250.791000 85.279300 -251.259000 120.713000
-250.935000 81.925000 -251.628000 117.466000
-251.081000 78.675500 -252.016000 114.240000
-251.251000 75.356300 -252.420000 111.013000
-251.407000 72.122300 -252.823000 107.789000
-251.568000 68.861000 -253.223000 104.605000
-251.729000 65.635900 -253.618000 101.428000
-251.842000 62.456900 -253.979000 98.279200
-251.951000 59.285100 -254.340000 95.147300
-252.046000 56.117400 -254.657000 92.026500
-252.138000 52.979500 -254.984000 88.936900
-252.254000 49.847600 -255.288000 85.879100
-252.369000 46.743200 -255.632000 82.832400
-252.509000 43.661600 -255.991000 79.813800
-252.667000 40.666300 -256.378000 76.828900
-252.851000 37.667900 -256.768000 73.870500
-253.034000 34.710000 -257.176000 70.937200
-253.200000 31.750900 -257.562000 68.025300
-253.293000 28.820700 -257.902000 65.136000
-253.308000 25.941500 -258.132000 62.255700
-253.235000 23.044500 -258.287000 59.396000
-253.046000 20.203000 -258.317000 56.541000
-252.685000 17.378800 -258.191000 53.711600
-252.134000 14.567600 -257.874000 50.881100
-251.409000 11.779600 -257.376000 48.063600
-250.468000 9.014340 -256.662000 45.238700
-249.323000 6.263270 -255.750000 42.435700
-247.965000 3.567180 -254.606000 39.673500
-246.407000 0.948534 -253.255000 36.961300
-244.658000 -1.638820 -251.705000 34.260100
-242.784000 -4.208670 -250.023000 31.565400
-240.836000 -6.807890 -248.257000 28.842800
-238.814000 -9.455830 -246.453000 26.094000
-236.769000 -12.131700 -244.607000 23.317700
-234.736000 -14.823300 -242.793000 20.526900
-232.764000 -17.529400 -241.027000 17.720700
-230.884000 -20.254100 -239.361000 14.894000
-229.090000 -23.029000 -237.757000 12.035300
-227.360000 -25.780400 -236.234000 9.194310
-225.669000 -28.491400 -234.742000 6.372980
-224.003000 -31.200200 -233.295000 3.577420
-222.367000 -33.849800 -231.845000 0.812399
-220.757000 -36.473700 -230.442000 -1.908200
-219.191000 -39.015500 -229.068000 -4.527540
-217.695000 -41.349900 -227.785000 -6.938540
-216.339000 -43.461300 -226.558000 -9.111560
-215.029000 -45.331400 -225.412000 -11.045400
-213.867000 -46.939500 -224.336000 -12.755600
-212.773000 -48.395900 -223.349000 -14.284300
-211.713000 -49.722000 -222.386000 -15.648300
-210.669000 -50.870400 -221.437000 -16.886700
-209.650000 -51.899700 -220.499000 -17.989900
-208.673000 -52.735600 -219.600000 -18.896600
-207.772000 -53.328100 -218.761000 -19.570300
-207.001000 -53.770000 -218.032000 -20.079200
-206.226000 -54.137900 -217.280000 -20.519200
-205.422000 -54.405100 -216.509000 -20.874500
-204.601000 -54.599100 -215.724000 -21.158500
-203.731000 -54.749600 -214.872000 -21.400600
-202.741000 -54.836700 -213.886000 -21.598500
-201.608000 -54.846000 -212.780000 -21.721700
-200.355000 -54.739500 -211.513000 -21.736600
-198.928000 -54.542100 -210.077000 -21.667000
-197.299000 -54.221700 -208.430000 -21.480900
-195.487000 -53.740700 -206.591000 -21.156500
-193.520000 -53.060200 -204.579000 -20.649800
-191.477000 -52.180000 -202.461000 -19.947600
-189.330000 -51.010200 -200.225000 -18.975800
-187.092000 -49.623000 -197.913000 -17.781700
-184.768000 -48.076500 -195.484000 -16.425900
-182.326000 -46.460500 -192.941000 -15.001200
-179.761000 -44.783600 -190.273000 -13.536300
-177.093000 -43.039300 -187.487000 -12.014100
-174.325000 -41.251400 -184.568000 -10.450300
-171.423000 -39.434600 -181.539000 -8.859190
-168.428000 -37.631200 -178.401000 -7.291740
-165.306000 -35.857100 -175.171000 -5.763660
-162.142000 -34.120900 -171.878000 -4.280500
-158.928000 -32.447700 -168.555000 -2.874090
-155.675000 -30.831700 -165.198000 -1.530030
-152.449000 -29.285900 -161.883000 -0.258336
-149.211000 -27.748300 -158.554000 1.010380
-146.005000 -26.220300 -155.229000 2.275440
-142.776000 -24.702800 -151.893000 3.513560
-139.540000 -23.181400 -148.536000 4.766590
-136.301000 -21.659900 -145.183000 6.016260
-133.060000 -20.131400 -141.849000 7.266510
-129.881000 -18.627700 -138.529000 8.498920
-126.696000 -17.108700 -135.249000 9.733140
-123.546000 -15.579000 -132.011000 10.976000
-120.443000 -14.088400 -128.801000 12.189700
-117.351000 -12.709800 -125.595000 13.301900
-114.186000 -11.429000 -122.369000 14.296000
-111.020000 -10.256400 -119.128000 15.186000
-107.873000 -9.121230 -115.881000 16.050800
-104.713000 -8.009670 -112.626000 16.866100
-101.495000 -6.904520 -109.358000 17.678400
-98.306900 -5.820980 -106.101000 18.471800
-95.108000 -4.828810 -102.807000 19.163800
-91.875000 -3.918380 -99.489300 19.774100
-88.612900 -3.089220 -96.174100 20.290700
-85.324800 -2.326480 -92.844000 20.736300
-82.023700 -1.631270 -89.500000 21.120000
-78.727000 -0.951918 -86.170700 21.468400
-75.447400 -0.314575 -82.859400 21.785900
-72.183500 0.308747 -79.560200 22.062700
-68.931700 0.894516 -76.280900 22.328100
-65.710700 1.467140 -73.016800 22.565600
-62.482900 2.022170 -69.783500 22.781100
-59.305900 2.541940 -66.554600 22.980700
-56.113600 3.054870 -63.369200 23.167000
-52.968200 3.538140 -60.209300 23.323300
-49.816600 4.006600 -57.067800 23.451600
-46.727900 4.432870 -53.953000 23.554100
-43.683000 4.837350 -50.880400 23.625700
-40.633200 5.206740 -47.819300 23.677800
-37.645100 5.572640 -44.828500 23.709600
-34.740800 5.911860 -41.919600 23.726600
-31.973200 6.214900 -39.125800 23.728700
-29.278300 6.502390 -36.425500 23.710900
-26.706100 6.762780 -33.856300 23.695000
-24.304500 7.002290 -31.469000 23.667700
-22.066400 7.216670 -29.243400 23.631400
-20.010100 7.444020 -27.171300 23.602700
-18.103600 7.653350 -25.265500 23.583800
-16.320700 7.792890 -23.497400 23.548300
-14.692200 7.927080 -21.885500 23.502600
-13.286300 8.041890 -20.470100 23.467000
-12.092600 8.138670 -19.281500 23.430100
-11.091400 8.220490 -18.279100 23.403400
-10.234500 8.320520 -17.417900 23.404600
-9.459780 8.444700 -16.638900 23.430700
-8.738840 8.626120 -15.894700 23.504900
-8.083590 8.815000 -15.234400 23.603800
-7.775160 8.908830 -14.904400 23.653700
-7.719810 8.920160 -14.869900 23.657900
-7.743510 8.915790 -14.891100 23.651300
-7.724890 8.917490 -14.885100 23.653000
-7.722110 8.916570 -14.886000 23.653800
-7.729450 8.917430 -14.885100 23.657500
-7.720780 8.921760 -14.886500 23.663100
-7.732040 8.917230 -14.889300 23.665600
-7.723820 8.918880 -14.891400 23.666200
-7.715930 8.919490 -14.893000 23.656900
-7.736390 8.927190 -14.890500 23.661100
-7.727290 8.921580 -14.892200 23.659500
-7.746030 8.928370 -14.890100 23.663500
-7.746780 8.923120 -14.887500 23.665100
-7.751030 8.923730 -14.882800 23.665100
-7.737940 8.923460 -14.882200 23.666100
-7.738320 8.923810 -14.881300 23.667700
-7.739630 8.919690 -14.880500 23.666500
-7.737440 8.923630 -14.881700 23.668300
-7.750680 8.919100 -14.883000 23.664100
-7.760190 8.924220 -14.886100 23.664900
-7.755040 8.922560 -14.889900 23.664300
-7.753420 8.926510 -14.890900 23.659200
-7.715690 8.937950 -14.860200 23.662800
-7.662480 8.960320 -14.802800 23.675300
-7.518020 9.014250 -14.640400 23.713100
-7.179980 9.157390 -14.286300 23.808300
-6.642900 9.404370 -13.731000 23.973100
-5.949360 9.798290 -12.990600 24.261500
-5.138120 10.424700 -12.124800 24.739800
-4.289980 11.255200 -11.186300 25.421300
-3.460680 12.310500 -10.216600 26.336600
-2.667750 13.635500 -9.257410 27.515900
-1.990450 15.218100 -8.377290 28.971900
-1.379240 17.100300 -7.541330 30.738300
-0.892695 19.240700 -6.835970 32.787400
-0.625650 21.604400 -6.292990 35.068200
-0.545501 24.184200 -5.908660 37.578800
-0.568375 26.951300 -5.631290 40.302100
-0.635768 29.912400 -5.381780 43.242600
-0.720173 33.087700 -5.124480 46.394100
-0.796352 36.459200 -4.847930 49.714800
-0.886791 39.893200 -4.578900 53.128700
-0.991063 43.335900 -4.336670 56.526600
-1.101960 46.759900 -4.113270 59.923100
-1.233940 50.167600 -3.892560 63.313000
-1.366790 53.555200 -3.689220 66.659600
-1.481830 56.916000 -3.477080 69.965800
-1.589080 60.263500 -3.268320 73.285800
-1.700830 63.524800 -3.063210 76.550400
-1.832040 66.815000 -2.879580 79.806200
-1.929890 70.083300 -2.683520 83.041300
-2.040740 73.338900 -2.478020 86.251700
-2.158380 76.569100 -2.272710 89.421500
-2.266800 79.761300 -2.087690 92.595500
-2.390580 82.910700 -1.922660 95.718700
-2.511210 86.042700 -1.753310 98.815100
-2.634100 89.192200 -1.586050 101.896000
-2.754170 92.280900 -1.418630 104.955000
-2.857630 95.361300 -1.250910 107.993000
-2.946290 98.444600 -1.056490 110.979000
-3.014860 101.468000 -0.855749 113.974000
-3.054220 104.491000 -0.618033 116.946000
-3.063460 107.423000 -0.356249 119.853000
-3.078850 110.411000 -0.089383 122.798000
-3.113490 113.513000 0.174919 125.819000
-3.157380 116.711000 0.438076 128.902000
-3.196560 119.936000 0.690456 132.026000
-3.236270 123.190000 0.949581 135.248000
-3.315190 126.579000 1.201970 138.541000
-3.407480 129.994000 1.446410 141.879000
-3.490420 133.474000 1.673930 145.245000
-3.596790 136.907000 1.871870 148.599000
-3.709790 140.320000 2.077070 151.922000
-3.836220 143.705000 2.274180 155.226000
-3.954940 147.128000 2.464930 158.487000
-4.096850 150.433000 2.634610 161.711000
-4.221730 153.669000 2.817640 164.847000
-4.317080 156.818000 3.012000 167.926000
-4.408270 159.890000 3.207810 170.928000
-4.490530 162.926000 3.424470 173.900000
-4.552170 165.935000 3.657860 176.832000
-4.653940 168.929000 3.874520 179.779000
-4.731090 171.996000 4.107760 182.761000
-4.777540 175.139000 4.344890 185.798000
-4.842780 178.315000 4.569770 188.870000
-4.969420 181.480000 4.757880 191.962000
-5.093370 184.785000 4.957150 195.123000
-5.202000 188.129000 5.181630 198.369000
-5.325760 191.495000 5.394500 201.634000
-5.416360 194.841000 5.634510 204.893000
-5.536240 198.220000 5.855920 208.134000
-5.638370 201.569000 6.088280 211.352000
-5.753690 204.853000 6.325370 214.533000
-5.837920 208.047000 6.550730 217.640000
-5.908060 211.102000 6.784400 220.572000
-5.958220 213.985000 7.011790 223.379000
-6.005590 216.804000 7.240120 226.102000
-6.075630 219.578000 7.472700 228.797000
-6.119840 222.353000 7.713700 231.470000
-6.162140 225.132000 7.958310 234.143000
-6.208520 227.882000 8.234200 236.790000
-6.243190 230.652000 8.490920 239.479000
-6.386330 233.550000 8.686550 242.228000
-6.552090 236.433000 8.799440 245.052000
-6.729750 239.451000 8.910860 247.927000
-6.877830 242.544000 9.078000 250.900000
-7.054350 245.748000 9.250920 253.955000
-7.217790 249.097000 9.444670 257.153000
-7.364080 252.512000 9.662990 260.411000
-7.511880 256.003000 9.878330 263.762000
-7.667880 259.539000 10.099500 267.101000
-7.830220 263.010000 10.325200 270.417000
-7.977220 266.465000 10.556500 273.713000
-8.115520 269.900000 10.782100 277.017000
-8.273590 273.307000 11.005700 280.230000
-8.411420 276.626000 11.245900 283.401000
-8.552480 279.776000 11.457000 286.413000
-8.710110 282.831000 11.654500 289.348000
-8.853960 285.737000 11.820700 292.112000
-8.999630 288.535000 11.982700 294.798000
-9.155660 291.314000 12.139200 297.442000
-9.314260 294.064000 12.292000 300.075000
-9.440730 296.840000 12.473100 302.703000
-9.532760 299.637000 12.704700 305.362000
-9.589870 302.484000 12.959900 308.030000
-9.635120 305.424000 13.238900 310.792000
-9.625510 308.461000 13.581400 313.612000
-9.580740 311.520000 13.958000 316.486000
-9.511390 314.698000 14.379800 319.457000
-9.387360 317.892000 14.857900 322.445000
-9.218440 321.190000 15.387600 325.496000
-9.008340 324.504000 15.976400 328.621000
-8.748910 327.930000 16.607800 331.767000
-8.484970 331.430000 17.257300 335.010000
-8.217910 334.977000 17.921900 338.264000
-7.961490 338.548000 18.590200 341.601000
-7.691070 342.111000 19.262300 344.898000
-7.443330 345.641000 19.895500 348.179000
-7.214610 349.137000 20.518400 351.405000
-7.023120 352.604000 21.123800 354.628000
-6.806530 356.054000 21.711600 357.788000
-6.627740 359.446000 22.270700 360.939000
-6.475320 362.817000 22.780500 364.011000
-6.326530 366.142000 23.285900 367.071000
-6.179460 369.399000 23.780700 370.064000
