-0.000000 0.000000 0.000000 0.000000
-0.001380 3.602420 -0.001322 3.584550
0.005153 7.197720 0.007752 7.179110
0.011210 10.820800 0.021166 10.775500
-0.001541 14.386500 0.018570 14.345000
-0.037539 17.983800 0.009205 17.935200
-0.078184 21.556000 -0.001011 21.512100
-0.096660 25.167300 -0.023122 25.100300
-0.131116 28.754900 -0.054375 28.675300
-0.171217 32.335200 -0.089415 32.270100
-0.214775 35.936100 -0.138677 35.862500
-0.265506 39.536300 -0.188191 39.455800
-0.288552 43.141500 -0.244456 43.032500
-0.318578 46.742800 -0.291471 46.638000
-0.324075 50.359100 -0.320082 50.242800
-0.311859 53.968300 -0.337535 53.848800
-0.346908 57.583900 -0.353931 57.447700
-0.357212 61.233800 -0.381364 61.056200
-0.396352 64.818900 -0.412253 64.664000
-0.402409 68.392200 -0.454146 68.241400
-0.422841 71.970400 -0.509396 71.793800
-0.444504 75.518700 -0.541651 75.345400
-0.430414 79.060800 -0.532858 78.867900
-0.378574 82.561400 -0.503839 82.350900
-0.266095 86.007400 -0.414985 85.782700
-0.136670 89.490200 -0.283861 89.188900
0.000891 92.908300 -0.120815 92.637800
0.163896 96.381800 0.072649 96.074200
0.341325 99.849900 0.289899 99.545600
0.542794 103.418000 0.510731 103.062000
0.709131 106.995000 0.717809 106.620000
0.852410 110.634000 0.902178 110.227000
0.946123 114.314000 1.031040 113.867000
0.992574 117.989000 1.110300 117.536000
0.989021 121.694000 1.142270 121.224000
0.968400 125.423000 1.161160 124.914000
0.950108 129.182000 1.170010 128.665000
0.951356 132.969000 1.179600 132.424000
0.975925 136.788000 1.195740 136.184000
1.019820 140.620000 1.202270 139.976000
1.058900 144.435000 1.208050 143.781000
1.083280 148.249000 1.226880 147.571000
1.089350 152.054000 1.248560 151.343000
1.145850 155.823000 1.273660 155.127000
1.136160 159.595000 1.288050 158.896000
1.174950 163.398000 1.296100 162.648000
1.193460 167.176000 1.293370 166.420000
1.188600 170.987000 1.291340 170.193000
1.168130 174.776000 1.277910 173.968000
1.134010 178.578000 1.256190 177.726000
1.093530 182.374000 1.246510 181.488000
1.052560 186.174000 1.223210 185.239000
0.991481 189.926000 1.194870 188.947000
0.981923 193.645000 1.179370 192.596000
0.956315 197.327000 1.180310 196.253000
0.981237 200.961000 1.187730 199.865000
1.006980 204.545000 1.209560 203.420000
1.048710 208.067000 1.236730 206.884000
1.115650 211.446000 1.271960 210.229000
1.168110 214.690000 1.293110 213.457000
1.214820 217.826000 1.303520 216.570000
1.227160 220.843000 1.290090 219.554000
1.196220 223.675000 1.260170 222.342000
1.145750 226.320000 1.206010 224.940000
1.092860 228.752000 1.134570 227.358000
1.029020 231.040000 1.070740 229.622000
0.989652 233.237000 1.014320 231.793000
0.952000 235.371000 0.968102 233.931000
0.931500 237.514000 0.937263 236.011000
0.933709 239.613000 0.936049 238.083000
0.945919 241.696000 0.944743 240.132000
0.990315 243.797000 0.965981 242.205000
1.033260 245.939000 1.004890 244.300000
1.105550 248.126000 1.055680 246.431000
1.170750 250.342000 1.108730 248.615000
1.255700 252.591000 1.173270 250.862000
1.345830 255.034000 1.246650 253.178000
1.422480 257.415000 1.333870 255.554000
1.563540 259.935000 1.465970 258.017000
1.708640 262.439000 1.602740 260.492000
1.878960 265.013000 1.755990 262.976000
2.066170 267.481000 1.943290 265.456000
2.280100 269.987000 2.153720 267.949000
2.472030 272.541000 2.354900 270.470000
2.661310 275.121000 2.544190 272.991000
2.818370 277.673000 2.717840 275.497000
2.973520 280.201000 2.878460 277.967000
3.077080 282.668000 3.000690 280.377000
3.146340 285.004000 3.079890 282.674000
3.189070 287.205000 3.132310 284.817000
3.183130 289.236000 3.142830 286.774000
3.118520 291.093000 3.085330 288.610000
2.918780 292.839000 2.912440 290.330000
2.567730 294.455000 2.608930 291.920000
2.066180 295.941000 2.142440 293.368000
1.405920 297.271000 1.521430 294.684000
0.582258 298.445000 0.734775 295.865000
-0.387732 299.411000 -0.194695 296.852000
-1.490910 300.157000 -1.261730 297.636000
-2.683490 300.650000 -2.423000 298.136000
-3.914710 300.897000 -3.620470 298.417000
-5.184950 300.906000 -4.873680 298.479000
-6.533500 300.663000 -6.219350 298.286000
-7.903340 300.117000 -7.601630 297.815000
-9.255330 299.324000 -8.986850 297.049000
-10.633700 298.181000 -10.385300 295.971000
-12.018400 296.722000 -11.788200 294.588000
-13.285700 294.906000 -13.095300 292.843000
-14.437900 292.796000 -14.275000 290.767000
-15.432100 290.307000 -15.307000 288.369000
-16.202800 287.537000 -16.093700 285.672000
-16.700500 284.534000 -16.616800 282.721000
-16.959000 281.259000 -16.883200 279.518000
-16.963100 277.709000 -16.907400 276.115000
-16.739200 274.071000 -16.729600 272.563000
-16.475100 270.297000 -16.480100 268.847000
-16.241700 266.390000 -16.248100 264.978000
-16.079800 262.350000 -16.075800 261.055000
-15.926100 258.310000 -15.962200 257.107000
-15.834800 254.266000 -15.913600 253.122000
-15.863100 250.265000 -15.927700 249.133000
-15.870300 246.200000 -15.967300 245.124000
-15.903700 242.046000 -16.035200 241.069000
-15.958800 237.822000 -16.094500 236.995000
-15.984100 233.633000 -16.144600 232.887000
-16.010300 229.424000 -16.175400 228.741000
-16.030400 225.202000 -16.207400 224.563000
-16.047200 220.936000 -16.250900 220.330000
-16.065600 216.659000 -16.396100 216.144000
-16.095900 212.298000 -16.534700 211.867000
-16.103700 207.925000 -16.671300 207.560000
-16.134000 203.542000 -16.808700 203.219000
-16.115600 199.120000 -16.953400 198.885000
-16.126100 194.722000 -17.099200 194.545000
-16.157100 190.353000 -17.252800 190.252000
-16.200400 186.007000 -17.436400 185.959000
-16.219600 181.660000 -17.620400 181.691000
-16.241500 177.363000 -17.827100 177.455000
-16.338100 173.139000 -18.067400 173.289000
-16.429800 169.008000 -18.317000 169.236000
-16.499500 165.086000 -18.572100 165.347000
-16.590600 161.390000 -18.813900 161.676000
-16.695300 157.918000 -19.056200 158.239000
-16.782500 154.664000 -19.272500 155.009000
-16.859000 151.600000 -19.464200 152.024000
-16.923200 148.818000 -19.636400 149.274000
-16.980000 146.217000 -19.787100 146.727000
-17.040800 143.782000 -19.940400 144.308000
-17.080400 141.487000 -20.090300 142.020000
-17.134600 139.255000 -20.228100 139.816000
-17.191400 137.095000 -20.371900 137.700000
-17.241800 134.990000 -20.509800 135.621000
-17.302500 132.905000 -20.647800 133.553000
-17.334700 130.834000 -20.770700 131.509000
-17.389000 128.731000 -20.910300 129.427000
-17.413000 126.548000 -21.038400 127.242000
-17.443800 124.231000 -21.159300 124.949000
-17.447000 121.768000 -21.267800 122.502000
-17.433800 119.169000 -21.361600 119.925000
-17.384100 116.418000 -21.433700 117.174000
-17.300000 113.496000 -21.472700 114.263000
-17.168500 110.428000 -21.473200 111.199000
-16.999700 107.200000 -21.443500 107.987000
-16.834600 103.811000 -21.428900 104.612000
-16.684900 100.271000 -21.397800 101.081000
-16.516100 96.595300 -21.384500 97.413700
-16.345300 92.752200 -21.388500 93.618000
-16.200500 88.801700 -21.403300 89.681900
-16.096700 84.689900 -21.457800 85.594700
-16.035900 80.468600 -21.536600 81.377900
-16.005800 76.113200 -21.658600 77.018200
-15.973900 71.635400 -21.803700 72.615000
-15.950000 67.239900 -21.971300 68.246600
-15.968500 62.822100 -22.158900 63.854900
-15.978600 58.408200 -22.353300 59.468100
-15.965300 53.984400 -22.545300 55.097200
-15.939100 49.688100 -22.719100 50.725900
-15.906000 45.321600 -22.896400 46.375100
-15.880100 40.981500 -23.056800 42.077000
-15.864300 36.628900 -23.232500 37.789200
-15.851700 32.328500 -23.404200 33.521100
-15.862000 28.096900 -23.593700 29.256100
-15.840700 23.876800 -23.772800 25.068500
-15.808100 19.701300 -23.943300 20.889800
-15.784400 15.558400 -24.132900 16.754100
-15.748700 11.434900 -24.299400 12.651200
-15.721700 7.286740 -24.483700 8.588540
-15.711100 3.150630 -24.677000 4.514750
-15.691000 -0.968553 -24.848100 0.420001
-15.683900 -5.112500 -25.037900 -3.707970
-15.652100 -9.270420 -25.220800 -7.862940
-15.612700 -13.510400 -25.407900 -12.052700
-15.567800 -17.722500 -25.606200 -16.254500
-15.519200 -21.950500 -25.795500 -20.493100
-15.478400 -26.226100 -25.993800 -24.739300
-15.415800 -30.505200 -26.179200 -28.996700
-15.340200 -34.788000 -26.376000 -33.280000
-15.300000 -39.054400 -26.560500 -37.539600
-15.238100 -43.290000 -26.745100 -41.775100
-15.189500 -47.508400 -26.928100 -45.975900
-15.133800 -51.738800 -27.101500 -50.173500
-15.067300 -55.980000 -27.274300 -54.366800
-15.041600 -60.194900 -27.462200 -58.572300
-15.018800 -64.389800 -27.652600 -62.774900
-14.986000 -68.601400 -27.856600 -66.965100
-14.969400 -72.743400 -28.067100 -71.119500
-14.952500 -76.913300 -28.268500 -75.254100
-14.916600 -81.052900 -28.459900 -79.351300
-14.877100 -85.129800 -28.642400 -83.405900
-14.827700 -89.165900 -28.831300 -87.430400
-14.798600 -93.176000 -29.014000 -91.422700
-14.773700 -97.138300 -29.219800 -95.363200
-14.766600 -101.093000 -29.430000 -99.269400
-14.758500 -105.002000 -29.646200 -103.169000
-14.766500 -108.878000 -29.872700 -107.028000
-14.773100 -112.742000 -30.103900 -110.857000
-14.772500 -116.543000 -30.331700 -114.650000
-14.781500 -120.346000 -30.553200 -118.421000
-14.782400 -124.033000 -30.770600 -122.102000
-14.799400 -127.649000 -30.988700 -125.704000
-14.823900 -131.191000 -31.213800 -129.216000
-14.849800 -134.612000 -31.444500 -132.604000
-14.885000 -137.847000 -31.662100 -135.833000
-14.928200 -140.898000 -31.861600 -138.838000
-14.980500 -143.656000 -32.075500 -141.599000
-15.003200 -146.173000 -32.256300 -144.104000
-14.884900 -148.422000 -32.292400 -146.359000
-14.575100 -150.425000 -32.125900 -148.375000
-14.054900 -152.128000 -31.751200 -150.125000
-13.313200 -153.598000 -31.142200 -151.652000
-12.332300 -154.827000 -30.289400 -152.963000
-11.152700 -155.771000 -29.217500 -154.018000
-9.823690 -156.413000 -27.974500 -154.777000
-8.443330 -156.748000 -26.654300 -155.257000
-7.043390 -156.768000 -25.265600 -155.433000
-5.569440 -156.513000 -23.801100 -155.339000
-4.124180 -155.927000 -22.339900 -154.895000
-2.770860 -155.014000 -20.930900 -154.134000
-1.580890 -153.758000 -19.619000 -153.025000
-0.531946 -152.226000 -18.457400 -151.593000
0.252127 -150.399000 -17.511500 -149.850000
0.756788 -148.306000 -16.833400 -147.804000
1.066680 -145.959000 -16.351100 -145.500000
1.191140 -143.421000 -16.055400 -142.973000
1.197350 -140.673000 -15.868300 -140.238000
1.233430 -137.736000 -15.667000 -137.327000
1.244240 -134.648000 -15.474700 -134.238000
1.252320 -131.383000 -15.293300 -130.980000
1.227380 -127.961000 -15.111800 -127.568000
1.209140 -124.414000 -14.932700 -124.023000
1.201400 -120.684000 -14.732800 -120.317000
1.214720 -116.839000 -14.504500 -116.489000
1.217670 -112.860000 -14.281500 -112.529000
1.186110 -108.751000 -14.066300 -108.441000
1.130030 -104.509000 -13.856000 -104.213000
1.073400 -100.117000 -13.656000 -99.841100
1.012690 -95.629300 -13.450400 -95.358000
0.945709 -91.053300 -13.243200 -90.819800
0.887455 -86.543000 -13.034000 -86.313300
0.845793 -82.026200 -12.814600 -81.853500
0.798001 -77.534100 -12.574900 -77.346100
0.766949 -73.012400 -12.336900 -72.843400
0.718345 -68.549000 -12.112300 -68.393700
0.677153 -64.088700 -11.891100 -63.937500
0.622363 -59.649700 -11.679200 -59.518600
0.551644 -55.218400 -11.486500 -55.112100
0.471664 -50.819100 -11.302300 -50.737500
0.380628 -46.423400 -11.121300 -46.390100
0.308438 -42.055400 -10.928300 -42.078800
0.233052 -37.729700 -10.728900 -37.768500
0.156767 -33.412100 -10.530100 -33.462800
0.083049 -29.130200 -10.313300 -29.202000
0.036631 -24.895200 -10.073400 -24.985100
0.000608 -20.672300 -9.828240 -20.772900
0.003830 -16.475100 -9.569210 -16.597500
0.038908 -12.332600 -9.301080 -12.460800
0.027024 -8.215080 -9.056870 -8.348800
0.029579 -4.101520 -8.817140 -4.247860
-0.006104 0.006741 -8.594910 -0.168026
-0.026357 4.106040 -8.367790 3.886450
-0.050420 8.169520 -8.141820 7.949450
-0.062517 12.255300 -7.912440 12.017600
-0.117433 16.343300 -7.691330 16.033700
-0.134711 20.360900 -7.456510 20.081800
-0.160893 24.405700 -7.233870 24.106400
-0.168653 28.444700 -7.013760 28.108100
-0.168048 32.440700 -6.793200 32.081100
-0.152116 36.382700 -6.559850 36.024200
-0.145437 40.331800 -6.331190 39.948700
-0.155517 44.231700 -6.115450 43.816100
-0.160542 48.108000 -5.912640 47.691500
-0.205724 51.985900 -5.722210 51.519800
-0.255176 55.842100 -5.539740 55.318100
-0.287562 59.663800 -5.361450 59.091000
-0.317155 63.414600 -5.192260 62.848000
-0.363117 67.112000 -5.034250 66.569400
-0.455466 70.829700 -4.896910 70.258200
-0.460951 74.524000 -4.751160 73.913600
-0.447168 78.056700 -4.577360 77.429800
-0.461148 81.447200 -4.391620 80.766700
-0.374686 84.708700 -4.164390 84.030000
-0.306605 87.975100 -3.926450 87.195500
-0.279003 91.222500 -3.675450 90.390900
-0.225123 94.466200 -3.413890 93.556700
-0.220894 97.632700 -3.189280 96.672700
-0.245627 100.828000 -3.004990 99.822400
-0.320755 104.042000 -2.881100 103.017000
-0.485141 107.332000 -2.809330 106.267000
-0.608031 110.700000 -2.736600 109.590000
-0.684057 114.123000 -2.584980 112.954000
-0.637411 117.596000 -2.328600 116.369000
-0.487728 121.119000 -1.963340 119.834000
-0.332230 124.722000 -1.544400 123.377000
-0.052271 128.432000 -1.061790 127.011000
0.234650 132.202000 -0.550134 130.691000
0.531931 136.072000 -0.047373 134.492000
0.735908 140.035000 0.383550 138.390000
0.852352 144.106000 0.728035 142.398000
0.902133 148.287000 1.041150 146.477000
0.938139 152.495000 1.310180 150.653000
0.959476 156.800000 1.568870 154.907000
0.948961 161.174000 1.796430 159.170000
0.894203 165.481000 2.012210 163.408000
0.823943 169.821000 2.221620 167.670000
0.805469 174.079000 2.429110 171.903000
0.812810 178.358000 2.647400 176.113000
0.802184 182.595000 2.898060 180.281000
0.830629 186.800000 3.155780 184.436000
0.890152 190.979000 3.429480 188.547000
0.937662 195.137000 3.718060 192.608000
0.961461 199.220000 3.992990 196.676000
1.000090 203.298000 4.254950 200.697000
1.035030 207.342000 4.507400 204.657000
1.067190 211.358000 4.766480 208.583000
1.123960 215.319000 5.021610 212.461000
1.128130 219.104000 5.244640 216.174000
1.162180 222.661000 5.436820 219.642000
1.149740 225.939000 5.593680 222.877000
1.113340 228.973000 5.701380 225.827000
1.057220 231.673000 5.791730 228.501000
1.002280 234.102000 5.858150 230.892000
0.964621 236.446000 5.928770 233.171000
0.983323 238.753000 6.049120 235.422000
1.012560 241.035000 6.183260 237.655000
1.060350 243.315000 6.339910 239.867000
1.125320 245.530000 6.508150 242.033000
1.176640 247.779000 6.679350 244.219000
1.243050 250.097000 6.847440 246.448000
1.289960 252.458000 7.028970 248.685000
1.335130 254.815000 7.224000 251.023000
1.411760 257.195000 7.429270 253.352000
1.513490 259.679000 7.671980 255.747000
1.649800 262.184000 7.913770 258.184000
1.786110 264.803000 8.176830 260.704000
1.933650 267.473000 8.464340 263.285000
2.105740 270.216000 8.763840 265.945000
2.262090 273.024000 9.067310 268.658000
2.402690 275.843000 9.351660 271.378000
2.505430 278.578000 9.606120 274.075000
2.608220 281.378000 9.842720 276.755000
2.689260 284.149000 10.078200 279.416000
2.762280 286.818000 10.286300 282.018000
2.812870 289.342000 10.466700 284.451000
2.867890 291.821000 10.643400 286.837000
2.928500 294.272000 10.825700 289.178000
2.997430 296.700000 11.017600 291.504000
3.065870 299.089000 11.201900 293.805000
