0.000000 0.000000 0.000000 0.000000
-0.022988 0.257472 -0.026868 0.285622
-0.074857 0.592901 -0.072872 0.634182
-0.161378 1.029490 -0.147606 1.080950
-0.325799 1.539970 -0.287236 1.598680
-0.558983 2.097080 -0.490789 2.165970
-0.879079 2.669940 -0.779405 2.754380
-1.270560 3.238260 -1.145420 3.342530
-1.794350 3.784400 -1.623640 3.909430
-2.441380 4.280070 -2.235910 4.436990
-3.230790 4.711290 -2.985670 4.919100
-4.179830 5.017620 -3.900170 5.292340
-5.286930 5.213560 -4.980480 5.541100
-6.529830 5.279790 -6.202940 5.646270
-7.921480 5.233360 -7.581750 5.642730
-9.455480 5.101270 -9.115390 5.532230
-11.123200 4.926100 -10.783900 5.365480
-12.920600 4.738890 -12.582000 5.181710
-14.862700 4.538960 -14.528500 4.974850
-16.985800 4.339820 -16.637300 4.766460
-19.195700 4.135520 -18.852600 4.561710
-21.528100 3.938810 -21.174900 4.368200
-23.915000 3.745280 -23.600700 4.158440
-26.384900 3.542560 -26.069800 3.955350
-28.887500 3.324010 -28.578900 3.731290
-31.406300 3.099310 -31.077700 3.516760
-33.923700 2.880800 -33.563200 3.300860
-36.393100 2.675880 -36.045400 3.091170
-38.889200 2.469560 -38.534200 2.894230
-41.378500 2.264250 -41.011400 2.679190
-43.843700 2.044660 -43.488500 2.461630
-46.300000 1.847310 -45.944000 2.261830
-48.735500 1.635910 -48.382600 2.050800
-51.127300 1.380790 -50.761500 1.814380
-53.496400 1.139140 -53.121200 1.578200
-55.830500 0.902182 -55.442100 1.354730
-58.129300 0.674480 -57.723700 1.126280
-60.310700 0.451558 -59.906000 0.908178
-62.380200 0.239942 -61.963300 0.703823
-64.317200 0.093315 -63.908200 0.548476
-66.121800 0.028777 -65.709600 0.463706
-67.736000 0.117255 -67.320100 0.519658
-69.155400 0.375873 -68.742200 0.741580
-70.440700 0.843686 -70.024700 1.164550
-71.584600 1.533280 -71.182700 1.790890
-72.576500 2.391120 -72.209500 2.590160
-73.428700 3.333950 -73.076300 3.493820
-74.173200 4.517150 -73.864500 4.634480
-74.808900 5.956710 -74.545900 6.033420
-75.334100 7.573850 -75.102500 7.628380
-75.774200 9.348090 -75.563000 9.390480
-76.187900 11.277600 -75.979600 11.303200
-76.539600 13.356800 -76.332300 13.376900
-76.826500 15.539200 -76.622300 15.556700
-77.085400 17.834300 -76.872400 17.843400
-77.317700 20.154800 -77.095500 20.143000
-77.516700 22.463900 -77.284900 22.442300
-77.717700 24.727200 -77.472000 24.705900
-77.905300 26.992400 -77.644700 26.974700
-78.074000 29.276300 -77.791800 29.238700
-78.226900 31.544500 -77.926800 31.493200
-78.379700 33.832400 -78.070500 33.795200
-78.549000 36.190400 -78.216000 36.133700
-78.761300 38.600600 -78.408300 38.514300
-78.968700 41.045600 -78.606900 40.976500
-79.194300 43.567200 -78.822500 43.491200
-79.426200 46.142500 -79.048000 46.059300
-79.638500 48.758200 -79.241400 48.663300
-79.836700 51.395100 -79.424700 51.273400
-80.038700 53.944100 -79.610200 53.841700
-80.244200 56.496300 -79.781200 56.388500
-80.425800 59.052000 -79.955600 58.932700
-80.634200 61.531000 -80.132800 61.408100
-80.882300 63.978600 -80.346500 63.842600
-81.156400 66.376300 -80.587700 66.252300
-81.438900 68.764900 -80.843900 68.618100
-81.768300 71.102300 -81.144800 70.954300
-82.125600 73.380600 -81.490200 73.242500
-82.532900 75.651200 -81.865800 75.527200
-82.974800 77.867800 -82.272700 77.743500
-83.500900 80.061500 -82.737600 79.939500
-84.088300 82.194400 -83.283700 82.066600
-84.762800 84.326300 -83.909500 84.187900
-85.498200 86.445100 -84.615500 86.288500
-86.300400 88.545900 -85.383500 88.360200
-87.174400 90.636900 -86.222300 90.436300
-88.106700 92.733900 -87.130700 92.517700
-89.055000 94.811800 -88.044400 94.583800
-90.066200 96.894800 -89.011000 96.663900
-91.095900 98.955800 -90.011100 98.714200
-92.158700 101.004000 -91.043100 100.759000
-93.232100 103.016000 -92.063300 102.743000
-94.335400 105.006000 -93.126400 104.713000
-95.433400 106.935000 -94.196500 106.627000
-96.517500 108.818000 -95.258900 108.497000
-97.557300 110.571000 -96.261100 110.219000
-98.525500 112.177000 -97.211300 111.810000
-99.407300 113.622000 -98.076000 113.236000
-100.201000 114.876000 -98.844900 114.471000
-100.896000 115.966000 -99.517200 115.549000
-101.557000 116.890000 -100.146000 116.463000
-102.120000 117.666000 -100.687000 117.244000
-102.639000 118.274000 -101.182000 117.850000
-103.127000 118.738000 -101.640000 118.325000
-103.622000 119.108000 -102.124000 118.724000
-104.146000 119.475000 -102.622000 119.105000
-104.735000 119.790000 -103.172000 119.424000
-105.325000 120.011000 -103.749000 119.684000
-105.975000 120.213000 -104.390000 119.903000
-106.802000 120.364000 -105.189000 120.079000
-107.775000 120.403000 -106.139000 120.153000
-108.845000 120.300000 -107.208000 120.092000
-110.018000 120.015000 -108.381000 119.852000
-111.297000 119.527000 -109.661000 119.418000
-112.652000 118.796000 -111.017000 118.738000
-114.054000 117.849000 -112.429000 117.815000
-115.556000 116.732000 -113.938000 116.718000
-117.153000 115.485000 -115.538000 115.474000
-118.840000 114.117000 -117.239000 114.110000
-120.627000 112.651000 -119.035000 112.646000
-122.537000 111.079000 -120.930000 111.082000
-124.530000 109.419000 -122.922000 109.420000
-126.591000 107.708000 -124.993000 107.695000
-128.748000 105.898000 -127.150000 105.897000
-130.971000 104.009000 -129.377000 104.009000
-133.267000 102.090000 -131.655000 102.101000
-135.538000 100.171000 -133.922000 100.188000
-137.796000 98.273000 -136.196000 98.264100
-140.062000 96.360500 -138.456000 96.349900
-142.310000 94.441700 -140.694000 94.439100
-144.548000 92.522400 -142.937000 92.514000
-146.804000 90.595500 -145.165000 90.599400
-149.055000 88.704100 -147.427000 88.706900
-151.306000 86.826000 -149.678000 86.828600
-153.538000 84.945700 -151.914000 84.938600
-155.765000 83.073600 -154.140000 83.065600
-157.987000 81.205000 -156.352000 81.190600
-160.184000 79.347400 -158.529000 79.340000
-162.353000 77.503500 -160.679000 77.493300
-164.515000 75.675400 -162.820000 75.667800
-166.639000 73.890700 -164.944000 73.860600
-168.768000 72.119900 -167.046000 72.081200
-170.860000 70.381100 -169.106000 70.352800
-172.889000 68.681500 -171.120000 68.671300
-174.842000 67.049000 -173.052000 67.066400
-176.705000 65.499300 -174.898000 65.519600
-178.467000 64.027000 -176.670000 64.043300
-180.146000 62.631700 -178.352000 62.636500
-181.732000 61.301300 -179.925000 61.312000
-183.182000 60.020600 -181.388000 60.023300
-184.494000 58.738500 -182.720000 58.737900
-185.664000 57.401400 -183.875000 57.422400
-186.570000 56.042000 -184.824000 56.071300
-187.246000 54.644100 -185.528000 54.702800
-187.648000 53.225900 -185.989000 53.304400
-187.863000 51.791600 -186.271000 51.877700
-187.816000 50.367800 -186.302000 50.459500
-187.628000 48.997600 -186.155000 49.096400
-187.197000 47.718600 -185.812000 47.817700
-186.610000 46.509500 -185.269000 46.588200
-185.871000 45.308600 -184.574000 45.374000
-185.004000 44.131900 -183.751000 44.190500
-184.074000 42.954900 -182.845000 42.999000
-183.076000 41.737800 -181.879000 41.768400
-182.009000 40.460800 -180.826000 40.482400
-180.882000 39.086400 -179.704000 39.096800
-179.651000 37.612200 -178.501000 37.627000
-178.334000 36.012300 -177.212000 36.027900
-176.887000 34.303200 -175.810000 34.320700
-175.367000 32.446800 -174.319000 32.470600
-173.774000 30.514600 -172.757000 30.542200
-172.125000 28.508500 -171.130000 28.504100
-170.418000 26.410500 -169.465000 26.413600
-168.634000 24.247200 -167.730000 24.273400
-166.877000 22.072400 -165.996000 22.092800
-165.109000 19.893100 -164.262000 19.912300
-163.363000 17.750700 -162.554000 17.779000
-161.642000 15.624400 -160.859000 15.652600
-159.930000 13.489600 -159.174000 13.526000
-158.308000 11.336300 -157.593000 11.390100
-156.845000 9.121660 -156.151000 9.197090
-155.597000 6.805130 -154.913000 6.915760
-154.610000 4.430080 -153.926000 4.578000
-153.838000 1.999890 -153.164000 2.154160
-153.263000 -0.536986 -152.595000 -0.357743
-152.798000 -3.158040 -152.156000 -2.973330
-152.465000 -5.857400 -151.845000 -5.677680
-152.174000 -8.685460 -151.583000 -8.495690
-151.840000 -11.567300 -151.284000 -11.368000
-151.498000 -14.548200 -150.983000 -14.354500
-151.154000 -17.589000 -150.674000 -17.395400
-150.786000 -20.711500 -150.356000 -20.498200
-150.432000 -23.858100 -150.051000 -23.654200
-150.098000 -27.021400 -149.759000 -26.800700
-149.770000 -30.149500 -149.475000 -29.926200
-149.469000 -33.215200 -149.214000 -33.021200
-149.181000 -36.287100 -148.973000 -36.094500
-148.939000 -39.349100 -148.759000 -39.166200
-148.707000 -42.392300 -148.582000 -42.195800
-148.490000 -45.374900 -148.412000 -45.209500
-148.279000 -48.340200 -148.252000 -48.195400
-148.073000 -51.300000 -148.090000 -51.153300
-147.858000 -54.182400 -147.921000 -54.080300
-147.634000 -57.044100 -147.747000 -56.954000
-147.390000 -59.891000 -147.551000 -59.797000
-147.138000 -62.664600 -147.346000 -62.578300
-146.903000 -65.342800 -147.154000 -65.246700
-146.721000 -67.877800 -147.015000 -67.777500
-146.618000 -70.252000 -146.949000 -70.145300
-146.575000 -72.398000 -146.933000 -72.294000
-146.577000 -74.292600 -146.960000 -74.189400
-146.601000 -75.977800 -147.009000 -75.850100
-146.641000 -77.384800 -147.066000 -77.242700
-146.678000 -78.499400 -147.116000 -78.355700
-146.685000 -79.313500 -147.143000 -79.185900
-146.681000 -79.934800 -147.158000 -79.814700
-146.685000 -80.462200 -147.172000 -80.370400
-146.672000 -80.912500 -147.174000 -80.850200
-146.647000 -81.312700 -147.164000 -81.247800
-146.603000 -81.642100 -147.133000 -81.577600
-146.576000 -81.822700 -147.113000 -81.778100
-146.560000 -81.901900 -147.105000 -81.865100
-146.559000 -81.906800 -147.111000 -81.866700
-146.562000 -81.910900 -147.111000 -81.868400
-146.562000 -81.909400 -147.115000 -81.869000
-146.559000 -81.910800 -147.119000 -81.869700
-146.561000 -81.911200 -147.123000 -81.873600
-146.560000 -81.906800 -147.124000 -81.873500
-146.560000 -81.909000 -147.124000 -81.878100
-146.560000 -81.906300 -147.119000 -81.877500
-146.560000 -81.904700 -147.119000 -81.876700
-146.557000 -81.911500 -147.122000 -81.872400
-146.560000 -81.905800 -147.124000 -81.871600
-146.560000 -81.901500 -147.127000 -81.873800
-146.558000 -81.903200 -147.124000 -81.875700
-146.558000 -81.899900 -147.127000 -81.873800
-146.559000 -81.901000 -147.129000 -81.872900
-146.556000 -81.901600 -147.134000 -81.869000
-146.556000 -81.901800 -147.133000 -81.862800
-146.559000 -81.903800 -147.135000 -81.866700
-146.547000 -81.930900 -147.127000 -81.887300
-146.523000 -81.996800 -147.111000 -81.962400
-146.483000 -82.098200 -147.084000 -82.069700
-146.429000 -82.221000 -147.037000 -82.210900
-146.334000 -82.417200 -146.972000 -82.414600
-146.193000 -82.752300 -146.862000 -82.756700
-145.983000 -83.202000 -146.677000 -83.215500
-145.699000 -83.730000 -146.430000 -83.760300
-145.303000 -84.300600 -146.075000 -84.356900
-144.720000 -84.919500 -145.550000 -85.013200
-143.890000 -85.636600 -144.768000 -85.778900
-142.738000 -86.385500 -143.674000 -86.587400
-141.257000 -87.068900 -142.261000 -87.341500
-139.506000 -87.578200 -140.575000 -87.925700
-137.529000 -87.882900 -138.638000 -88.303400
-135.307000 -88.021400 -136.445000 -88.507400
-132.865000 -88.073300 -134.007000 -88.628400
-130.241000 -88.029400 -131.388000 -88.646000
-127.403000 -87.889900 -128.565000 -88.572200
-124.326000 -87.742200 -125.535000 -88.489800
-121.128000 -87.553400 -122.342000 -88.381800
-117.771000 -87.314200 -119.003000 -88.218400
-114.266000 -87.023900 -115.533000 -88.008600
-110.691000 -86.735600 -111.959000 -87.795600
-107.104000 -86.456700 -108.383000 -87.606100
-103.551000 -86.185100 -104.867000 -87.418200
-99.999500 -85.921500 -101.330000 -87.229600
-96.483700 -85.677500 -97.813900 -87.057100
-92.977400 -85.416400 -94.311700 -86.878300
-89.516900 -85.166000 -90.849000 -86.702700
-86.058900 -84.922500 -87.435900 -86.551200
-82.624100 -84.682500 -84.043300 -86.394400
-79.241800 -84.413600 -80.670900 -86.194000
-75.891600 -84.121000 -77.336200 -85.975200
-72.569000 -83.808100 -74.024200 -85.734500
-69.278400 -83.487000 -70.737700 -85.484000
-65.984900 -83.188600 -67.476200 -85.261900
-62.732300 -82.923800 -64.250500 -85.085600
-59.480700 -82.668200 -61.019400 -84.902700
-56.249400 -82.433600 -57.817000 -84.743400
-53.031900 -82.216300 -54.605700 -84.610600
-49.849600 -82.000200 -51.392700 -84.457800
-46.658600 -81.761100 -48.221900 -84.292000
-43.496000 -81.528600 -45.079400 -84.145100
-40.319600 -81.315900 -41.916900 -84.008100
-37.188200 -81.092700 -38.782100 -83.852800
-34.051000 -80.860700 -35.665800 -83.688800
-30.988200 -80.648700 -32.585400 -83.541300
-27.888800 -80.438400 -29.529800 -83.394400
-24.869100 -80.229600 -26.503800 -83.260600
-21.852200 -80.035400 -23.504600 -83.135900
-18.901700 -79.846400 -20.578200 -83.017400
-16.116100 -79.669800 -17.809100 -82.911400
-13.528600 -79.492800 -15.259500 -82.811400
-11.118000 -79.288000 -12.880800 -82.672900
-8.904910 -79.062300 -10.675500 -82.506800
-6.900370 -78.771900 -8.679930 -82.274900
-5.128910 -78.414500 -6.906990 -81.974900
-3.495490 -77.960700 -5.257070 -81.585600
-2.005400 -77.404200 -3.752090 -81.096200
-0.645083 -76.724600 -2.363330 -80.471300
0.539524 -75.846000 -1.142560 -79.660600
1.540950 -74.837600 -0.079466 -78.706300
2.347700 -73.661900 0.782563 -77.582500
2.983740 -72.387600 1.495890 -76.358900
3.393810 -71.006500 2.015250 -75.031400
3.666750 -69.591500 2.358440 -73.634200
3.835870 -68.071200 2.597370 -72.136300
3.950890 -66.459000 2.772320 -70.549700
4.009950 -64.750300 2.887770 -68.844300
4.011940 -62.900500 2.951670 -66.984000
3.952690 -60.889300 2.952570 -64.980800
3.865910 -58.725200 2.934020 -62.834800
3.764290 -56.460900 2.902560 -60.575200
3.644760 -54.182300 2.856390 -58.289800
3.500680 -51.894300 2.786010 -56.002800
3.323950 -49.611800 2.694660 -53.715200
3.151380 -47.308200 2.594380 -51.430300
2.978150 -45.028100 2.495930 -49.155000
2.807150 -42.773700 2.396160 -46.906600
2.655980 -40.581800 2.305950 -44.690500
2.514360 -38.444400 2.229900 -42.555900
2.380300 -36.401400 2.165140 -40.543700
2.239410 -34.409300 2.095820 -38.580500
2.110370 -32.508900 2.044720 -36.664000
1.982710 -30.645100 1.978910 -34.779200
1.855430 -28.789100 1.924160 -32.930000
1.722050 -26.990200 1.863620 -31.118700
1.594940 -25.201300 1.796330 -29.328400
1.450210 -23.428200 1.720070 -27.576500
1.300410 -21.726000 1.629780 -25.872900
1.165700 -20.114300 1.542880 -24.257900
1.060810 -18.588300 1.476690 -22.742600
0.964733 -17.172100 1.423720 -21.323600
0.883142 -15.867800 1.380120 -20.013500
0.816023 -14.692200 1.338980 -18.854700
0.759991 -13.729800 1.309550 -17.879200
0.706949 -12.872900 1.286940 -17.048100
0.653530 -12.101700 1.270380 -16.274400
0.611054 -11.327200 1.255200 -15.513900
0.565045 -10.590000 1.237290 -14.768200
0.510632 -9.842890 1.216060 -14.033000
0.422541 -9.137130 1.171740 -13.316200
0.325789 -8.430540 1.111980 -12.607800
0.228600 -7.733810 1.046200 -11.917500
0.143583 -7.056930 0.989285 -11.228300
0.070457 -6.376310 0.943028 -10.551900
0.002469 -5.710880 0.905553 -9.885590
-0.039825 -5.071680 0.876738 -9.222460
-0.092090 -4.332740 0.855848 -8.489820
-0.137944 -3.486260 0.845003 -7.656890
-0.182102 -2.542550 0.843955 -6.728780
-0.208659 -1.562840 0.850375 -5.727810
-0.230522 -0.506607 0.873550 -4.663610
-0.275394 0.652266 0.895404 -3.503720
-0.252054 1.862910 0.962821 -2.309590
-0.318169 3.003170 0.968502 -1.167750
-0.459573 4.107430 0.897541 -0.058888
-0.675918 5.164430 0.744415 1.018410
-0.970111 6.168110 0.525662 2.043490
-1.294110 7.161360 0.265435 3.041940
-1.513920 8.139540 0.074491 4.010590
-1.650520 8.843600 -0.038818 4.709070
-1.696880 9.221240 -0.081887 5.099120
-1.712800 9.306550 -0.096664 5.186940
-1.714910 9.283690 -0.093229 5.159830
-1.715400 9.294150 -0.087017 5.170220
