1305032354.025237 -0.000457843 -0.0112745 0.00393265 -0.00965677 0.000516252 -0.00408534 0.999945
1305032354.057249 5.76625e-05 -0.0222111 0.00395624 -0.0184267 -0.00169645 -0.00567195 0.999813
1305032354.093194 -0.00438989 -0.0372545 0.00121366 -0.0347412 0.00154691 -0.00712646 0.99937
1305032354.125261 -0.0067726 -0.049233 0.000195696 -0.0519813 0.0052645 -0.00602411 0.998616
1305032354.157308 -0.0069227 -0.0628518 0.000905841 -0.0678575 0.00690504 -0.00050027 0.997671
1305032354.193245 -0.00723827 -0.0770376 -0.00140305 -0.0826999 0.00905787 0.00449262 0.996523
1305032354.225326 -0.00831928 -0.0949136 -0.000940509 -0.0990379 0.0115414 0.00455679 0.995006
1305032354.257317 -0.00698304 -0.111167 -0.00198552 -0.108239 0.0129106 0.00169873 0.99404
1305032354.293299 -0.0047659 -0.127282 -0.00398373 -0.11285 0.011897 -0.00156983 0.99354
1305032354.325326 -0.00539664 -0.147456 -0.00630002 -0.11897 0.0116164 -0.006589 0.992808
1305032354.357420 -0.0055337 -0.172295 -0.0117536 -0.123787 0.0112841 -0.012416 0.992167
1305032354.394078 -0.0052829 -0.205081 -0.0121774 -0.134869 0.010872 -0.0204396 0.990593
1305032354.457427 -0.00388935 -0.222575 -0.0132493 -0.145674 0.0126625 -0.0219074 0.989009
1305032354.493265 -0.00268258 -0.237393 -0.0154251 -0.156996 0.0161236 -0.0212276 0.987239
1305032354.525430 -0.00126243 -0.253437 -0.0180192 -0.173429 0.0212287 -0.017833 0.984456
1305032354.557471 -0.00029014 -0.269752 -0.0180886 -0.191252 0.025793 -0.0116752 0.981133
1305032354.593446 0.00169883 -0.281229 -0.0184656 -0.204224 0.0296278 -0.00303536 0.978471
1305032354.625455 0.00339393 -0.294125 -0.0195165 -0.216328 0.0323773 0.00339422 0.975778
1305032354.657511 0.00551889 -0.306325 -0.0193921 -0.227759 0.0327385 0.00971365 0.973118
1305032354.693491 0.00735444 -0.318261 -0.0186479 -0.238874 0.0308382 0.0141073 0.970458
1305032354.725481 0.00799375 -0.331099 -0.0166483 -0.249716 0.0270953 0.0148538 0.967826
1305032354.757506 0.00901119 -0.343133 -0.014082 -0.256495 0.0232785 0.0121426 0.966189
1305032354.793541 0.0110607 -0.355893 -0.0119135 -0.26183 0.0186073 0.00720299 0.964908
1305032354.825638 0.0143899 -0.371218 -0.0129208 -0.268007 0.0145285 0.00303187 0.963303
1305032354.857806 0.0151697 -0.386323 -0.00964638 -0.275568 0.0104093 -0.00250837 0.961222
1305032354.893584 0.0177502 -0.399751 -0.0097664 -0.282734 0.00473888 -0.00704217 0.959161
1305032354.925606 0.0222083 -0.415943 -0.00748389 -0.294822 -0.00187036 -0.0142987 0.955443
1305032354.957696 0.0243967 -0.425726 -0.00547492 -0.299578 -0.00684208 -0.0241199 0.953742
1305032354.993644 0.0280837 -0.442563 -0.0032298 -0.312611 -0.0126616 -0.0330226 0.949223
1305032355.025740 0.0306761 -0.457102 0.00133253 -0.326266 -0.0195706 -0.0459979 0.943955
1305032355.057739 0.0337944 -0.46868 0.00697861 -0.333698 -0.0287058 -0.0574527 0.94049
1305032355.093693 0.0373978 -0.483584 0.0118013 -0.341525 -0.040307 -0.0661979 0.936672
1305032355.126036 0.0405668 -0.496817 0.0145426 -0.351625 -0.0538128 -0.0716491 0.931842
1305032355.157776 0.0446089 -0.511051 0.0234552 -0.363781 -0.0681802 -0.0775221 0.925746
1305032355.193731 0.0446422 -0.522048 0.032017 -0.372509 -0.0824056 -0.0833067 0.920601
1305032355.226048 0.0403349 -0.533058 0.0401674 -0.380005 -0.0986319 -0.0880769 0.915484
1305032355.258300 0.0399394 -0.543506 0.0505741 -0.383778 -0.117191 -0.0912014 0.911407
1305032355.293834 0.0423052 -0.556862 0.0584107 -0.387925 -0.134002 -0.0921077 0.907234
1305032355.325951 0.0447852 -0.567935 0.0642891 -0.392631 -0.149012 -0.0929482 0.902772
1305032355.357924 0.0462194 -0.575052 0.075941 -0.394998 -0.164651 -0.0944827 0.898855
1305032355.393862 0.0518297 -0.583542 0.0842872 -0.395162 -0.17837 -0.0983669 0.895743
1305032355.426175 0.0547455 -0.590954 0.0918949 -0.39327 -0.18925 -0.103434 0.89377
1305032355.458105 0.055475 -0.598345 0.100195 -0.389683 -0.202242 -0.105566 0.892245
1305032355.493906 0.0625637 -0.606868 0.104471 -0.386422 -0.216368 -0.106121 0.890281
1305032355.526033 0.0681517 -0.612057 0.110428 -0.383221 -0.227422 -0.105334 0.889003
1305032355.558083 0.0800369 -0.61979 0.114458 -0.382139 -0.236449 -0.104386 0.887224
1305032355.593965 0.0916923 -0.621329 0.128912 -0.378858 -0.243238 -0.10411 0.886827
1305032355.626009 0.103141 -0.630789 0.142859 -0.375936 -0.248372 -0.104568 0.886594
1305032355.658217 0.113873 -0.641296 0.148243 -0.371932 -0.254892 -0.104846 0.886399
1305032355.693969 0.122521 -0.650087 0.157278 -0.36718 -0.262344 -0.103727 0.886338
1305032355.726186 0.137519 -0.657831 0.163189 -0.361139 -0.267291 -0.101017 0.887654
1305032355.758127 0.155316 -0.667494 0.162447 -0.36026 -0.267561 -0.103142 0.887686
1305032355.794028 0.164346 -0.689243 0.182174 -0.359742 -0.264972 -0.106791 0.88824
1305032355.826208 0.171919 -0.690021 0.191653 -0.336411 -0.263582 -0.114451 0.896802
1305032355.858151 0.199308 -0.709764 0.188981 -0.319078 -0.264446 -0.121242 0.901974
1305032355.894072 0.214097 -0.71399 0.187003 -0.314458 -0.263281 -0.126948 0.903152
1305032355.926240 0.227875 -0.719163 0.186319 -0.320145 -0.261012 -0.125206 0.902055
1305032355.960142 0.243291 -0.726932 0.185653 -0.331606 -0.260232 -0.119661 0.898887
1305032355.994102 0.246241 -0.728188 0.189833 -0.34207 -0.263937 -0.112534 0.894797
1305032356.026405 0.249996 -0.739444 0.200104 -0.348941 -0.273965 -0.103757 0.890178
1305032356.058305 0.26239 -0.738816 0.201252 -0.344552 -0.287246 -0.0985203 0.888295
1305032356.094166 0.279207 -0.740353 0.201228 -0.343717 -0.298409 -0.0988301 0.884897
1305032356.126384 0.292691 -0.742387 0.204903 -0.345839 -0.308088 -0.104239 0.88012
1305032356.158192 0.298959 -0.74206 0.214972 -0.343108 -0.317694 -0.115653 0.87634
1305032356.194205 0.302099 -0.727772 0.221349 -0.330088 -0.326328 -0.125629 0.876795
1305032356.226397 0.307379 -0.724659 0.225031 -0.315826 -0.335327 -0.131791 0.877748
1305032356.258136 0.31918 -0.731423 0.219313 -0.310381 -0.338714 -0.131681 0.878406
1305032356.294287 0.329356 -0.730169 0.225688 -0.309833 -0.343084 -0.127522 0.877517
1305032356.326174 0.329446 -0.723094 0.235324 -0.304004 -0.34886 -0.122586 0.877981
1305032356.358126 0.32958 -0.712285 0.243524 -0.287674 -0.357134 -0.11738 0.880864
1305032356.394266 0.338452 -0.708035 0.248584 -0.271943 -0.366751 -0.112414 0.882555
1305032356.426275 0.351229 -0.706934 0.255587 -0.258945 -0.37569 -0.110335 0.882967
1305032356.458392 0.361884 -0.696281 0.264541 -0.243387 -0.381286 -0.110669 0.88495
1305032356.494313 0.373166 -0.687916 0.274525 -0.227765 -0.383734 -0.115293 0.887456
1305032356.526317 0.385331 -0.682708 0.28769 -0.211699 -0.385041 -0.12357 0.889751
1305032356.562184 0.400191 -0.674652 0.291385 -0.197924 -0.38453 -0.13266 0.891832
1305032356.594216 0.408494 -0.667936 0.299848 -0.193255 -0.381992 -0.141903 0.892524
1305032356.626255 0.414197 -0.651004 0.302356 -0.182667 -0.378908 -0.146892 0.895257
1305032356.662128 0.420691 -0.631746 0.302221 -0.170956 -0.376549 -0.144724 0.89891
1305032356.694251 0.429214 -0.6191 0.306322 -0.163354 -0.374979 -0.139697 0.901771
1305032356.727811 0.440839 -0.596154 0.308944 -0.151996 -0.373589 -0.133143 0.905318
1305032356.762124 0.449114 -0.582015 0.312431 -0.146062 -0.372147 -0.12887 0.907505
1305032356.794439 0.455616 -0.5634 0.318747 -0.134836 -0.372736 -0.120751 0.910113
1305032356.826332 0.467615 -0.540329 0.322309 -0.122863 -0.37624 -0.109856 0.911746
1305032356.862093 0.476456 -0.525467 0.324451 -0.120349 -0.378754 -0.102701 0.911874
1305032356.894157 0.480207 -0.504243 0.324207 -0.118824 -0.38015 -0.0919721 0.912638
1305032356.926430 0.487073 -0.483159 0.32748 -0.118756 -0.384033 -0.0789173 0.912243
1305032356.962104 0.494672 -0.465688 0.327936 -0.120004 -0.387428 -0.0669115 0.911604
1305032356.994344 0.501014 -0.449521 0.331092 -0.120685 -0.390793 -0.057737 0.910704
1305032357.026198 0.504369 -0.433661 0.332989 -0.116904 -0.395862 -0.0481416 0.909566
1305032357.062032 0.508636 -0.417708 0.334898 -0.112861 -0.403254 -0.0394791 0.907243
1305032357.094119 0.513025 -0.401513 0.339292 -0.108228 -0.412452 -0.0311383 0.903991
1305032357.126181 0.522122 -0.380833 0.340052 -0.102314 -0.418137 -0.0252545 0.90225
1305032357.162138 0.526761 -0.369416 0.34039 -0.102268 -0.420821 -0.0206237 0.901125
1305032357.194135 0.530094 -0.354694 0.342741 -0.0958247 -0.42717 -0.0120729 0.898998
1305032357.226208 0.534936 -0.338141 0.34347 -0.0852733 -0.42978 -0.00493472 0.898884
1305032357.262119 0.542285 -0.322093 0.342016 -0.0791969 -0.427779 0.00445856 0.900396
1305032357.294359 0.548081 -0.307936 0.34086 -0.0775004 -0.426922 0.0153791 0.90083
1305032357.326423 0.554316 -0.289314 0.339189 -0.0716451 -0.426945 0.0240272 0.901115
1305032357.362141 0.561106 -0.268296 0.337796 -0.0689865 -0.42637 0.0284536 0.901465
1305032357.394180 0.564789 -0.255064 0.336678 -0.0733649 -0.424613 0.0335014 0.901776
1305032357.426241 0.568026 -0.2393 0.333975 -0.0776906 -0.422599 0.0427989 0.901966
1305032357.462161 0.57378 -0.224217 0.330443 -0.0861881 -0.420568 0.0508188 0.901727
1305032357.494175 0.579634 -0.211403 0.328934 -0.0937809 -0.417691 0.0572726 0.90192
1305032357.526138 0.582978 -0.199488 0.327083 -0.0994304 -0.415142 0.0629435 0.902114
1305032357.562096 0.586748 -0.18884 0.323639 -0.103242 -0.413706 0.0662485 0.902108
1305032357.594163 0.592837 -0.175672 0.320652 -0.107627 -0.412147 0.066978 0.902256
1305032357.626377 0.59798 -0.167429 0.317821 -0.114617 -0.409672 0.063875 0.902747
1305032357.662521 0.604124 -0.158739 0.316438 -0.120257 -0.406579 0.0628996 0.90348
1305032357.694376 0.610602 -0.150451 0.315487 -0.124993 -0.402538 0.0624328 0.904678
1305032357.726393 0.617548 -0.143544 0.314682 -0.130364 -0.397473 0.0590945 0.906382
1305032357.762121 0.623283 -0.136601 0.31402 -0.133577 -0.392724 0.0568492 0.908126
1305032357.794161 0.628642 -0.128189 0.312131 -0.134565 -0.387782 0.0524122 0.910368
1305032357.826324 0.633621 -0.120747 0.308723 -0.138441 -0.380879 0.0468825 0.912999
1305032357.862505 0.637677 -0.115787 0.306801 -0.139849 -0.373636 0.0445791 0.915888
1305032357.894124 0.639903 -0.108635 0.303709 -0.137201 -0.365378 0.0459698 0.919544
1305032357.926354 0.641859 -0.101475 0.301945 -0.133495 -0.359374 0.0483685 0.922329
1305032357.962026 0.645243 -0.0943647 0.301419 -0.128807 -0.357012 0.0480334 0.923928
1305032357.994307 0.643922 -0.0877972 0.302389 -0.12107 -0.354895 0.0500424 0.925682
1305032358.026118 0.640788 -0.0791115 0.30326 -0.109328 -0.352855 0.0555535 0.927607
1305032358.062141 0.639255 -0.0761037 0.302491 -0.101511 -0.352055 0.0568646 0.928719
1305032358.094314 0.631799 -0.070338 0.30567 -0.0867966 -0.353058 0.0594483 0.929668
1305032358.126463 0.6264 -0.0669224 0.307533 -0.0734394 -0.353917 0.0628055 0.930271
1305032358.162196 0.620978 -0.0650282 0.310986 -0.0627326 -0.356268 0.0635171 0.930109
1305032358.194216 0.611152 -0.0600291 0.315632 -0.0493069 -0.359726 0.0681004 0.929262
1305032358.226169 0.603535 -0.0549905 0.319064 -0.0370936 -0.363656 0.0739514 0.927852
1305032358.262242 0.595285 -0.0518114 0.321609 -0.032584 -0.366525 0.0772281 0.926625
1305032358.294169 0.586659 -0.044725 0.32706 -0.0231036 -0.371743 0.0857955 0.924074
1305032358.326228 0.577339 -0.0373212 0.331291 -0.0167356 -0.375675 0.0920699 0.922015
1305032358.362036 0.56865 -0.029291 0.334999 -0.0169893 -0.382503 0.0939009 0.919013
1305032358.394045 0.561405 -0.0262394 0.341927 -0.0143906 -0.392367 0.0949736 0.914779
1305032358.425953 0.557063 -0.0193545 0.344155 -0.0100496 -0.398427 0.0956206 0.912147
1305032358.462021 0.555188 -0.0116674 0.344673 -0.0158801 -0.39978 0.0964786 0.911381
1305032358.494091 0.554248 -0.00533815 0.3465 -0.0217049 -0.400183 0.0964099 0.911091
1305032358.526638 0.553847 -0.000753936 0.347338 -0.0248044 -0.399135 0.0958295 0.911533
1305032358.562103 0.555826 0.00358769 0.346967 -0.0283071 -0.397558 0.0967381 0.912024
1305032358.594031 0.559082 0.00694818 0.347458 -0.0321163 -0.397434 0.0943567 0.912201
1305032358.626292 0.559592 0.00507385 0.347047 -0.0340488 -0.397306 0.0922298 0.912405
1305032358.661907 0.560712 0.00351276 0.345808 -0.0350388 -0.39759 0.0933308 0.912131
1305032358.694080 0.562666 -0.00125416 0.345439 -0.0365821 -0.398083 0.0934513 0.911843
1305032358.726315 0.563127 -0.00702834 0.344589 -0.0342826 -0.399756 0.0954866 0.910989
1305032358.762028 0.563674 -0.0142192 0.344836 -0.0304291 -0.403389 0.0943117 0.909646
1305032358.794035 0.565362 -0.024074 0.345758 -0.0277676 -0.410075 0.092035 0.906971
1305032358.826156 0.568399 -0.0349523 0.347153 -0.0245572 -0.417136 0.0894157 0.904101
1305032358.862241 0.571973 -0.0459681 0.34675 -0.019647 -0.421521 0.0884781 0.902278
1305032358.894464 0.578491 -0.0582764 0.347309 -0.0193947 -0.426226 0.0854419 0.900364
1305032358.926427 0.58282 -0.0723429 0.346255 -0.020813 -0.431081 0.0794199 0.89857
1305032358.962241 0.587609 -0.0849669 0.344566 -0.0216078 -0.436129 0.0725805 0.896692
1305032358.994407 0.594239 -0.0976122 0.341576 -0.0287761 -0.439367 0.0609556 0.895775
1305032359.026158 0.600896 -0.110009 0.337882 -0.0366323 -0.440233 0.0472442 0.895891
1305032359.062253 0.610083 -0.123765 0.338242 -0.0447609 -0.440712 0.0376465 0.895741
1305032359.094092 0.617882 -0.136556 0.337416 -0.0528336 -0.439739 0.0285208 0.896117
1305032359.126199 0.628118 -0.150484 0.335849 -0.0615314 -0.436316 0.0180817 0.897505
1305032359.162210 0.638444 -0.164646 0.334015 -0.0705345 -0.433315 0.00763472 0.898445
1305032359.194261 0.649458 -0.178175 0.333686 -0.0838739 -0.430091 -0.00156737 0.898879
1305032359.226273 0.658526 -0.191574 0.33188 -0.10025 -0.423999 -0.0092283 0.90005
1305032359.262098 0.665864 -0.207445 0.33141 -0.116577 -0.418147 -0.0183783 0.90068
1305032359.294269 0.671328 -0.223373 0.332627 -0.128199 -0.415256 -0.0298574 0.900131
1305032359.326149 0.677846 -0.238912 0.331214 -0.141468 -0.411804 -0.0400983 0.899331
1305032359.362167 0.682725 -0.25448 0.331176 -0.154588 -0.407931 -0.0478732 0.898556
1305032359.394278 0.68683 -0.271025 0.334302 -0.165291 -0.406521 -0.0561573 0.896809
1305032359.426269 0.689725 -0.288535 0.336388 -0.172097 -0.405624 -0.0677085 0.895135
1305032359.462531 0.691742 -0.30741 0.3384 -0.182547 -0.403973 -0.077808 0.892989
1305032359.494170 0.692084 -0.325469 0.34276 -0.18961 -0.403256 -0.0823625 0.891431
1305032359.526344 0.693401 -0.339584 0.346986 -0.193436 -0.40333 -0.0852601 0.890302
1305032359.561974 0.69545 -0.360189 0.351496 -0.207767 -0.40068 -0.0904737 0.887751
1305032359.593965 0.693578 -0.375907 0.358722 -0.222015 -0.396969 -0.0935864 0.885645
1305032359.626579 0.693723 -0.390399 0.36499 -0.234535 -0.394589 -0.0951858 0.883307
1305032359.662143 0.691396 -0.40752 0.372778 -0.245532 -0.393607 -0.100947 0.880112
1305032359.694113 0.684258 -0.421198 0.382263 -0.251819 -0.396927 -0.107096 0.876109
1305032359.727003 0.681745 -0.4371 0.392174 -0.260219 -0.402141 -0.111668 0.870689
1305032359.762020 0.676897 -0.451169 0.402003 -0.268224 -0.40404 -0.117671 0.86658
1305032359.794035 0.670527 -0.466071 0.41311 -0.273695 -0.405428 -0.124966 0.863193
1305032359.826141 0.668524 -0.482857 0.422271 -0.281312 -0.407417 -0.131872 0.858769
1305032359.861990 0.662127 -0.495695 0.43473 -0.2876 -0.409196 -0.138026 0.854865
1305032359.894154 0.657089 -0.510009 0.444793 -0.293508 -0.412388 -0.145831 0.850013
1305032359.926260 0.65203 -0.522329 0.454485 -0.299234 -0.416413 -0.154831 0.844444
1305032359.962016 0.64903 -0.535772 0.463832 -0.306344 -0.421716 -0.164119 0.837481
1305032359.994161 0.644809 -0.545833 0.473706 -0.315703 -0.426785 -0.17595 0.828992
1305032360.026214 0.639992 -0.554468 0.487602 -0.324542 -0.432743 -0.187503 0.819907
1305032360.062208 0.634464 -0.56387 0.499352 -0.334503 -0.438771 -0.199405 0.80983
1305032360.094178 0.624833 -0.569793 0.512403 -0.343332 -0.444982 -0.210069 0.799991
1305032360.126153 0.616659 -0.576825 0.525849 -0.350454 -0.453424 -0.218949 0.789715
1305032360.162096 0.60625 -0.585218 0.539853 -0.355713 -0.462084 -0.228635 0.779533
1305032360.194272 0.59743 -0.592239 0.556102 -0.358824 -0.469623 -0.23865 0.770549
1305032360.226425 0.584586 -0.598809 0.571006 -0.360756 -0.477752 -0.246356 0.762179
1305032360.262218 0.571632 -0.603822 0.584584 -0.358555 -0.489853 -0.251413 0.75384
1305032360.294155 0.554211 -0.612158 0.605368 -0.353457 -0.502404 -0.257699 0.745821
1305032360.326447 0.540438 -0.62201 0.618526 -0.345833 -0.51384 -0.263351 0.739604
1305032360.362033 0.533964 -0.632139 0.630053 -0.3399 -0.526851 -0.269249 0.731027
1305032360.394240 0.52748 -0.641815 0.643559 -0.336635 -0.537375 -0.276478 0.722125
1305032360.426246 0.512864 -0.650796 0.655469 -0.332405 -0.544051 -0.28749 0.714748
1305032360.462086 0.499857 -0.658589 0.667979 -0.327001 -0.550749 -0.296641 0.708344
1305032360.494117 0.488331 -0.666916 0.677022 -0.323609 -0.555737 -0.303647 0.703016
1305032360.526058 0.471231 -0.674572 0.686493 -0.320711 -0.559968 -0.308697 0.698775
1305032360.562042 0.458267 -0.682096 0.698138 -0.316217 -0.564816 -0.313084 0.694959
1305032360.594303 0.440963 -0.689759 0.706361 -0.309503 -0.570497 -0.318268 0.690975
1305032360.626168 0.422023 -0.696114 0.713053 -0.295866 -0.580199 -0.324052 0.686165
1305032360.662151 0.403624 -0.702589 0.722074 -0.279106 -0.590647 -0.329558 0.681636
1305032360.694073 0.383535 -0.708584 0.726934 -0.260569 -0.600248 -0.332136 0.679332
1305032360.726267 0.373741 -0.712263 0.728338 -0.245663 -0.610041 -0.329213 0.677583
1305032360.762184 0.364656 -0.714266 0.727005 -0.235519 -0.618999 -0.322085 0.676485
1305032360.794210 0.358875 -0.71664 0.727574 -0.231742 -0.626805 -0.312372 0.675155
1305032360.826192 0.356003 -0.720361 0.728835 -0.229692 -0.634037 -0.305973 0.672026
1305032360.862084 0.356856 -0.72 0.733665 -0.227233 -0.640624 -0.306839 0.666194
1305032360.894309 0.345015 -0.717669 0.737236 -0.224306 -0.645594 -0.312896 0.659539
1305032360.926229 0.330246 -0.714162 0.742224 -0.219239 -0.652452 -0.314712 0.653603
1305032360.962184 0.33138 -0.71104 0.744158 -0.215443 -0.659786 -0.313729 0.647951
1305032360.994081 0.335988 -0.710156 0.746584 -0.217699 -0.665017 -0.31456 0.641414
1305032361.026412 0.331764 -0.706235 0.75199 -0.220556 -0.66993 -0.318784 0.633186
1305032361.062613 0.322403 -0.699967 0.759115 -0.218891 -0.676264 -0.323393 0.624637
1305032361.094085 0.312607 -0.695423 0.763953 -0.212428 -0.684761 -0.324216 0.617139
1305032361.126224 0.307069 -0.689844 0.770876 -0.2023 -0.695215 -0.320705 0.610655
1305032361.162028 0.302213 -0.682796 0.780989 -0.18811 -0.706144 -0.315767 0.6052
1305032361.194805 0.30523 -0.678599 0.791739 -0.17342 -0.71538 -0.309793 0.601818
1305032361.226328 0.313915 -0.67535 0.791137 -0.160449 -0.723059 -0.303638 0.599371
1305032361.262093 0.329038 -0.66736 0.800581 -0.148627 -0.732416 -0.296734 0.594496
1305032361.294099 0.355693 -0.659586 0.80446 -0.142382 -0.737397 -0.292856 0.591783
1305032361.326219 0.368064 -0.648574 0.814444 -0.139709 -0.742592 -0.290546 0.587044
1305032361.362098 0.373964 -0.640559 0.825631 -0.136941 -0.749582 -0.288006 0.580022
1305032361.394120 0.387832 -0.630531 0.8404 -0.133106 -0.755499 -0.288693 0.572853
1305032361.426392 0.392992 -0.617027 0.857842 -0.128186 -0.760064 -0.28827 0.56813
1305032361.462374 0.404805 -0.606536 0.871792 -0.123561 -0.763526 -0.285976 0.565666
1305032361.494238 0.416532 -0.599959 0.88606 -0.11957 -0.768022 -0.283974 0.56143
1305032361.526056 0.426426 -0.589589 0.902619 -0.109445 -0.775611 -0.27789 0.55608
1305032361.562110 0.437713 -0.579452 0.91776 -0.0967056 -0.781173 -0.272299 0.553416
1305032361.594263 0.450248 -0.570233 0.931644 -0.0858377 -0.785081 -0.265842 0.552818
1305032361.626125 0.45784 -0.560844 0.945478 -0.0748093 -0.788234 -0.256532 0.55433
1305032361.662057 0.469282 -0.552237 0.958913 -0.0646085 -0.789301 -0.244957 0.559308
1305032361.694201 0.48704 -0.542662 0.967956 -0.0566984 -0.789723 -0.232355 0.56492
1305032361.726243 0.502946 -0.535256 0.981653 -0.0555126 -0.787816 -0.221028 0.572199
1305032361.762065 0.515492 -0.527881 0.993049 -0.0622265 -0.782347 -0.211705 0.582445
1305032361.793966 0.527702 -0.514714 1.00434 -0.0695387 -0.776277 -0.204142 0.592355
1305032361.826451 0.537966 -0.502382 1.01119 -0.0764808 -0.769949 -0.200889 0.600809
1305032361.862158 0.544963 -0.488934 1.01817 -0.0819791 -0.766476 -0.19656 0.605936
1305032361.894163 0.548002 -0.478904 1.02447 -0.0864593 -0.764213 -0.191119 0.609899
1305032361.926270 0.55491 -0.463299 1.03054 -0.0859749 -0.765253 -0.173528 0.613909
1305032361.962071 0.565204 -0.445156 1.03782 -0.0873574 -0.766591 -0.167247 0.613787
1305032361.994272 0.566837 -0.431351 1.04398 -0.0944607 -0.765516 -0.167566 0.613991
1305032362.026445 0.567931 -0.416508 1.051 -0.0998375 -0.76287 -0.161997 0.617915
1305032362.062429 0.574583 -0.399943 1.05821 -0.107852 -0.761021 -0.15028 0.621797
1305032362.094264 0.577671 -0.382456 1.06662 -0.114813 -0.759982 -0.137908 0.624681
1305032362.126366 0.581951 -0.363062 1.07415 -0.119439 -0.758958 -0.127312 0.627302
1305032362.162089 0.584529 -0.346079 1.08263 -0.121678 -0.761081 -0.121124 0.625523
1305032362.194357 0.588096 -0.328093 1.09033 -0.122981 -0.763051 -0.115599 0.623911
1305032362.226182 0.592696 -0.311325 1.09724 -0.127834 -0.764549 -0.110284 0.622062
1305032362.262104 0.592402 -0.293782 1.10501 -0.131775 -0.767571 -0.105138 0.618398
1305032362.294204 0.591831 -0.27332 1.11398 -0.13205 -0.772018 -0.0983245 0.613909
1305032362.326223 0.593451 -0.256174 1.1235 -0.13261 -0.777837 -0.092021 0.607384
1305032362.362125 0.591186 -0.237667 1.13312 -0.132375 -0.784262 -0.0860403 0.600005
1305032362.396276 0.588489 -0.218992 1.1425 -0.129209 -0.790429 -0.0792802 0.593499
1305032362.426284 0.587408 -0.200127 1.15327 -0.125172 -0.795569 -0.0729999 0.588279
1305032362.462140 0.587265 -0.185153 1.16153 -0.125559 -0.799575 -0.0689916 0.583228
1305032362.494238 0.581707 -0.168561 1.17016 -0.123542 -0.804471 -0.0659207 0.577251
1305032362.526267 0.579636 -0.154284 1.17607 -0.119268 -0.807942 -0.0638502 0.573522
1305032362.562001 0.576084 -0.138728 1.18226 -0.116516 -0.811046 -0.0563518 0.570485
1305032362.594165 0.574363 -0.122893 1.18599 -0.116145 -0.812608 -0.0509844 0.568841
1305032362.626096 0.572318 -0.108553 1.18951 -0.119233 -0.814347 -0.0492377 0.565861
1305032362.662324 0.568038 -0.0949064 1.19279 -0.122372 -0.817101 -0.0478103 0.561325
1305032362.694131 0.563007 -0.0821738 1.19438 -0.126373 -0.819929 -0.0459493 0.556448
1305032362.726009 0.561325 -0.0684541 1.19527 -0.128839 -0.82168 -0.0411951 0.553665
1305032362.762257 0.558233 -0.0551719 1.19673 -0.130553 -0.82315 -0.0328576 0.551634
1305032362.794154 0.554915 -0.0433569 1.19803 -0.129942 -0.824644 -0.0243378 0.549986
1305032362.826077 0.552134 -0.0331142 1.19848 -0.129204 -0.825646 -0.0166942 0.548941
1305032362.862131 0.547833 -0.021388 1.20127 -0.127352 -0.827752 -0.0095046 0.546368
1305032362.894197 0.543993 -0.0114374 1.20162 -0.121297 -0.829887 -0.00468695 0.544566
1305032362.926069 0.541954 -0.000629775 1.20165 -0.115625 -0.830071 0.00340212 0.545528
1305032362.962141 0.539908 0.010526 1.20277 -0.110604 -0.829728 0.0182842 0.546794
1305032362.994111 0.537133 0.0163085 1.20437 -0.101831 -0.829176 0.0313431 0.548739
1305032363.026024 0.538123 0.0218716 1.20586 -0.0942452 -0.826082 0.0405062 0.554135
1305032363.061883 0.536598 0.0318919 1.20586 -0.0906178 -0.82335 0.0562862 0.557418
1305032363.094055 0.536179 0.0376762 1.20667 -0.0824143 -0.822536 0.0693364 0.558422
1305032363.126578 0.537375 0.0436491 1.20362 -0.0751133 -0.820154 0.0762672 0.562039
1305032363.162144 0.535913 0.0513659 1.20326 -0.0713957 -0.818622 0.0868231 0.563225
1305032363.194513 0.535834 0.0601816 1.20126 -0.0696932 -0.817807 0.0991899 0.562579
1305032363.226280 0.538727 0.0680594 1.20101 -0.0662105 -0.817648 0.103553 0.562445
1305032363.263114 0.536839 0.0750439 1.19865 -0.0614216 -0.817648 0.107308 0.562284
1305032363.294225 0.540792 0.0808124 1.19595 -0.0588649 -0.815544 0.113275 0.564439
1305032363.326272 0.54067 0.0866417 1.19643 -0.0577378 -0.811662 0.119723 0.568803
1305032363.361941 0.541945 0.0941173 1.19643 -0.0564039 -0.808861 0.129068 0.570879
1305032363.394083 0.545527 0.106863 1.19882 -0.057913 -0.807628 0.13532 0.571027
1305032363.426162 0.546608 0.114457 1.19828 -0.0590107 -0.805829 0.134241 0.573704
1305032363.462820 0.547046 0.123844 1.19934 -0.0589596 -0.804745 0.136811 0.574624
1305032363.494026 0.551643 0.138455 1.20216 -0.0647163 -0.804275 0.136989 0.574619
1305032363.526415 0.552887 0.148546 1.20107 -0.0724826 -0.803286 0.135136 0.575514
1305032363.562139 0.55021 0.156812 1.20065 -0.0783866 -0.803623 0.139539 0.573213
1305032363.594144 0.552713 0.166132 1.20121 -0.081892 -0.804596 0.141575 0.570855
1305032363.626354 0.550587 0.173837 1.20256 -0.0847745 -0.806301 0.143291 0.56759
1305032363.662136 0.548317 0.179269 1.20273 -0.0862054 -0.809461 0.146431 0.562048
1305032363.694070 0.54651 0.183099 1.20617 -0.0848683 -0.813507 0.146912 0.556255
1305032363.726086 0.543873 0.182122 1.20626 -0.0789508 -0.816274 0.14896 0.552516
1305032363.762284 0.540821 0.180114 1.20937 -0.0741912 -0.817745 0.154968 0.549339
1305032363.794030 0.538515 0.178716 1.21405 -0.0679235 -0.817591 0.161873 0.548386
1305032363.826380 0.53452 0.174342 1.21918 -0.0614095 -0.816487 0.170902 0.548061
1305032363.862068 0.5325 0.177385 1.22397 -0.0570991 -0.816671 0.180684 0.545107
1305032363.894033 0.529208 0.174523 1.22962 -0.0543863 -0.820271 0.178834 0.54057
1305032363.926407 0.523841 0.16808 1.23135 -0.0442275 -0.823505 0.177433 0.537029
1305032363.962119 0.523073 0.164312 1.23381 -0.0397016 -0.824661 0.178072 0.535395
1305032363.994050 0.521414 0.162469 1.23843 -0.0378654 -0.82651 0.17809 0.532663
1305032364.026025 0.518786 0.152787 1.24105 -0.0327302 -0.828863 0.177678 0.529476
1305032364.062120 0.519181 0.148446 1.24444 -0.0302127 -0.831751 0.177843 0.525023
1305032364.094057 0.519116 0.144093 1.24589 -0.0292115 -0.835524 0.175683 0.51979
1305032364.126909 0.518459 0.137687 1.24635 -0.0268367 -0.841679 0.172749 0.510894
1305032364.162092 0.518069 0.13156 1.25049 -0.0257754 -0.849184 0.163915 0.501353
1305032364.194217 0.515037 0.122356 1.25338 0.0262673 0.857496 -0.150778 -0.491199
1305032364.226629 0.512291 0.11271 1.25496 0.0257836 0.865804 -0.139784 -0.479769
1305032364.262242 0.510819 0.101725 1.26044 0.0245607 0.873121 -0.128643 -0.469582
1305032364.294072 0.510518 0.0899924 1.26473 0.0247392 0.880208 -0.115143 -0.459743
1305032364.326102 0.508261 0.0766861 1.27005 0.0253131 0.886937 -0.099476 -0.45034
1305032364.362134 0.505063 0.0638115 1.27552 0.024963 0.892701 -0.0816 -0.442496
1305032364.394077 0.50166 0.050583 1.28042 0.023705 0.898846 -0.0632152 -0.433033
1305032364.426015 0.498116 0.0372738 1.28608 0.0222024 0.904434 -0.0434442 -0.423815
1305032364.462091 0.492862 0.0206359 1.29206 0.019989 0.908578 -0.0232395 -0.416589
1305032364.494035 0.485967 0.000824858 1.29821 0.0159753 0.912685 -0.00430591 -0.408329
1305032364.526202 0.478881 -0.0177405 1.30577 0.0109439 0.915918 0.0143011 -0.400961
1305032364.562323 0.471281 -0.038101 1.31181 0.00427906 0.916885 0.0304019 -0.397969
1305032364.594171 0.465012 -0.0607978 1.32045 0.000296643 0.917214 0.042817 -0.396086
1305032364.626031 0.460058 -0.0816721 1.32709 -0.00120075 0.917447 0.0549173 -0.394048
1305032364.662222 0.453746 -0.10203 1.33423 -0.00449779 0.916608 0.0718573 -0.39325
1305032364.694036 0.447907 -0.121214 1.34089 -0.00618486 0.91549 0.089979 -0.392101
1305032364.726019 0.439842 -0.141804 1.34729 -0.00324829 0.914058 0.110358 -0.390268
1305032364.762093 0.431128 -0.158699 1.35288 -0.00388703 0.911634 0.127024 -0.390862
1305032364.793964 0.422376 -0.179785 1.35771 -0.00766885 0.91006 0.138815 -0.390465
1305032364.826005 0.412802 -0.202172 1.3596 -0.013313 0.911241 0.14784 -0.384194
1305032364.862289 0.404266 -0.224698 1.3654 -0.0151742 0.91161 0.157029 -0.379578
1305032364.894665 0.394072 -0.245919 1.37017 -0.0144535 0.911575 0.166653 -0.375564
1305032364.926087 0.383599 -0.26534 1.37144 -0.0137899 0.912229 0.17621 -0.369591
1305032364.962073 0.373488 -0.285681 1.37255 -0.0126942 0.91323 0.183003 -0.363812
1305032364.994009 0.362595 -0.304429 1.37562 -0.0104299 0.913825 0.189236 -0.359172
1305032365.026354 0.347873 -0.323537 1.37934 -0.00987752 0.914242 0.19645 -0.354218
1305032365.062031 0.336698 -0.339909 1.38103 -0.0121447 0.914282 0.205163 -0.349068
1305032365.094068 0.325002 -0.355572 1.38307 -0.0128125 0.913733 0.216573 -0.343544
1305032365.126212 0.312918 -0.367697 1.38388 -0.0149477 0.913581 0.226597 -0.337341
1305032365.162014 0.301127 -0.379607 1.38329 -0.0215099 0.913614 0.234005 -0.331794
1305032365.194029 0.289158 -0.392135 1.38455 -0.0292928 0.913959 0.241112 -0.325094
1305032365.226143 0.277041 -0.404144 1.38425 -0.0351965 0.914653 0.247899 -0.317359
1305032365.262990 0.267539 -0.415822 1.38452 -0.0373281 0.915109 0.255191 -0.309934
1305032365.294066 0.25481 -0.426404 1.38425 -0.0416802 0.915762 0.261755 -0.301872
1305032365.326046 0.244758 -0.435247 1.38382 -0.0477957 0.916767 0.264934 -0.295066
1305032365.362017 0.235249 -0.446694 1.38709 -0.0510993 0.916905 0.270764 -0.288721
1305032365.394019 0.226861 -0.454333 1.3859 -0.0550459 0.917043 0.276275 -0.282267
1305032365.426099 0.219973 -0.462289 1.38363 -0.0583023 0.918133 0.279374 -0.274922
1305032365.462022 0.213139 -0.471209 1.38366 -0.058004 0.919413 0.282521 -0.26739
1305032365.494036 0.20679 -0.477358 1.38245 -0.0585068 0.920674 0.284496 -0.260763
1305032365.526240 0.201784 -0.483563 1.37948 -0.0602628 0.922577 0.283756 -0.254367
1305032365.562023 0.198386 -0.488804 1.37819 -0.0633158 0.925515 0.281176 -0.245666
1305032365.594024 0.194428 -0.494913 1.38153 -0.06554 0.928177 0.279708 -0.236547
1305032365.626188 0.190034 -0.500274 1.38208 -0.0674441 0.929706 0.28031 -0.22918
1305032365.662032 0.18583 -0.505872 1.38086 -0.069446 0.930567 0.281622 -0.223407
1305032365.694005 0.183445 -0.510903 1.3726 -0.0720611 0.932219 0.280645 -0.216823
1305032365.726094 0.181623 -0.513968 1.36913 -0.0742988 0.935225 0.275562 -0.209522
1305032365.762013 0.176989 -0.51827 1.37235 -0.0749553 0.937238 0.272211 -0.204614
1305032365.794129 0.173278 -0.523551 1.36755 -0.0752976 0.938719 0.26961 -0.201112
1305032365.826278 0.171594 -0.526239 1.36114 -0.0737043 0.941174 0.263826 -0.197874
1305032365.862061 0.167882 -0.529145 1.35927 -0.0693844 0.944239 0.256669 -0.194213
1305032365.894133 0.162101 -0.53183 1.35845 -0.0630578 0.946652 0.250409 -0.192791
1305032365.930067 0.155662 -0.535325 1.35293 -0.0565804 0.948967 0.242962 -0.192947
1305032365.962046 0.15347 -0.537329 1.35032 -0.0495738 0.951648 0.23423 -0.192468
1305032365.994060 0.144835 -0.544087 1.34858 -0.0432869 0.953698 0.22957 -0.189428
1305032366.030066 0.140473 -0.547939 1.34051 -0.0386539 0.955579 0.221949 -0.190035
1305032366.062122 0.135745 -0.552061 1.34452 -0.0356735 0.955712 0.221905 -0.19
1305032366.094052 0.127576 -0.563339 1.33895 -0.0387073 0.952831 0.235578 -0.187399
1305032366.130072 0.122827 -0.575827 1.3261 -0.0532374 0.950298 0.243796 -0.18618
1305032366.162008 0.122508 -0.585577 1.32028 -0.06881 0.948584 0.247142 -0.1854
1305032366.194013 0.124223 -0.596906 1.3169 -0.076271 0.946268 0.255646 -0.182769
1305032366.230053 0.126112 -0.606758 1.30335 -0.0796538 0.944635 0.264429 -0.17719
1305032366.262058 0.122951 -0.612312 1.29533 -0.079171 0.944338 0.270609 -0.169492
1305032366.294059 0.114464 -0.622225 1.28961 -0.0775817 0.942368 0.282015 -0.162455
1305032366.330143 0.11275 -0.628993 1.27987 -0.0811349 0.940178 0.29046 -0.158477
1305032366.362039 0.112193 -0.634766 1.26847 -0.0867341 0.938554 0.296414 -0.154053
1305032366.394005 0.109541 -0.640196 1.26207 -0.0915233 0.936898 0.30288 -0.148688
1305032366.430032 0.107 -0.644073 1.25404 -0.0954692 0.935155 0.309579 -0.143289
1305032366.461993 0.104895 -0.64757 1.2416 -0.100447 0.934706 0.312406 -0.136519
1305032366.494101 0.103165 -0.651333 1.23455 -0.105776 0.934785 0.313874 -0.128343
1305032366.530048 0.101162 -0.652775 1.2265 -0.112006 0.935074 0.314825 -0.118219
1305032366.561989 0.100579 -0.652122 1.22013 -0.116874 0.935919 0.314788 -0.106324
1305032366.594003 0.0965489 -0.649398 1.22057 -0.119941 0.93614 0.31733 -0.0925036
1305032366.630014 0.0963171 -0.646544 1.21658 -0.124685 0.935125 0.321902 -0.079835
1305032366.662972 0.100059 -0.64388 1.20968 -0.129153 0.934156 0.324818 -0.071863
1305032366.694106 0.105502 -0.639692 1.20081 -0.129729 0.935196 0.322852 -0.065912
1305032366.730115 0.102292 -0.636271 1.20473 -0.125948 0.936677 0.321816 -0.0566349
1305032366.762112 0.100887 -0.634805 1.20552 -0.124904 0.937276 0.32197 -0.0474083
1305032366.793956 0.0989154 -0.632873 1.20289 -0.127782 0.937949 0.320061 -0.0385264
1305032366.830030 0.0950777 -0.631064 1.20544 -0.130881 0.938428 0.318292 -0.0302125
1305032366.862172 0.092495 -0.629916 1.2101 -0.132463 0.938234 0.318833 -0.0226871
1305032366.894254 0.0903724 -0.628335 1.21173 -0.133198 0.937735 0.320392 -0.0161192
1305032366.929969 0.0926178 -0.623924 1.20901 -0.135386 0.938681 0.316889 -0.0113459
1305032366.962015 0.0919799 -0.621522 1.21124 -0.136247 0.941106 0.309348 -0.00769608
1305032366.994018 0.0885011 -0.619232 1.22041 -0.134544 0.943791 0.301866 -0.00573919
1305032367.030022 0.0849013 -0.617447 1.2265 -0.131739 0.946534 0.294431 -0.00530807
1305032367.062114 0.0794336 -0.613185 1.23671 -0.127365 0.949712 0.285987 -0.00596976
1305032367.094130 0.0721647 -0.609517 1.24764 -0.124106 0.952462 0.278125 -0.00767272
1305032367.130285 0.0642632 -0.6035 1.25965 -0.121531 0.955345 0.26914 -0.010444
1305032367.162083 0.0546625 -0.599398 1.27398 -0.11918 0.95772 0.261359 -0.0161228
1305032367.193961 0.0452328 -0.592481 1.28489 -0.11764 0.95992 0.253478 -0.0214964
1305032367.230032 0.0396032 -0.585449 1.29423 -0.116648 0.962704 0.242722 -0.026096
1305032367.262270 0.0287698 -0.579035 1.31196 -0.113098 0.964668 0.236186 -0.0289785
1305032367.293982 0.0177305 -0.576155 1.32054 -0.114472 0.964894 0.23431 -0.0311999
1305032367.330063 0.00970578 -0.56822 1.32534 -0.120801 0.967405 0.220009 -0.0336241
1305032367.362109 0.0036813 -0.560694 1.34027 -0.123136 0.970276 0.205227 -0.0358201
1305032367.393996 -0.00370447 -0.558407 1.35092 -0.123127 0.971863 0.197668 -0.0353315
1305032367.430145 -0.00780679 -0.550587 1.35532 -0.121442 0.974513 0.185426 -0.0345404
1305032367.462005 -0.0149868 -0.542876 1.36284 -0.118634 0.977446 0.17175 -0.0320533
1305032367.494767 -0.0236683 -0.536769 1.37256 -0.11721 0.97962 0.160758 -0.0276112
1305032367.530124 -0.0324136 -0.527792 1.38185 -0.114112 0.981395 0.152458 -0.0244571
1305032367.562098 -0.0392527 -0.521332 1.38937 -0.111172 0.982068 0.150575 -0.0226005
1305032367.594518 -0.0436892 -0.51361 1.39057 -0.112363 0.982602 0.146683 -0.0187694
1305032367.629988 -0.0535136 -0.502876 1.39732 -0.115382 0.98312 0.141109 -0.0158001
1305032367.662173 -0.0596961 -0.493134 1.40236 -0.118304 0.98323 0.138167 -0.0131523
1305032367.694493 -0.0657531 -0.48262 1.405 -0.117858 0.983693 0.135557 -0.00903632
1305032367.730004 -0.0741159 -0.470688 1.40752 -0.114799 0.984583 0.131883 -0.00478609
1305032367.762020 -0.0846102 -0.458933 1.41283 -0.110451 0.985384 0.129684 -0.0009468
1305032367.794824 -0.0937879 -0.449816 1.41211 -0.108174 0.986027 0.126644 0.00323872
1305032367.829935 -0.105429 -0.436016 1.41536 -0.104732 0.987242 0.119618 0.00868996
1305032367.861953 -0.119332 -0.424266 1.4186 -0.101643 0.988207 0.113702 0.0136998
1305032367.894023 -0.132674 -0.41299 1.41863 -0.100379 0.989148 0.106048 0.0162484
1305032367.930098 -0.146098 -0.400805 1.42027 -0.0997657 0.990116 0.0962149 0.0214186
1305032367.962109 -0.156748 -0.387178 1.42102 -0.100085 0.990947 0.0847771 0.0286129
1305032367.994871 -0.169969 -0.374266 1.42434 -0.0984426 0.991662 0.0738959 0.0381325
1305032368.030371 -0.181007 -0.361587 1.42345 -0.0980161 0.992201 0.06126 0.0466468
1305032368.062044 -0.19142 -0.349065 1.42621 -0.0963848 0.992728 0.0470375 0.0546634
1305032368.094693 -0.203989 -0.337592 1.42747 -0.0966154 0.992567 0.035 0.065195
1305032368.129978 -0.21421 -0.323213 1.42905 -0.0953555 0.992298 0.0218286 0.075987
1305032368.162148 -0.221674 -0.311024 1.42933 -0.0942824 0.991675 0.0110066 0.0870025
1305032368.194071 -0.227 -0.295903 1.42751 -0.0947749 0.990723 -0.00353276 0.097329
1305032368.230066 -0.235219 -0.281746 1.42976 -0.093123 0.98999 -0.0145986 0.105043
1305032368.263367 -0.237552 -0.268091 1.43076 -0.0903116 0.989432 -0.0228294 0.111115
1305032368.294047 -0.242248 -0.25746 1.42747 -0.088921 0.988669 -0.0315215 0.116757
1305032368.330048 -0.246246 -0.243869 1.42533 -0.0895657 0.98801 -0.0423391 0.118414
1305032368.362001 -0.250202 -0.230915 1.42515 -0.0896615 0.987351 -0.0501569 0.12076
1305032368.394058 -0.255001 -0.22151 1.42197 -0.0927116 0.986423 -0.0549476 0.12391
1305032368.430004 -0.254875 -0.219087 1.41798 -0.0968429 0.985666 -0.0622717 0.123308
1305032368.462392 -0.255379 -0.209234 1.41262 -0.093198 0.984461 -0.0831813 0.123414
1305032368.494404 -0.258772 -0.196441 1.41203 -0.089375 0.982785 -0.104618 0.123287
1305032368.529995 -0.259307 -0.185511 1.40817 -0.0869811 0.982473 -0.119146 0.113952
1305032368.561932 -0.258132 -0.16929 1.40317 -0.0793759 0.982452 -0.133727 0.102975
1305032368.594184 -0.260475 -0.154384 1.40044 -0.0673386 0.981645 -0.150326 0.0961295
1305032368.629997 -0.259717 -0.133047 1.3986 -0.0550074 0.981185 -0.162005 0.0894678
1305032368.662766 -0.261288 -0.117612 1.39431 -0.0400118 0.981236 -0.168574 0.0845964
1305032368.693889 -0.26412 -0.0974251 1.3919 -0.0270525 0.980176 -0.177078 0.0846564
1305032368.730133 -0.265214 -0.0814879 1.3879 -0.0171433 0.9796 -0.179218 0.0892728
1305032368.762354 -0.266633 -0.0678621 1.38133 -0.00749985 0.979044 -0.1794 0.0960763
1305032368.794467 -0.265412 -0.052323 1.37584 0.000481902 0.978079 -0.180839 0.103236
1305032368.830009 -0.2681 -0.0410676 1.37147 0.00415681 0.976727 -0.183607 0.110788
1305032368.862362 -0.268274 -0.0274088 1.36676 0.00669362 0.975584 -0.187297 0.114504
1305032368.894072 -0.271287 -0.0150605 1.36251 0.0147227 0.973931 -0.194046 0.116563
1305032368.929945 -0.274069 -0.00184491 1.36082 0.0204546 0.972654 -0.199599 0.116981
1305032368.961860 -0.276742 0.00907397 1.35688 0.0240198 0.971455 -0.205069 0.116812
1305032368.993887 -0.279343 0.0168505 1.35053 0.0303725 0.969436 -0.214077 0.115936
1305032369.030203 -0.273879 0.0137382 1.35697 0.0404956 0.967871 -0.221281 0.112337
1305032369.062500 -0.27922 0.022926 1.35319 0.0469585 0.967053 -0.224989 0.109464
1305032369.093984 -0.286841 0.0308776 1.34762 0.053606 0.965606 -0.228682 0.111514
1305032369.130062 -0.29032 0.0358925 1.34405 0.058631 0.964602 -0.229806 0.1153
1305032369.162492 -0.294258 0.0403591 1.34062 0.0620035 0.964008 -0.229804 0.118462
1305032369.194412 -0.296782 0.0443377 1.33539 0.0661512 0.963066 -0.230414 0.122622
1305032369.230045 -0.301164 0.0454344 1.33566 0.06823 0.962686 -0.229526 0.126084
1305032369.262268 -0.30162 0.0486558 1.33418 0.0718431 0.962209 -0.230189 0.126508
1305032369.294529 -0.306887 0.0512515 1.33282 0.0771508 0.961255 -0.231442 0.12834
1305032369.330151 -0.311977 0.0487863 1.33157 0.0857632 0.959301 -0.234154 0.132502
1305032369.361966 -0.314142 0.0511556 1.33287 0.0889277 0.956402 -0.243846 0.133887
1305032369.394056 -0.31982 0.0488129 1.3349 0.0859603 0.956748 -0.242085 0.136521
1305032369.430090 -0.321619 0.0364021 1.33952 0.0868458 0.957229 -0.237347 0.14084
1305032369.461995 -0.318612 0.0385477 1.34065 0.0925295 0.956491 -0.235364 0.145484
1305032369.493998 -0.320731 0.0368915 1.33683 0.092854 0.956882 -0.23034 0.150661
1305032369.529992 -0.319165 0.0365452 1.33752 0.0902643 0.957894 -0.224489 0.15458
1305032369.562004 -0.318787 0.0360725 1.34236 0.0875451 0.959914 -0.214428 0.15786
1305032369.594020 -0.305472 0.0426833 1.34518 0.0875847 0.96182 -0.205165 0.158548
1305032369.630023 -0.303365 0.0436993 1.34874 0.088908 0.962713 -0.200372 0.158524
1305032369.661969 -0.303044 0.0391809 1.35207 0.0850054 0.964542 -0.193519 0.158058
1305032369.694099 -0.301938 0.0343789 1.35701 0.0792205 0.966066 -0.189512 0.156602
1305032369.730198 -0.303042 0.0301858 1.36683 0.0747964 0.967756 -0.184852 0.153894
1305032369.762450 -0.304835 0.0262663 1.37841 0.0697309 0.96978 -0.180306 0.14884
1305032369.794261 -0.310259 0.0251443 1.3881 0.0653777 0.971848 -0.174465 0.144218
1305032369.830429 -0.314171 0.0244866 1.39757 0.0612885 0.974117 -0.168179 0.138043
1305032369.862627 -0.317767 0.0220232 1.40663 0.0573392 0.976369 -0.162319 0.130641
1305032369.894360 -0.322688 0.0211063 1.41453 0.0538781 0.978171 -0.157228 0.124729
1305032369.930423 -0.325127 0.0209075 1.42209 0.0487793 0.980212 -0.15007 0.119512
1305032369.962111 -0.328005 0.0201914 1.42689 0.0456968 0.981851 -0.142842 0.116087
1305032369.994395 -0.3278 0.019132 1.43149 0.0420336 0.982837 -0.138885 0.113909
1305032370.029908 -0.328457 0.018532 1.43935 0.0388539 0.983742 -0.134675 0.112265
1305032370.062358 -0.327444 0.0215596 1.44906 0.0366763 0.984994 -0.126953 0.111013
1305032370.094132 -0.327584 0.0229761 1.45799 0.033405 0.986415 -0.117971 0.109325
1305032370.130815 -0.326732 0.0239482 1.46664 0.0321882 0.987638 -0.109458 0.107489
1305032370.164340 -0.328229 0.0244768 1.47524 0.0319944 0.988714 -0.101809 0.105147
1305032370.193920 -0.328842 0.0266484 1.48396 0.0327391 0.989527 -0.0963071 0.102416
1305032370.230502 -0.328364 0.0282541 1.49318 0.0328098 0.990331 -0.0903022 0.100061
1305032370.262034 -0.329263 0.0289226 1.50043 0.0314039 0.991108 -0.0835348 0.0986932
1305032370.293927 -0.328919 0.0281631 1.50626 0.0299415 0.991525 -0.0790731 0.0986302
1305032370.330168 -0.328611 0.0286337 1.51442 0.0284357 0.991996 -0.0740569 0.0982346
1305032370.362172 -0.327895 0.0289425 1.52172 0.0255007 0.9926 -0.0697473 0.0960681
1305032370.393973 -0.328035 0.028651 1.52763 0.0257162 0.992944 -0.0689514 0.0929849
1305032370.430165 -0.331812 0.0299868 1.53496 0.0263759 0.993372 -0.0668614 0.0896974
1305032370.462710 -0.333357 0.0310487 1.53929 0.0245078 0.993961 -0.0634894 0.086081
1305032370.494212 -0.333625 0.0307467 1.54218 0.0234609 0.99437 -0.0605916 0.0837023
1305032370.530368 -0.335721 0.0328108 1.54843 0.0204539 0.994895 -0.0555042 0.0817558
1305032370.562129 -0.336735 0.0344976 1.55268 0.0146535 0.995617 -0.0465654 0.07977
1305032370.594668 -0.337591 0.0336455 1.55238 0.0101852 0.996158 -0.0377249 0.0783633
1305032370.630616 -0.338311 0.0361711 1.5568 0.00690073 0.996607 -0.0317143 0.0756369
1305032370.662501 -0.340144 0.0356348 1.55921 0.00222704 0.997164 -0.0249817 0.0709483
1305032370.694752 -0.341132 0.0361035 1.56015 0.00145294 0.997474 -0.022183 0.0674596
1305032370.730453 -0.342077 0.0331465 1.56435 0.00102096 0.997733 -0.019754 0.0643211
1305032370.762387 -0.344488 0.0322557 1.56844 -0.00165474 0.998057 -0.013324 0.0608443
1305032370.794212 -0.346923 0.0273134 1.56474 -0.00435607 0.998052 -0.0064252 0.061904
1305032370.830542 -0.348069 0.0204576 1.56362 -0.00689209 0.997746 -0.00151678 0.0667329
1305032370.862583 -0.350255 0.0128098 1.56858 -0.0109525 0.99755 0.00606599 0.0688202
1305032370.898506 -0.353101 0.003998 1.57022 -0.0148611 0.997303 0.0167369 0.0698887
1305032370.930659 -0.357696 -0.00446029 1.56965 -0.0182281 0.996908 0.0264671 0.0717065
1305032370.962789 -0.362853 -0.0154929 1.57142 -0.0214599 0.996415 0.0373965 0.072782
1305032370.998556 -0.367602 -0.0282604 1.57353 -0.0239535 0.995841 0.0524907 0.0705035
1305032371.030832 -0.373527 -0.0412138 1.57243 -0.0246548 0.995021 0.0680166 0.0685441
1305032371.062995 -0.380346 -0.0559191 1.57023 -0.0285206 0.994136 0.0800019 0.0669221
1305032371.098685 -0.386215 -0.0714319 1.57023 -0.0351034 0.993099 0.0915654 0.0643235
1305032371.129946 -0.393168 -0.0904721 1.56805 -0.043506 0.991913 0.103135 0.0598206
1305032371.163377 -0.401298 -0.109912 1.56287 -0.0541328 0.991015 0.107717 0.0579256
1305032371.199209 -0.40723 -0.133513 1.55866 -0.0663707 0.9902 0.10842 0.0578298
1305032371.231556 -0.413023 -0.158736 1.55915 -0.0774885 0.989142 0.111046 0.0571066
1305032371.263086 -0.41972 -0.182335 1.5568 -0.0874934 0.987937 0.114327 0.057041
1305032371.298863 -0.423416 -0.208754 1.55037 -0.098814 0.986345 0.117297 0.0600023
1305032371.331299 -0.427422 -0.234365 1.54659 -0.111342 0.984265 0.120842 0.0649725
1305032371.362286 -0.431548 -0.258709 1.54387 -0.122525 0.981856 0.126981 0.0694303
1305032371.399014 -0.437512 -0.282842 1.53755 -0.13399 0.978873 0.135492 0.0741274
1305032371.429986 -0.440788 -0.30478 1.53011 -0.146689 0.975344 0.145083 0.0783422
1305032371.461990 -0.442188 -0.327234 1.52181 -0.157876 0.971474 0.156554 0.0824839
1305032371.500350 -0.448672 -0.349999 1.51139 -0.169967 0.966864 0.168633 0.0885914
1305032371.530042 -0.455642 -0.370025 1.49889 -0.18531 0.961556 0.179247 0.0945558
1305032371.563010 -0.457814 -0.390245 1.48712 -0.198127 0.956479 0.189679 0.0995697
1305032371.594822 -0.461265 -0.408665 1.4736 -0.206374 0.95206 0.19987 0.105085
1305032371.629962 -0.462525 -0.427467 1.45896 -0.213526 0.94771 0.2097 0.110809
1305032371.661896 -0.466295 -0.445191 1.44149 -0.225311 0.942333 0.217232 0.118546
1305032371.698063 -0.472081 -0.459619 1.42813 -0.23724 0.93715 0.224018 0.123625
1305032371.730032 -0.479337 -0.472429 1.41483 -0.244469 0.932225 0.234724 0.126872
1305032371.763070 -0.483063 -0.484534 1.39453 -0.247313 0.929122 0.241989 0.130419
1305032371.798758 -0.489529 -0.497551 1.3763 -0.247739 0.926657 0.247869 0.135988
1305032371.830599 -0.491383 -0.514094 1.34797 -0.249077 0.923863 0.251251 0.145979
1305032371.862968 -0.49794 -0.527129 1.3282 -0.252499 0.920562 0.252375 0.158481
1305032371.898642 -0.503112 -0.540433 1.30714 -0.26104 0.915593 0.254477 0.169672
1305032371.930870 -0.505304 -0.555847 1.284 -0.273149 0.909884 0.254546 0.180849
1305032371.961821 -0.506981 -0.571128 1.25945 -0.283371 0.90495 0.253161 0.191507
1305032371.998991 -0.503834 -0.586682 1.23747 -0.293119 0.900403 0.250649 0.201319
1305032372.030846 -0.502416 -0.600491 1.21628 -0.302351 0.89647 0.246427 0.210236
1305032372.061897 -0.501798 -0.614531 1.20169 -0.312435 0.892011 0.245281 0.215724
1305032372.098230 -0.496906 -0.626631 1.17873 -0.322746 0.88695 0.243642 0.223143
1305032372.129933 -0.487272 -0.639923 1.15652 -0.33095 0.88273 0.236497 0.23522
1305032372.166136 -0.478995 -0.652923 1.14307 -0.339104 0.877999 0.229742 0.247679
1305032372.198088 -0.469014 -0.663878 1.12622 -0.348088 0.87242 0.223451 0.260359
1305032372.230035 -0.45504 -0.672214 1.11366 -0.356292 0.867144 0.216501 0.272476
1305032372.266118 -0.446353 -0.684187 1.10319 -0.363987 0.860944 0.212781 0.284627
1305032372.297778 -0.434765 -0.693197 1.09024 -0.37456 0.85384 0.208936 0.294971
1305032372.329863 -0.419971 -0.702556 1.08075 -0.386495 0.847649 0.205805 0.299594
1305032372.366255 -0.40802 -0.711193 1.07184 -0.397266 0.842109 0.20386 0.302444
1305032372.398316 -0.394177 -0.717858 1.06582 -0.405008 0.837299 0.203262 0.305913
1305032372.430828 -0.382059 -0.72489 1.06104 -0.413246 0.831626 0.206038 0.308502
1305032372.466062 -0.367415 -0.730313 1.05258 -0.423695 0.825012 0.208503 0.310426
1305032372.498126 -0.347283 -0.736556 1.0458 -0.431314 0.820247 0.205329 0.314648
1305032372.530471 -0.334219 -0.745217 1.04427 -0.434886 0.816567 0.204656 0.319699
1305032372.565932 -0.321395 -0.752981 1.03979 -0.440103 0.811686 0.208151 0.32272
1305032372.597830 -0.304723 -0.75696 1.03297 -0.444988 0.808471 0.208644 0.323772
1305032372.629940 -0.291266 -0.763897 1.02889 -0.448039 0.805979 0.208464 0.325886
1305032372.664099 -0.279378 -0.769801 1.02611 -0.451043 0.802329 0.20957 0.330013
1305032372.698677 -0.26506 -0.773726 1.02251 -0.454429 0.797522 0.209865 0.336763
1305032372.729773 -0.24937 -0.778011 1.0172 -0.457338 0.793026 0.208178 0.344403
1305032372.766495 -0.232768 -0.78342 1.01233 -0.457035 0.790653 0.205522 0.351778
1305032372.797977 -0.218649 -0.78764 1.00721 -0.452515 0.790669 0.1982 0.361648
1305032372.831419 -0.204871 -0.798218 1.0037 -0.446597 0.790792 0.193899 0.370948
1305032372.866951 -0.191974 -0.803925 0.998914 -0.441864 0.789911 0.190613 0.380082
1305032372.898820 -0.181261 -0.807684 0.995253 -0.436501 0.789317 0.186583 0.389399
1305032372.930434 -0.170131 -0.809062 0.996797 -0.430896 0.788591 0.184706 0.397914
1305032372.966593 -0.170513 -0.806655 0.99275 -0.427457 0.78354 0.184559 0.411441
1305032372.998908 -0.160317 -0.806012 0.989599 -0.429338 0.775329 0.185179 0.424549
1305032373.030602 -0.150251 -0.808153 0.984871 -0.431603 0.767843 0.188776 0.434165
1305032373.066888 -0.153806 -0.802147 0.986966 -0.432236 0.761612 0.195487 0.441479
1305032373.099756 -0.149261 -0.794416 0.984148 -0.433146 0.754511 0.206126 0.447894
1305032373.129982 -0.143829 -0.786581 0.981019 -0.436049 0.745165 0.216429 0.455794
1305032373.166370 -0.134578 -0.783228 0.97241 -0.443019 0.733802 0.224996 0.463298
1305032373.198396 -0.127333 -0.779362 0.967644 -0.448757 0.725066 0.232653 0.467727
1305032373.230473 -0.119399 -0.771643 0.965628 -0.453506 0.717326 0.239388 0.471666
1305032373.266720 -0.115213 -0.760859 0.965519 -0.456696 0.710087 0.245098 0.476583
1305032373.298826 -0.103823 -0.75561 0.961152 -0.456892 0.703552 0.251219 0.482858
1305032373.331205 -0.0973926 -0.75288 0.959938 -0.454421 0.698936 0.257708 0.488442
1305032373.366852 -0.0929331 -0.749927 0.955204 -0.453793 0.693164 0.263942 0.493893
1305032373.399036 -0.0797848 -0.748268 0.951139 -0.454673 0.687356 0.266949 0.499552
1305032373.434600 -0.0756145 -0.748385 0.950787 -0.453234 0.684307 0.269995 0.503394
1305032373.465600 -0.0711785 -0.74668 0.949241 -0.449254 0.682112 0.276351 0.506482
1305032373.498931 -0.0671821 -0.746286 0.945755 -0.445616 0.679043 0.282763 0.510266
1305032373.534642 -0.0654701 -0.744275 0.938737 -0.443673 0.675913 0.287579 0.513414
1305032373.566765 -0.0626988 -0.743425 0.932074 -0.443801 0.672913 0.291833 0.514841
1305032373.598768 -0.0588542 -0.741403 0.925857 -0.445642 0.671905 0.293122 0.513834
1305032373.637020 -0.0513765 -0.740969 0.917994 -0.446594 0.67391 0.290984 0.511593
1305032373.664564 -0.0445912 -0.743207 0.916632 -0.447435 0.67661 0.286881 0.509607
1305032373.697902 -0.0454495 -0.743225 0.917073 -0.447065 0.678949 0.283132 0.508917
1305032373.734487 -0.0398181 -0.742987 0.917087 -0.441194 0.682089 0.278494 0.51239
1305032373.766407 -0.0511274 -0.749368 0.92004 -0.435784 0.68181 0.278657 0.517279
1305032373.795810 -0.0653059 -0.747811 0.917031 -0.435968 0.678462 0.280448 0.520547
1305032373.834900 -0.0553908 -0.748739 0.909711 -0.436762 0.677868 0.279133 0.521362
1305032373.867214 -0.0628943 -0.75257 0.907138 -0.43617 0.681646 0.272238 0.520577
1305032373.899236 -0.0754419 -0.754574 0.909103 -0.436967 0.684956 0.265707 0.518936
1305032373.935042 -0.0806247 -0.755892 0.912729 -0.437305 0.68673 0.258655 0.519869
1305032373.966997 -0.0916195 -0.760567 0.911924 -0.435234 0.689185 0.252249 0.521503
1305032373.999161 -0.10682 -0.763504 0.910333 -0.435456 0.690895 0.245062 0.522481
1305032374.031130 -0.122077 -0.765181 0.901409 -0.440247 0.691671 0.232282 0.523276
1305032374.066694 -0.132848 -0.766915 0.903201 -0.443969 0.693823 0.217632 0.523582
1305032374.098892 -0.148952 -0.764809 0.91465 -0.444001 0.6962 0.205303 0.525375
1305032374.134638 -0.167953 -0.762712 0.915889 -0.437341 0.700547 0.197093 0.52832
1305032374.165244 -0.187288 -0.756325 0.922822 -0.429268 0.704022 0.18935 0.533131
1305032374.198898 -0.208545 -0.750248 0.927016 -0.422417 0.702787 0.181644 0.542825
1305032374.234560 -0.227072 -0.746104 0.92615 -0.413327 0.702375 0.175962 0.552148
1305032374.266147 -0.255941 -0.738718 0.930968 -0.405605 0.700654 0.171893 0.561268
1305032374.294938 -0.272325 -0.730858 0.923638 -0.398933 0.697229 0.167532 0.571538
1305032374.334742 -0.288596 -0.725049 0.918683 -0.391892 0.694065 0.157558 0.582983
1305032374.364901 -0.309599 -0.716174 0.916603 -0.383655 0.6901 0.142798 0.596807
1305032374.399115 -0.34408 -0.70251 0.912251 -0.374845 0.686726 0.130022 0.609091
1305032374.434908 -0.369903 -0.691473 0.902703 -0.366872 0.684958 0.122073 0.617523
1305032374.465685 -0.39262 -0.677832 0.898184 -0.352661 0.685418 0.113547 0.626849
1305032374.498699 -0.431102 -0.65961 0.890097 -0.339149 0.684208 0.108642 0.636423
1305032374.534396 -0.464188 -0.645419 0.87727 -0.330954 0.684611 0.109797 0.640095
1305032374.565590 -0.489604 -0.634161 0.862658 -0.323462 0.688542 0.111115 0.63948
1305032374.594126 -0.50958 -0.623746 0.851136 -0.317079 0.692301 0.109989 0.638813
1305032374.634435 -0.530996 -0.60872 0.841422 -0.305829 0.695763 0.103868 0.641556
1305032374.666012 -0.561157 -0.59255 0.831133 -0.292203 0.699981 0.0984443 0.644168
1305032374.693998 -0.588673 -0.578181 0.823795 -0.280922 0.70572 0.0974377 0.643077
1305032374.733801 -0.60757 -0.562637 0.810487 -0.26628 0.710587 0.0929547 0.644608
1305032374.764270 -0.633647 -0.544187 0.800456 -0.254757 0.715698 0.085156 0.644688
1305032374.794088 -0.656828 -0.524637 0.796643 -0.24826 0.720321 0.0802442 0.642702
1305032374.833035 -0.675396 -0.507029 0.790216 -0.240692 0.723595 0.0770015 0.642299
1305032374.865378 -0.69556 -0.488817 0.782411 -0.235044 0.727309 0.0767781 0.640219
1305032374.893927 -0.709538 -0.475151 0.774716 -0.229258 0.731773 0.0790192 0.63695
1305032374.934044 -0.724587 -0.456097 0.77022 -0.218427 0.736718 0.0813275 0.634762
1305032374.963025 -0.739035 -0.437668 0.763002 -0.20855 0.741362 0.0921117 0.631193
1305032374.994296 -0.749967 -0.421447 0.757785 -0.19844 0.747038 0.102283 0.626174
1305032375.033877 -0.761173 -0.404498 0.753047 -0.188038 0.752793 0.109115 0.62132
1305032375.063183 -0.772045 -0.388212 0.749851 -0.181479 0.758393 0.116748 0.615041
1305032375.093980 -0.779956 -0.377414 0.746331 -0.175423 0.762559 0.121256 0.61076
1305032375.133595 -0.78605 -0.363609 0.745418 -0.17073 0.766943 0.113604 0.608066
1305032375.165413 -0.794363 -0.349355 0.743269 -0.167045 0.77183 0.101687 0.605007
1305032375.193974 -0.800263 -0.335701 0.742285 -0.164999 0.774622 0.0939514 0.603248
1305032375.233686 -0.804996 -0.321726 0.74236 -0.161423 0.777499 0.08575 0.601734
1305032375.266159 -0.811011 -0.306311 0.744481 -0.157573 0.77845 0.0799411 0.602325
1305032375.301758 -0.816057 -0.291967 0.745958 -0.154619 0.777893 0.0755144 0.604378
1305032375.333721 -0.817221 -0.278706 0.74964 -0.15122 0.777811 0.0686086 0.606164
1305032375.365860 -0.81566 -0.267002 0.754451 -0.146186 0.775076 0.0573893 0.61204
1305032375.401985 -0.817892 -0.255345 0.755497 -0.138962 0.770154 0.0423286 0.621096
1305032375.434217 -0.821603 -0.246236 0.757228 -0.13532 0.765381 0.0324243 0.628354
1305032375.465834 -0.821868 -0.240226 0.758458 -0.131781 0.760705 0.022381 0.635186
1305032375.499837 -0.822263 -0.232081 0.759905 -0.123183 0.756976 0.00933328 0.641659
1305032375.532916 -0.823793 -0.225074 0.760573 -0.115455 0.75297 0.00248974 0.647842
1305032375.564725 -0.825646 -0.218023 0.760972 -0.109061 0.74963 -0.00275753 0.652804
1305032375.601458 -0.826945 -0.209409 0.76042 -0.105356 0.747972 -0.00689891 0.655279
1305032375.633354 -0.827377 -0.200414 0.759233 -0.09884 0.747489 -0.0122778 0.656765
1305032375.665617 -0.830194 -0.188212 0.753805 -0.0900714 0.747666 -0.0165973 0.657728
1305032375.701017 -0.833876 -0.176442 0.748541 -0.0834387 0.748224 -0.0183883 0.657922
1305032375.733414 -0.834775 -0.165631 0.743492 -0.0806873 0.74782 -0.0208541 0.65865
1305032375.765442 -0.83616 -0.154933 0.738731 -0.0771555 0.747241 -0.0242033 0.659615
1305032375.801321 -0.839212 -0.144045 0.732841 -0.0726939 0.746723 -0.0271801 0.660592
1305032375.833190 -0.840964 -0.134821 0.72741 -0.0678193 0.746635 -0.0298085 0.661096
1305032375.862014 -0.838831 -0.127946 0.725416 -0.0580995 0.74553 -0.0343819 0.663044
1305032375.901630 -0.844568 -0.115128 0.71993 -0.043197 0.742703 -0.0399856 0.667028
1305032375.933396 -0.851454 -0.102078 0.714065 -0.0346114 0.739788 -0.0384555 0.670848
1305032375.961907 -0.852555 -0.0913034 0.711263 -0.0264436 0.737298 -0.0373646 0.674015
1305032375.998887 -0.858025 -0.0794453 0.704637 -0.0120185 0.734595 -0.0355032 0.677469
1305032376.032860 -0.865221 -0.0634244 0.696913 -0.000834028 0.734382 -0.0311383 0.678021
1305032376.061932 -0.870287 -0.0545171 0.690609 0.00394087 0.735933 -0.0262503 0.676533
1305032376.102161 -0.87373 -0.0470325 0.68603 0.0112373 0.7365 -0.0235858 0.675932
1305032376.133711 -0.878527 -0.035655 0.678987 0.0195352 0.737386 -0.0208882 0.674865
1305032376.162024 -0.884627 -0.0244791 0.672753 0.0227791 0.740185 -0.0173737 0.671792
1305032376.199867 -0.888011 -0.0186625 0.670565 0.0286382 0.742927 -0.0142685 0.668607
1305032376.230456 -0.893566 -0.00656288 0.667183 0.0363429 0.744643 -0.010084 0.666396
1305032376.261897 -0.89716 0.00250445 0.664539 0.0352011 0.746769 -0.00599135 0.664123
1305032376.301905 -0.896721 0.010226 0.664476 0.0371288 0.748239 -0.00397825 0.662377
1305032376.333850 -0.898555 0.0189038 0.663143 0.0423484 0.748155 0.000211913 0.662171
1305032376.362196 -0.897896 0.0255297 0.661301 0.0462139 0.748724 -0.000156275 0.661269
1305032376.401623 -0.898006 0.0314041 0.659997 0.0538144 0.748894 -0.00129402 0.6605
1305032376.433420 -0.899418 0.0370699 0.658387 0.0643675 0.748966 -0.00390082 0.659463
1305032376.461966 -0.899315 0.0436611 0.658126 0.0783121 0.750742 -0.00797546 0.655888
1305032376.502252 -0.898498 0.0502498 0.660631 0.0924704 0.752287 -0.0143193 0.652156
1305032376.534217 -0.899533 0.056149 0.662214 0.102682 0.751888 -0.0207852 0.650914
1305032376.562020 -0.899854 0.0631997 0.663133 0.108799 0.751298 -0.027697 0.650343
1305032376.601916 -0.899072 0.070743 0.666674 0.1176 0.750508 -0.034412 0.649403
1305032376.633870 -0.901118 0.0783933 0.664863 0.125281 0.748043 -0.0373912 0.650644
1305032376.662225 -0.900171 0.0857286 0.667175 0.127933 0.746117 -0.0400541 0.652179
1305032376.702073 -0.898365 0.0935343 0.668972 0.131807 0.743722 -0.0427009 0.653973
1305032376.734273 -0.896775 0.101333 0.670355 0.137192 0.740099 -0.0439407 0.656887
1305032376.761981 -0.894968 0.108347 0.671743 0.137931 0.738392 -0.0471516 0.658429
1305032376.802316 -0.892367 0.116482 0.672786 0.140263 0.737149 -0.0508656 0.659052
1305032376.833971 -0.889004 0.124146 0.673756 0.145552 0.734615 -0.0537948 0.660501
1305032376.861992 -0.886292 0.131729 0.672521 0.146961 0.73368 -0.0556473 0.661074
1305032376.901902 -0.881524 0.137932 0.673066 0.148192 0.733261 -0.0573581 0.661118
1305032376.933566 -0.877533 0.142306 0.672245 0.151867 0.731028 -0.0617014 0.662365
1305032376.961961 -0.874447 0.148583 0.671642 0.156012 0.730178 -0.0667399 0.66185
1305032376.999109 -0.871311 0.154097 0.669901 0.158665 0.729446 -0.0701887 0.661669
1305032377.033968 -0.867522 0.157198 0.670029 0.162688 0.726911 -0.072542 0.663227
1305032377.062278 -0.865755 0.163092 0.670681 0.166989 0.724309 -0.0755208 0.664671
1305032377.102624 -0.863161 0.168139 0.670186 0.167047 0.72374 -0.0741199 0.665433
1305032377.129944 -0.85954 0.172198 0.66912 0.167765 0.722299 -0.0728269 0.666959
1305032377.161952 -0.857903 0.176653 0.668893 0.167309 0.721484 -0.0709799 0.668155
1305032377.201774 -0.854713 0.179014 0.669369 0.16636 0.721939 -0.0692249 0.668083
1305032377.229977 -0.853218 0.178565 0.670137 0.170281 0.720155 -0.0684102 0.669105
1305032377.261926 -0.853247 0.178852 0.669332 0.170438 0.7184 -0.0676345 0.671027
1305032377.302313 -0.85189 0.177788 0.668569 0.165313 0.718255 -0.0656774 0.672658
1305032377.330085 -0.850275 0.173664 0.671308 0.163297 0.716855 -0.0642558 0.674777
1305032377.362122 -0.848801 0.16818 0.67059 0.161275 0.715123 -0.0638534 0.677135
1305032377.401791 -0.849278 0.160623 0.669042 0.153663 0.715447 -0.0625232 0.678685
1305032377.430000 -0.849849 0.149212 0.671015 0.14918 0.715155 -0.0616697 0.68007
1305032377.461954 -0.851103 0.138579 0.668608 0.145139 0.713845 -0.0618476 0.6823
1305032377.501541 -0.852234 0.126513 0.665989 0.136868 0.714613 -0.0613211 0.683253
1305032377.530127 -0.852796 0.111718 0.667036 0.128699 0.714804 -0.0604808 0.684714
1305032377.562030 -0.852621 0.095941 0.665325 0.122347 0.71285 -0.0598244 0.687966
1305032377.602337 -0.85445 0.0836109 0.658843 0.113589 0.712846 -0.0585851 0.689576
1305032377.630198 -0.853469 0.0649794 0.658205 0.102382 0.714091 -0.0566186 0.690207
1305032377.662079 -0.851309 0.0455812 0.654455 0.0926233 0.712857 -0.0562933 0.692883
1305032377.701676 -0.851261 0.0300361 0.649333 0.0806746 0.71265 -0.0560762 0.694605
1305032377.730022 -0.852577 0.00906211 0.643583 0.0676519 0.713712 -0.0554411 0.694956
1305032377.762107 -0.852323 -0.0104141 0.639841 0.0580765 0.712975 -0.0558832 0.696542
1305032377.801528 -0.853641 -0.0272647 0.631434 0.0470411 0.712454 -0.0551794 0.697962
1305032377.829990 -0.852795 -0.0455799 0.627015 0.032685 0.713145 -0.0545102 0.698129
1305032377.862016 -0.850322 -0.0650986 0.623368 0.0186056 0.711923 -0.0540231 0.699929
1305032377.901222 -0.847074 -0.0827335 0.616439 0.00578543 0.710052 -0.0523605 0.702176
1305032377.929945 -0.843066 -0.102486 0.609398 -0.00842549 0.708786 -0.0491207 0.70366
1305032377.962041 -0.837464 -0.120959 0.605634 -0.0231215 0.707073 -0.0479466 0.705134
1305032378.001490 -0.834018 -0.139815 0.600247 -0.0377345 0.704108 -0.0484378 0.707433
1305032378.030011 -0.829791 -0.155394 0.591134 -0.0521865 0.701632 -0.0466929 0.70909
1305032378.062184 -0.824781 -0.174455 0.584533 -0.0661721 0.700301 -0.0430305 0.70947
1305032378.101402 -0.816404 -0.193306 0.58238 -0.0756117 0.699146 -0.0429559 0.709671
1305032378.130166 -0.81294 -0.209601 0.578173 -0.0832739 0.695716 -0.0408775 0.712301
1305032378.162063 -0.805602 -0.225968 0.573027 -0.094275 0.691159 -0.0393866 0.715443
1305032378.201701 -0.798297 -0.241037 0.569166 -0.10616 0.686309 -0.0382073 0.718505
1305032378.230090 -0.78995 -0.256671 0.56454 -0.119202 0.679156 -0.0339971 0.723451
1305032378.262060 -0.779713 -0.273713 0.562994 -0.132046 0.670084 -0.0316404 0.729761
1305032378.297958 -0.770664 -0.288344 0.558004 -0.143087 0.65928 -0.0297785 0.737556
1305032378.330021 -0.763398 -0.301021 0.550281 -0.159283 0.649504 -0.0261263 0.743028
1305032378.362038 -0.754753 -0.316662 0.542671 -0.177943 0.640226 -0.0175809 0.747086
1305032378.398026 -0.744905 -0.333943 0.535995 -0.194553 0.630641 -0.00880841 0.751241
1305032378.430058 -0.736995 -0.350471 0.528285 -0.209557 0.621401 -0.00233782 0.754944
1305032378.462047 -0.727568 -0.371702 0.521947 -0.227867 0.612336 0.00201303 0.757044
1305032378.497867 -0.718441 -0.391996 0.520792 -0.243522 0.60214 -0.000863239 0.760345
1305032378.530157 -0.708988 -0.413416 0.517227 -0.260082 0.59034 -0.00540347 0.764086
1305032378.562081 -0.701238 -0.434843 0.513145 -0.277965 0.580341 -0.00598288 0.765443
1305032378.597959 -0.692756 -0.455816 0.510701 -0.29632 0.570915 -0.0039384 0.76566
1305032378.630158 -0.682743 -0.477099 0.506194 -0.314896 0.563421 0.000594288 0.763804
1305032378.661960 -0.670277 -0.499995 0.510978 -0.330378 0.558902 0.00213644 0.760575
1305032378.698231 -0.660284 -0.520115 0.514214 -0.335862 0.555531 0.00322619 0.760639
1305032378.730042 -0.652287 -0.539553 0.518919 -0.338983 0.552954 0.00729265 0.761103
1305032378.761985 -0.640828 -0.558161 0.524366 -0.339237 0.55036 0.00922424 0.762848
1305032378.797887 -0.633267 -0.573644 0.527219 -0.337806 0.547528 0.00950137 0.765512
1305032378.830168 -0.625095 -0.587202 0.532137 -0.339473 0.543451 0.0101243 0.767669
1305032378.862028 -0.612528 -0.599954 0.543007 -0.341668 0.535404 0.00561578 0.772381
1305032378.897945 -0.603406 -0.609935 0.546611 -0.345487 0.521564 -0.00540376 0.780115
1305032378.930160 -0.592075 -0.620151 0.551145 -0.354114 0.506129 -0.0201883 0.786148
1305032378.962166 -0.581426 -0.628382 0.555029 -0.363827 0.490944 -0.0376119 0.790689
1305032378.997991 -0.574743 -0.633807 0.553707 -0.372183 0.479615 -0.0493416 0.793104
1305032379.030183 -0.565595 -0.639994 0.55715 -0.382994 0.473405 -0.0503432 0.791624
1305032379.062055 -0.554138 -0.646535 0.559775 -0.386755 0.470489 -0.0452496 0.791841
1305032379.098076 -0.54307 -0.654267 0.56132 -0.387849 0.470178 -0.0339506 0.792056
1305032379.130109 -0.53027 -0.663163 0.561185 -0.389835 0.471833 -0.0194377 0.790585
1305032379.162033 -0.516077 -0.674756 0.56369 -0.394667 0.474273 -0.00611929 0.786934
1305032379.198104 -0.500767 -0.688566 0.570646 -0.396543 0.475837 0.00155428 0.785066
1305032379.230194 -0.487642 -0.701985 0.575572 -0.394611 0.476297 0.00629747 0.785737
1305032379.262091 -0.474379 -0.714909 0.583947 -0.393429 0.473979 0.00826919 0.787711
1305032379.298124 -0.461291 -0.726375 0.59003 -0.39161 0.46567 0.00223265 0.793591
1305032379.330184 -0.450573 -0.738279 0.594226 -0.391698 0.455673 -0.011844 0.799246
1305032379.362135 -0.444399 -0.748279 0.597853 -0.394428 0.448278 -0.0265921 0.801726
1305032379.398082 -0.43309 -0.758172 0.606822 -0.400755 0.441893 -0.0368312 0.801729
1305032379.430183 -0.424809 -0.766055 0.615699 -0.406005 0.435376 -0.0465229 0.802148
1305032379.462019 -0.41308 -0.772915 0.62532 -0.407424 0.426336 -0.0584623 0.805497
1305032379.498116 -0.409486 -0.775475 0.635447 -0.402736 0.41171 -0.0724485 0.814278
1305032379.530134 -0.407409 -0.78121 0.644537 -0.398276 0.396944 -0.0817993 0.822873
1305032379.562170 -0.404053 -0.783796 0.654405 -0.394208 0.388867 -0.0838005 0.828468
1305032379.598236 -0.402227 -0.788477 0.658816 -0.392689 0.382308 -0.0829904 0.832315
1305032379.630200 -0.400525 -0.792592 0.657246 -0.39068 0.37855 -0.0852459 0.834746
1305032379.662215 -0.397415 -0.79658 0.652191 -0.393082 0.374533 -0.0905159 0.834876
1305032379.698218 -0.397596 -0.799601 0.645039 -0.395783 0.370256 -0.101814 0.834206
1305032379.730243 -0.399117 -0.801372 0.630787 -0.398816 0.369956 -0.11132 0.831676
1305032379.762529 -0.395409 -0.804089 0.618151 -0.406503 0.374006 -0.113217 0.825867
1305032379.798231 -0.395489 -0.805774 0.604498 -0.413878 0.377628 -0.111709 0.820745
1305032379.830305 -0.395927 -0.807133 0.592857 -0.420653 0.379449 -0.110038 0.816676
1305032379.862243 -0.395792 -0.808328 0.581376 -0.425932 0.381448 -0.107436 0.813348
1305032379.898138 -0.393894 -0.808633 0.570519 -0.431033 0.383404 -0.10527 0.810018
1305032379.930293 -0.393402 -0.808691 0.560285 -0.434269 0.386617 -0.105941 0.806668
1305032379.962343 -0.393983 -0.808761 0.549791 -0.43727 0.391287 -0.105331 0.802866
1305032379.998300 -0.394132 -0.80724 0.543282 -0.441454 0.393994 -0.104681 0.79933
1305032380.030360 -0.39591 -0.80393 0.535796 -0.442909 0.395561 -0.104858 0.797726
1305032380.062398 -0.397607 -0.800125 0.530329 -0.443829 0.394836 -0.103931 0.797695
1305032380.098304 -0.399953 -0.793707 0.526397 -0.443643 0.391263 -0.103787 0.799575
1305032380.130311 -0.399982 -0.788943 0.523567 -0.441445 0.384824 -0.105934 0.803625
1305032380.162318 -0.400995 -0.783184 0.522005 -0.436764 0.376935 -0.111524 0.809147
1305032380.198396 -0.404163 -0.777663 0.516324 -0.431519 0.371119 -0.116168 0.813982
1305032380.230356 -0.407682 -0.768279 0.513917 -0.424249 0.369025 -0.117315 0.818578
1305032380.262393 -0.410249 -0.757195 0.508255 -0.415241 0.368032 -0.110554 0.824563
1305032380.298557 -0.411531 -0.748142 0.500383 -0.408614 0.367658 -0.096034 0.829843
1305032380.330519 -0.41272 -0.734069 0.497775 -0.39921 0.368581 -0.0827417 0.835424
1305032380.362378 -0.414303 -0.719162 0.494231 -0.383726 0.367204 -0.071575 0.84427
1305032380.398355 -0.414374 -0.704856 0.485057 -0.369334 0.362234 -0.0590584 0.853751
1305032380.430475 -0.412627 -0.690849 0.480194 -0.35576 0.356381 -0.0518403 0.862404
1305032380.462299 -0.414832 -0.675965 0.471722 -0.333766 0.352015 -0.0516108 0.872938
1305032380.498445 -0.414474 -0.673117 0.464383 -0.327543 0.350193 -0.0460827 0.876331
1305032380.530597 -0.413535 -0.658647 0.455528 -0.330043 0.351076 -0.0433768 0.875177
1305032380.562412 -0.411271 -0.642806 0.447851 -0.327056 0.355195 -0.0461471 0.874495
1305032380.598350 -0.410303 -0.624276 0.437297 -0.323873 0.360296 -0.04982 0.87339
1305032380.630332 -0.409932 -0.610153 0.436962 -0.320379 0.362562 -0.0571833 0.87329
1305032380.662349 -0.409242 -0.589886 0.429533 -0.30506 0.360944 -0.0669931 0.878731
1305032380.698289 -0.406569 -0.571215 0.421892 -0.292023 0.359049 -0.0762024 0.883176
1305032380.730370 -0.405111 -0.54979 0.413567 -0.272021 0.356187 -0.0810687 0.89026
1305032380.762372 -0.402508 -0.538725 0.404147 -0.267559 0.354805 -0.0768992 0.892531
1305032380.798301 -0.396084 -0.520928 0.394577 -0.266584 0.356634 -0.073586 0.892373
1305032380.830371 -0.393265 -0.505589 0.383917 -0.254072 0.357058 -0.0720482 0.895972
1305032380.862334 -0.391168 -0.487575 0.369395 -0.241527 0.35844 -0.0702476 0.899027
1305032380.898284 -0.387472 -0.473448 0.355861 -0.23111 0.36452 -0.0671571 0.899557
1305032380.930298 -0.38745 -0.458111 0.34014 -0.216519 0.374386 -0.0623234 0.899483
1305032380.962305 -0.386759 -0.444391 0.323674 -0.205819 0.384307 -0.0592734 0.898016
1305032380.998378 -0.389372 -0.429152 0.309655 -0.196227 0.395671 -0.0545548 0.895524
1305032381.030403 -0.392643 -0.41491 0.296163 -0.187878 0.405462 -0.0457453 0.893425
1305032381.062315 -0.399159 -0.399827 0.282764 -0.180518 0.414066 -0.0357943 0.891449
1305032381.098290 -0.404379 -0.385396 0.271197 -0.175376 0.42371 -0.0213412 0.888401
1305032381.130313 -0.411219 -0.371967 0.261343 -0.170032 0.434459 -0.00457242 0.884484
1305032381.162419 -0.41935 -0.357911 0.251451 -0.16476 0.443439 0.0141266 0.880918
1305032381.198441 -0.427383 -0.34582 0.245035 -0.1636 0.448387 0.0295876 0.878241
1305032381.230357 -0.436058 -0.336229 0.237901 -0.162169 0.452674 0.0369059 0.876028
1305032381.262413 -0.445698 -0.329069 0.232387 -0.155912 0.45868 0.0441688 0.8737
1305032381.298382 -0.457267 -0.322794 0.226155 -0.147169 0.46343 0.0538793 0.872164
1305032381.330288 -0.467213 -0.315417 0.217392 -0.140821 0.468442 0.0627658 0.869938
1305032381.362293 -0.476341 -0.311573 0.20615 -0.13808 0.476152 0.0679143 0.865795
1305032381.398352 -0.485839 -0.311412 0.193674 -0.137107 0.485851 0.073754 0.860064
1305032381.430337 -0.492778 -0.312329 0.181917 -0.133105 0.497791 0.0774268 0.853517
1305032381.462322 -0.503418 -0.313991 0.168871 -0.126182 0.513705 0.080245 0.844835
1305032381.498437 -0.512647 -0.316631 0.155517 -0.12064 0.526941 0.0814401 0.837345
1305032381.530570 -0.520655 -0.321559 0.145798 -0.11196 0.536944 0.0778453 0.832524
1305032381.562344 -0.53196 -0.324586 0.136342 -0.10214 0.548041 0.0763609 0.826672
1305032381.598331 -0.541035 -0.328676 0.130559 -0.0944598 0.557564 0.0787702 0.820972
1305032381.630276 -0.548159 -0.333164 0.124216 -0.0840192 0.566258 0.0769591 0.816315
1305032381.662406 -0.556082 -0.336715 0.120432 -0.0718906 0.5727 0.0731863 0.81332
1305032381.698379 -0.563685 -0.339641 0.114156 -0.0605591 0.573673 0.0699192 0.813844
1305032381.730349 -0.568015 -0.342066 0.108094 -0.0525159 0.574011 0.0680805 0.81432
1305032381.762321 -0.56613 -0.351248 0.104187 -0.0428973 0.57267 0.0663496 0.815969
1305032381.798267 -0.565845 -0.35532 0.0974465 -0.0264069 0.571677 0.0651184 0.817464
1305032381.830339 -0.567979 -0.357124 0.0896907 -0.0120785 0.571044 0.0676909 0.818034
1305032381.862314 -0.562513 -0.361621 0.0813541 0.00175878 0.573416 0.0676954 0.81646
1305032381.898313 -0.560209 -0.369445 0.0738832 0.0172449 0.57711 0.0615528 0.814161
1305032381.930344 -0.56077 -0.36898 0.0666652 0.0330126 0.578959 0.0528167 0.812974
1305032381.962306 -0.561206 -0.370191 0.0541781 0.0445343 0.582706 0.0487915 0.809993
1305032381.998299 -0.561112 -0.372044 0.0466622 0.0560114 0.58745 0.0466123 0.805972
1305032382.030594 -0.561253 -0.375625 0.0349982 0.0671496 0.591261 0.0470041 0.802304
1305032382.062333 -0.561497 -0.378566 0.0274369 0.0774335 0.594279 0.0496778 0.798979
1305032382.098407 -0.559586 -0.379178 0.0176154 0.0826518 0.597118 0.0522594 0.79617
1305032382.130332 -0.557294 -0.376388 0.0112584 0.0835786 0.599349 0.0570123 0.794068
1305032382.162337 -0.552519 -0.373846 0.00143327 0.0790802 0.59894 0.0638277 0.794319
1305032382.198300 -0.547423 -0.376135 -0.00670582 0.0713002 0.598359 0.0685076 0.795103
1305032382.230395 -0.53886 -0.37383 -0.013172 0.0585358 0.595951 0.0725602 0.797591
1305032382.262337 -0.52603 -0.380714 -0.0159933 0.0428588 0.590893 0.075879 0.802029
1305032382.298388 -0.513321 -0.383072 -0.019639 0.0278799 0.582995 0.0776685 0.808274
1305032382.330338 -0.497301 -0.386033 -0.022571 0.00827348 0.573191 0.0788886 0.815573
1305032382.362344 -0.477738 -0.388396 -0.018921 -0.0103941 0.561892 0.0812089 0.823149
1305032382.398302 -0.4576 -0.38919 -0.0200849 -0.0298641 0.547686 0.0868783 0.831625
1305032382.430306 -0.433852 -0.395692 -0.0190129 -0.051767 0.532502 0.0921717 0.839801
1305032382.462307 -0.410919 -0.400756 -0.0140795 -0.0719995 0.516491 0.0947311 0.847985
1305032382.498305 -0.384735 -0.405878 -0.0107447 -0.0972836 0.49717 0.0964328 0.856772
1305032382.530313 -0.351948 -0.420019 -0.00749204 -0.117502 0.478199 0.0925609 0.86542
1305032382.562286 -0.32638 -0.423291 -0.000896281 -0.132606 0.461972 0.0883543 0.872462
1305032382.598353 -0.298459 -0.432981 0.0109669 -0.154914 0.442536 0.0899726 0.878674
1305032382.630346 -0.266425 -0.450561 0.0233075 -0.17254 0.421889 0.0874517 0.885772
1305032382.662292 -0.237414 -0.467497 0.035465 -0.182711 0.406864 0.0811529 0.891343
1305032382.698317 -0.212272 -0.481789 0.0519358 -0.191786 0.394055 0.0708422 0.896058
1305032382.730327 -0.184519 -0.501474 0.068734 -0.208402 0.377844 0.0580337 0.900241
1305032382.762183 -0.160078 -0.525662 0.0877182 -0.218499 0.364015 0.0418293 0.904434
1305032382.798300 -0.141895 -0.546526 0.106968 -0.225916 0.350511 0.0282277 0.908464
1305032382.830351 -0.123024 -0.569051 0.127078 -0.237137 0.334252 0.0160587 0.912022
1305032382.862516 -0.107121 -0.594086 0.151829 -0.24528 0.315622 0.00417797 0.916625
1305032382.898275 -0.0938354 -0.616103 0.174286 -0.248606 0.29438 -0.00762437 0.922755
1305032382.930284 -0.0809068 -0.634034 0.190113 -0.251699 0.274389 -0.013016 0.928002
1305032382.962382 -0.070525 -0.649774 0.206416 -0.257106 0.255033 -0.0155362 0.931994
1305032382.998323 -0.0592787 -0.666319 0.22321 -0.264866 0.235321 -0.0173733 0.934969
1305032383.030405 -0.0478962 -0.68163 0.2382 -0.270132 0.21861 -0.0201005 0.937461
1305032383.062301 -0.0380133 -0.696911 0.254075 -0.273623 0.203519 -0.0248567 0.93973
1305032383.098297 -0.0323972 -0.705672 0.26641 -0.270428 0.187885 -0.0308868 0.943723
1305032383.130529 -0.0262836 -0.704842 0.269997 -0.273464 0.171014 -0.0319477 0.946018
1305032383.162552 -0.0166083 -0.710271 0.279718 -0.286856 0.15346 -0.0371988 0.94487
1305032383.198294 -0.0118358 -0.717011 0.290735 -0.300147 0.141948 -0.0486648 0.942016
1305032383.231449 -0.00780078 -0.724527 0.301738 -0.309673 0.132208 -0.0614772 0.939598
1305032383.262330 -0.00596065 -0.731739 0.312794 -0.313234 0.119267 -0.072558 0.939359
1305032383.298309 -0.00260651 -0.739962 0.321874 -0.313582 0.102612 -0.0801443 0.940592
1305032383.330305 0.00172721 -0.745296 0.327355 -0.311958 0.0854965 -0.0846278 0.942449
1305032383.362334 0.00703462 -0.753325 0.333301 -0.312699 0.0688935 -0.0903244 0.943034
1305032383.398286 0.0115219 -0.759574 0.338106 -0.312207 0.0543868 -0.0977164 0.943409
1305032383.430324 0.0171023 -0.767845 0.341735 -0.313912 0.0398213 -0.104583 0.942834
1305032383.462332 0.021005 -0.775412 0.343377 -0.314708 0.0290427 -0.111816 0.942132
1305032383.498344 0.0271815 -0.780709 0.341419 -0.317327 0.0223873 -0.116452 0.940872
1305032383.530359 0.0195451 -0.794211 0.349973 -0.319245 0.0148496 -0.125015 0.939272
1305032383.562471 0.0175178 -0.798347 0.347002 -0.310998 0.00442495 -0.125257 0.94211
1305032383.598345 0.0188892 -0.801313 0.342458 -0.310334 -0.0071411 -0.118738 0.943156
1305032383.630389 0.0174174 -0.806089 0.343173 -0.31152 -0.0216547 -0.117869 0.942652
1305032383.662347 0.0178958 -0.80977 0.343279 -0.312405 -0.0376926 -0.120754 0.941488
1305032383.698408 0.0184343 -0.811214 0.341695 -0.317549 -0.0527049 -0.123464 0.938691
1305032383.730311 0.0153113 -0.816766 0.345457 -0.326174 -0.0652551 -0.126197 0.934572
1305032383.762295 0.0119897 -0.820621 0.348022 -0.331028 -0.0761576 -0.128504 0.931723
1305032383.798245 0.00719015 -0.822042 0.351315 -0.333125 -0.08765 -0.131815 0.9295
1305032383.830511 0.0073587 -0.821944 0.35177 -0.334303 -0.0981133 -0.133294 0.927819
1305032383.862397 0.00684296 -0.821689 0.352281 -0.336258 -0.10504 -0.133366 0.926342
1305032383.898295 0.00716653 -0.819506 0.352683 -0.33647 -0.108599 -0.13192 0.926062
1305032383.930382 0.00896188 -0.815342 0.351706 -0.337563 -0.110502 -0.127545 0.926052
1305032383.962464 0.0120729 -0.813127 0.351968 -0.340413 -0.11171 -0.121124 0.925726
1305032383.998360 0.014814 -0.808792 0.353703 -0.341748 -0.111762 -0.113403 0.926206
1305032384.030384 0.0183111 -0.803612 0.351903 -0.341898 -0.112604 -0.106569 0.926859
1305032384.062390 0.0219709 -0.800769 0.35319 -0.343185 -0.114378 -0.101574 0.926728
1305032384.098318 0.0221562 -0.798171 0.355308 -0.343083 -0.115733 -0.0960741 0.927184
1305032384.130400 0.0262573 -0.795177 0.353911 -0.341331 -0.116432 -0.0892242 0.928426
1305032384.162395 0.0290937 -0.795074 0.356311 -0.339126 -0.116426 -0.0852553 0.929607
1305032384.198333 0.0311044 -0.793353 0.356299 -0.334809 -0.118015 -0.0832335 0.931154
1305032384.230364 0.0334048 -0.794607 0.358391 -0.331691 -0.119014 -0.0802989 0.932399
1305032384.262262 0.0338215 -0.795936 0.36127 -0.324783 -0.120171 -0.076426 0.935004
1305032384.298317 0.0361611 -0.793106 0.358699 -0.315558 -0.123233 -0.0712953 0.938165
1305032384.330331 0.0438975 -0.786199 0.353065 -0.307998 -0.126199 -0.0664848 0.940633
1305032384.362345 0.0491936 -0.783012 0.350791 -0.305472 -0.126279 -0.063914 0.941624
1305032384.398303 0.052094 -0.77543 0.347724 -0.303591 -0.126829 -0.0654018 0.942056
1305032384.431342 0.0559891 -0.767772 0.345134 -0.301783 -0.129841 -0.069699 0.941918
1305032384.462609 0.0598001 -0.756411 0.341773 -0.300324 -0.132851 -0.0734886 0.941677
1305032384.498266 0.063278 -0.747096 0.339294 -0.300067 -0.13398 -0.0740481 0.941555
1305032384.530361 0.068296 -0.732836 0.334064 -0.298351 -0.136953 -0.0745645 0.941632
1305032384.566265 0.0734601 -0.718188 0.329311 -0.299221 -0.138996 -0.0753247 0.940995
1305032384.598309 0.0760467 -0.704045 0.326385 -0.298307 -0.138517 -0.0729149 0.941546
1305032384.630376 0.0801324 -0.691425 0.322154 -0.295863 -0.137209 -0.0658759 0.943026
1305032384.666270 0.0850511 -0.677609 0.318475 -0.293459 -0.138484 -0.0561446 0.94422
1305032384.698533 0.0926279 -0.666106 0.317368 -0.289713 -0.140146 -0.0462689 0.945666
1305032384.730303 0.0998134 -0.65387 0.313655 -0.281152 -0.138191 -0.0371796 0.948933
1305032384.766314 0.10587 -0.643733 0.310163 -0.271659 -0.138781 -0.0284647 0.951909
1305032384.798284 0.113533 -0.630797 0.307014 -0.255739 -0.141936 -0.0227059 0.956
1305032384.830384 0.121815 -0.619947 0.301084 -0.23838 -0.144447 -0.0175329 0.960209
1305032384.866305 0.132579 -0.60631 0.292709 -0.221676 -0.14719 -0.0115356 0.963878
1305032384.898278 0.141652 -0.589798 0.284624 -0.205525 -0.147403 -0.005932 0.967469
1305032384.930358 0.150254 -0.575142 0.276226 -0.190819 -0.146788 -0.00031101 0.970588
1305032384.966321 0.161601 -0.560694 0.267503 -0.177409 -0.145166 0.00389945 0.973364
1305032384.998291 0.170715 -0.547035 0.259376 -0.16547 -0.141668 0.00823192 0.975952
1305032385.030348 0.181456 -0.530899 0.250413 -0.152895 -0.140777 0.0147202 0.978053
1305032385.066236 0.194752 -0.514915 0.240155 -0.14486 -0.138775 0.0198475 0.979471
1305032385.098221 0.204414 -0.502466 0.233344 -0.137666 -0.134196 0.0244144 0.981042
1305032385.130368 0.216968 -0.48852 0.225049 -0.128258 -0.13092 0.0296104 0.982615
1305032385.166295 0.227536 -0.473022 0.216528 -0.122467 -0.125707 0.0336864 0.983903
1305032385.198298 0.236804 -0.460957 0.210634 -0.11515 -0.12296 0.0369394 0.985016
1305032385.230529 0.249626 -0.445986 0.205095 -0.103713 -0.120434 0.0367072 0.986606
1305032385.266354 0.258504 -0.433511 0.198642 -0.0961066 -0.116081 0.0327144 0.988037
1305032385.298337 0.266871 -0.417619 0.193295 -0.089239 -0.113359 0.026863 0.989173
1305032385.330400 0.272592 -0.40568 0.189894 -0.0821484 -0.111862 0.0224192 0.990068
1305032385.366405 0.279373 -0.391179 0.185741 -0.0707553 -0.1137 0.0162192 0.99086
1305032385.398286 0.285404 -0.376608 0.182448 -0.0597098 -0.114714 0.0091403 0.99156
1305032385.430290 0.288211 -0.361819 0.180473 -0.0524126 -0.117019 0.00400165 0.991737
1305032385.466253 0.292668 -0.352261 0.183448 -0.0404045 -0.121813 -0.00187967 0.991728
1305032385.498209 0.293568 -0.334649 0.179628 -0.0232621 -0.126076 -0.00397387 0.99174
1305032385.530304 0.297788 -0.31574 0.179484 -0.0134606 -0.132776 -0.00573255 0.991038
1305032385.566282 0.299736 -0.297065 0.17885 -0.0104816 -0.137211 -0.00772878 0.990456
1305032385.598292 0.300689 -0.281114 0.181153 -0.0116659 -0.140736 -0.00665793 0.989956
1305032385.630323 0.299534 -0.267479 0.185165 -0.00964109 -0.147868 -0.000856267 0.98896
1305032385.666392 0.299652 -0.251922 0.185446 -0.00776921 -0.154074 0.00545677 0.988014
1305032385.698221 0.299358 -0.239185 0.18756 -0.0103363 -0.159696 0.0119929 0.987039
1305032385.730305 0.301515 -0.227675 0.189815 -0.00993714 -0.16544 0.0216543 0.985932
1305032385.766216 0.30709 -0.2046 0.191939 -0.0126961 -0.16425 0.0467414 0.985229
1305032385.830307 0.315979 -0.192871 0.19703 -0.00519279 -0.163502 0.0614968 0.98461
1305032385.866318 0.317399 -0.174608 0.194858 0.00280987 -0.162453 0.0783922 0.983593
1305032385.898326 0.320576 -0.162463 0.196781 0.00379631 -0.162376 0.089538 0.982651
1305032385.930288 0.324521 -0.151909 0.200914 0.00824776 -0.161328 0.0960439 0.982181
1305032385.966310 0.324073 -0.132426 0.204904 0.0184291 -0.156784 0.110702 0.981236
1305032386.030330 0.330611 -0.120366 0.21146 0.019076 -0.15489 0.120874 0.980324
1305032386.066256 0.333634 -0.105659 0.218738 0.0216608 -0.161292 0.135789 0.97728
1305032386.130381 0.328766 -0.0940847 0.222318 0.0202181 -0.167724 0.139324 0.97573
1305032386.166258 0.330061 -0.0849018 0.23041 0.0149694 -0.177178 0.143133 0.9736
1305032386.198223 0.329145 -0.0799979 0.237893 0.00999184 -0.187748 0.147387 0.971045
1305032386.230319 0.329889 -0.0748718 0.244527 0.00481493 -0.200348 0.147312 0.968574
1305032386.266337 0.340558 -0.0656656 0.256812 -0.00971334 -0.225038 0.147731 0.963036
1305032386.330294 0.338589 -0.0600155 0.259228 -0.0184301 -0.236996 0.14295 0.960759
1305032386.366261 0.346633 -0.0603133 0.271607 -0.0378107 -0.260453 0.128775 0.956113
1305032386.430384 0.3473 -0.0634517 0.271866 -0.0436127 -0.26962 0.1188 0.954615
1305032386.466238 0.360367 -0.0769763 0.282113 -0.053211 -0.293354 0.100939 0.94917
1305032386.530449 0.365116 -0.086837 0.282488 -0.0547302 -0.304327 0.0892749 0.946794
1305032386.566270 0.370665 -0.0976331 0.285822 -0.0590522 -0.313976 0.0802323 0.94419
1305032386.598281 0.377115 -0.107357 0.291231 -0.0596137 -0.323784 0.073373 0.941396
1305032386.630302 0.382643 -0.118097 0.293231 -0.0580973 -0.327874 0.0658574 0.94063
1305032386.666363 0.391716 -0.129015 0.297569 -0.060597 -0.332666 0.060149 0.939171
1305032386.698268 0.401877 -0.138411 0.301422 -0.0644361 -0.338536 0.0527214 0.937263
1305032386.730306 0.410627 -0.148215 0.304216 -0.0713911 -0.342973 0.0424311 0.935667
1305032386.766239 0.418247 -0.155932 0.309225 -0.0785833 -0.346182 0.0333202 0.934276
1305032386.798231 0.425998 -0.166093 0.314957 -0.0890779 -0.349805 0.0232888 0.932287
1305032386.830304 0.432556 -0.174488 0.31856 -0.101893 -0.351554 0.0103623 0.930548
1305032386.866257 0.443708 -0.19584 0.328939 -0.135466 -0.354838 -0.0101321 0.925006
1305032386.930353 0.455073 -0.202991 0.334668 -0.153758 -0.356922 -0.0224635 0.921119
1305032386.966319 0.463675 -0.233837 0.34663 -0.192896 -0.35612 -0.0415886 0.913367
1305032387.030343 0.468877 -0.244784 0.355208 -0.203213 -0.357271 -0.0432684 0.910598
1305032387.066271 0.476184 -0.25627 0.360842 -0.206346 -0.359184 -0.0490602 0.908846
1305032387.098286 0.482771 -0.276142 0.367173 -0.21408 -0.361642 -0.061922 0.90529
1305032387.130350 0.493568 -0.296698 0.374719 -0.223936 -0.362442 -0.0758618 0.901517
1305032387.166222 0.501106 -0.312557 0.381824 -0.229005 -0.360301 -0.0871955 0.900076
1305032387.198268 0.50803 -0.329708 0.390071 -0.230951 -0.356658 -0.0950603 0.900233
1305032387.230283 0.514039 -0.356697 0.408856 -0.233669 -0.350494 -0.111424 0.900076
1305032387.298368 0.52162 -0.374947 0.413768 -0.238266 -0.348137 -0.121718 0.898451
1305032387.330577 0.530202 -0.393038 0.420962 -0.247984 -0.34593 -0.130435 0.895445
1305032387.366220 0.533344 -0.405476 0.430327 -0.254651 -0.344619 -0.138538 0.892859
1305032387.398271 0.541313 -0.423531 0.441875 -0.259104 -0.346051 -0.144163 0.890129
1305032387.430273 0.5454 -0.437833 0.449089 -0.266059 -0.346803 -0.151147 0.886619
1305032387.466265 0.548485 -0.452553 0.458986 -0.27094 -0.346481 -0.159688 0.883766
1305032387.498285 0.547903 -0.46784 0.466689 -0.272317 -0.347852 -0.167235 0.881405
1305032387.530295 0.547712 -0.491208 0.483056 -0.274622 -0.36026 -0.181076 0.87293
1305032387.598263 0.55002 -0.504914 0.490881 -0.275902 -0.367739 -0.18996 0.867503
1305032387.630372 0.551135 -0.516885 0.499583 -0.276204 -0.375937 -0.200211 0.861567
1305032387.666258 0.548549 -0.528844 0.506637 -0.276704 -0.38439 -0.208589 0.855669
1305032387.698277 0.548714 -0.540547 0.513674 -0.279611 -0.391681 -0.214725 0.84988
1305032387.730288 0.552341 -0.551408 0.521638 -0.284794 -0.39723 -0.221232 0.843894
1305032387.766251 0.556786 -0.559321 0.530088 -0.29091 -0.40247 -0.229071 0.837207
1305032387.798282 0.557356 -0.567341 0.537399 -0.300812 -0.405364 -0.236739 0.830148
1305032387.830291 0.556838 -0.574576 0.546802 -0.31077 -0.407487 -0.23987 0.824523
1305032387.866424 0.556747 -0.582182 0.554507 -0.322472 -0.407364 -0.237764 0.820692
1305032387.898274 0.558612 -0.589077 0.564286 -0.336134 -0.406801 -0.2348 0.816331
1305032387.930296 0.561182 -0.593264 0.578145 -0.345537 -0.408675 -0.233924 0.811707
1305032387.966264 0.562192 -0.600593 0.591166 -0.351133 -0.410513 -0.237204 0.807414
1305032387.998271 0.564315 -0.607035 0.60799 -0.352792 -0.413538 -0.241839 0.803765
1305032388.030284 0.568358 -0.615627 0.618317 -0.352491 -0.415455 -0.24895 0.800732
1305032388.066278 0.5694 -0.622795 0.630377 -0.349597 -0.418238 -0.254507 0.798802
1305032388.098203 0.570589 -0.632314 0.641374 -0.346457 -0.422325 -0.25629 0.797449
1305032388.130279 0.576536 -0.655669 0.654087 -0.342705 -0.428957 -0.257209 0.795231
1305032388.166206 0.578949 -0.666173 0.663572 -0.338351 -0.433294 -0.256643 0.794927
1305032388.198299 0.577733 -0.677717 0.679906 -0.336974 -0.43754 -0.252988 0.794357
1305032388.266264 0.578432 -0.688626 0.686157 -0.338581 -0.43921 -0.249771 0.79377
1305032388.298267 0.575401 -0.696238 0.698176 -0.338918 -0.441818 -0.244316 0.793877
1305032388.330289 0.575758 -0.704124 0.707472 -0.337514 -0.444979 -0.238873 0.794366
1305032388.366200 0.576531 -0.714038 0.713787 -0.33703 -0.446656 -0.232998 0.795375
1305032388.398324 0.574569 -0.721108 0.723168 -0.336254 -0.447972 -0.227627 0.796517
1305032388.430353 0.57404 -0.730329 0.731401 -0.335082 -0.449404 -0.224171 0.797184
1305032388.466360 0.572003 -0.738545 0.74223 -0.331903 -0.45244 -0.22312 0.797092
1305032388.498314 0.567875 -0.747019 0.749168 -0.327936 -0.456296 -0.223043 0.796557
1305032388.530317 0.564012 -0.76629 0.754779 -0.325984 -0.462094 -0.224577 0.793579
1305032388.566433 0.54938 -0.776179 0.772872 -0.318321 -0.473203 -0.231942 0.788006
1305032388.630638 0.547345 -0.785135 0.775689 -0.315327 -0.476755 -0.238492 0.785108
1305032388.666463 0.545671 -0.793467 0.777862 -0.31575 -0.479916 -0.247295 0.780274
1305032388.698276 0.539898 -0.797915 0.783111 -0.316015 -0.482511 -0.257871 0.775126
1305032388.730300 0.529652 -0.803016 0.78888 -0.317625 -0.484637 -0.267075 0.770008
1305032388.766466 0.517976 -0.806959 0.795205 -0.319045 -0.487228 -0.27445 0.765177
1305032388.798291 0.505038 -0.809347 0.800496 -0.320625 -0.489763 -0.278653 0.76137
1305032388.830274 0.492558 -0.810952 0.808722 -0.321236 -0.493442 -0.281007 0.757864
1305032388.866265 0.482473 -0.813721 0.817367 -0.320536 -0.498132 -0.283046 0.754325
1305032388.898315 0.472433 -0.81557 0.82308 -0.318659 -0.50285 -0.285152 0.75119
1305032388.930350 0.463111 -0.81698 0.831648 -0.316897 -0.507652 -0.285488 0.748573
1305032388.966222 0.455713 -0.818921 0.834394 -0.315188 -0.511509 -0.28457 0.747017
1305032388.998435 0.451526 -0.821895 0.837483 -0.313887 -0.516466 -0.284905 0.744021
1305032389.030354 0.44651 -0.82213 0.848257 -0.311249 -0.523557 -0.287191 0.739279
1305032389.066283 0.439333 -0.821519 0.857403 -0.306398 -0.530143 -0.291722 0.734824
1305032389.098475 0.437603 -0.821668 0.860956 -0.30256 -0.534931 -0.295838 0.731291
1305032389.130339 0.43858 -0.821522 0.863862 -0.300002 -0.538889 -0.299689 0.727862
1305032389.166249 0.430875 -0.817667 0.876221 -0.295073 -0.544502 -0.302929 0.72435
1305032389.198192 0.429849 -0.817176 0.88213 -0.289015 -0.549623 -0.306194 0.721547
1305032389.230352 0.434365 -0.819168 0.884084 -0.284292 -0.55552 -0.309456 0.717504
1305032389.266261 0.434601 -0.816685 0.888462 -0.279674 -0.562498 -0.312441 0.712573
1305032389.298468 0.43645 -0.813424 0.894559 -0.275691 -0.568815 -0.314357 0.708254
1305032389.330364 0.443553 -0.811324 0.899872 -0.273773 -0.572945 -0.315952 0.704952
1305032389.366289 0.451348 -0.807232 0.90547 -0.273423 -0.576142 -0.317515 0.701772
1305032389.398221 0.452636 -0.803759 0.914441 -0.272694 -0.580467 -0.318365 0.698097
1305032389.430273 0.457473 -0.799396 0.921831 -0.269741 -0.585283 -0.317366 0.695674
1305032389.466345 0.470968 -0.795473 0.927641 -0.268322 -0.589548 -0.316679 0.692929
1305032389.498274 0.481434 -0.791451 0.933724 -0.267713 -0.592351 -0.317643 0.690328
1305032389.530390 0.485275 -0.78761 0.940677 -0.266603 -0.593803 -0.318682 0.68903
1305032389.566312 0.494826 -0.784115 0.945276 -0.265592 -0.596356 -0.318361 0.687362
1305032389.598318 0.506275 -0.781395 0.947169 -0.265629 -0.59907 -0.318323 0.685001
1305032389.630446 0.508824 -0.779319 0.955023 -0.265796 -0.601328 -0.316747 0.683687
1305032389.666311 0.514763 -0.775047 0.961549 -0.263204 -0.603426 -0.311573 0.685217
1305032389.698354 0.527078 -0.770718 0.965707 -0.260084 -0.606282 -0.306662 0.686102
1305032389.730325 0.536139 -0.766083 0.97056 -0.256972 -0.608583 -0.30294 0.686891
1305032389.766305 0.539307 -0.761463 0.975913 -0.253633 -0.610376 -0.296796 0.68922
1305032389.798350 0.545695 -0.756421 0.978734 -0.25025 -0.612145 -0.288411 0.69244
1305032389.830333 0.557006 -0.749923 0.981829 -0.246783 -0.613929 -0.280703 0.695266
1305032389.866297 0.559636 -0.74295 0.986199 -0.240942 -0.616842 -0.274041 0.697391
1305032389.898298 0.561023 -0.73491 0.98858 -0.228867 -0.624263 -0.268741 0.696917
1305032389.930390 0.564386 -0.727899 0.988746 -0.216962 -0.632297 -0.261675 0.696171
1305032389.966584 0.571212 -0.72154 0.985515 -0.205481 -0.640497 -0.254959 0.694648
1305032389.998160 0.573274 -0.711013 0.987338 -0.192352 -0.650548 -0.247462 0.691773
1305032390.030360 0.582613 -0.703616 0.986933 -0.181667 -0.657102 -0.241255 0.690659
1305032390.066362 0.593623 -0.697519 0.984692 -0.176593 -0.6587 -0.236836 0.691981
1305032390.098296 0.592965 -0.685564 0.984577 -0.171416 -0.660597 -0.230412 0.693641
1305032390.130365 0.5922 -0.675351 0.984921 -0.166191 -0.662335 -0.221909 0.696024
1305032390.166283 0.601575 -0.667959 0.982354 -0.161879 -0.663338 -0.215605 0.698063
1305032390.198282 0.597424 -0.657254 0.982523 -0.155608 -0.663706 -0.20977 0.700912
1305032390.230411 0.599776 -0.645235 0.982241 -0.14886 -0.663757 -0.198595 0.705569
1305032390.266217 0.605896 -0.637712 0.981612 -0.144549 -0.663656 -0.18833 0.709365
1305032390.298276 0.60839 -0.626591 0.982169 -0.140553 -0.662825 -0.177152 0.71381
1305032390.330278 0.614279 -0.620414 0.980827 -0.139314 -0.662651 -0.16669 0.716728
1305032390.366126 0.613901 -0.610066 0.981666 -0.136813 -0.664438 -0.156159 0.717926
1305032390.398300 0.612813 -0.601641 0.982521 -0.132909 -0.666661 -0.146587 0.718616
1305032390.430297 0.615273 -0.592443 0.979151 -0.128182 -0.667781 -0.138927 0.719956
1305032390.466247 0.618035 -0.575352 0.983354 -0.122664 -0.67108 -0.122984 0.720749
1305032390.530298 0.618693 -0.567192 0.985385 -0.117794 -0.672372 -0.114245 0.721795
1305032390.566260 0.622136 -0.563701 0.983855 -0.114849 -0.672879 -0.105667 0.723102
1305032390.598269 0.622897 -0.551225 0.987472 -0.110346 -0.673545 -0.095554 0.72459
1305032390.630354 0.625466 -0.540946 0.988516 -0.104428 -0.672393 -0.0865764 0.727658
1305032390.666360 0.630262 -0.534194 0.990648 -0.100932 -0.672455 -0.0804212 0.728799
1305032390.698339 0.633953 -0.526191 0.992917 -0.0984979 -0.673113 -0.074755 0.729129
1305032390.730324 0.640064 -0.516822 0.99652 -0.0979432 -0.673039 -0.0694749 0.729794
1305032390.766286 0.645093 -0.506718 1.00178 -0.0993538 -0.673187 -0.0660583 0.729783
1305032390.798308 0.64573 -0.49379 1.00858 -0.0998665 -0.673877 -0.0625585 0.729385
1305032390.830359 0.645725 -0.481386 1.0159 -0.0989694 -0.675404 -0.0571065 0.728542
1305032390.866336 0.65065 -0.470076 1.02309 -0.0983705 -0.67682 -0.0528727 0.727628
1305032390.898311 0.651169 -0.459376 1.02996 -0.0962407 -0.678159 -0.0489603 0.726939
1305032390.930353 0.651125 -0.446234 1.03944 -0.0908235 -0.680917 -0.0426792 0.725452
1305032390.966292 0.652826 -0.43093 1.04799 -0.0819328 -0.684788 -0.0355173 0.72325
1305032390.998365 0.656958 -0.41631 1.05665 -0.0778553 -0.687936 -0.0321713 0.720866
1305032391.030566 0.662525 -0.406433 1.05887 -0.0785464 -0.688059 -0.0302556 0.720756
1305032391.066281 0.660593 -0.393632 1.06567 -0.0800857 -0.689721 -0.0254849 0.719182
1305032391.098310 0.65755 -0.380865 1.07237 -0.0763385 -0.693404 -0.0201398 0.71621
1305032391.130361 0.660343 -0.368404 1.07541 -0.0724676 -0.695415 -0.0162137 0.714761
1305032391.166263 0.661153 -0.358628 1.07887 -0.0726721 -0.695912 -0.0122154 0.714336
1305032391.198275 0.660326 -0.343219 1.08288 -0.0737326 -0.696902 -0.00525798 0.713346
1305032391.230301 0.660112 -0.330784 1.08723 -0.0737948 -0.698333 0.000871521 0.711958
1305032391.266335 0.661962 -0.317104 1.08974 -0.0746927 -0.69976 0.00530378 0.710443
1305032391.298278 0.660227 -0.302729 1.09328 -0.0764216 -0.701574 0.0105991 0.708407
1305032391.330276 0.660278 -0.29007 1.09593 -0.078872 -0.70276 0.0161417 0.706857
1305032391.366253 0.661331 -0.279721 1.09891 -0.0818469 -0.704273 0.0202739 0.704904
1305032391.398298 0.659812 -0.268872 1.10214 -0.0853578 -0.706837 0.0238919 0.701801
1305032391.430307 0.658113 -0.259069 1.10414 -0.0894374 -0.708864 0.027184 0.699123
1305032391.466196 0.659062 -0.249701 1.10516 -0.0946581 -0.709338 0.0299391 0.697841
1305032391.498122 0.657128 -0.240289 1.10576 -0.0981226 -0.708806 0.0352971 0.697653
1305032391.530302 0.655427 -0.233601 1.10611 -0.101885 -0.709099 0.0424364 0.696417
1305032391.566367 0.655693 -0.225684 1.10495 -0.106602 -0.709551 0.0482892 0.694868
1305032391.598147 0.65432 -0.216843 1.10421 -0.110269 -0.710266 0.0521165 0.693287
1305032391.630273 0.652519 -0.210193 1.10174 -0.114113 -0.711798 0.0557841 0.690804
1305032391.666362 0.651205 -0.202286 1.10008 -0.119285 -0.714387 0.0584838 0.687024
1305032391.698346 0.649166 -0.196268 1.09514 -0.123611 -0.716215 0.0558851 0.684568
1305032391.730278 0.647359 -0.188546 1.09039 -0.125847 -0.716667 0.053704 0.683861
1305032391.766303 0.644261 -0.186254 1.08375 -0.130701 -0.715279 0.0536508 0.684408
1305032391.798157 0.643548 -0.17921 1.0781 -0.136832 -0.711344 0.0529887 0.687356
1305032391.830252 0.641502 -0.174845 1.07283 -0.139326 -0.706704 0.0520384 0.6917
1305032391.866276 0.63932 -0.169404 1.06948 -0.139017 -0.703511 0.0540942 0.694853
1305032391.898229 0.639858 -0.165664 1.06653 -0.140547 -0.701344 0.0539768 0.696742
1305032391.930429 0.635876 -0.160105 1.06357 -0.139387 -0.701276 0.0497953 0.697354
1305032391.966414 0.632571 -0.158667 1.06131 -0.132702 -0.701823 0.0461729 0.698357
