0 0.000782 0.054238 100.000000 9.009009
0 0.000707 0.048147 200.000000 7.604563
0 0.000631 0.066128 300.000000 7.142857
0 0.000777 0.068643 400.000000 6.884682
0 0.000576 0.023718 500.000000 7.267442
0 0.000383 0.010813 600.000000 7.263923
0 0.000330 0.028881 700.000000 7.179487
0 0.000328 0.038852 800.000000 7.299270
10 0.000780 0.043244 100.000000 8.849558
10 0.000665 0.046400 200.000000 7.722008
10 0.000721 0.070641 300.000000 7.075472
10 0.000767 0.064545 400.000000 6.932409
10 0.000565 0.018996 500.000000 7.309941
10 0.000359 0.009286 600.000000 7.281553
10 0.000313 0.025487 700.000000 7.194244
10 0.000325 0.037410 800.000000 7.326007
20 0.001054 0.056232 100.000000 8.196721
20 0.000730 0.052168 200.000000 7.782101
20 0.000785 0.076738 300.000000 7.025761
20 0.000775 0.063396 400.000000 6.956522
20 0.000561 0.019049 500.000000 7.342144
20 0.000378 0.011275 600.000000 7.290401
20 0.000330 0.028043 700.000000 7.201646
20 0.000352 0.039941 800.000000 7.346189
30 0.001111 0.040810 100.000000 7.751938
30 0.000676 0.049173 200.000000 7.751938
30 0.000782 0.077685 300.000000 7.009346
30 0.000749 0.053761 400.000000 6.968641
30 0.000520 0.011581 500.000000 7.363770
30 0.000347 0.008030 600.000000 7.290401
30 0.000304 0.023232 700.000000 7.179487
30 0.000358 0.036801 800.000000 7.352941
40 0.001013 0.033154 100.000000 7.518797
40 0.000645 0.043140 200.000000 7.692307
40 0.000705 0.071766 300.000000 6.993007
40 0.000695 0.041573 400.000000 6.956522
40 0.000492 0.007023 500.000000 7.363770
40 0.000351 0.009326 600.000000 7.263923
40 0.000292 0.021283 700.000000 7.142857
40 0.000346 0.034370 800.000000 7.346189
50 0.001012 0.036532 100.000000 7.407407
50 0.000708 0.048270 200.000000 7.575758
50 0.000689 0.076872 300.000000 6.960557
50 0.000686 0.037586 400.000000 6.932409
50 0.000484 0.006780 500.000000 7.363770
50 0.000372 0.013038 600.000000 7.177033
50 0.000318 0.023695 700.000000 7.106599
50 0.000369 0.037034 800.000000 7.326007
60 0.000918 0.035759 100.000000 7.246377
60 0.000803 0.053358 200.000000 7.407407
60 0.000687 0.082057 300.000000 6.928406
60 0.000666 0.032363 400.000000 6.908463
60 0.000485 0.007364 500.000000 7.342144
60 0.000387 0.015074 600.000000 7.042253
60 0.000333 0.024374 700.000000 7.092198
60 0.000376 0.039010 800.000000 7.299270
70 0.000842 0.036250 100.000000 6.944445
70 0.000860 0.063817 200.000000 7.220217
70 0.000787 0.091050 300.000000 6.849315
70 0.000654 0.027543 400.000000 6.896552
70 0.000489 0.010424 500.000000 7.320644
70 0.000381 0.012577 600.000000 6.984866
70 0.000336 0.024228 700.000000 7.092198
70 0.000377 0.041745 800.000000 7.239819
80 0.000895 0.036410 100.000000 6.711410
80 0.000716 0.068726 200.000000 6.968641
80 0.000873 0.090955 300.000000 6.607930
80 0.000649 0.021048 400.000000 6.884682
80 0.000465 0.014209 500.000000 7.267442
80 0.000355 0.012724 600.000000 6.952491
80 0.000337 0.024888 700.000000 7.085020
80 0.000375 0.042596 800.000000 7.098492
90 0.000891 0.039723 100.000000 6.535948
90 0.000745 0.074560 200.000000 6.711410
90 0.000877 0.081745 300.000000 6.382979
90 0.000649 0.015089 400.000000 6.872852
90 0.000409 0.017606 500.000000 7.153076
90 0.000317 0.011877 600.000000 6.928406
90 0.000329 0.025393 700.000000 7.077857
90 0.000375 0.041176 800.000000 7.042253
100 0.001007 0.049217 100.000000 6.451613
100 0.000890 0.085782 200.000000 6.557377
100 0.000935 0.077173 300.000000 6.342494
100 0.000648 0.012346 400.000000 6.884682
100 0.000363 0.017786 500.000000 6.993007
100 0.000314 0.012118 600.000000 6.920415
100 0.000320 0.027671 700.000000 7.077857
100 0.000392 0.040177 800.000000 7.017544
110 0.000859 0.043341 100.000000 6.535948
110 0.000853 0.081745 200.000000 6.430868
110 0.000895 0.062191 300.000000 6.369427
110 0.000586 0.006299 400.000000 6.920415
110 0.000323 0.018547 500.000000 6.973501
110 0.000272 0.009076 600.000000 6.928406
110 0.000294 0.024184 700.000000 7.092198
110 0.000354 0.033629 800.000000 7.023705
120 0.000862 0.050754 100.000000 6.756757
120 0.001022 0.090639 200.000000 6.389776
120 0.000885 0.059761 300.000000 6.423983
120 0.000579 0.005864 400.000000 6.980803
120 0.000299 0.019266 500.000000 7.012623
120 0.000259 0.008508 600.000000 6.960557
120 0.000296 0.024358 700.000000 7.135576
120 0.000357 0.033089 800.000000 7.054674
130 0.000943 0.062387 100.000000 6.993007
130 0.001116 0.102190 200.000000 6.451613
130 0.000894 0.060523 300.000000 6.507592
130 0.000558 0.006323 400.000000 7.054674
130 0.000300 0.020325 500.000000 7.062147
130 0.000263 0.007949 600.000000 7.001167
130 0.000309 0.025197 700.000000 7.179487
130 0.000364 0.033647 800.000000 7.092198
140 0.000795 0.050490 100.000000 7.299270
140 0.001071 0.090656 200.000000 6.535948
140 0.000828 0.047515 300.000000 6.593407
140 0.000517 0.008792 400.000000 7.142857
140 0.000259 0.021270 500.000000 7.122507
140 0.000234 0.004486 600.000000 7.042253
140 0.000293 0.020229 700.000000 7.223942
140 0.000351 0.027471 800.000000 7.123775
150 0.000762 0.045104 100.000000 7.575758
150 0.000994 0.084236 200.000000 6.622517
150 0.000792 0.038880 300.000000 6.681514
150 0.000479 0.012722 400.000000 7.207207
150 0.000245 0.021742 500.000000 7.163324
150 0.000209 0.004041 600.000000 7.075472
150 0.000289 0.017556 700.000000 7.268951
150 0.000338 0.023680 800.000000 7.155635
160 0.000866 0.049767 100.000000 7.751938
160 0.001025 0.085096 200.000000 6.666667
160 0.000756 0.031250 300.000000 6.726458
160 0.000442 0.016942 400.000000 7.272727
160 0.000211 0.023937 500.000000 7.194244
160 0.000197 0.005430 600.000000 7.083825
160 0.000288 0.015865 700.000000 7.291667
160 0.000332 0.021036 800.000000 7.168459
170 0.001004 0.059684 100.000000 7.751938
170 0.001005 0.089087 200.000000 6.711410
170 0.000760 0.028785 300.000000 6.756757
170 0.000451 0.018822 400.000000 7.299270
170 0.000234 0.021887 500.000000 7.204611
170 0.000216 0.003764 600.000000 7.067138
170 0.000301 0.018874 700.000000 7.306890
170 0.000328 0.020704 800.000000 7.149240
180 0.000989 0.061198 100.000000 7.692307
180 0.000924 0.085330 200.000000 6.734007
180 0.000734 0.021744 300.000000 6.756757
180 0.000431 0.021102 400.000000 7.326007
180 0.000250 0.018378 500.000000 7.153076
180 0.000232 0.003186 600.000000 7.050529
180 0.000309 0.020454 700.000000 7.306890
180 0.000305 0.017587 800.000000 7.104796
190 0.000975 0.061153 100.000000 7.575758
190 0.000864 0.079274 200.000000 6.756757
190 0.000681 0.013982 300.000000 6.772009
190 0.000415 0.024019 400.000000 7.339449
190 0.000260 0.015787 500.000000 7.052186
190 0.000244 0.003227 600.000000 7.050529
190 0.000317 0.020325 700.000000 7.306890
190 0.000294 0.013377 800.000000 7.073386
200 0.001009 0.066430 100.000000 7.518797
200 0.000867 0.080586 200.000000 6.779661
200 0.000652 0.010378 300.000000 6.802721
200 0.000416 0.025793 400.000000 7.366483
200 0.000288 0.013369 500.000000 6.983240
200 0.000250 0.004127 600.000000 7.067138
200 0.000319 0.022593 700.000000 7.299270
200 0.000292 0.011402 800.000000 7.073386
210 0.000999 0.062638 100.000000 7.407407
210 0.000871 0.074006 200.000000 6.756757
210 0.000619 0.005439 300.000000 6.849315
210 0.000400 0.027432 400.000000 7.393715
210 0.000294 0.012134 500.000000 6.973501
210 0.000255 0.004113 600.000000 7.092198
210 0.000316 0.022032 700.000000 7.276507
210 0.000284 0.007689 800.000000 7.079646
220 0.000898 0.061904 100.000000 7.299270
220 0.000844 0.071395 200.000000 6.666667
220 0.000607 0.005234 300.000000 6.896552
220 0.000389 0.027861 400.000000 7.407407
220 0.000285 0.010218 500.000000 6.983240
220 0.000256 0.005268 600.000000 7.117438
220 0.000330 0.022869 700.000000 7.209063
220 0.000277 0.005415 800.000000 7.098492
230 0.000737 0.056352 100.000000 7.142857
230 0.000944 0.061165 200.000000 6.493506
230 0.000574 0.008271 300.000000 6.944445
230 0.000361 0.028341 400.000000 7.393715
230 0.000253 0.008922 500.000000 6.993007
230 0.000246 0.004802 600.000000 7.142857
230 0.000310 0.021277 700.000000 7.142857
230 0.000265 0.002518 800.000000 7.117438
240 0.000778 0.055994 100.000000 6.849315
240 0.000927 0.049353 200.000000 6.309148
240 0.000568 0.012111 300.000000 6.976744
240 0.000305 0.028635 400.000000 7.339449
240 0.000230 0.008147 500.000000 7.002801
240 0.000232 0.004710 600.000000 7.159904
240 0.000300 0.019442 700.000000 7.113821
240 0.000252 0.001249 800.000000 7.130125
250 0.000932 0.056716 100.000000 6.711410
250 0.000937 0.040913 200.000000 6.269592
250 0.000560 0.014672 300.000000 7.009346
250 0.000227 0.027384 400.000000 7.168459
250 0.000220 0.006989 500.000000 7.012623
250 0.000227 0.006305 600.000000 7.177033
250 0.000321 0.018195 700.000000 7.099391
250 0.000246 0.002353 800.000000 7.136485
260 0.001080 0.061630 100.000000 6.369427
260 0.000934 0.029613 200.000000 6.250000
260 0.000519 0.018882 300.000000 7.025761
260 0.000237 0.026276 400.000000 7.079646
260 0.000192 0.008031 500.000000 7.002801
260 0.000213 0.005955 600.000000 7.185629
260 0.000300 0.015053 700.000000 7.092198
260 0.000231 0.004609 800.000000 7.142857
270 0.001384 0.061167 100.000000 5.952381
270 0.000898 0.020858 200.000000 6.269592
270 0.000477 0.021694 300.000000 7.042253
270 0.000242 0.023446 400.000000 7.054674
270 0.000187 0.007924 500.000000 6.983240
270 0.000224 0.006312 600.000000 7.194244
270 0.000287 0.012471 700.000000 7.092198
270 0.000215 0.006494 800.000000 7.149240
280 0.001255 0.055280 100.000000 5.813953
280 0.000847 0.011477 200.000000 6.269592
280 0.000440 0.023377 300.000000 7.075472
280 0.000237 0.019716 400.000000 7.054674
280 0.000178 0.007324 500.000000 6.973501
280 0.000242 0.005940 600.000000 7.202881
280 0.000287 0.009417 700.000000 7.092198
280 0.000195 0.008309 800.000000 7.162041
290 0.001169 0.047358 100.000000 5.813953
290 0.000802 0.006359 200.000000 6.289308
290 0.000425 0.022269 300.000000 7.109005
290 0.000261 0.013530 400.000000 7.054674
290 0.000192 0.005015 500.000000 6.954103
290 0.000255 0.006929 600.000000 7.211538
290 0.000280 0.007404 700.000000 7.085020
290 0.000191 0.009267 800.000000 7.174888
300 0.000911 0.034149 100.000000 5.882353
300 0.000728 0.004929 200.000000 6.309148
300 0.000403 0.019109 300.000000 7.142857
300 0.000306 0.007192 400.000000 7.054674
300 0.000194 0.003596 500.000000 6.925208
300 0.000254 0.007148 600.000000 7.228916
300 0.000242 0.005425 700.000000 7.056452
300 0.000185 0.009836 800.000000 7.194244
310 0.000852 0.034628 100.000000 5.952381
310 0.000714 0.007873 200.000000 6.349206
310 0.000383 0.020859 300.000000 7.194244
310 0.000303 0.007078 400.000000 7.005254
310 0.000203 0.003722 500.000000 6.925208
310 0.000260 0.007296 600.000000 7.237636
310 0.000230 0.004939 700.000000 7.014028
310 0.000184 0.010895 800.000000 7.213706
320 0.000837 0.025623 100.000000 6.024096
320 0.000576 0.018279 200.000000 6.389776
320 0.000307 0.026464 300.000000 7.228916
320 0.000297 0.009633 400.000000 6.908463
320 0.000182 0.008660 500.000000 6.934813
320 0.000238 0.005473 600.000000 7.246377
320 0.000208 0.005940 700.000000 7.000000
320 0.000162 0.013407 800.000000 7.239819
330 0.000785 0.020905 100.000000 6.097561
330 0.000515 0.022382 200.000000 6.451613
330 0.000285 0.026928 300.000000 7.281553
330 0.000286 0.009333 400.000000 6.849315
330 0.000177 0.009551 500.000000 6.963789
330 0.000233 0.005814 600.000000 7.255139
330 0.000202 0.006940 700.000000 7.000000
330 0.000149 0.014282 800.000000 7.259528
340 0.000776 0.013135 100.000000 6.134969
340 0.000441 0.026532 200.000000 6.535948
340 0.000262 0.026682 300.000000 7.334963
340 0.000287 0.009625 400.000000 6.837607
340 0.000154 0.011031 500.000000 7.002801
340 0.000209 0.006271 600.000000 7.246377
340 0.000194 0.008423 700.000000 7.021063
340 0.000131 0.014911 800.000000 7.292616
350 0.000748 0.017288 100.000000 6.097561
350 0.000487 0.024472 200.000000 6.622517
350 0.000320 0.023492 300.000000 7.389163
350 0.000308 0.006540 400.000000 6.872852
350 0.000180 0.008034 500.000000 7.042253
350 0.000235 0.006334 600.000000 7.211538
350 0.000198 0.008199 700.000000 7.042253
350 0.000133 0.014340 800.000000 7.319304
360 0.001032 0.034176 100.000000 6.024096
360 0.000613 0.017315 200.000000 6.711410
360 0.000399 0.018124 300.000000 7.425743
360 0.000362 0.005837 400.000000 6.908463
360 0.000235 0.002455 500.000000 7.092198
360 0.000275 0.009885 600.000000 7.142857
360 0.000224 0.006308 700.000000 7.070707
360 0.000154 0.012783 800.000000 7.352941
370 0.001194 0.032440 100.000000 5.882353
370 0.000621 0.018483 200.000000 6.825939
370 0.000384 0.018247 300.000000 7.462687
370 0.000335 0.005875 400.000000 6.944445
370 0.000238 0.002808 500.000000 7.142857
370 0.000263 0.010137 600.000000 7.125891
370 0.000224 0.006729 700.000000 7.106599
370 0.000160 0.013133 800.000000 7.393715
380 0.001325 0.031271 100.000000 5.780347
380 0.000663 0.015447 200.000000 6.944445
380 0.000379 0.013835 300.000000 7.481297
380 0.000344 0.008581 400.000000 7.005254
380 0.000238 0.003986 500.000000 7.183908
380 0.000266 0.010883 600.000000 7.134364
380 0.000225 0.006462 700.000000 7.142857
380 0.000161 0.012333 800.000000 7.434944
390 0.001200 0.024303 100.000000 5.780347
390 0.000704 0.011340 200.000000 7.042253
390 0.000352 0.006717 300.000000 7.425743
390 0.000349 0.012680 400.000000 7.042253
390 0.000245 0.005536 500.000000 7.235890
390 0.000272 0.009851 600.000000 7.151371
390 0.000213 0.006553 700.000000 7.172131
390 0.000160 0.011115 800.000000 7.469655
400 0.001237 0.016360 100.000000 5.847953
400 0.000656 0.008339 200.000000 7.168459
400 0.000369 0.007607 300.000000 7.299270
400 0.000364 0.015872 400.000000 7.079646
400 0.000229 0.006220 500.000000 7.278020
400 0.000263 0.008205 600.000000 7.168459
400 0.000202 0.006692 700.000000 7.201646
400 0.000158 0.010401 800.000000 7.504691
410 0.001257 0.011014 100.000000 5.988024
410 0.000639 0.007849 200.000000 7.272727
410 0.000409 0.011234 300.000000 7.299270
410 0.000350 0.015794 400.000000 7.130125
410 0.000219 0.005923 500.000000 7.320644
410 0.000255 0.006929 600.000000 7.194244
410 0.000197 0.007015 700.000000 7.238883
410 0.000154 0.010377 800.000000 7.547170
420 0.001389 0.021722 100.000000 6.172840
420 0.000719 0.010937 200.000000 7.434944
420 0.000517 0.023853 300.000000 7.371007
420 0.000390 0.024985 400.000000 7.194244
420 0.000256 0.011336 500.000000 7.385524
420 0.000250 0.007815 600.000000 7.237636
420 0.000209 0.004926 700.000000 7.276507
420 0.000181 0.009576 800.000000 7.590133
430 0.001358 0.026319 100.000000 6.410256
430 0.000737 0.023023 200.000000 7.633588
430 0.000591 0.040200 300.000000 7.444169
430 0.000425 0.032711 400.000000 7.259528
430 0.000272 0.013877 500.000000 7.451565
430 0.000241 0.007017 600.000000 7.281553
430 0.000210 0.003716 700.000000 7.322176
430 0.000186 0.010590 800.000000 7.640879
440 0.001210 0.020686 100.000000 6.622517
440 0.000680 0.030358 200.000000 7.782101
440 0.000616 0.050879 300.000000 7.518797
440 0.000424 0.033338 400.000000 7.299270
440 0.000280 0.011257 500.000000 7.507507
440 0.000210 0.005389 600.000000 7.326007
440 0.000190 0.003932 700.000000 7.368421
440 0.000181 0.012086 800.000000 7.684918
450 0.001170 0.017831 100.000000 6.711410
450 0.000633 0.029658 200.000000 7.874016
450 0.000581 0.050792 300.000000 7.556675
450 0.000400 0.028957 400.000000 7.312614
450 0.000291 0.008863 500.000000 7.541478
450 0.000209 0.005441 600.000000 7.343941
450 0.000183 0.004713 700.000000 7.391764
450 0.000174 0.012567 800.000000 7.707129
460 0.001089 0.016267 100.000000 6.756757
460 0.000619 0.031017 200.000000 7.936508
460 0.000586 0.053104 300.000000 7.556675
460 0.000382 0.025458 400.000000 7.285975
460 0.000279 0.007238 500.000000 7.564297
460 0.000203 0.006301 600.000000 7.334963
460 0.000174 0.005226 700.000000 7.415254
460 0.000183 0.013062 800.000000 7.722008
470 0.001116 0.014187 100.000000 6.756757
470 0.000605 0.027873 200.000000 7.968128
470 0.000581 0.051455 300.000000 7.518797
470 0.000347 0.020913 400.000000 7.233273
470 0.000281 0.006862 500.000000 7.552870
470 0.000179 0.007025 600.000000 7.272727
470 0.000188 0.006251 700.000000 7.423118
470 0.000176 0.013321 800.000000 7.707129
480 0.001031 0.012958 100.000000 6.756757
480 0.000580 0.025865 200.000000 8.000000
480 0.000584 0.050194 300.000000 7.352941
480 0.000345 0.015657 400.000000 7.194244
480 0.000288 0.005731 500.000000 7.541478
480 0.000182 0.007626 600.000000 7.202881
480 0.000185 0.007385 700.000000 7.438895
480 0.000133 0.014067 800.000000 7.670182
490 0.000980 0.014207 100.000000 6.756757
490 0.000584 0.024656 200.000000 8.000000
490 0.000581 0.046399 300.000000 7.142857
490 0.000346 0.011493 400.000000 7.194244
490 0.000288 0.005725 500.000000 7.530120
490 0.000186 0.007759 600.000000 7.168459
490 0.000186 0.008517 700.000000 7.446808
490 0.000165 0.014810 800.000000 7.490637
500 0.000757 0.015559 100.000000 6.896552
500 0.000538 0.029049 200.000000 8.064516
500 0.000575 0.042912 300.000000 7.075472
500 0.000292 0.008170 400.000000 7.233273
500 0.000237 0.005905 500.000000 7.507507
500 0.000179 0.008042 600.000000 7.168459
500 0.000163 0.008788 700.000000 7.470651
500 0.000155 0.015926 800.000000 7.462687
510 0.000698 0.018411 100.000000 7.092198
510 0.000546 0.036765 200.000000 8.163265
510 0.000570 0.042258 300.000000 7.125891
510 0.000279 0.006162 400.000000 7.285975
510 0.000205 0.006740 500.000000 7.473842
510 0.000161 0.008007 600.000000 7.202881
510 0.000145 0.008763 700.000000 7.510730
510 0.000150 0.017309 800.000000 7.483630
520 0.000707 0.018192 100.000000 7.352941
520 0.000540 0.035893 200.000000 8.298756
520 0.000555 0.037633 300.000000 7.194244
520 0.000272 0.004376 400.000000 7.366483
520 0.000200 0.007116 500.000000 7.429420
520 0.000157 0.008167 600.000000 7.255139
520 0.000139 0.009156 700.000000 7.559395
520 0.000158 0.017596 800.000000 7.511737
530 0.000828 0.035606 100.000000 7.692307
530 0.000613 0.059205 200.000000 8.438819
530 0.000599 0.050802 300.000000 7.281553
530 0.000307 0.008762 400.000000 7.448790
530 0.000163 0.007302 500.000000 7.407407
530 0.000158 0.006877 600.000000 7.299270
530 0.000158 0.009578 700.000000 7.616975
530 0.000181 0.022045 800.000000 7.554296
540 0.000888 0.049891 100.000000 8.064516
540 0.000628 0.074144 200.000000 8.583691
540 0.000621 0.056058 300.000000 7.389163
540 0.000320 0.009667 400.000000 7.532957
540 0.000159 0.008240 500.000000 7.429420
540 0.000160 0.006187 600.000000 7.352941
540 0.000167 0.011405 700.000000 7.667032
540 0.000197 0.025822 800.000000 7.597341
550 0.000730 0.044453 100.000000 8.474576
550 0.000541 0.068983 200.000000 8.695652
550 0.000572 0.046174 300.000000 7.481297
550 0.000274 0.005064 400.000000 7.619048
550 0.000127 0.009445 500.000000 7.462687
550 0.000138 0.006428 600.000000 7.407407
550 0.000150 0.010502 700.000000 7.726269
550 0.000185 0.024306 800.000000 7.640879
560 0.000714 0.040652 100.000000 8.849558
560 0.000564 0.065083 200.000000 8.620689
560 0.000541 0.038145 300.000000 7.556675
560 0.000236 0.002700 400.000000 7.692307
560 0.000123 0.010158 500.000000 7.485030
560 0.000128 0.006652 600.000000 7.453416
560 0.000141 0.010352 700.000000 7.777778
560 0.000180 0.023593 800.000000 7.677543
570 0.000551 0.039426 100.000000 9.090909
570 0.000682 0.063583 200.000000 8.264462
570 0.000518 0.028071 300.000000 7.594937
570 0.000213 0.006005 400.000000 7.722008
570 0.000105 0.011539 500.000000 7.485030
570 0.000110 0.006642 600.000000 7.481297
570 0.000128 0.009889 700.000000 7.812500
570 0.000177 0.022856 800.000000 7.707129
580 0.000581 0.043548 100.000000 9.259259
580 0.000751 0.064259 200.000000 8.097166
580 0.000500 0.021793 300.000000 7.575758
580 0.000204 0.009344 400.000000 7.736944
580 0.000075 0.012110 500.000000 7.473842
580 0.000099 0.006396 600.000000 7.490637
580 0.000132 0.009641 700.000000 7.829978
580 0.000179 0.022921 800.000000 7.722008
590 0.000595 0.043564 100.000000 9.345795
590 0.000777 0.059377 200.000000 8.032128
590 0.000459 0.014781 300.000000 7.537688
590 0.000174 0.011546 400.000000 7.751938
590 0.000097 0.011829 500.000000 7.473842
590 0.000104 0.006392 600.000000 7.500000
590 0.000126 0.009996 700.000000 7.856341
590 0.000181 0.023419 800.000000 7.729469
600 0.000546 0.043772 100.000000 9.433962
600 0.000726 0.055395 200.000000 8.000000
600 0.000440 0.008789 300.000000 7.481297
600 0.000152 0.013622 400.000000 7.751938
600 0.000110 0.011700 500.000000 7.462687
600 0.000110 0.006529 600.000000 7.509387
600 0.000124 0.010494 700.000000 7.865169
600 0.000187 0.023812 800.000000 7.744434
610 0.000570 0.046418 100.000000 9.523809
610 0.000714 0.054035 200.000000 7.968128
610 0.000409 0.005530 300.000000 7.425743
610 0.000121 0.014252 400.000000 7.766990
610 0.000115 0.011568 500.000000 7.418397
610 0.000107 0.006659 600.000000 7.528231
610 0.000134 0.011333 700.000000 7.856341
610 0.000188 0.024711 800.000000 7.759457
620 0.000541 0.044273 100.000000 9.615385
620 0.000697 0.049507 200.000000 7.874016
620 0.000350 0.003803 300.000000 7.352941
620 0.000095 0.014708 400.000000 7.766990
620 0.000122 0.010925 500.000000 7.331378
620 0.000104 0.007036 600.000000 7.537688
620 0.000130 0.011545 700.000000 7.838746
620 0.000194 0.024618 800.000000 7.774539
630 0.000545 0.042399 100.000000 9.615385
630 0.000724 0.044208 200.000000 7.518797
630 0.000295 0.005882 300.000000 7.334963
630 0.000112 0.014608 400.000000 7.736944
630 0.000116 0.010459 500.000000 7.256894
630 0.000100 0.007558 600.000000 7.556675
630 0.000138 0.012021 700.000000 7.751938
630 0.000191 0.024894 800.000000 7.782101
640 0.000472 0.036323 100.000000 9.615385
640 0.000635 0.033307 200.000000 7.220217
640 0.000259 0.009129 300.000000 7.317073
640 0.000108 0.013379 400.000000 7.692307
640 0.000125 0.009617 500.000000 7.225433
640 0.000097 0.008232 600.000000 7.566204
640 0.000138 0.012435 700.000000 7.559395
640 0.000186 0.024210 800.000000 7.797271
650 0.000554 0.039870 100.000000 9.433962
650 0.000624 0.025493 200.000000 7.092198
650 0.000204 0.011533 300.000000 7.334963
650 0.000114 0.013332 400.000000 7.547170
650 0.000138 0.009616 500.000000 7.215007
650 0.000098 0.008638 600.000000 7.575758
650 0.000141 0.013521 700.000000 7.526882
650 0.000193 0.025748 800.000000 7.804878
660 0.000492 0.039745 100.000000 9.174312
660 0.000571 0.015760 200.000000 7.042253
660 0.000173 0.014884 300.000000 7.334963
660 0.000142 0.012725 400.000000 7.285975
660 0.000138 0.009316 500.000000 7.215007
660 0.000098 0.009160 600.000000 7.585335
660 0.000145 0.014005 700.000000 7.518797
660 0.000196 0.026304 800.000000 7.812500
670 0.000635 0.043459 100.000000 8.403361
670 0.000564 0.007603 200.000000 6.993007
670 0.000140 0.018044 300.000000 7.334963
670 0.000156 0.013025 400.000000 7.194244
670 0.000133 0.009758 500.000000 7.204611
670 0.000106 0.009810 600.000000 7.604563
670 0.000154 0.015279 700.000000 7.518797
670 0.000204 0.028230 800.000000 7.820137
680 0.000927 0.039376 100.000000 7.407407
680 0.000531 0.002934 200.000000 6.968641
680 0.000142 0.019345 300.000000 7.334963
680 0.000204 0.012145 400.000000 7.142857
680 0.000138 0.009660 500.000000 7.204611
680 0.000104 0.010709 600.000000 7.614213
680 0.000152 0.016372 700.000000 7.526882
680 0.000210 0.029047 800.000000 7.835455
690 0.001066 0.030732 100.000000 7.042253
690 0.000494 0.007399 200.000000 6.896552
690 0.000116 0.018484 300.000000 7.317073
690 0.000212 0.010904 400.000000 7.117438
690 0.000134 0.009482 500.000000 7.194244
690 0.000103 0.011566 600.000000 7.633588
690 0.000144 0.017130 700.000000 7.534984
690 0.000205 0.029387 800.000000 7.843137
700 0.000930 0.027165 100.000000 6.944445
700 0.000422 0.010998 200.000000 6.802721
700 0.000079 0.017444 300.000000 7.317073
700 0.000247 0.010066 400.000000 7.092198
700 0.000133 0.009635 500.000000 7.204611
700 0.000100 0.012310 600.000000 7.643312
700 0.000154 0.017921 700.000000 7.543103
700 0.000208 0.029960 800.000000 7.858546
710 0.000893 0.022606 100.000000 6.849315
710 0.000336 0.013646 200.000000 6.711410
710 0.000105 0.015381 300.000000 7.299270
710 0.000264 0.009926 400.000000 7.054674
710 0.000132 0.009709 500.000000 7.204611
710 0.000097 0.013294 600.000000 7.633588
710 0.000154 0.018822 700.000000 7.543103
710 0.000203 0.030442 800.000000 7.858546
720 0.000859 0.023449 100.000000 6.666667
720 0.000276 0.015765 200.000000 6.578948
720 0.000134 0.014259 300.000000 7.281553
720 0.000258 0.009982 400.000000 6.944445
720 0.000131 0.010311 500.000000 7.215007
720 0.000102 0.014009 600.000000 7.604563
720 0.000163 0.019757 700.000000 7.551240
720 0.000209 0.031669 800.000000 7.858546
730 0.000894 0.019090 100.000000 6.211180
730 0.000209 0.016795 200.000000 6.514658
730 0.000203 0.012853 300.000000 7.246377
730 0.000256 0.010495 400.000000 6.837607
730 0.000139 0.010118 500.000000 7.225433
730 0.000122 0.015075 600.000000 7.537688
730 0.000164 0.020969 700.000000 7.559395
730 0.000205 0.032258 800.000000 7.858546
740 0.000815 0.011888 100.000000 5.780347
740 0.000177 0.019104 200.000000 6.514658
740 0.000216 0.012516 300.000000 7.194244
740 0.000251 0.009103 400.000000 6.791172
740 0.000129 0.010927 500.000000 7.235890
740 0.000117 0.015684 600.000000 7.299270
740 0.000166 0.021609 700.000000 7.575758
740 0.000210 0.033298 800.000000 7.850834
750 0.000761 0.002384 100.000000 5.649717
750 0.000101 0.021095 200.000000 6.535948
750 0.000248 0.012514 300.000000 7.109005
750 0.000257 0.007995 400.000000 6.779661
750 0.000126 0.011462 500.000000 7.256894
750 0.000132 0.016310 600.000000 7.263923
750 0.000172 0.022278 700.000000 7.592191
750 0.000210 0.034143 800.000000 7.850834
760 0.000680 0.009860 100.000000 5.649717
760 0.000095 0.019219 200.000000 6.578948
760 0.000323 0.013228 300.000000 6.896552
760 0.000273 0.006973 400.000000 6.802721
760 0.000140 0.011683 500.000000 7.288630
760 0.000133 0.017055 600.000000 7.272727
760 0.000174 0.022622 700.000000 7.616975
760 0.000201 0.033880 800.000000 7.843137
770 0.000671 0.009967 100.000000 5.714286
770 0.000091 0.018877 200.000000 6.666667
770 0.000339 0.014569 300.000000 6.787330
770 0.000259 0.006707 400.000000 6.837607
770 0.000134 0.012553 500.000000 7.331378
770 0.000130 0.017556 600.000000 7.299270
770 0.000175 0.023652 700.000000 7.650273
770 0.000214 0.035537 800.000000 7.835455
780 0.000646 0.008468 100.000000 5.813953
780 0.000111 0.016686 200.000000 6.756757
780 0.000356 0.017691 300.000000 6.802721
780 0.000258 0.006939 400.000000 6.884682
780 0.000134 0.012995 500.000000 7.385524
780 0.000127 0.018272 600.000000 7.334963
780 0.000171 0.024684 700.000000 7.692307
780 0.000222 0.036522 800.000000 7.835455
790 0.000524 0.009147 100.000000 5.988024
790 0.000200 0.013860 200.000000 6.896552
790 0.000425 0.029335 300.000000 6.849315
790 0.000290 0.007697 400.000000 6.956522
790 0.000154 0.011946 500.000000 7.462687
790 0.000119 0.019224 600.000000 7.389163
790 0.000151 0.025200 700.000000 7.751938
790 0.000214 0.035522 800.000000 7.820137
800 0.000565 0.017092 100.000000 6.211180
800 0.000240 0.017870 200.000000 7.042253
800 0.000490 0.035599 300.000000 6.928406
800 0.000308 0.008224 400.000000 7.042253
800 0.000165 0.012164 500.000000 7.541478
800 0.000114 0.019808 600.000000 7.453416
800 0.000140 0.025144 700.000000 7.812500
800 0.000221 0.034360 800.000000 7.812500
810 0.000357 0.021312 100.000000 6.451613
810 0.000283 0.025944 200.000000 7.194244
810 0.000550 0.045339 300.000000 7.009346
810 0.000330 0.012889 400.000000 7.117438
810 0.000173 0.013051 500.000000 7.621951
810 0.000097 0.019947 600.000000 7.518797
810 0.000117 0.023197 700.000000 7.865169
810 0.000217 0.029523 800.000000 7.797271
820 0.000220 0.011715 100.000000 6.578948
820 0.000278 0.022641 200.000000 7.326007
820 0.000527 0.042545 300.000000 7.075472
820 0.000316 0.011596 400.000000 7.168459
820 0.000160 0.013720 500.000000 7.692307
820 0.000098 0.020300 600.000000 7.566204
820 0.000128 0.023480 700.000000 7.918552
820 0.000211 0.030290 800.000000 7.766990
830 0.000121 0.023446 100.000000 6.666667
830 0.000422 0.044688 200.000000 7.407407
830 0.000599 0.061823 300.000000 7.109005
830 0.000357 0.018866 400.000000 7.207207
830 0.000202 0.013230 500.000000 7.739938
830 0.000115 0.022328 600.000000 7.604563
830 0.000115 0.025780 700.000000 7.954545
830 0.000170 0.029749 800.000000 7.759457
840 0.000191 0.023431 100.000000 6.622517
840 0.000453 0.046861 200.000000 7.462687
840 0.000632 0.059971 300.000000 7.109005
840 0.000352 0.016454 400.000000 7.246377
840 0.000201 0.014338 500.000000 7.776050
840 0.000119 0.023216 600.000000 7.633588
840 0.000125 0.026601 700.000000 7.981756
840 0.000175 0.030403 800.000000 7.759457
850 0.000164 0.021293 100.000000 6.535948
850 0.000516 0.046691 200.000000 7.490637
850 0.000624 0.055711 300.000000 7.109005
850 0.000319 0.013653 400.000000 7.272727
850 0.000186 0.016167 500.000000 7.788162
850 0.000114 0.023653 600.000000 7.653061
850 0.000136 0.026216 700.000000 8.009153
850 0.000174 0.029894 800.000000 7.774539
860 0.000265 0.020155 100.000000 6.451613
860 0.000546 0.049168 200.000000 7.518797
860 0.000608 0.054873 300.000000 7.058824
860 0.000308 0.013080 400.000000 7.299270
860 0.000171 0.017314 500.000000 7.800312
860 0.000109 0.023922 600.000000 7.672634
860 0.000130 0.025911 700.000000 8.027523
860 0.000171 0.029371 800.000000 7.797271
870 0.000398 0.022483 100.000000 6.410256
870 0.000578 0.053465 200.000000 7.575758
870 0.000586 0.054569 300.000000 7.009346
870 0.000306 0.012719 400.000000 7.352941
870 0.000169 0.018138 500.000000 7.812500
870 0.000111 0.024297 600.000000 7.712082
870 0.000141 0.026118 700.000000 8.055236
870 0.000177 0.029294 800.000000 7.835455
880 0.000423 0.021714 100.000000 6.578948
880 0.000561 0.053030 200.000000 7.722008
880 0.000566 0.051241 300.000000 7.009346
880 0.000298 0.012432 400.000000 7.421150
880 0.000182 0.018775 500.000000 7.836991
880 0.000110 0.024033 600.000000 7.772021
880 0.000147 0.025708 700.000000 8.101851
880 0.000178 0.029047 800.000000 7.881773
890 0.000520 0.034955 100.000000 6.802721
890 0.000668 0.068619 200.000000 7.843137
890 0.000600 0.060207 300.000000 7.042253
890 0.000330 0.014061 400.000000 7.504691
890 0.000205 0.018545 500.000000 7.849294
890 0.000130 0.025573 600.000000 7.832898
890 0.000146 0.027892 700.000000 8.149011
890 0.000178 0.030407 800.000000 7.928642
900 0.000579 0.037240 100.000000 7.042253
900 0.000686 0.071551 200.000000 8.000000
900 0.000597 0.059584 300.000000 7.109005
900 0.000311 0.014855 400.000000 7.604563
900 0.000186 0.018603 500.000000 7.776050
900 0.000130 0.024998 600.000000 7.894737
900 0.000153 0.026853 700.000000 8.206330
900 0.000179 0.029339 800.000000 7.984032
910 0.000472 0.029383 100.000000 7.352941
910 0.000621 0.064269 200.000000 8.163265
910 0.000559 0.050925 300.000000 7.177033
910 0.000286 0.013117 400.000000 7.692307
910 0.000158 0.018856 500.000000 7.704160
910 0.000135 0.023980 600.000000 7.957560
910 0.000164 0.026009 700.000000 8.254717
910 0.000191 0.029559 800.000000 8.032128
920 0.000590 0.028222 100.000000 7.575758
920 0.000629 0.064300 200.000000 8.196721
920 0.000543 0.046476 300.000000 7.228916
920 0.000270 0.012631 400.000000 7.751938
920 0.000173 0.019135 500.000000 7.692307
920 0.000151 0.023604 600.000000 8.010681
920 0.000166 0.026241 700.000000 8.293839
920 0.000205 0.030553 800.000000 8.072654
930 0.000650 0.036619 100.000000 7.751938
930 0.000722 0.074117 200.000000 8.000000
930 0.000556 0.045272 300.000000 7.263923
930 0.000281 0.012781 400.000000 7.812500
930 0.000182 0.020036 500.000000 7.692307
930 0.000150 0.024347 600.000000 8.053691
930 0.000153 0.026839 700.000000 8.303678
930 0.000202 0.030438 800.000000 8.105370
940 0.000685 0.040698 100.000000 7.874016
940 0.000832 0.078965 200.000000 7.547170
940 0.000540 0.039484 300.000000 7.281553
940 0.000276 0.012450 400.000000 7.858546
940 0.000167 0.021603 500.000000 7.704160
940 0.000157 0.025722 600.000000 8.086253
940 0.000166 0.028873 700.000000 8.284023
940 0.000197 0.032150 800.000000 8.121827
950 0.000707 0.043872 100.000000 7.936508
950 0.000822 0.079773 200.000000 7.380074
950 0.000515 0.030777 300.000000 7.317073
950 0.000261 0.013566 400.000000 7.905138
950 0.000150 0.023646 500.000000 7.727975
950 0.000137 0.026939 600.000000 8.108109
950 0.000177 0.029881 700.000000 8.225616
950 0.000193 0.031922 800.000000 8.146640
960 0.000815 0.058065 100.000000 8.064516
960 0.000939 0.088906 200.000000 7.326007
960 0.000530 0.028205 300.000000 7.334963
960 0.000273 0.015624 400.000000 7.936508
960 0.000144 0.026346 500.000000 7.751938
960 0.000124 0.028776 600.000000 8.141112
960 0.000188 0.030423 700.000000 8.083141
960 0.000176 0.029964 800.000000 8.163265
970 0.000764 0.055484 100.000000 8.130081
970 0.000893 0.078366 200.000000 7.299270
970 0.000486 0.019842 300.000000 7.352941
970 0.000245 0.017640 400.000000 8.000000
970 0.000132 0.027004 500.000000 7.776050
970 0.000133 0.028687 600.000000 8.174387
970 0.000213 0.031734 700.000000 7.954545
970 0.000188 0.031228 800.000000 8.188332
980 0.000747 0.055928 100.000000 8.264462
980 0.000840 0.071477 200.000000 7.299270
980 0.000436 0.014922 300.000000 7.389163
980 0.000223 0.019581 400.000000 8.048289
980 0.000118 0.027536 500.000000 7.812500
980 0.000137 0.028653 600.000000 8.207934
980 0.000202 0.032037 700.000000 7.927520
980 0.000193 0.031674 800.000000 8.213552
990 0.000763 0.053760 100.000000 8.403361
990 0.000860 0.064507 200.000000 7.352941
990 0.000407 0.011986 300.000000 7.444169
990 0.000205 0.020686 400.000000 8.097166
990 0.000122 0.027296 500.000000 7.849294
990 0.000155 0.028728 600.000000 8.253095
990 0.000218 0.033302 700.000000 7.945517
990 0.000207 0.033793 800.000000 8.238929
1000 0.000857 0.056269 100.000000 8.620689
1000 0.000862 0.061088 200.000000 7.380074
1000 0.000375 0.010692 300.000000 7.500000
1000 0.000197 0.022120 400.000000 8.146640
1000 0.000128 0.027856 500.000000 7.898894
1000 0.000170 0.029144 600.000000 8.298756
1000 0.000212 0.033718 700.000000 7.972665
1000 0.000207 0.034281 800.000000 8.264462
1010 0.000876 0.054149 100.000000 8.849558
1010 0.000820 0.053204 200.000000 7.380074
1010 0.000350 0.010169 300.000000 7.575758
1010 0.000181 0.023243 400.000000 8.196721
1010 0.000123 0.027821 500.000000 7.949126
1010 0.000164 0.029593 600.000000 8.333333
1010 0.000214 0.034578 700.000000 8.018328
1010 0.000207 0.035294 800.000000 8.290155
1020 0.000843 0.048293 100.000000 9.090909
1020 0.000719 0.043698 200.000000 7.352941
1020 0.000313 0.011653 300.000000 7.653061
1020 0.000157 0.023433 400.000000 8.230453
1020 0.000125 0.026832 500.000000 8.000000
1020 0.000184 0.030031 600.000000 8.379889
1020 0.000238 0.036174 700.000000 8.055236
1020 0.000212 0.037074 800.000000 8.324662
1030 0.000805 0.045722 100.000000 9.174312
1030 0.000651 0.037972 200.000000 7.220217
1030 0.000284 0.012730 300.000000 7.731959
1030 0.000146 0.022955 400.000000 8.213552
1030 0.000138 0.026412 500.000000 8.038586
1030 0.000207 0.032060 600.000000 8.415147
1030 0.000248 0.039416 700.000000 8.092485
1030 0.000223 0.041405 800.000000 8.342023
1040 0.000848 0.049505 100.000000 9.174312
1040 0.000615 0.036607 200.000000 7.092198
1040 0.000247 0.013513 300.000000 7.772021
1040 0.000141 0.022503 400.000000 7.968128
1040 0.000168 0.026807 500.000000 8.064516
1040 0.000224 0.034744 600.000000 8.415147
1040 0.000262 0.042563 700.000000 8.120649
1040 0.000238 0.045994 800.000000 8.350731
1050 0.000775 0.052127 100.000000 8.849558
1050 0.000574 0.028682 200.000000 7.042253
1050 0.000221 0.015221 300.000000 7.792208
1050 0.000150 0.022701 400.000000 7.707129
1050 0.000187 0.027130 500.000000 8.090615
1050 0.000234 0.037051 600.000000 8.403361
1050 0.000275 0.044308 700.000000 8.139535
1050 0.000242 0.047065 800.000000 8.359457
1060 0.000874 0.049662 100.000000 7.812500
1060 0.000519 0.019525 200.000000 6.993007
1060 0.000193 0.016657 300.000000 7.812500
1060 0.000163 0.022962 400.000000 7.648183
1060 0.000218 0.029695 500.000000 8.103727
1060 0.000253 0.043528 600.000000 8.368201
1060 0.000298 0.050117 700.000000 8.139535
1060 0.000270 0.051304 800.000000 8.359457
1070 0.000947 0.052039 100.000000 6.944445
1070 0.000468 0.014939 200.000000 6.993007
1070 0.000177 0.018083 300.000000 7.832898
1070 0.000162 0.023481 400.000000 7.648183
1070 0.000230 0.031836 500.000000 8.116883
1070 0.000279 0.047280 600.000000 8.310249
1070 0.000299 0.052869 700.000000 8.158508
1070 0.000280 0.052553 800.000000 8.368201
1080 0.001067 0.048492 100.000000 6.666667
1080 0.000413 0.010590 200.000000 6.993007
1080 0.000154 0.019507 300.000000 7.874016
1080 0.000171 0.024554 400.000000 7.648183
1080 0.000246 0.034667 500.000000 8.130081
1080 0.000321 0.052175 600.000000 8.141112
1080 0.000305 0.055135 700.000000 8.168028
1080 0.000274 0.052667 800.000000 8.385744
1090 0.001024 0.040272 100.000000 6.535948
1090 0.000370 0.010320 200.000000 6.993007
1090 0.000137 0.021109 300.000000 7.915567
1090 0.000175 0.026185 400.000000 7.662835
1090 0.000264 0.037914 500.000000 8.156607
1090 0.000368 0.056621 600.000000 7.926024
1090 0.000310 0.056666 700.000000 8.177570
1090 0.000249 0.051922 800.000000 8.394544
1100 0.000938 0.035441 100.000000 6.493506
1100 0.000313 0.012662 200.000000 6.993007
1100 0.000128 0.021886 300.000000 7.936508
1100 0.000190 0.027013 400.000000 7.677543
1100 0.000271 0.040056 500.000000 8.183306
1100 0.000350 0.057835 600.000000 7.863696
1100 0.000317 0.057599 700.000000 8.187135
1100 0.000232 0.051521 800.000000 8.403361
1110 0.001001 0.039566 100.000000 6.451613
1110 0.000272 0.013959 200.000000 6.993007
1110 0.000150 0.021985 300.000000 7.978724
1110 0.000248 0.031163 400.000000 7.707129
1110 0.000326 0.048664 500.000000 8.196721
1110 0.000367 0.066686 600.000000 7.853403
1110 0.000341 0.068866 700.000000 8.196721
1110 0.000251 0.062532 800.000000 8.394544
1120 0.000908 0.036823 100.000000 6.329114
1120 0.000263 0.016249 200.000000 7.042253
1120 0.000164 0.025039 300.000000 7.957560
1120 0.000294 0.037717 400.000000 7.722008
1120 0.000353 0.058146 500.000000 8.223684
1120 0.000390 0.075547 600.000000 7.874016
1120 0.000357 0.077859 700.000000 8.206330
1120 0.000259 0.069017 800.000000 8.324662
1130 0.000900 0.037439 100.000000 6.060606
1130 0.000243 0.018803 200.000000 7.067138
1130 0.000210 0.027979 300.000000 7.936508
1130 0.000331 0.043113 400.000000 7.751938
1130 0.000385 0.065357 500.000000 8.237232
1130 0.000409 0.081407 600.000000 7.894737
1130 0.000358 0.083735 700.000000 8.206330
1130 0.000298 0.071334 800.000000 8.179959
1140 0.000861 0.037314 100.000000 5.847953
1140 0.000239 0.021681 200.000000 7.142857
1140 0.000313 0.031783 300.000000 7.874016
1140 0.000366 0.049761 400.000000 7.782101
1140 0.000407 0.073553 500.000000 8.250825
1140 0.000424 0.087964 600.000000 7.926024
1140 0.000371 0.090373 700.000000 8.225616
1140 0.000314 0.074083 800.000000 8.154943
1150 0.000710 0.036582 100.000000 5.747127
1150 0.000250 0.026364 200.000000 7.194244
1150 0.000363 0.037631 300.000000 7.500000
1150 0.000396 0.058257 400.000000 7.827789
1150 0.000434 0.083370 500.000000 8.278146
1150 0.000441 0.096441 600.000000 7.957560
1150 0.000389 0.097997 700.000000 8.244994
1150 0.000324 0.077666 800.000000 8.163265
1160 0.000585 0.028069 100.000000 5.780347
1160 0.000225 0.024093 200.000000 7.299270
1160 0.000347 0.036035 300.000000 7.352941
1160 0.000395 0.057162 400.000000 7.874016
1160 0.000422 0.082611 500.000000 8.291874
1160 0.000442 0.092841 600.000000 8.000000
1160 0.000378 0.092753 700.000000 8.274232
1160 0.000310 0.070375 800.000000 8.179959
1170 0.000463 0.024806 100.000000 5.917160
1170 0.000278 0.030461 200.000000 7.434944
1170 0.000386 0.046437 300.000000 7.389163
1170 0.000429 0.069643 400.000000 7.968128
1170 0.000451 0.096903 500.000000 8.347245
1170 0.000468 0.103825 600.000000 8.064516
1170 0.000401 0.100271 700.000000 8.323424
1170 0.000316 0.074135 800.000000 8.230453
1180 0.000489 0.027766 100.000000 6.097561
1180 0.000322 0.035532 200.000000 7.604563
1180 0.000400 0.052036 300.000000 7.500000
1180 0.000458 0.076556 400.000000 8.064516
1180 0.000464 0.103956 500.000000 8.417508
1180 0.000484 0.109606 600.000000 8.130081
1180 0.000423 0.104693 700.000000 8.383233
1180 0.000329 0.076612 800.000000 8.281573
1190 0.000469 0.030750 100.000000 6.369427
1190 0.000353 0.039985 200.000000 7.843137
1190 0.000436 0.058093 300.000000 7.614213
1190 0.000477 0.083006 400.000000 8.196721
1190 0.000476 0.111226 500.000000 8.503402
1190 0.000495 0.115595 600.000000 8.207934
1190 0.000432 0.109193 700.000000 8.454106
1190 0.000337 0.079123 800.000000 8.342023
1200 0.000374 0.026030 100.000000 6.666667
1200 0.000401 0.043511 200.000000 8.064516
1200 0.000443 0.064689 300.000000 7.731959
1200 0.000498 0.090962 400.000000 8.316009
1200 0.000497 0.119656 500.000000 8.576329
1200 0.000494 0.120159 600.000000 8.287292
1200 0.000438 0.109960 700.000000 8.526188
1200 0.000339 0.077858 800.000000 8.412198
1210 0.000322 0.022137 100.000000 6.896552
1210 0.000361 0.042098 200.000000 8.264462
1210 0.000442 0.063849 300.000000 7.853403
1210 0.000489 0.091023 400.000000 8.421053
1210 0.000509 0.119893 500.000000 8.605852
1210 0.000494 0.117800 600.000000 8.368201
1210 0.000435 0.105981 700.000000 8.588957
1210 0.000328 0.073251 800.000000 8.465609
1220 0.000286 0.021093 100.000000 7.092198
1220 0.000384 0.043757 200.000000 8.438819
1220 0.000446 0.066709 300.000000 7.936508
1220 0.000496 0.094351 400.000000 8.510638
1220 0.000528 0.123268 500.000000 8.591065
1220 0.000494 0.118516 600.000000 8.426967
1220 0.000435 0.104626 700.000000 8.641975
1220 0.000330 0.070872 800.000000 8.519702
1230 0.000418 0.031986 100.000000 7.246377
1230 0.000450 0.057052 200.000000 8.620689
1230 0.000505 0.081528 300.000000 8.021390
1230 0.000544 0.110437 400.000000 8.583691
1230 0.000596 0.139655 500.000000 8.460237
1230 0.000520 0.130433 600.000000 8.474576
1230 0.000442 0.113245 700.000000 8.695652
1230 0.000352 0.075289 800.000000 8.556149
1240 0.000460 0.035525 100.000000 7.407407
1240 0.000463 0.061028 200.000000 8.733624
1240 0.000505 0.085327 300.000000 8.086253
1240 0.000559 0.114244 400.000000 8.658009
1240 0.000626 0.143017 500.000000 8.278146
1240 0.000521 0.132057 600.000000 8.510638
1240 0.000423 0.113615 700.000000 8.728180
1240 0.000351 0.073852 800.000000 8.592911
1250 0.000477 0.031153 100.000000 7.462687
1250 0.000456 0.057336 200.000000 8.849558
1250 0.000486 0.081549 300.000000 8.152174
1250 0.000542 0.111171 400.000000 8.714597
1250 0.000598 0.136845 500.000000 8.196721
1250 0.000513 0.125027 600.000000 8.534851
1250 0.000385 0.105164 700.000000 8.750000
1250 0.000334 0.065633 800.000000 8.629990
1260 0.000570 0.039664 100.000000 7.575758
1260 0.000503 0.067475 200.000000 8.968610
1260 0.000535 0.093376 300.000000 8.196721
1260 0.000576 0.123706 400.000000 8.752735
1260 0.000617 0.144984 500.000000 8.183306
1260 0.000531 0.131088 600.000000 8.559201
1260 0.000385 0.107589 700.000000 8.760951
1260 0.000336 0.064673 800.000000 8.648648
1270 0.000718 0.050523 100.000000 7.692307
1270 0.000541 0.076852 200.000000 9.049774
1270 0.000580 0.103433 300.000000 8.241758
1270 0.000610 0.133400 400.000000 8.810573
1270 0.000615 0.150906 500.000000 8.223684
1270 0.000539 0.137116 600.000000 8.583691
1270 0.000389 0.111090 700.000000 8.739077
1270 0.000344 0.065636 800.000000 8.686211
1280 0.000706 0.052048 100.000000 7.936508
1280 0.000570 0.078034 200.000000 9.132421
1280 0.000589 0.104517 300.000000 8.333333
1280 0.000599 0.134584 400.000000 8.888889
1280 0.000600 0.148974 500.000000 8.278146
1280 0.000525 0.135288 600.000000 8.633094
1280 0.000391 0.107475 700.000000 8.674102
1280 0.000338 0.061726 800.000000 8.724100
1290 0.000637 0.045246 100.000000 8.264462
1290 0.000532 0.070824 200.000000 9.259259
1290 0.000569 0.097641 300.000000 8.450705
1290 0.000589 0.127996 400.000000 8.968610
1290 0.000596 0.139351 500.000000 8.347245
1290 0.000499 0.126015 600.000000 8.683068
1290 0.000378 0.097144 700.000000 8.599508
1290 0.000314 0.053981 800.000000 8.771930
1300 0.000679 0.045399 100.000000 8.620689
1300 0.000513 0.070202 200.000000 9.389671
1300 0.000573 0.097169 300.000000 8.595988
1300 0.000595 0.127388 400.000000 9.070294
1300 0.000582 0.135191 500.000000 8.431704
1300 0.000486 0.120523 600.000000 8.746356
1300 0.000374 0.089244 700.000000 8.599508
1300 0.000296 0.048401 800.000000 8.830022
1310 0.000676 0.049557 100.000000 9.090909
1310 0.000522 0.074145 200.000000 9.478673
1310 0.000598 0.102141 300.000000 8.720930
1310 0.000597 0.132185 400.000000 9.174312
1310 0.000594 0.137706 500.000000 8.517887
1310 0.000490 0.123270 600.000000 8.810573
1310 0.000388 0.089832 700.000000 8.631319
1310 0.000301 0.048461 800.000000 8.879024
1320 0.000642 0.041712 100.000000 9.433962
1320 0.000574 0.065357 200.000000 9.009009
1320 0.000570 0.093809 300.000000 8.849558
1320 0.000574 0.124621 400.000000 9.237875
1320 0.000574 0.129135 500.000000 8.591065
1320 0.000476 0.117372 600.000000 8.862629
1320 0.000376 0.084672 700.000000 8.663366
1320 0.000290 0.044793 800.000000 8.928572
1330 0.000557 0.039627 100.000000 9.708738
1330 0.000537 0.063337 200.000000 8.510638
1330 0.000574 0.092287 300.000000 8.928572
1330 0.000583 0.122913 400.000000 9.280743
1330 0.000571 0.125220 500.000000 8.650519
1330 0.000470 0.113822 600.000000 8.888889
1330 0.000358 0.080321 700.000000 8.684863
1330 0.000287 0.041573 800.000000 8.958567
1340 0.000578 0.042835 100.000000 9.900990
1340 0.000570 0.066914 200.000000 8.403361
1340 0.000589 0.095947 300.000000 8.982036
1340 0.000581 0.127087 400.000000 9.259259
1340 0.000576 0.125439 500.000000 8.680555
1340 0.000483 0.112597 600.000000 8.915304
1340 0.000352 0.077624 700.000000 8.706468
1340 0.000284 0.039707 800.000000 8.988764
1350 0.000594 0.045288 100.000000 10.101010
1350 0.000579 0.069764 200.000000 8.368201
1350 0.000611 0.099051 300.000000 9.036144
1350 0.000595 0.129944 400.000000 9.195402
1350 0.000562 0.125239 500.000000 8.695652
1350 0.000484 0.110521 600.000000 8.928572
1350 0.000362 0.074280 700.000000 8.728180
1350 0.000277 0.037167 800.000000 8.998875
1360 0.000572 0.046927 100.000000 10.204082
1360 0.000576 0.070438 200.000000 8.403361
1360 0.000607 0.100976 300.000000 9.063444
1360 0.000620 0.131299 400.000000 9.009009
1360 0.000557 0.123137 500.000000 8.726004
1360 0.000480 0.106594 600.000000 8.955224
1360 0.000357 0.069138 700.000000 8.750000
1360 0.000268 0.033810 800.000000 9.019166
1370 0.000529 0.046203 100.000000 10.526316
1370 0.000567 0.070653 200.000000 8.438819
1370 0.000619 0.101487 300.000000 9.118541
1370 0.000707 0.131708 400.000000 8.639309
1370 0.000551 0.120177 500.000000 8.741259
1370 0.000445 0.102088 600.000000 8.968610
1370 0.000357 0.063411 700.000000 8.771930
1370 0.000252 0.029983 800.000000 9.029346
1380 0.000551 0.045454 100.000000 10.638298
1380 0.000550 0.069469 200.000000 8.474576
1380 0.000611 0.100584 300.000000 9.174312
1380 0.000664 0.128290 400.000000 8.385744
1380 0.000546 0.116300 500.000000 8.756567
1380 0.000400 0.097386 600.000000 8.982036
1380 0.000341 0.057592 700.000000 8.793970
1380 0.000235 0.026318 800.000000 9.039548
1390 0.000452 0.039121 100.000000 10.869565
1390 0.000534 0.064827 200.000000 8.474576
1390 0.000602 0.095816 300.000000 9.202454
1390 0.000637 0.118823 400.000000 8.333333
1390 0.000529 0.108053 500.000000 8.771930
1390 0.000363 0.088814 600.000000 8.982036
1390 0.000318 0.049269 700.000000 8.816121
1390 0.000217 0.021052 800.000000 9.039548
1400 0.000411 0.034819 100.000000 10.752688
1400 0.000526 0.060871 200.000000 8.510638
1400 0.000592 0.092311 300.000000 9.230769
1400 0.000601 0.110774 400.000000 8.333333
1400 0.000506 0.100816 500.000000 8.771930
1400 0.000339 0.080325 600.000000 8.902077
1400 0.000300 0.041115 700.000000 8.827238
1400 0.000202 0.016227 800.000000 9.029346
1410 0.000442 0.035224 100.000000 10.416667
1410 0.000578 0.062852 200.000000 8.510638
1410 0.000605 0.095460 300.000000 9.202454
1410 0.000602 0.110214 400.000000 8.350731
1410 0.000489 0.103222 500.000000 8.756567
1410 0.000367 0.080782 600.000000 8.633094
1410 0.000297 0.040306 700.000000 8.838384
1410 0.000188 0.016452 800.000000 8.958567
1420 0.000669 0.036622 100.000000 9.615385
1420 0.000643 0.067002 200.000000 8.510638
1420 0.000621 0.099563 300.000000 9.174312
1420 0.000603 0.110390 400.000000 8.368201
1420 0.000486 0.104550 500.000000 8.741259
1420 0.000373 0.077728 600.000000 8.534851
1420 0.000293 0.037939 700.000000 8.838384
1420 0.000207 0.015694 800.000000 8.048289
1430 0.000648 0.033469 100.000000 7.575758
1430 0.000629 0.065346 200.000000 8.510638
1430 0.000610 0.097734 300.000000 9.118541
1430 0.000593 0.105061 400.000000 8.385744
1430 0.000470 0.099623 500.000000 8.726004
1430 0.000360 0.070542 600.000000 8.510638
1430 0.000281 0.033483 700.000000 8.849558
1430 0.000221 0.012869 800.000000 7.976072
1440 0.000594 0.034530 100.000000 7.194244
1440 0.000625 0.066373 200.000000 8.510638
1440 0.000587 0.098524 300.000000 9.036144
1440 0.000585 0.100305 400.000000 8.385744
1440 0.000480 0.091778 500.000000 8.710801
1440 0.000342 0.061202 600.000000 8.510638
1440 0.000255 0.027299 700.000000 8.849558
1440 0.000176 0.009200 800.000000 7.960199
1450 0.000616 0.037936 100.000000 7.092198
1450 0.000637 0.071114 200.000000 8.510638
1450 0.000614 0.102601 300.000000 8.849558
1450 0.000570 0.099190 400.000000 8.385744
1450 0.000474 0.087537 500.000000 8.710801
1450 0.000338 0.055357 600.000000 8.522727
1450 0.000243 0.023417 700.000000 8.849558
1450 0.000184 0.007136 800.000000 7.960199
1460 0.000632 0.041910 100.000000 6.993007
1460 0.000648 0.075044 200.000000 8.510638
1460 0.000691 0.106847 300.000000 8.379889
1460 0.000563 0.097800 400.000000 8.385744
1460 0.000455 0.083520 500.000000 8.710801
1460 0.000342 0.049373 600.000000 8.522727
1460 0.000233 0.019736 700.000000 8.838384
1460 0.000166 0.005359 800.000000 7.960199
1470 0.000605 0.043333 100.000000 6.944445
1470 0.000668 0.077028 200.000000 8.510638
1470 0.000744 0.106864 300.000000 7.853403
1470 0.000554 0.095894 400.000000 8.368201
1470 0.000397 0.080470 500.000000 8.695652
1470 0.000325 0.044373 600.000000 8.522727
1470 0.000211 0.017124 700.000000 8.827238
1470 0.000162 0.004387 800.000000 7.960199
1480 0.000646 0.045596 100.000000 6.896552
1480 0.000696 0.079568 200.000000 8.510638
1480 0.000705 0.104172 300.000000 7.712082
1480 0.000558 0.094607 400.000000 8.350731
1480 0.000358 0.078032 500.000000 8.665511
1480 0.000317 0.040123 600.000000 8.534851
1480 0.000198 0.014934 700.000000 8.816121
1480 0.000155 0.003850 800.000000 7.952286
1490 0.000725 0.048586 100.000000 6.944445
1490 0.000722 0.082860 200.000000 8.547009
1490 0.000673 0.102621 300.000000 7.731959
1490 0.000548 0.094471 400.000000 8.350731
1490 0.000348 0.076364 500.000000 8.605852
1490 0.000310 0.036487 600.000000 8.547009
1490 0.000197 0.013423 700.000000 8.805032
1490 0.000150 0.003774 800.000000 7.960199
1500 0.000777 0.045259 100.000000 7.042253
1500 0.000693 0.080364 200.000000 8.620689
1500 0.000652 0.099060 300.000000 7.772021
1500 0.000524 0.095736 400.000000 8.385744
1500 0.000408 0.078377 500.000000 8.417508
1500 0.000318 0.036967 600.000000 8.583691
1500 0.000190 0.015487 700.000000 8.793970
1500 0.000157 0.004208 800.000000 7.976072
1510 0.000737 0.049393 100.000000 7.194244
1510 0.000698 0.082717 200.000000 8.695652
1510 0.000641 0.093759 300.000000 7.853403
1510 0.000493 0.085915 400.000000 8.421053
1510 0.000364 0.063731 500.000000 8.305648
1510 0.000268 0.026973 600.000000 8.633094
1510 0.000133 0.008878 700.000000 8.728180
1510 0.000127 0.004894 800.000000 8.000000
1520 0.000762 0.055261 100.000000 7.462687
1520 0.000674 0.087217 200.000000 8.849558
1520 0.000645 0.090004 300.000000 7.957560
1520 0.000476 0.076280 400.000000 8.492569
1520 0.000341 0.049364 500.000000 8.319468
1520 0.000239 0.017259 600.000000 8.683068
1520 0.000138 0.003235 700.000000 7.856341
1520 0.000115 0.006508 800.000000 8.032128
1530 0.000671 0.045587 100.000000 7.874016
1530 0.000607 0.077428 200.000000 9.090909
1530 0.000606 0.081053 300.000000 8.108109
1530 0.000448 0.070896 400.000000 8.602151
1530 0.000320 0.046064 500.000000 8.389262
1530 0.000231 0.016217 600.000000 8.771930
1530 0.000152 0.003867 700.000000 7.865169
1530 0.000105 0.006385 800.000000 8.080808
1540 0.000573 0.040304 100.000000 8.403361
1540 0.000571 0.070411 200.000000 9.433962
1540 0.000575 0.074674 300.000000 8.287292
1540 0.000428 0.066306 400.000000 8.752735
1540 0.000307 0.043248 500.000000 8.503402
1540 0.000218 0.015228 600.000000 8.875740
1540 0.000156 0.004568 700.000000 7.918552
1540 0.000104 0.006192 800.000000 8.146640
1550 0.000580 0.040698 100.000000 9.009009
1550 0.000587 0.071809 200.000000 9.756098
1550 0.000572 0.074467 300.000000 8.474576
1550 0.000430 0.065653 400.000000 8.908686
1550 0.000303 0.041743 500.000000 8.605852
1550 0.000213 0.014180 600.000000 8.982036
1550 0.000156 0.003758 700.000000 7.972665
1550 0.000104 0.006534 800.000000 8.213552
1560 0.000562 0.033437 100.000000 9.615385
1560 0.000571 0.066256 200.000000 10.050251
1560 0.000567 0.071110 300.000000 8.645534
1560 0.000415 0.066072 400.000000 9.029346
1560 0.000304 0.043754 500.000000 8.710801
1560 0.000218 0.016118 600.000000 9.077156
1560 0.000167 0.005268 700.000000 8.027523
1560 0.000096 0.006458 800.000000 8.273009
1570 0.000564 0.037848 100.000000 10.000000
1570 0.000564 0.070067 200.000000 10.204082
1570 0.000575 0.070294 300.000000 8.771930
1570 0.000422 0.062797 400.000000 9.111617
1570 0.000295 0.039064 500.000000 8.771930
1570 0.000206 0.013236 600.000000 9.146341
1570 0.000136 0.004152 700.000000 8.055236
1570 0.000093 0.007044 800.000000 8.307373
1580 0.000638 0.041456 100.000000 10.416667
1580 0.000590 0.074108 200.000000 10.256411
1580 0.000584 0.071321 300.000000 8.849558
1580 0.000442 0.062712 400.000000 9.174312
1580 0.000300 0.037711 500.000000 8.818342
1580 0.000194 0.012575 600.000000 9.188361
1580 0.000133 0.004142 700.000000 8.073818
1580 0.000093 0.007312 800.000000 8.342023
1590 0.000673 0.044230 100.000000 10.526316
1590 0.000618 0.075228 200.000000 10.050251
1590 0.000556 0.071373 300.000000 8.902077
1590 0.000443 0.062845 400.000000 9.216590
1590 0.000300 0.037251 500.000000 8.865249
1590 0.000191 0.013036 600.000000 9.216590
1590 0.000154 0.004441 700.000000 8.092485
1590 0.000092 0.007461 800.000000 8.359457
1600 0.000670 0.049298 100.000000 10.752688
1600 0.000700 0.080922 200.000000 9.389671
1600 0.000551 0.069450 300.000000 8.928572
1600 0.000428 0.057393 400.000000 9.237875
1600 0.000300 0.030437 500.000000 8.880995
1600 0.000167 0.009062 600.000000 9.230769
1600 0.000128 0.004422 700.000000 8.111239
1600 0.000086 0.008038 800.000000 8.368201
1610 0.000755 0.055393 100.000000 10.752688
1610 0.000827 0.084446 200.000000 8.474576
1610 0.000549 0.069641 300.000000 8.928572
1610 0.000363 0.056400 400.000000 9.237875
1610 0.000290 0.027785 500.000000 8.912656
1610 0.000161 0.007964 600.000000 9.230769
1610 0.000122 0.004938 700.000000 8.111239
1610 0.000084 0.008355 800.000000 8.368201
1620 0.000718 0.051679 100.000000 10.869565
1620 0.000739 0.075887 200.000000 8.163265
1620 0.000533 0.066169 300.000000 8.928572
1620 0.000307 0.054610 400.000000 9.237875
1620 0.000271 0.025524 500.000000 8.928572
1620 0.000146 0.008600 600.000000 9.230769
1620 0.000121 0.004957 700.000000 8.111239
1620 0.000078 0.008479 800.000000 8.359457
1630 0.000754 0.055577 100.000000 10.869565
1630 0.000692 0.071020 200.000000 8.130081
1630 0.000511 0.057395 300.000000 8.928572
1630 0.000271 0.042642 400.000000 9.153318
1630 0.000236 0.015200 500.000000 8.944544
1630 0.000121 0.003120 600.000000 9.202454
1630 0.000081 0.006923 700.000000 8.111239
1630 0.000091 0.008626 800.000000 8.359457
1640 0.000653 0.052921 100.000000 10.869565
1640 0.000634 0.064398 200.000000 8.163265
1640 0.000462 0.056751 300.000000 8.902077
1640 0.000318 0.043207 400.000000 8.849558
1640 0.000237 0.015097 500.000000 8.944544
1640 0.000107 0.005482 600.000000 9.146341
1640 0.000085 0.006213 700.000000 8.111239
1640 0.000087 0.008517 800.000000 8.368201
1650 0.000686 0.050646 100.000000 10.752688
1650 0.000616 0.057054 200.000000 8.163265
1650 0.000412 0.051282 300.000000 8.875740
1650 0.000302 0.036099 400.000000 8.547009
1650 0.000201 0.011645 500.000000 8.960573
1650 0.000112 0.005758 600.000000 8.862629
1650 0.000063 0.006534 700.000000 8.101851
1650 0.000078 0.008740 800.000000 8.368201
1660 0.000613 0.046286 100.000000 10.526316
1660 0.000572 0.049036 200.000000 8.196721
1660 0.000390 0.045576 300.000000 8.823529
1660 0.000274 0.029978 400.000000 8.492569
1660 0.000182 0.009528 500.000000 8.960573
1660 0.000148 0.006363 600.000000 7.812500
1660 0.000066 0.006512 700.000000 8.101851
1660 0.000085 0.008878 800.000000 8.359457
1670 0.000596 0.047438 100.000000 10.204082
1670 0.000581 0.043062 200.000000 8.196721
1670 0.000375 0.037857 300.000000 8.797654
1670 0.000245 0.021908 400.000000 8.474576
1670 0.000155 0.005878 500.000000 8.960573
1670 0.000126 0.005257 600.000000 7.782101
1670 0.000056 0.006926 700.000000 8.101851
1670 0.000105 0.009618 800.000000 8.342023
1680 0.000597 0.043231 100.000000 9.708738
1680 0.000500 0.033913 200.000000 8.196721
1680 0.000363 0.028183 300.000000 8.797654
1680 0.000229 0.014330 400.000000 8.492569
1680 0.000110 0.003280 500.000000 8.960573
1680 0.000135 0.004982 600.000000 7.772021
1680 0.000051 0.007038 700.000000 8.101851
1680 0.000108 0.010730 800.000000 8.324662
1690 0.000681 0.045889 100.000000 8.620689
1690 0.000491 0.035524 200.000000 8.196721
1690 0.000369 0.030671 300.000000 8.797654
1690 0.000251 0.015977 400.000000 8.492569
1690 0.000107 0.005987 500.000000 8.960573
1690 0.000140 0.005452 600.000000 7.782101
1690 0.000051 0.007021 700.000000 8.101851
1690 0.000112 0.011410 800.000000 8.324662
1700 0.001007 0.044237 100.000000 6.993007
1700 0.000455 0.030804 200.000000 8.163265
1700 0.000260 0.027019 300.000000 8.771930
1700 0.000227 0.013095 400.000000 8.510638
1700 0.000103 0.006911 500.000000 8.944544
1700 0.000123 0.006087 600.000000 7.772021
1700 0.000056 0.007523 700.000000 8.092485
1700 0.000120 0.013490 800.000000 8.324662
1710 0.000889 0.039143 100.000000 6.493506
1710 0.000464 0.024205 200.000000 8.163265
1710 0.000175 0.019179 300.000000 8.746356
1710 0.000186 0.006311 400.000000 8.510638
1710 0.000084 0.004463 500.000000 8.928572
1710 0.000109 0.005649 600.000000 7.772021
1710 0.000067 0.008077 700.000000 8.083141
1710 0.000137 0.015745 800.000000 8.324662
1720 0.000732 0.026916 100.000000 6.410256
1720 0.000410 0.017859 200.000000 8.130081
1720 0.000129 0.015098 300.000000 8.670520
1720 0.000168 0.004644 400.000000 8.528785
1720 0.000089 0.006382 500.000000 8.912656
1720 0.000104 0.006235 600.000000 7.772021
1720 0.000078 0.009375 700.000000 8.073818
1720 0.000131 0.018790 800.000000 8.324662
1730 0.000675 0.026060 100.000000 6.451613
1730 0.000372 0.021010 200.000000 8.097166
1730 0.000229 0.018289 300.000000 8.310249
1730 0.000193 0.006037 400.000000 8.547009
1730 0.000108 0.009169 500.000000 8.849558
1730 0.000101 0.007012 600.000000 7.761966
1730 0.000089 0.010499 700.000000 8.083141
1730 0.000146 0.020360 800.000000 8.307373
1740 0.000555 0.017307 100.000000 6.535948
1740 0.000269 0.018509 200.000000 8.097166
1740 0.000251 0.018747 300.000000 8.000000
1740 0.000183 0.009349 400.000000 8.565310
1740 0.000164 0.015781 500.000000 8.635578
1740 0.000117 0.009823 600.000000 7.772021
1740 0.000095 0.013397 700.000000 8.092485
1740 0.000134 0.023755 800.000000 8.307373
1750 0.000630 0.016815 100.000000 6.622517
1750 0.000297 0.018219 200.000000 8.130081
1750 0.000208 0.015240 300.000000 7.957560
1750 0.000182 0.006913 400.000000 8.602151
1750 0.000196 0.013616 500.000000 7.429420
1750 0.000101 0.008368 600.000000 7.782101
1750 0.000103 0.013047 700.000000 8.101851
1750 0.000160 0.024165 800.000000 8.316009
1760 0.000551 0.013121 100.000000 6.711410
1760 0.000259 0.017878 200.000000 8.163265
1760 0.000247 0.016488 300.000000 7.957560
1760 0.000167 0.011137 400.000000 8.639309
1760 0.000186 0.017730 500.000000 7.407407
1760 0.000112 0.011435 600.000000 7.792208
1760 0.000106 0.015960 700.000000 8.111239
1760 0.000169 0.027330 800.000000 8.333333
1770 0.000597 0.029749 100.000000 6.849315
1770 0.000397 0.039495 200.000000 8.230453
1770 0.000362 0.034188 300.000000 8.021390
1770 0.000208 0.023531 400.000000 8.695652
1770 0.000249 0.024956 500.000000 7.418397
1770 0.000132 0.013559 600.000000 7.822686
1770 0.000088 0.015372 700.000000 8.120649
1770 0.000146 0.024488 800.000000 8.359457
1780 0.000565 0.030055 100.000000 6.993007
1780 0.000414 0.038082 200.000000 8.333333
1780 0.000361 0.031386 300.000000 8.108109
1780 0.000193 0.022860 400.000000 8.752735
1780 0.000256 0.023243 500.000000 7.462687
1780 0.000124 0.013069 600.000000 7.863696
1780 0.000086 0.015963 700.000000 8.149011
1780 0.000148 0.025831 800.000000 8.394544
1790 0.000464 0.025356 100.000000 7.246377
1790 0.000374 0.033544 200.000000 8.510638
1790 0.000342 0.029262 300.000000 8.219178
1790 0.000198 0.024891 400.000000 8.849558
1790 0.000262 0.025225 500.000000 7.507507
1790 0.000128 0.016061 600.000000 7.915567
1790 0.000105 0.019562 700.000000 8.187135
1790 0.000158 0.030141 800.000000 8.438819
1800 0.000368 0.017852 100.000000 7.575758
1800 0.000325 0.026345 200.000000 8.733624
1800 0.000324 0.024981 300.000000 8.356546
1800 0.000183 0.024763 400.000000 8.948545
1800 0.000256 0.025515 500.000000 7.575758
1800 0.000130 0.018031 600.000000 7.968128
1800 0.000118 0.022543 700.000000 8.235294
1800 0.000172 0.034172 800.000000 8.483563
1810 0.000334 0.022496 100.000000 7.936508
1810 0.000327 0.032789 200.000000 8.968610
1810 0.000345 0.030587 300.000000 8.522727
1810 0.000200 0.030560 400.000000 9.090909
1810 0.000268 0.029505 500.000000 7.656968
1810 0.000140 0.020570 600.000000 8.042895
1810 0.000114 0.024087 700.000000 8.303678
1810 0.000166 0.035074 800.000000 8.547009
1820 0.000410 0.038511 100.000000 8.474576
1820 0.000388 0.052219 200.000000 9.259259
1820 0.000423 0.047401 300.000000 8.695652
1820 0.000260 0.045985 400.000000 9.237875
1820 0.000300 0.040840 500.000000 7.739938
1820 0.000171 0.026954 600.000000 8.119080
1820 0.000114 0.027206 700.000000 8.373206
1820 0.000150 0.035735 800.000000 8.620689
1830 0.000457 0.042563 100.000000 9.009009
1830 0.000429 0.059137 200.000000 9.615385
1830 0.000462 0.056848 300.000000 8.902077
1830 0.000317 0.057951 400.000000 9.411765
1830 0.000338 0.051402 500.000000 7.836991
1830 0.000206 0.034959 600.000000 8.207934
1830 0.000132 0.033484 700.000000 8.454106
1830 0.000152 0.041138 800.000000 8.686211
1840 0.000411 0.041166 100.000000 9.615385
1840 0.000406 0.057070 200.000000 9.950249
1840 0.000443 0.053437 300.000000 9.090909
1840 0.000309 0.055091 400.000000 9.569378
1840 0.000317 0.047845 500.000000 7.923930
1840 0.000195 0.032893 600.000000 8.275862
1840 0.000134 0.032671 700.000000 8.526188
1840 0.000152 0.041083 800.000000 8.752735
1850 0.000328 0.033571 100.000000 10.204082
1850 0.000370 0.049918 200.000000 10.256411
1850 0.000410 0.048091 300.000000 9.287926
1850 0.000305 0.052772 400.000000 9.708738
1850 0.000305 0.045815 500.000000 8.000000
1850 0.000183 0.033283 600.000000 8.344924
1850 0.000147 0.034722 700.000000 8.599508
1850 0.000168 0.044201 800.000000 8.820287
1860 0.000288 0.032117 100.000000 10.638298
1860 0.000328 0.046679 200.000000 10.471204
1860 0.000375 0.042530 300.000000 9.433962
1860 0.000284 0.047938 400.000000 9.803922
1860 0.000293 0.039928 500.000000 8.064516
1860 0.000177 0.030007 600.000000 8.403361
1860 0.000139 0.033364 700.000000 8.652658
1870 0.000280 0.032860 100.000000 10.869565
1870 0.000335 0.048013 200.000000 10.526316
1870 0.000377 0.043065 300.000000 9.523809
1870 0.000298 0.050857 400.000000 9.828010
1870 0.000280 0.039969 500.000000 8.090615
1870 0.000157 0.031209 600.000000 8.426967
1870 0.000137 0.035612 700.000000 8.674102
1880 0.000260 0.030139 100.000000 10.869565
1880 0.000350 0.044920 200.000000 10.101010
1880 0.000374 0.038235 300.000000 9.523809
1880 0.000296 0.048267 400.000000 9.779951
1880 0.000256 0.035456 500.000000 8.077544
1880 0.000146 0.029914 600.000000 8.426967
1880 0.000139 0.036247 700.000000 8.663366
1890 0.000292 0.030971 100.000000 10.526316
1890 0.000494 0.046269 200.000000 9.009009
1890 0.000368 0.039064 300.000000 9.523809
1890 0.000340 0.051987 400.000000 9.501187
1890 0.000245 0.035211 500.000000 8.064516
1890 0.000161 0.031679 600.000000 8.415147
1890 0.000156 0.039047 700.000000 8.631319
1900 0.000318 0.029385 100.000000 10.309278
1900 0.000400 0.042009 200.000000 8.771930
1900 0.000374 0.039082 300.000000 9.523809
1900 0.000376 0.053330 400.000000 7.648183
1900 0.000235 0.035335 500.000000 8.038586
1900 0.000173 0.033910 600.000000 8.403361
1900 0.000184 0.042641 700.000000 8.620689
1910 0.000326 0.026000 100.000000 10.204082
1910 0.000485 0.038879 200.000000 8.733624
1910 0.000332 0.041939 300.000000 9.493670
1910 0.000363 0.053561 400.000000 7.561437
1910 0.000239 0.037830 500.000000 8.038586
1910 0.000173 0.038151 600.000000 8.379889
1910 0.000207 0.048375 700.000000 8.610086
1920 0.000397 0.025303 100.000000 10.101010
1920 0.000531 0.037010 200.000000 8.733624
1920 0.000315 0.043924 300.000000 9.493670
1920 0.000393 0.052242 400.000000 7.561437
1920 0.000234 0.038716 500.000000 8.038586
1920 0.000184 0.041215 600.000000 8.356546
1920 0.000221 0.052707 700.000000 8.620689
1930 0.000386 0.024784 100.000000 10.101010
1930 0.000481 0.034285 200.000000 8.733624
1930 0.000298 0.042914 300.000000 9.493670
1930 0.000373 0.047045 400.000000 7.561437
1930 0.000218 0.036805 500.000000 8.038586
1930 0.000189 0.041442 600.000000 8.344924
1930 0.000228 0.054598 700.000000 8.620689
1940 0.000410 0.033157 100.000000 10.204082
1940 0.000485 0.038388 200.000000 8.771930
1940 0.000322 0.047524 300.000000 9.493670
1940 0.000348 0.046454 400.000000 7.561437
1940 0.000222 0.036887 500.000000 8.038586
1940 0.000190 0.042067 600.000000 8.356546
1940 0.000226 0.055566 700.000000 8.631319
1950 0.000509 0.038592 100.000000 10.101010
1950 0.000476 0.041379 200.000000 8.849558
1950 0.000365 0.053366 300.000000 9.493670
1950 0.000357 0.047948 400.000000 7.575758
1950 0.000220 0.039476 500.000000 8.038586
1950 0.000191 0.045706 600.000000 8.368201
1950 0.000230 0.059897 700.000000 8.631319
1960 0.000578 0.042375 100.000000 10.000000
1960 0.000487 0.044372 200.000000 8.888889
1960 0.000382 0.058523 300.000000 9.493670
1960 0.000343 0.048760 400.000000 7.575758
1960 0.000207 0.041560 500.000000 8.038586
1960 0.000197 0.049042 600.000000 8.368201
1970 0.000657 0.043204 100.000000 9.433962
1970 0.000499 0.043355 200.000000 8.928572
1970 0.000399 0.059732 300.000000 9.433962
1970 0.000330 0.046435 400.000000 7.575758
1970 0.000207 0.041658 500.000000 8.051530
1970 0.000199 0.050436 600.000000 8.368201
1980 0.000835 0.044818 100.000000 8.000000
1980 0.000478 0.039499 200.000000 9.009009
1980 0.000380 0.056946 300.000000 9.287926
1980 0.000304 0.040816 400.000000 7.590133
1980 0.000208 0.038922 500.000000 8.064516
1980 0.000212 0.049276 600.000000 8.356546
1990 0.000555 0.035210 100.000000 7.575758
1990 0.000436 0.036531 200.000000 9.049774
1990 0.000417 0.056054 300.000000 7.109005
1990 0.000269 0.039790 400.000000 7.590133
1990 0.000209 0.041310 500.000000 8.077544
1990 0.000223 0.053695 600.000000 8.368201
2000 0.000683 0.033953 100.000000 7.518797
2000 0.000409 0.039264 200.000000 9.090909
2000 0.000405 0.057118 300.000000 6.976744
2000 0.000268 0.041571 400.000000 7.604563
2000 0.000230 0.044912 500.000000 8.077544
2000 0.000272 0.058594 600.000000 8.368201
2010 0.000748 0.031071 100.000000 7.518797
2010 0.000361 0.042103 200.000000 9.132421
2010 0.000441 0.056740 300.000000 6.944445
2010 0.000283 0.045080 400.000000 7.619048
2010 0.000246 0.050957 500.000000 8.064516
2010 0.000297 0.066471 600.000000 8.379889
2020 0.000673 0.033589 100.000000 7.575758
2020 0.000389 0.049530 200.000000 9.174312
2020 0.000466 0.060719 300.000000 6.944445
2020 0.000286 0.051744 400.000000 7.619048
2020 0.000273 0.059715 500.000000 8.051530
2020 0.000312 0.076637 600.000000 8.391608
2030 0.000675 0.038011 100.000000 7.633588
2030 0.000424 0.055674 200.000000 9.132421
2030 0.000455 0.061254 300.000000 6.944445
2030 0.000297 0.054916 400.000000 7.619048
2030 0.000287 0.064643 500.000000 8.038586
2030 0.000329 0.082312 600.000000 8.403361
2040 0.000541 0.025497 100.000000 7.692307
2040 0.000359 0.041308 200.000000 9.132421
2040 0.000354 0.043593 300.000000 6.944445
2040 0.000251 0.041310 400.000000 7.619048
2040 0.000272 0.053839 500.000000 8.051530
2040 0.000308 0.073317 600.000000 8.403361
2050 0.000483 0.012190 100.000000 7.751938
2050 0.000299 0.027711 200.000000 9.132421
2050 0.000305 0.028392 300.000000 6.960557
2050 0.000208 0.030004 400.000000 7.619048
2050 0.000257 0.044711 500.000000 8.064516
2060 0.000486 0.010121 100.000000 7.936508
2060 0.000312 0.026640 200.000000 9.174312
2060 0.000279 0.025147 300.000000 6.993007
2060 0.000187 0.028661 400.000000 7.633588
2060 0.000243 0.044334 500.000000 8.090615
2070 0.000469 0.009583 100.000000 8.196721
2070 0.000280 0.025185 200.000000 9.302325
2070 0.000253 0.023705 300.000000 7.058824
2070 0.000202 0.029165 400.000000 7.707129
2070 0.000253 0.046149 500.000000 8.130081
2080 0.000474 0.009867 100.000000 8.620689
2080 0.000301 0.024140 200.000000 9.478673
2080 0.000238 0.022963 300.000000 7.142857
2080 0.000207 0.029932 400.000000 7.797271
2080 0.000269 0.048041 500.000000 8.196721
2090 0.000306 0.022500 100.000000 9.259259
2090 0.000379 0.041709 200.000000 9.756098
2090 0.000290 0.041622 300.000000 7.263923
2090 0.000302 0.051713 400.000000 7.905138
2090 0.000342 0.071991 500.000000 8.291874
2100 0.000246 0.021100 100.000000 9.900990
2100 0.000412 0.039715 200.000000 9.950249
2100 0.000298 0.041967 300.000000 7.389163
2100 0.000308 0.054664 400.000000 8.016032
2100 0.000357 0.076198 500.000000 8.389262
2110 0.000277 0.020679 100.000000 10.526316
2110 0.000494 0.040221 200.000000 9.950249
2110 0.000296 0.041872 300.000000 7.500000
2110 0.000320 0.055742 400.000000 8.113590
2110 0.000351 0.077895 500.000000 8.460237
2120 0.000390 0.027282 100.000000 10.989011
2120 0.000446 0.048787 200.000000 6.872852
2120 0.000304 0.043435 300.000000 7.556675
2120 0.000296 0.054844 400.000000 8.179959
2120 0.000334 0.075380 500.000000 8.517887
2130 0.000301 0.025107 100.000000 11.235955
2130 0.000357 0.044693 200.000000 6.688963
2130 0.000295 0.043556 300.000000 7.594937
2130 0.000341 0.058595 400.000000 8.196721
2130 0.000398 0.081373 500.000000 8.532423
2140 0.000279 0.021802 100.000000 11.363636
2140 0.000392 0.039064 200.000000 6.644518
2140 0.000286 0.043354 300.000000 7.614213
2140 0.000365 0.061460 400.000000 8.179959
2140 0.000425 0.086145 500.000000 8.547009
2150 0.000446 0.026218 100.000000 11.363636
2150 0.000417 0.041649 200.000000 6.622517
2150 0.000296 0.048030 300.000000 7.614213
2150 0.000383 0.068246 400.000000 8.146640
2150 0.000439 0.093978 500.000000 8.547009
2160 0.000556 0.032228 100.000000 11.235955
2160 0.000424 0.044557 200.000000 6.622517
2160 0.000345 0.053848 300.000000 7.594937
2160 0.000417 0.075341 400.000000 8.130081
2160 0.000460 0.101805 500.000000 8.547009
2170 0.000530 0.035414 100.000000 11.111111
2170 0.000378 0.044371 200.000000 6.600660
2170 0.000358 0.053884 300.000000 7.575758
2170 0.000427 0.076291 400.000000 8.130081
2170 0.000448 0.102719 500.000000 8.547009
2180 0.000560 0.034745 100.000000 10.869565
2180 0.000359 0.041132 200.000000 6.578948
2180 0.000362 0.052672 300.000000 7.537688
2180 0.000409 0.076838 400.000000 8.113590
2190 0.000556 0.038032 100.000000 10.526316
2190 0.000363 0.041500 200.000000 6.557377
2190 0.000379 0.055537 300.000000 7.518797
2190 0.000410 0.080398 400.000000 8.097166
2200 0.000661 0.035544 100.000000 9.900990
2200 0.000357 0.039565 200.000000 6.535948
2200 0.000396 0.057401 300.000000 7.518797
2200 0.000445 0.083796 400.000000 8.064516
2210 0.000518 0.035566 100.000000 4.926108
2210 0.000352 0.036056 200.000000 6.514658
2210 0.000384 0.055582 300.000000 7.518797
2210 0.000438 0.083098 400.000000 8.032128
2220 0.000399 0.037409 100.000000 4.694836
2220 0.000325 0.035577 200.000000 6.493506
2220 0.000406 0.055369 300.000000 7.481297
2220 0.000479 0.082879 400.000000 8.016032
2230 0.000644 0.031406 100.000000 4.651163
2230 0.000257 0.028274 200.000000 6.493506
2230 0.000390 0.048308 300.000000 7.444169
2230 0.000462 0.075396 400.000000 8.032128
2240 0.000605 0.025354 100.000000 4.651163
2240 0.000232 0.025977 200.000000 6.493506
2240 0.000408 0.048553 300.000000 7.407407
2240 0.000466 0.076359 400.000000 8.032128
2250 0.000541 0.019233 100.000000 4.651163
2250 0.000249 0.022873 200.000000 6.514658
2250 0.000414 0.046505 300.000000 7.425743
2250 0.000462 0.075020 400.000000 8.048289
2260 0.000339 0.015576 100.000000 4.672897
2260 0.000288 0.025120 200.000000 6.493506
2260 0.000454 0.051570 300.000000 7.444169
2260 0.000474 0.081314 400.000000 8.048289
2270 0.000280 0.011827 100.000000 4.672897
2270 0.000316 0.022920 200.000000 6.493506
2270 0.000435 0.051863 300.000000 7.444169
2280 0.000280 0.008489 100.000000 4.716981
2280 0.000353 0.024907 200.000000 6.514658
2280 0.000424 0.054638 300.000000 7.481297
2290 0.000154 0.005186 100.000000 4.761905
2290 0.000375 0.023735 200.000000 6.578948
2290 0.000464 0.055101 300.000000 7.500000
2300 0.000118 0.011684 100.000000 4.854369
2300 0.000355 0.016986 200.000000 6.688963
2300 0.000449 0.048772 300.000000 7.556675
2310 0.000154 0.016164 100.000000 5.000000
2310 0.000407 0.015708 200.000000 6.825939
2310 0.000470 0.047947 300.000000 7.672634
2320 0.000244 0.004365 100.000000 5.181347
2320 0.000452 0.029362 200.000000 7.017544
2320 0.000505 0.062652 300.000000 7.812500
2330 0.000320 0.006635 100.000000 5.434783
2330 0.000472 0.033836 200.000000 7.246377
2330 0.000527 0.067253 300.000000 8.000000
2340 0.000320 0.010560 100.000000 5.747127
2340 0.000476 0.036105 200.000000 7.518797
2340 0.000531 0.069413 300.000000 8.219178
2350 0.000307 0.009572 100.000000 6.097561
2350 0.000470 0.035295 200.000000 7.812500
2350 0.000526 0.068593 300.000000 8.450705
2360 0.000301 0.006388 100.000000 6.493506
2360 0.000463 0.034027 200.000000 8.130081
2360 0.000521 0.067351 300.000000 8.695652
2370 0.000303 0.006388 100.000000 6.944445
2370 0.000466 0.034726 200.000000 8.438819
2370 0.000522 0.067551 300.000000 8.955224
2380 0.000308 0.006066 100.000000 7.462687
2380 0.000466 0.034827 200.000000 8.810573
2380 0.000522 0.067616 300.000000 9.230769
2390 0.000309 0.006636 100.000000 8.064516
2390 0.000469 0.035113 200.000000 9.216590
2390 0.000523 0.067962 300.000000 9.523809
2400 0.000370 0.008364 100.000000 8.771930
2400 0.000498 0.035818 200.000000 9.661836
2400 0.000543 0.068861 300.000000 9.836065
2410 0.000416 0.013671 100.000000 9.345795
2410 0.000506 0.043279 200.000000 10.050251
2410 0.000552 0.076311 300.000000 10.101010
2420 0.000605 0.036563 100.000000 9.900990
2420 0.000658 0.067290 200.000000 10.362695
2420 0.000657 0.100209 300.000000 10.309278
2430 0.000594 0.039167 100.000000 10.309278
2430 0.000651 0.069593 200.000000 10.526316
2430 0.000679 0.101994 300.000000 10.452962
2440 0.000496 0.032564 100.000000 10.526316
2440 0.000690 0.062705 200.000000 10.582010
2440 0.000687 0.095663 300.000000 10.526316
2450 0.000617 0.044201 100.000000 10.638298
2450 0.000739 0.077194 200.000000 10.471204
2450 0.000733 0.109301 300.000000 10.563380
2460 0.000722 0.048490 100.000000 10.638298
2460 0.000785 0.081474 200.000000 10.471204
2460 0.000743 0.114059 300.000000 10.563380
2470 0.000649 0.043384 100.000000 10.526316
2470 0.000745 0.077678 200.000000 10.471204
2470 0.000693 0.109873 300.000000 10.563380
2480 0.000756 0.047298 100.000000 10.416667
2480 0.000768 0.082459 200.000000 10.526316
2490 0.000760 0.044499 100.000000 10.416667
2490 0.000702 0.079995 200.000000 10.526316
2500 0.000812 0.043418 100.000000 10.526316
2500 0.000715 0.078852 200.000000 10.471204
2510 0.000751 0.045912 100.000000 10.638298
2510 0.000671 0.080542 200.000000 10.416667
2520 0.000704 0.040753 100.000000 10.638298
2520 0.000706 0.074554 200.000000 10.416667
2530 0.000845 0.047670 100.000000 10.416667
2530 0.000752 0.081343 200.000000 10.416667
2540 0.000836 0.055566 100.000000 10.204082
2540 0.000801 0.088677 200.000000 10.416667
2550 0.000916 0.057667 100.000000 10.101010
2550 0.000790 0.090388 200.000000 10.416667
2560 0.000886 0.054647 100.000000 10.204082
2560 0.000766 0.086775 200.000000 10.471204
2570 0.000823 0.049671 100.000000 10.309278
2570 0.000642 0.080521 200.000000 10.526316
2580 0.000735 0.055845 100.000000 10.416667
2590 0.000644 0.045970 100.000000 10.309278
2600 0.000637 0.046477 100.000000 10.101010
2610 0.000710 0.047783 100.000000 10.000000
2620 0.000718 0.043620 100.000000 10.101010
2630 0.000692 0.039565 100.000000 10.309278
2640 0.000729 0.045092 100.000000 10.526316
2650 0.000672 0.043240 100.000000 10.638298
2660 0.000592 0.041674 100.000000 10.638298
