0 0.000374 0.029365 100.000000 7.692307
0 0.000334 0.050517 200.000000 7.782101
0 0.000394 0.059600 300.000000 7.772021
0 0.000412 0.076976 400.000000 8.130081
0 0.000571 0.101873 500.000000 8.000000
0 0.000628 0.140922 600.000000 7.947020
0 0.000545 0.169706 700.000000 8.495146
0 0.000404 0.144632 800.000000 8.501594
10 0.000383 0.028222 100.000000 8.196721
10 0.000329 0.050222 200.000000 8.000000
10 0.000409 0.060298 300.000000 7.936508
10 0.000412 0.078663 400.000000 8.264462
10 0.000599 0.104104 500.000000 7.961783
10 0.000632 0.143527 600.000000 8.032128
10 0.000549 0.171992 700.000000 8.578431
10 0.000409 0.144405 800.000000 8.574491
20 0.000610 0.041601 100.000000 8.620689
20 0.000415 0.065544 200.000000 8.130081
20 0.000457 0.075783 300.000000 8.064516
20 0.000464 0.093812 400.000000 8.385744
20 0.000626 0.120027 500.000000 7.911392
20 0.000652 0.159916 600.000000 8.108109
20 0.000571 0.187680 700.000000 8.663366
20 0.000428 0.155292 800.000000 8.629990
30 0.000640 0.046242 100.000000 8.928572
30 0.000372 0.067126 200.000000 8.230453
30 0.000449 0.075705 300.000000 8.130081
30 0.000449 0.092556 400.000000 8.456659
30 0.000624 0.119389 500.000000 7.861635
30 0.000640 0.158744 600.000000 8.174387
30 0.000556 0.186748 700.000000 8.728180
30 0.000421 0.150681 800.000000 8.648648
40 0.000716 0.055575 100.000000 9.009009
40 0.000434 0.075508 200.000000 8.230453
40 0.000484 0.085340 300.000000 8.174387
40 0.000457 0.103052 400.000000 8.510638
40 0.000643 0.131825 500.000000 7.836991
40 0.000656 0.170430 600.000000 8.230453
40 0.000575 0.198085 700.000000 8.771930
40 0.000402 0.153897 800.000000 8.519702
50 0.000613 0.046547 100.000000 9.090909
50 0.000375 0.064990 200.000000 8.163265
50 0.000438 0.076605 300.000000 8.174387
50 0.000435 0.095220 400.000000 8.528785
50 0.000644 0.126189 500.000000 7.824726
50 0.000641 0.163737 600.000000 8.275862
50 0.000553 0.190298 700.000000 8.793970
50 0.000349 0.141204 800.000000 8.281573
60 0.000545 0.042024 100.000000 9.090909
60 0.000329 0.058631 200.000000 8.130081
60 0.000438 0.070849 300.000000 8.196721
60 0.000438 0.090067 400.000000 8.510638
60 0.000651 0.122895 500.000000 7.836991
60 0.000627 0.159664 600.000000 8.321775
60 0.000531 0.185203 700.000000 8.760951
60 0.000335 0.131865 800.000000 8.255934
70 0.000441 0.033029 100.000000 9.174312
70 0.000293 0.047717 200.000000 8.130081
70 0.000394 0.061085 300.000000 8.241758
70 0.000412 0.081715 400.000000 8.474576
70 0.000631 0.116268 500.000000 7.861635
70 0.000612 0.152311 600.000000 8.368201
70 0.000514 0.173703 700.000000 8.695652
70 0.000314 0.120110 800.000000 8.255934
80 0.000435 0.028996 100.000000 9.174312
80 0.000294 0.043439 200.000000 8.097166
80 0.000392 0.058973 300.000000 8.264462
80 0.000425 0.080855 400.000000 8.456659
80 0.000635 0.117342 500.000000 7.886436
80 0.000614 0.151419 600.000000 8.426967
80 0.000466 0.166336 700.000000 8.663366
80 0.000296 0.113733 800.000000 8.255934
90 0.000537 0.034811 100.000000 8.928572
90 0.000349 0.049493 200.000000 8.000000
90 0.000415 0.067474 300.000000 8.241758
90 0.000455 0.090504 400.000000 8.403361
90 0.000673 0.129379 500.000000 7.898894
90 0.000625 0.161893 600.000000 8.462624
90 0.000463 0.166608 700.000000 8.631319
90 0.000294 0.114586 800.000000 8.255934
100 0.000562 0.038046 100.000000 8.620689
100 0.000368 0.050779 200.000000 7.905138
100 0.000449 0.069760 300.000000 8.219178
100 0.000525 0.093622 400.000000 8.333333
100 0.000707 0.134010 500.000000 7.911392
100 0.000625 0.165490 600.000000 8.498584
100 0.000452 0.159995 700.000000 8.610086
100 0.000279 0.110777 800.000000 8.247422
110 0.000567 0.037195 100.000000 8.333333
110 0.000369 0.047870 200.000000 7.843137
110 0.000445 0.068907 300.000000 8.219178
110 0.000558 0.093865 400.000000 8.281573
110 0.000713 0.135630 500.000000 7.923930
110 0.000615 0.164956 600.000000 8.547009
110 0.000442 0.150850 700.000000 8.610086
110 0.000266 0.104668 800.000000 8.247422
120 0.000486 0.042032 100.000000 8.000000
120 0.000424 0.049739 200.000000 7.812500
120 0.000464 0.071186 300.000000 8.241758
120 0.000627 0.097134 400.000000 8.230453
120 0.000720 0.139816 500.000000 7.949126
120 0.000614 0.168816 600.000000 8.583691
120 0.000439 0.146130 700.000000 8.620689
120 0.000256 0.102009 800.000000 8.238929
130 0.000305 0.039000 100.000000 7.751938
130 0.000419 0.044904 200.000000 7.782101
130 0.000450 0.066505 300.000000 8.264462
130 0.000660 0.093757 400.000000 7.968128
130 0.000697 0.136512 500.000000 7.987220
130 0.000589 0.164877 600.000000 8.633094
130 0.000422 0.135449 700.000000 8.620689
130 0.000247 0.095481 800.000000 8.213552
140 0.000188 0.030250 100.000000 7.575758
140 0.000361 0.039195 200.000000 7.751938
140 0.000439 0.062999 300.000000 8.287292
140 0.000665 0.092121 400.000000 7.619048
140 0.000672 0.134175 500.000000 8.025682
140 0.000573 0.160708 600.000000 8.683068
140 0.000411 0.124655 700.000000 8.599508
140 0.000220 0.088019 800.000000 8.113590
150 0.000199 0.030780 100.000000 7.462687
150 0.000389 0.041789 200.000000 7.751938
150 0.000434 0.067047 300.000000 8.310249
150 0.000674 0.097996 400.000000 7.561437
150 0.000675 0.139445 500.000000 8.064516
150 0.000577 0.165102 600.000000 8.708273
150 0.000372 0.120897 700.000000 8.413462
160 0.000205 0.030030 100.000000 7.352941
160 0.000413 0.044201 200.000000 7.751938
160 0.000427 0.069875 300.000000 8.310249
160 0.000710 0.103151 400.000000 7.547170
160 0.000679 0.142861 500.000000 8.116883
160 0.000565 0.167709 600.000000 8.720930
160 0.000332 0.116676 700.000000 8.158508
170 0.000159 0.026582 100.000000 7.246377
170 0.000423 0.040913 200.000000 7.782101
170 0.000429 0.065881 300.000000 8.287292
170 0.000714 0.101816 400.000000 7.561437
170 0.000665 0.140508 500.000000 8.169934
170 0.000543 0.164480 600.000000 8.670520
170 0.000306 0.109803 700.000000 8.130081
180 0.000187 0.023574 100.000000 7.194244
180 0.000414 0.040182 200.000000 7.812500
180 0.000426 0.065497 300.000000 8.241758
180 0.000717 0.104490 400.000000 7.575758
180 0.000659 0.141381 500.000000 8.223684
180 0.000526 0.160342 600.000000 8.595988
180 0.000305 0.104706 700.000000 8.130081
190 0.000323 0.009390 100.000000 7.194244
190 0.000348 0.026605 200.000000 7.843137
190 0.000405 0.051706 300.000000 8.219178
190 0.000670 0.092760 400.000000 7.619048
190 0.000637 0.129177 500.000000 8.291874
190 0.000452 0.142944 600.000000 8.571428
190 0.000267 0.092932 700.000000 8.139535
200 0.000247 0.015612 100.000000 7.194244
200 0.000387 0.038199 200.000000 7.874016
200 0.000458 0.064007 300.000000 8.219178
200 0.000722 0.107619 400.000000 7.648183
200 0.000656 0.141144 500.000000 8.347245
200 0.000451 0.145442 600.000000 8.571428
200 0.000264 0.094557 700.000000 8.149011
210 0.000345 0.005586 100.000000 7.194244
210 0.000338 0.027333 200.000000 7.968128
210 0.000524 0.053550 300.000000 8.219178
210 0.000729 0.098975 400.000000 7.707129
210 0.000630 0.133956 500.000000 8.417508
210 0.000452 0.133339 600.000000 8.583691
210 0.000244 0.087976 700.000000 8.168028
220 0.000239 0.014199 100.000000 7.299270
220 0.000481 0.046070 200.000000 8.032128
220 0.000592 0.073495 300.000000 8.219178
220 0.000789 0.118357 400.000000 7.751938
220 0.000670 0.145788 500.000000 8.503402
220 0.000441 0.133945 600.000000 8.608321
220 0.000243 0.086296 700.000000 8.196721
230 0.000209 0.009907 100.000000 7.352941
230 0.000441 0.040737 200.000000 8.130081
230 0.000580 0.068477 300.000000 8.241758
230 0.000781 0.115245 400.000000 7.812500
230 0.000644 0.144116 500.000000 8.576329
230 0.000436 0.127590 600.000000 8.645534
230 0.000233 0.083662 700.000000 8.225616
240 0.000390 0.016486 100.000000 7.462687
240 0.000485 0.047570 200.000000 8.264462
240 0.000692 0.076273 300.000000 8.264462
240 0.000789 0.123430 400.000000 7.889546
240 0.000655 0.151687 500.000000 8.665511
240 0.000447 0.129130 600.000000 8.695652
240 0.000236 0.085198 700.000000 8.244994
250 0.000417 0.019839 100.000000 7.633588
250 0.000509 0.052057 200.000000 8.403361
250 0.000750 0.081938 300.000000 8.241758
250 0.000805 0.129196 400.000000 7.968128
250 0.000653 0.157433 500.000000 8.741259
250 0.000442 0.128270 600.000000 8.746356
250 0.000235 0.085165 700.000000 8.274232
260 0.000584 0.029296 100.000000 7.751938
260 0.000554 0.061577 200.000000 8.510638
260 0.000805 0.092351 300.000000 7.853403
260 0.000811 0.141019 400.000000 8.032128
260 0.000662 0.167723 500.000000 8.833922
260 0.000450 0.131348 600.000000 8.771930
260 0.000234 0.088793 700.000000 8.264462
270 0.000546 0.032429 100.000000 7.874016
270 0.000584 0.065094 200.000000 8.620689
270 0.000833 0.097275 300.000000 7.633588
270 0.000802 0.145350 400.000000 8.113590
270 0.000657 0.171859 500.000000 8.912656
270 0.000453 0.128995 600.000000 8.784773
270 0.000234 0.088152 700.000000 8.196721
280 0.000604 0.032111 100.000000 7.936508
280 0.000548 0.063878 200.000000 8.733624
280 0.000835 0.098755 300.000000 7.575758
280 0.000792 0.145328 400.000000 8.196721
280 0.000654 0.172158 500.000000 8.976661
280 0.000407 0.123434 600.000000 8.670520
290 0.000626 0.033988 100.000000 8.064516
290 0.000537 0.066293 200.000000 8.810573
290 0.000851 0.102959 300.000000 7.575758
290 0.000792 0.148082 400.000000 8.264462
290 0.000636 0.172923 500.000000 9.025270
290 0.000341 0.117922 600.000000 8.321775
300 0.000693 0.041554 100.000000 8.196721
300 0.000576 0.072823 200.000000 8.888889
300 0.000902 0.112152 300.000000 7.614213
300 0.000805 0.155462 400.000000 8.350731
300 0.000634 0.179143 500.000000 9.041592
300 0.000349 0.117340 600.000000 8.275862
310 0.000748 0.045132 100.000000 8.333333
310 0.000586 0.075718 200.000000 8.849558
310 0.000916 0.117581 300.000000 7.653061
310 0.000798 0.158407 400.000000 8.438819
310 0.000636 0.179641 500.000000 8.976661
310 0.000331 0.113746 600.000000 8.275862
320 0.000713 0.044650 100.000000 8.403361
320 0.000600 0.073985 200.000000 8.810573
320 0.000913 0.118790 300.000000 7.692307
320 0.000787 0.156525 400.000000 8.528785
320 0.000574 0.171450 500.000000 8.896797
320 0.000315 0.106883 600.000000 8.287292
330 0.000785 0.056302 100.000000 8.547009
330 0.000672 0.085101 200.000000 8.810573
330 0.000932 0.130346 300.000000 7.751938
330 0.000813 0.164403 400.000000 8.602151
330 0.000528 0.168252 500.000000 8.880995
330 0.000307 0.103990 600.000000 8.310249
340 0.000750 0.059048 100.000000 8.620689
340 0.000713 0.086273 200.000000 8.771930
340 0.000940 0.133817 300.000000 7.812500
340 0.000808 0.165037 400.000000 8.695652
340 0.000538 0.160780 500.000000 8.896797
340 0.000290 0.099480 600.000000 8.321775
350 0.000759 0.060056 100.000000 8.771930
350 0.000833 0.086885 200.000000 8.733624
350 0.000992 0.137124 300.000000 7.853403
350 0.000800 0.165799 400.000000 8.791209
350 0.000518 0.152919 500.000000 8.896797
350 0.000271 0.095652 600.000000 8.344924
360 0.000686 0.053297 100.000000 8.928572
360 0.000786 0.079171 200.000000 8.733624
360 0.000975 0.131190 300.000000 7.915567
360 0.000766 0.159411 400.000000 8.869180
360 0.000485 0.139256 500.000000 8.928572
360 0.000239 0.087634 600.000000 8.356546
370 0.000660 0.051274 100.000000 9.090909
370 0.000900 0.077626 200.000000 8.658009
370 0.000956 0.129927 300.000000 7.978724
370 0.000745 0.155961 400.000000 8.968610
370 0.000470 0.129097 500.000000 8.960573
370 0.000224 0.081697 600.000000 8.368201
380 0.000670 0.048232 100.000000 9.174312
380 0.000939 0.075484 200.000000 8.510638
380 0.000936 0.128378 300.000000 8.042895
380 0.000717 0.153665 400.000000 9.049774
380 0.000448 0.119926 500.000000 8.976661
380 0.000206 0.077328 600.000000 8.379889
390 0.000738 0.050956 100.000000 9.345795
390 0.000993 0.077747 200.000000 7.692307
390 0.000911 0.129355 300.000000 8.130081
390 0.000703 0.151720 400.000000 9.153318
390 0.000433 0.111252 500.000000 8.992805
390 0.000182 0.072062 600.000000 8.321775
400 0.000674 0.047677 100.000000 9.523809
400 0.001015 0.078929 200.000000 7.407407
400 0.000879 0.130376 300.000000 8.196721
400 0.000671 0.153162 400.000000 9.216590
400 0.000410 0.106240 500.000000 8.944544
400 0.000144 0.071299 600.000000 8.064516
410 0.000586 0.042376 100.000000 9.615385
410 0.000967 0.077976 200.000000 7.326007
410 0.000850 0.126597 300.000000 8.287292
410 0.000652 0.148864 400.000000 9.280743
410 0.000317 0.097501 500.000000 8.445946
420 0.000512 0.042794 100.000000 9.523809
420 0.001036 0.086117 200.000000 7.299270
420 0.000858 0.132259 300.000000 8.379889
420 0.000631 0.155601 400.000000 9.237875
420 0.000291 0.097021 500.000000 8.278146
430 0.000473 0.034001 100.000000 9.259259
430 0.001008 0.084404 200.000000 7.326007
430 0.000822 0.130100 300.000000 8.450705
430 0.000635 0.150582 400.000000 9.090909
430 0.000262 0.091243 500.000000 8.250825
440 0.000530 0.033298 100.000000 9.090909
440 0.001025 0.090716 200.000000 7.352941
440 0.000829 0.134087 300.000000 8.547009
440 0.000543 0.147397 400.000000 8.968610
440 0.000245 0.089244 500.000000 8.237232
450 0.000556 0.037962 100.000000 8.928572
450 0.001017 0.099772 200.000000 7.380074
450 0.000836 0.138340 300.000000 8.645534
450 0.000489 0.141225 400.000000 8.928572
450 0.000234 0.085871 500.000000 8.237232
460 0.001000 0.044619 100.000000 8.620689
460 0.001132 0.107719 200.000000 7.434944
460 0.000834 0.142579 300.000000 8.720930
460 0.000512 0.133111 400.000000 8.908686
460 0.000212 0.081422 500.000000 8.237232
470 0.000837 0.041567 100.000000 8.474576
470 0.001131 0.109481 200.000000 7.462687
470 0.000808 0.141514 300.000000 8.823529
470 0.000442 0.123624 400.000000 8.908686
470 0.000183 0.078064 500.000000 8.237232
480 0.001146 0.042781 100.000000 8.196721
480 0.001109 0.111375 200.000000 7.490637
480 0.000780 0.139207 300.000000 8.902077
480 0.000433 0.111872 400.000000 8.908686
480 0.000158 0.071994 500.000000 8.223684
490 0.001273 0.046205 100.000000 7.518797
490 0.001076 0.113963 200.000000 7.547170
490 0.000734 0.141015 300.000000 8.982036
490 0.000403 0.105835 400.000000 8.888889
490 0.000156 0.071808 500.000000 8.183306
500 0.001360 0.056561 100.000000 6.134969
500 0.001040 0.121472 200.000000 7.604563
500 0.000719 0.146070 300.000000 9.063444
500 0.000403 0.101982 400.000000 8.830022
500 0.000173 0.072359 500.000000 8.012820
510 0.001408 0.073196 100.000000 5.917160
510 0.001061 0.134193 200.000000 7.692307
510 0.000735 0.158069 300.000000 9.118541
510 0.000355 0.103722 400.000000 8.438819
520 0.001612 0.085167 100.000000 5.847953
520 0.001065 0.138555 200.000000 7.782101
520 0.000704 0.157062 300.000000 9.118541
520 0.000283 0.094738 400.000000 8.000000
530 0.001637 0.088639 100.000000 5.917160
530 0.001034 0.134847 200.000000 7.936508
530 0.000665 0.149920 300.000000 9.063444
530 0.000227 0.085782 400.000000 7.984032
540 0.001597 0.096336 100.000000 6.024096
540 0.001023 0.137324 200.000000 8.097166
540 0.000655 0.147257 300.000000 8.955224
540 0.000220 0.083327 400.000000 8.016032
550 0.001510 0.098314 100.000000 6.134969
550 0.000990 0.135988 200.000000 8.264462
550 0.000559 0.140165 300.000000 8.902077
550 0.000187 0.081951 400.000000 8.032128
560 0.001481 0.109136 100.000000 6.250000
560 0.000984 0.143555 200.000000 8.438819
560 0.000485 0.139886 300.000000 8.902077
560 0.000203 0.084532 400.000000 8.064516
570 0.001496 0.102777 100.000000 6.369427
570 0.000886 0.136075 200.000000 8.620689
570 0.000520 0.128780 300.000000 8.928572
570 0.000206 0.085189 400.000000 8.097166
580 0.001530 0.104391 100.000000 6.535948
580 0.000859 0.135261 200.000000 8.810573
580 0.000411 0.120816 300.000000 8.982036
580 0.000202 0.083403 400.000000 8.146640
590 0.001295 0.087576 100.000000 6.666667
590 0.000718 0.108215 200.000000 9.009009
590 0.000283 0.090545 300.000000 9.036144
590 0.000133 0.066119 400.000000 8.179959
600 0.001120 0.078246 100.000000 6.849315
600 0.000618 0.098824 200.000000 9.216590
600 0.000239 0.082037 300.000000 9.118541
600 0.000182 0.067619 400.000000 8.213552
610 0.001063 0.071879 100.000000 7.092198
610 0.000570 0.088489 200.000000 9.478673
610 0.000192 0.071134 300.000000 9.230769
610 0.000194 0.062473 400.000000 8.264462
620 0.000836 0.057127 100.000000 7.407407
620 0.000449 0.070735 200.000000 9.852217
620 0.000125 0.058547 300.000000 9.404388
620 0.000242 0.058388 400.000000 8.333333
630 0.000870 0.059220 100.000000 7.936508
630 0.000460 0.072587 200.000000 10.256411
630 0.000134 0.057908 300.000000 9.615385
630 0.000231 0.057744 400.000000 8.438819
640 0.000834 0.057515 100.000000 8.547009
640 0.000445 0.071242 200.000000 10.752688
640 0.000131 0.057193 300.000000 9.868421
640 0.000248 0.058718 400.000000 8.565310
650 0.000817 0.060196 100.000000 9.174312
650 0.000443 0.076570 200.000000 11.235955
650 0.000173 0.062157 300.000000 10.101010
650 0.000263 0.064943 400.000000 8.658009
660 0.000744 0.058624 100.000000 9.803922
660 0.000413 0.072832 200.000000 11.764706
660 0.000148 0.058796 300.000000 10.309278
660 0.000303 0.064183 400.000000 8.658009
670 0.000767 0.061198 100.000000 10.416667
670 0.000401 0.077732 200.000000 12.195122
670 0.000178 0.064008 300.000000 10.309278
670 0.000405 0.073031 400.000000 8.179959
680 0.000754 0.066456 100.000000 10.989011
680 0.000408 0.079886 200.000000 12.500000
680 0.000202 0.062858 300.000000 9.554140
690 0.000674 0.060489 100.000000 11.494253
690 0.000344 0.073702 200.000000 12.578616
690 0.000322 0.063171 300.000000 9.063444
700 0.000651 0.061810 100.000000 11.904762
700 0.000461 0.073238 200.000000 12.048193
700 0.000342 0.064997 300.000000 8.982036
710 0.000498 0.051133 100.000000 12.345679
710 0.000546 0.059547 200.000000 11.494253
710 0.000363 0.058668 300.000000 8.928572
720 0.000485 0.048418 100.000000 12.820513
720 0.000227 0.053434 200.000000 11.173184
720 0.000381 0.056823 300.000000 8.875740
730 0.000257 0.022251 100.000000 13.333333
730 0.000220 0.032308 200.000000 10.989011
730 0.000470 0.054189 300.000000 8.849558
740 0.000134 0.020322 100.000000 13.698630
740 0.000257 0.033666 200.000000 10.928962
740 0.000509 0.062062 300.000000 8.797654
750 0.000095 0.013853 100.000000 14.084507
750 0.000283 0.033055 200.000000 10.810811
750 0.000566 0.067315 300.000000 8.695652
760 0.000095 0.018209 100.000000 14.285714
760 0.000284 0.036211 200.000000 10.526316
760 0.000563 0.071276 300.000000 8.356546
770 0.000102 0.020162 100.000000 14.084507
770 0.000475 0.041402 200.000000 8.771930
780 0.000252 0.021178 100.000000 12.500000
780 0.000631 0.050947 200.000000 8.000000
790 0.001041 0.027926 100.000000 10.416667
790 0.000708 0.062187 200.000000 7.782101
800 0.000709 0.038479 100.000000 9.523809
800 0.000799 0.076454 200.000000 7.604563
810 0.000647 0.045927 100.000000 9.009009
810 0.000857 0.088161 200.000000 7.434944
820 0.000662 0.054814 100.000000 8.620689
820 0.000870 0.099147 200.000000 7.246377
830 0.000598 0.059627 100.000000 8.064516
830 0.000947 0.104962 200.000000 6.756757
840 0.001123 0.069768 100.000000 6.097561
850 0.001104 0.067392 100.000000 5.780347
860 0.001133 0.067236 100.000000 5.847953
870 0.001217 0.068561 100.000000 5.988024
880 0.001028 0.042016 100.000000 6.097561
890 0.000855 0.031229 100.000000 6.211180
900 0.000936 0.047650 100.000000 6.250000
910 0.001027 0.059908 100.000000 6.289308
920 0.001070 0.066637 100.000000 6.289308
930 0.001089 0.076961 100.000000 6.250000
940 0.001109 0.080623 100.000000 6.134969
950 0.001226 0.087811 100.000000 5.813953
960 0.001455 0.088440 100.000000 4.807693
