1 0.000570693 -0.000343963 0.0146543 -0.000571945 0.999994 -0.00379216 -0.00153694 0.000341688 0.00379232 0.999994 0.980167
1 -0.00144184 -6.9701e-05 0.00903952 0.00144151 0.99999 -0.00423309 -0.0279664 7.57699e-05 0.00423305 0.999991 1.95736
0.999996 -0.00253317 0.00106724 0.00666066 0.00253381 0.999998 -0.000484543 -0.0314431 -0.00106619 0.000487257 1 2.90575
0.999986 -0.00548786 -0.000846869 0.00983178 0.00549091 0.999978 0.00365149 -0.0394014 0.000826817 -0.00365602 0.999994 3.87934
0.999973 -0.00719114 -0.00205154 0.00874206 0.00720137 0.999964 0.00495065 -0.0558951 0.00201568 -0.00496528 0.999987 4.81785
0.999955 -0.00936827 -0.00210183 0.00492166 0.00937445 0.999952 0.0029179 -0.0666767 0.00207438 -0.00293739 0.999995 5.77121
0.999955 -0.00894509 -0.00362962 0.00279911 0.00895078 0.99996 0.00152065 -0.07416 0.0036157 -0.00155304 0.999994 6.69936
0.999949 -0.00933324 -0.00424595 -0.00597182 0.00933797 0.999956 0.00105924 -0.0787723 0.00423603 -0.00109881 0.999992 7.62435
0.999952 -0.00885432 -0.00450674 -0.0159387 0.0088635 0.99996 0.00199813 -0.0836628 0.00448867 -0.00203795 0.99999 8.55921
0.999933 -0.00975208 -0.00649485 -0.023634 0.0097808 0.999943 0.00437851 -0.0937195 0.00645197 -0.00444171 0.999971 9.48649
0.999926 -0.00985778 -0.00747304 -0.0332724 0.0099018 0.999935 0.0058674 -0.109134 0.00741455 -0.0059409 0.999957 10.4013
0.999924 -0.0105589 -0.00659866 -0.0589787 0.0106113 0.999913 0.00792113 -0.116703 0.00651472 -0.00799053 0.999949 11.3321
0.999909 -0.010602 -0.00856772 -0.0598726 0.0106738 0.999909 0.00836988 -0.11496 0.00847805 -0.00846052 0.999931 12.2426
0.999906 -0.0106428 -0.00886727 -0.0816383 0.0107012 0.999922 0.00653963 -0.117792 0.00879719 -0.00663386 0.999941 13.1507
0.9999 -0.0101988 -0.00992259 -0.0917329 0.0102423 0.99994 0.00433413 -0.113502 0.00987772 -0.0044353 0.999944 14.0674
0.99986 -0.0111706 -0.0125899 -0.10332 0.011204 0.999935 0.0025706 -0.118164 0.0125606 -0.00271124 0.999919 14.951
0.999843 -0.0108636 -0.0141342 -0.119531 0.0108985 0.999939 0.00239377 -0.115407 0.0141073 -0.00254735 0.9999 15.8439
0.999886 -0.0079703 -0.0129962 -0.115389 0.00797495 0.999969 0.000293661 -0.139553 0.0129936 -0.000397109 0.999917 16.7224
0.999857 -0.00622731 -0.0158705 -0.148861 0.0062273 0.999982 -4.83813e-05 -0.148832 0.0158705 -5.0419e-05 0.999877 17.6194
0.999811 -0.00773651 -0.0179271 -0.191011 0.00775212 0.999971 0.000790423 -0.162065 0.0179206 -0.000929072 0.999841 18.5229
0.999796 -0.00787529 -0.0186937 -0.224859 0.00791543 0.999968 0.00207474 -0.199297 0.0186766 -0.00222218 0.999826 19.4116
0.999752 -0.00781181 -0.0209515 -0.261507 0.00786586 0.999967 0.00248714 -0.201001 0.0209315 -0.00265109 0.999779 20.3021
0.999698 -0.00853314 -0.0231516 -0.286995 0.0085905 0.999962 0.00237825 -0.237947 0.0231303 -0.00257634 0.999732 21.1809
0.999651 -0.00861787 -0.0250629 -0.317193 0.0086709 0.999961 0.00199604 -0.244791 0.0250448 -0.00221239 0.999686 22.0428
0.999567 -0.00860407 -0.0282303 -0.340201 0.00865776 0.999963 0.0017788 -0.255402 0.0282138 -0.00202239 0.999603 22.9238
0.999513 -0.00832218 -0.0301547 -0.369947 0.00844132 0.999958 0.00381605 -0.264895 0.0301218 -0.00406843 0.999541 23.7749
0.999421 -0.00942192 -0.0327691 -0.406152 0.00965207 0.999932 0.00687156 -0.267811 0.032702 -0.00718383 0.999443 24.6458
0.999344 -0.00999188 -0.034875 -0.435056 0.010287 0.999913 0.00828563 -0.278695 0.0347892 -0.00863868 0.99936 25.5014
0.999348 -0.00925552 -0.0349961 -0.46978 0.00952713 0.999928 0.00760315 -0.292815 0.034923 -0.00793165 0.999362 26.3254
0.999306 -0.00784571 -0.0364828 -0.49677 0.00806348 0.999952 0.00581842 -0.290535 0.0364353 -0.00610831 0.999321 27.1565
0.999248 -0.00680299 -0.0382427 -0.533838 0.00696246 0.99997 0.00403847 -0.296887 0.0382137 -0.00430174 0.999264 27.9653
0.999218 -0.0066903 -0.0390347 -0.571863 0.00689288 0.999965 0.00504955 -0.299074 0.0389995 -0.00531443 0.999229 28.7623
0.999077 -0.00630382 -0.0425722 -0.610538 0.00651495 0.999969 0.00482264 -0.315515 0.0425402 -0.00509557 0.999086 29.585
0.998978 -0.00539507 -0.0449642 -0.650864 0.00557709 0.999978 0.00391776 -0.329591 0.044942 -0.00416422 0.998985 30.3771
0.9989 -0.00506648 -0.0466915 -0.685635 0.0052449 0.999982 0.00369959 -0.332029 0.0466716 -0.00394046 0.998907 31.1558
0.998776 -0.00511668 -0.0492689 -0.723465 0.00539189 0.999972 0.00544859 -0.33833 0.0492396 -0.00570725 0.998774 31.9361
0.998633 -0.00603883 -0.0519936 -0.763895 0.00641564 0.999957 0.00708365 -0.33986 0.0519482 -0.00740759 0.998626 32.6998
0.998526 -0.00626494 -0.053975 -0.80565 0.006771 0.999936 0.0091931 -0.341931 0.0539138 -0.00954468 0.998504 33.4492
0.998386 -0.00525799 -0.056624 -0.850706 0.0058057 0.99994 0.00951333 -0.340159 0.0565702 -0.00982677 0.998354 34.1873
0.998323 -0.003995 -0.0578201 -0.904126 0.004513 0.999952 0.00882689 -0.334633 0.0577819 -0.00907266 0.998292 34.9039
0.998199 -0.00323057 -0.059987 -0.952551 0.00376867 0.999955 0.0088598 -0.336932 0.0599554 -0.00906994 0.998165 35.6047
0.998115 -0.00233566 -0.0613905 -1.00898 0.00296689 0.999945 0.0101891 -0.338939 0.0613632 -0.0103517 0.998066 36.3121
0.998076 -0.0018011 -0.062056 -1.05747 0.00249684 0.999936 0.0111355 -0.342786 0.0620317 -0.0112691 0.998015 36.9985
0.998007 -0.000425297 -0.0631722 -1.10383 0.00116075 0.999933 0.0116019 -0.343505 0.0631629 -0.0116517 0.99794 37.6843
0.998054 0.00225216 -0.062391 -1.16101 -0.00161216 0.999947 0.0103061 -0.344824 0.0624105 -0.0101856 0.998003 38.3599
0.998129 0.00400451 -0.0610869 -1.2046 -0.00353885 0.999965 0.0077246 -0.336055 0.0611156 -0.00749356 0.998107 39.021
0.998187 0.00368153 -0.0601684 -1.24916 -0.00330223 0.999975 0.00640162 -0.33973 0.0601901 -0.00619138 0.998173 39.6715
0.998325 0.00448557 -0.0577728 -1.28637 -0.00408193 0.999968 0.00709776 -0.335811 0.0578027 -0.00684963 0.998309 40.3254
0.998458 0.00857944 -0.0549387 -1.32891 -0.00808945 0.999926 0.00913424 -0.348548 0.0550127 -0.00867579 0.998453 40.9743
0.998591 0.0127294 -0.0516192 -1.37024 -0.0120805 0.999847 0.0128579 -0.345678 0.0517748 -0.0122158 0.99859 41.5948
0.998683 0.0179159 -0.0481773 -1.41781 -0.0173148 0.999768 0.0128634 -0.34522 0.0483963 -0.0120123 0.998761 42.2112
0.998855 0.0209571 -0.0431222 -1.45058 -0.0204178 0.999711 0.0129018 -0.334098 0.0433798 -0.0120062 0.998993 42.8061
0.998981 0.0243837 -0.0381241 -1.48354 -0.0238192 0.999601 0.0151887 -0.334347 0.0384789 -0.0142651 0.999163 43.3846
0.999095 0.0276603 -0.0324864 -1.50603 -0.0271858 0.999521 0.0149461 -0.32054 0.0328839 -0.014049 0.999367 43.9369
0.99924 0.0303108 -0.0247616 -1.5238 -0.0299419 0.999438 0.0151269 -0.31425 0.0252059 -0.014374 0.999585 44.4759
0.999259 0.0343127 -0.0177663 -1.5458 -0.0340405 0.999304 0.0153778 -0.334314 0.0182813 -0.0147612 0.999731 44.9977
0.999245 0.0376352 -0.0102065 -1.55738 -0.0374872 0.999195 0.014308 -0.334651 0.0107365 -0.0139146 0.999852 45.492
0.999157 0.0411598 -0.00172643 -1.56169 -0.0411337 0.999073 0.0128732 -0.329312 0.00225447 -0.0127909 0.999923 45.9595
0.999094 0.0423659 0.00540202 -1.56754 -0.0424226 0.999042 0.0108832 -0.329478 -0.00493606 -0.0111025 0.999933 46.4124
0.998976 0.0432267 0.0138497 -1.55062 -0.0433725 0.999007 0.0104448 -0.323747 -0.0133846 -0.0110344 0.999857 46.8431
0.998868 0.0427998 0.0210665 -1.54044 -0.0430205 0.999024 0.0101406 -0.345361 -0.0206122 -0.0110354 0.999734 47.2587
0.998622 0.0440619 0.0287438 -1.53255 -0.0443835 0.99896 0.010667 -0.34704 -0.0282441 -0.0119276 0.999538 47.6413
0.998225 0.0462064 0.0377541 -1.52883 -0.0466419 0.998855 0.0107386 -0.354147 -0.037215 -0.0124803 0.999236 48.0126
0.997654 0.050895 0.0459456 -1.52265 -0.0514141 0.998628 0.0101997 -0.35272 -0.0453635 -0.0125375 0.9989 48.3514
0.997031 0.0539697 0.0550488 -1.50993 -0.0546062 0.998458 0.0101279 -0.356002 -0.0544177 -0.0131037 0.99844 48.6698
0.996527 0.053273 0.0641197 -1.48548 -0.0540589 0.998484 0.010591 -0.362979 -0.0634584 -0.01402 0.997894 48.9633
0.995908 0.0521266 0.0739251 -1.46553 -0.0529852 0.998549 0.00970197 -0.365663 -0.0733124 -0.0135791 0.997224 49.2454
0.995002 0.0514231 0.0856881 -1.43202 -0.0521572 0.998621 0.00635385 -0.359791 -0.0852432 -0.0107909 0.99631 49.5209
0.993733 0.0520866 0.0989749 -1.39716 -0.0526348 0.998611 0.00293549 -0.360663 -0.0986848 -0.00812649 0.995094 49.7896
0.99204 0.0528798 0.114349 -1.36905 -0.053414 0.998573 0.00161472 -0.357252 -0.1141 -0.00770927 0.993447 50.0574
0.989965 0.0538159 0.130718 -1.33188 -0.0543887 0.998521 0.000814589 -0.356951 -0.130481 -0.00791589 0.991428 50.3274
0.987575 0.0537547 0.147723 -1.28554 -0.0543691 0.998523 0.000124482 -0.355837 -0.147498 -0.00815406 0.989037 50.577
0.984733 0.0531798 0.165799 -1.22794 -0.0537989 0.998553 -0.000756379 -0.36384 -0.1656 -0.00817492 0.986168 50.8405
0.98129 0.0523003 0.185338 -1.16081 -0.0529166 0.9986 -0.00162057 -0.366027 -0.185163 -0.00821675 0.982682 51.0988
0.977317 0.0524246 0.205228 -1.09446 -0.0530719 0.998589 -0.00235196 -0.374556 -0.205061 -0.0085931 0.97872 51.339
0.972557 0.0539643 0.226356 -1.03319 -0.0545994 0.998504 -0.00345633 -0.373676 -0.226204 -0.00899705 0.974047 51.5964
0.966828 0.0549549 0.249476 -0.947205 -0.0554514 0.99845 -0.00504208 -0.373326 -0.249367 -0.00895886 0.968377 51.8432
0.960333 0.0560539 0.273194 -0.880686 -0.0565615 0.998382 -0.00602213 -0.391296 -0.273089 -0.00966858 0.961948 52.0965
0.952737 0.0572646 0.298376 -0.786626 -0.0578081 0.998305 -0.00701023 -0.39222 -0.298272 -0.0105695 0.954432 52.3588
0.943633 0.0589037 0.325734 -0.697461 -0.0595905 0.998193 -0.00787593 -0.399382 -0.325609 -0.0119782 0.945438 52.6192
0.933459 0.0590643 0.353813 -0.594352 -0.0597845 0.998174 -0.00890335 -0.400589 -0.353692 -0.0128415 0.935284 52.8718
0.921668 0.0572605 0.383752 -0.462764 -0.0577916 0.998279 -0.0101549 -0.405265 -0.383673 -0.0128179 0.923389 53.121
0.90752 0.0548183 0.416436 -0.322207 -0.0545214 0.998435 -0.0126149 -0.410349 -0.416475 -0.0112563 0.909088 53.3596
0.891268 0.0538455 0.450286 -0.1825 -0.0524405 0.998504 -0.0156036 -0.421825 -0.450452 -0.00970581 0.892758 53.5981
0.873009 0.0547204 0.484643 -0.0214968 -0.0517591 0.998471 -0.0195001 -0.431377 -0.484969 -0.00806079 0.874506 53.8658
0.852204 0.0563553 0.520182 0.148826 -0.0521034 0.998383 -0.0228018 -0.433241 -0.520625 -0.00767104 0.853761 54.098
0.828859 0.0579511 0.556465 0.334518 -0.0525216 0.99829 -0.0257322 -0.434512 -0.557004 -0.00789794 0.830485 54.3511
0.802917 0.0602091 0.593056 0.534884 -0.0543483 0.998138 -0.0277535 -0.444545 -0.593622 -0.00994747 0.804694 54.6094
0.774468 0.0632835 0.629455 0.751339 -0.0569214 0.997921 -0.0302932 -0.460306 -0.630063 -0.0123681 0.77646 54.8699
0.743012 0.0635385 0.666269 0.997254 -0.0564076 0.997889 -0.0322579 -0.470992 -0.666911 -0.0136143 0.745027 55.1174
0.707838 0.0613922 0.703716 1.28016 -0.0536099 0.998013 -0.0331431 -0.496872 -0.704352 -0.014266 0.709723 55.3763
0.670484 0.0595344 0.739544 1.58012 -0.0515648 0.998106 -0.033599 -0.517266 -0.740143 -0.0156065 0.672284 55.6181
0.629436 0.0584646 0.774863 1.90634 -0.0499129 0.99815 -0.0347668 -0.522561 -0.775462 -0.016792 0.631189 55.8667
0.584958 0.0577669 0.809015 2.25224 -0.0473087 0.998194 -0.0370682 -0.535588 -0.809695 -0.0165898 0.586634 56.0878
0.538774 0.0566501 0.840556 2.62957 -0.0448255 0.998253 -0.0385463 -0.563179 -0.84127 -0.0169104 0.540372 56.3156
0.490989 0.0539277 0.869506 3.03622 -0.0436045 0.998354 -0.0372962 -0.588151 -0.870086 -0.019602 0.492532 56.5358
0.442951 0.052057 0.895045 3.44639 -0.0434574 0.998388 -0.0365609 -0.605209 -0.895505 -0.0227015 0.444499 56.7313
0.394013 0.0515891 0.917666 3.88818 -0.0447133 0.998319 -0.0369245 -0.636222 -0.918028 -0.0264828 0.395657 56.9109
0.345267 0.0511444 0.937122 4.34624 -0.0421237 0.998354 -0.0389666 -0.648381 -0.937572 -0.0260209 0.346853 57.0603
0.29883 0.046697 0.953173 4.81681 -0.0341308 0.998688 -0.038226 -0.670385 -0.953707 -0.0211091 0.300031 57.1825
0.255062 0.0427691 0.96599 5.32411 -0.0252529 0.998977 -0.0375618 -0.659222 -0.966607 -0.0148134 0.255881 57.2808
0.213333 0.0403976 0.976153 5.83131 -0.0185676 0.999134 -0.0372904 -0.6833 -0.976815 -0.0101692 0.213898 57.3654
0.175288 0.0424267 0.983615 6.34742 -0.0155141 0.999068 -0.0403287 -0.679412 -0.984407 -0.00819063 0.175783 57.4424
0.142584 0.0426239 0.988874 6.87792 -0.00889865 0.99909 -0.0417807 -0.713077 -0.989754 -0.00284203 0.142833 57.5039
0.113449 0.0413386 0.992695 7.42447 -0.00242375 0.999144 -0.0413304 -0.731943 -0.993553 0.0022829 0.113453 57.5583
0.0889215 0.0390759 0.995281 7.99626 0.00284635 0.999219 -0.0394844 -0.753642 -0.996046 0.00634428 0.0887405 57.5921
0.0691233 0.0384236 0.99688 8.57087 0.00646771 0.999221 -0.0389626 -0.780118 -0.9976 0.0091408 0.0688211 57.6195
0.0528361 0.0392611 0.99784 9.15322 0.00779542 0.999182 -0.0397263 -0.794428 -0.998584 0.00987792 0.0524865 57.6474
0.0395984 0.0391384 0.998461 9.74124 0.00860773 0.999184 -0.0395084 -0.814429 -0.999192 0.010159 0.0392294 57.6653
0.0284135 0.0409325 0.998767 10.3429 0.00861077 0.999117 -0.0411913 -0.838888 -0.999571 0.00977086 0.0280356 57.676
0.0197082 0.0427121 0.998906 10.9454 0.0131761 0.998991 -0.0429761 -0.866542 -0.999732 0.0140087 0.0191257 57.679
0.0126326 0.043326 0.99899 11.5475 0.0170479 0.998909 -0.0435376 -0.888007 -0.999787 0.017581 0.0118799 57.6774
0.00916844 0.0439008 0.999007 12.1979 0.0175409 0.998877 -0.0440564 -0.912131 -0.999817 0.0179275 0.00838821 57.6874
0.00506209 0.0419386 0.999117 12.8363 0.0155071 0.998999 -0.0420117 -0.937375 -0.999879 0.0157062 0.00440645 57.6993
0.00373315 0.036156 0.999352 13.5075 0.0141338 0.999247 -0.0362053 -0.960002 -0.999907 0.0142599 0.00321943 57.7107
0.00260763 0.031468 0.999511 14.1808 0.0144226 0.999402 -0.0315018 -0.981487 -0.999905 0.0144979 0.00215198 57.7101
0.00248238 0.0301231 0.999556 14.8747 0.0170069 0.999403 -0.030161 -1.00078 -0.999866 0.0170743 0.00196866 57.7109
0.0025804 0.0315086 0.999509 15.548 0.0195888 0.999312 -0.0315524 -1.03377 -0.999817 0.0196608 0.00196118 57.7089
0.00469534 0.0384845 0.999261 16.2529 0.0196999 0.999064 -0.0385698 -1.05085 -0.999809 0.0198664 0.00393281 57.7115
0.00707222 0.0458184 0.998934 16.9545 0.0196789 0.998752 -0.0459488 -1.08206 -0.999794 0.0199831 0.00616148 57.7089
0.00911376 0.0469105 0.998871 17.6558 0.0205951 0.998681 -0.0470898 -1.10056 -0.999761 0.021001 0.00813564 57.7216
0.0121279 0.0436423 0.998983 18.3933 0.0199716 0.998839 -0.0438779 -1.14103 -0.99974 0.0204837 0.0112418 57.7382
0.0147353 0.0382997 0.99917 19.1166 0.0198809 0.99906 -0.0385889 -1.18192 -0.999708 0.020433 0.01396 57.7413
0.01782 0.0370092 0.999166 19.8442 0.0189413 0.999125 -0.037345 -1.20351 -0.999675 0.0195912 0.017103 57.7616
0.0216302 0.040524 0.998957 20.5668 0.0231122 0.998894 -0.0410222 -1.25222 -0.999513 0.0239753 0.0206697 57.7697
0.0248996 0.0450068 0.998686 21.294 0.0248226 0.998652 -0.0456236 -1.28901 -0.999395 0.0259262 0.0237485 57.7897
0.0259817 0.0462535 0.998605 21.9979 0.0203372 0.9987 -0.0467874 -1.31996 -0.99947 0.0215243 0.0250074 57.8132
0.0303948 0.0445906 0.998553 22.7535 0.0157822 0.998861 -0.0450843 -1.35488 -0.999427 0.0171299 0.0296562 57.8524
0.0350073 0.0420918 0.998514 23.4862 0.0185891 0.998915 -0.0427609 -1.42389 -0.999229 0.0200583 0.034187 57.8722
0.0368653 0.0426863 0.998419 24.1976 0.0229339 0.99879 -0.0435485 -1.46739 -0.999071 0.0245033 0.0358415 57.8952
0.0413383 0.0465402 0.998074 24.9473 0.0224396 0.998622 -0.0474956 -1.51372 -0.998908 0.0243596 0.0402371 57.9314
0.0450107 0.0484186 0.997823 25.6726 0.0191749 0.998601 -0.0493209 -1.54597 -0.998817 0.0213533 0.044019 57.9711
0.0476564 0.0484889 0.9977 26.4137 0.0174781 0.99863 -0.0493694 -1.5938 -0.998726 0.0197905 0.0467438 58.0064
0.0521599 0.0478937 0.9975 27.1593 0.0207311 0.998585 -0.0490293 -1.64207 -0.998438 0.0232369 0.0510928 58.0408
0.055667 0.0478299 0.997317 27.8936 0.0241711 0.998497 -0.0492361 -1.69332 -0.998172 0.0268469 0.0544274 58.0787
0.0576798 0.0488593 0.99715 28.6228 0.0257498 0.998399 -0.0504095 -1.73403 -0.998018 0.0285842 0.0563289 58.1147
0.0612822 0.0494474 0.996909 29.3767 0.0262542 0.998349 -0.0511333 -1.78229 -0.99779 0.0293064 0.059883 58.16
0.0646612 0.0490396 0.996713 30.1321 0.0269333 0.998345 -0.0508668 -1.82884 -0.997558 0.030134 0.063233 58.1954
0.0676762 0.0477948 0.996577 30.8817 0.0280307 0.99837 -0.049785 -1.89172 -0.997329 0.0313038 0.0662263 58.2323
0.070865 0.0485124 0.996317 31.6359 0.0271447 0.998355 -0.0505421 -1.92401 -0.997131 0.0306265 0.0694311 58.2882
0.074067 0.0507496 0.995976 32.4021 0.0250204 0.998298 -0.0527293 -1.96103 -0.996955 0.0288251 0.0726715 58.3466
0.0760458 0.0508112 0.995821 33.1521 0.0265143 0.998246 -0.0529595 -2.02025 -0.996767 0.0304309 0.0745648 58.402
0.0803529 0.0520371 0.995422 33.9393 0.0253882 0.998208 -0.0542329 -2.06228 -0.996459 0.0296295 0.078888 58.4723
0.0810157 0.0528952 0.99532 34.7141 0.0233854 0.998217 -0.0549525 -2.11383 -0.996454 0.027728 0.0796338 58.5303
0.0877903 0.0529461 0.994746 35.4962 0.0215837 0.998253 -0.0550385 -2.16618 -0.995921 0.0263019 0.0864945 58.6112
0.0895019 0.0545581 0.994503 36.2691 0.0195671 0.998211 -0.0565223 -2.20367 -0.995811 0.0245185 0.0882739 58.6816
0.0925256 0.0572544 0.994078 37.0229 0.0187664 0.99807 -0.0592319 -2.26022 -0.995549 0.0241355 0.0912729 58.7541
0.0960691 0.0589653 0.993639 37.8009 0.0180736 0.997977 -0.06097 -2.3046 -0.995227 0.0238161 0.0948087 58.8201
0.0989028 0.0615239 0.993209 38.575 0.0134534 0.997915 -0.063156 -2.35561 -0.995022 0.0196081 0.0978693 58.8982
0.101067 0.0615281 0.992988 39.3588 0.00917036 0.997987 -0.0627711 -2.39981 -0.994854 0.0154503 0.100299 58.9932
0.104367 0.0608989 0.992688 40.1395 0.0103942 0.998004 -0.0623188 -2.46733 -0.994501 0.0168219 0.103526 59.0765
0.107281 0.0616619 0.992328 40.9212 0.0107581 0.997946 -0.063174 -2.52095 -0.994188 0.0174532 0.106397 59.1621
0.110344 0.0627419 0.991927 41.7146 0.00707053 0.997932 -0.0639093 -2.57696 -0.993885 0.0140651 0.109673 59.2586
0.114341 0.0615286 0.991548 42.5086 0.00624127 0.998018 -0.0626498 -2.63045 -0.993439 0.0133521 0.11373 59.3543
0.118731 0.0612498 0.991051 43.3079 0.00694112 0.998022 -0.0625131 -2.68479 -0.992919 0.0143009 0.118072 59.4398
0.121888 0.0658967 0.990368 44.0989 0.00296453 0.997767 -0.0667537 -2.73085 -0.992557 0.0110726 0.12142 59.562
0.128102 0.0729409 0.989091 44.8978 0.000598767 0.997287 -0.0736239 -2.80242 -0.991778 0.0100231 0.127712 59.679
0.13484 0.0771183 0.987876 45.6914 -0.00134025 0.996982 -0.0776461 -2.86057 -0.990884 0.00914601 0.134536 59.792
0.141326 0.0801926 0.986726 46.4913 -0.00524098 0.996761 -0.0802586 -2.92589 -0.989967 0.00617075 0.141289 59.9199
0.14902 0.0790532 0.985684 47.3009 -0.00929262 0.996869 -0.0785453 -2.99602 -0.988808 0.00254546 0.149288 60.0517
0.157 0.0778177 0.984545 48.1314 -0.00941751 0.996965 -0.0772986 -3.07126 -0.987572 0.00286347 0.157257 60.1799
0.163698 0.0754544 0.983635 48.974 -0.0105269 0.99715 -0.074739 -3.15115 -0.986472 0.00188015 0.164025 60.318
0.172101 0.0702294 0.982588 49.7856 -0.0122397 0.997533 -0.0691544 -3.21252 -0.985022 -0.000125505 0.172536 60.4738
0.180109 0.0646856 0.981532 50.6222 -0.0137616 0.997906 -0.0632392 -3.27646 -0.983569 -0.00211736 0.180621 60.6177
0.187019 0.0619293 0.980419 51.4233 -0.0138721 0.998081 -0.0603994 -3.33571 -0.982278 -0.00230511 0.18752 60.7783
0.195464 0.0638354 0.978646 52.2246 -0.0139904 0.997962 -0.0623009 -3.39827 -0.98063 -0.00151391 0.195958 60.9397
0.201892 0.0690438 0.976988 53.02 -0.0142504 0.997616 -0.0675575 -3.45619 -0.979324 -0.000283733 0.202395 61.0981
0.206375 0.0736716 0.975711 53.8117 -0.0148356 0.997285 -0.0721626 -3.51478 -0.978379 0.000417406 0.206907 61.2682
0.212504 0.0754858 0.974258 54.598 -0.0152898 0.99715 -0.0739251 -3.57603 -0.977061 0.000812632 0.213053 61.4484
0.21757 0.076812 0.973033 55.3787 -0.0179649 0.997047 -0.0746907 -3.64318 -0.975898 -0.00122986 0.218307 61.6144
0.222083 0.0732836 0.972287 56.1442 -0.0148773 0.997313 -0.0717724 -3.70231 -0.974934 0.00147381 0.222577 61.7804
0.228539 0.0682027 0.971158 56.9091 -0.013166 0.997671 -0.0669663 -3.75473 -0.973465 0.00251826 0.228904 61.9555
0.23224 0.0626458 0.970657 57.6753 -0.0151588 0.998038 -0.0607868 -3.81643 -0.97256 -0.00059744 0.232735 62.1428
0.235139 0.0600357 0.970122 58.4316 -0.0175712 0.998193 -0.0575139 -3.85839 -0.971822 -0.00352243 0.235769 62.3336
0.239504 0.0592511 0.969103 59.1675 -0.0184864 0.998237 -0.0564641 -3.91757 -0.970739 -0.0043925 0.240178 62.5128
0.241278 0.062092 0.968484 59.8846 -0.021885 0.998049 -0.0585351 -3.95176 -0.970228 -0.00707216 0.242166 62.7
0.243345 0.0655537 0.967739 60.5895 -0.0242027 0.997816 -0.0615057 -3.99455 -0.969658 -0.00845544 0.244401 62.8987
0.244914 0.0689653 0.967106 61.2932 -0.0249207 0.997589 -0.0648279 -4.03239 -0.969244 -0.00822384 0.246042 63.0859
0.246963 0.0736442 0.96624 61.9693 -0.0255029 0.997259 -0.0694906 -4.08744 -0.968709 -0.007481 0.248164 63.2781
0.249726 0.0738209 0.965516 62.6476 -0.0241469 0.997258 -0.0700022 -4.1425 -0.968035 -0.00583295 0.250824 63.4579
0.251323 0.0739814 0.96509 63.3111 -0.0246878 0.997243 -0.0700178 -4.17004 -0.967609 -0.00622948 0.252457 63.6469
0.251166 0.0720377 0.965277 63.9792 -0.0259017 0.997374 -0.0676931 -4.23118 -0.967617 -0.00800035 0.252372 63.8277
0.252912 0.0706785 0.964922 64.6074 -0.0262189 0.997465 -0.0661907 -4.27925 -0.967155 -0.00855937 0.254124 63.9972
0.252414 0.0696661 0.965126 65.2536 -0.0249536 0.997546 -0.0654797 -4.32046 -0.967317 -0.00755562 0.253533 64.17
0.250507 0.0690271 0.965669 65.884 -0.0248047 0.997588 -0.0648748 -4.36192 -0.967818 -0.00770216 0.251615 64.3385
0.249647 0.0697627 0.965838 66.5019 -0.0263877 0.997525 -0.0652307 -4.41234 -0.967996 -0.00920179 0.25087 64.5013
0.246362 0.0720569 0.966514 67.1259 -0.0259943 0.997368 -0.067732 -4.46084 -0.96885 -0.00843781 0.247588 64.6631
0.245157 0.076275 0.966496 67.7172 -0.0254616 0.997067 -0.072229 -4.51268 -0.969168 -0.00690127 0.24638 64.8162
0.24276 0.0780702 0.966958 68.3282 -0.0259524 0.996925 -0.0739749 -4.56635 -0.96976 -0.00713729 0.244041 64.9714
0.240016 0.0780343 0.967645 68.934 -0.0264991 0.996923 -0.0738224 -4.61729 -0.970426 -0.00792339 0.241346 65.127
0.238365 0.0754752 0.968256 69.5054 -0.0265061 0.997112 -0.0712 -4.65289 -0.970834 -0.00869367 0.239678 65.2707
0.236363 0.0734665 0.968902 70.0759 -0.025035 0.997271 -0.0695102 -4.68793 -0.971362 -0.00782693 0.237557 65.4337
0.233924 0.0718046 0.969618 70.6293 -0.0224371 0.997406 -0.0684499 -4.74049 -0.972017 -0.00574396 0.234929 65.5591
0.231921 0.073389 0.969981 71.1806 -0.0195023 0.997305 -0.0707933 -4.78602 -0.972558 -0.00249861 0.232727 65.6945
0.229618 0.074242 0.970463 71.717 -0.0163763 0.997243 -0.0724166 -4.8324 -0.973165 0.000734884 0.230201 65.8158
0.227566 0.0764532 0.970775 72.2785 -0.0177232 0.997078 -0.0743699 -4.8654 -0.973621 -0.000281421 0.228256 65.9512
0.227149 0.0798583 0.970598 72.8203 -0.0187297 0.996809 -0.0776321 -4.92614 -0.973702 -0.000545647 0.227921 66.0864
0.225452 0.0787935 0.971081 73.3723 -0.0176241 0.996895 -0.0767963 -4.97168 -0.974115 0.000199325 0.226142 66.2325
0.225185 0.0764543 0.971331 73.9174 -0.0134031 0.99707 -0.0753734 -5.02389 -0.974246 0.00395335 0.22555 66.3492
0.227198 0.0749811 0.970976 74.4618 -0.00898278 0.997154 -0.0749008 -5.07219 -0.973827 0.00829512 0.227226 66.4711
0.2277 0.0748981 0.970865 75.0297 -0.00750184 0.997148 -0.0751667 -5.12041 -0.973725 0.00983133 0.227612 66.6081
0.229361 0.07504 0.970463 75.5953 -0.00927132 0.997151 -0.0749124 -5.16542 -0.973318 0.00818431 0.229404 66.7552
0.234614 0.0761055 0.969124 76.1555 -0.0117998 0.997086 -0.075445 -5.21441 -0.97204 0.00626425 0.234828 66.9132
0.240114 0.0760346 0.967781 76.7267 -0.0119428 0.997088 -0.0753739 -5.27066 -0.970692 0.00654004 0.240323 67.0482
0.247481 0.0763905 0.965896 77.3017 -0.0134693 0.997068 -0.0754049 -5.32382 -0.968822 0.00565064 0.247784 67.204
0.255192 0.0755904 0.96395 77.8876 -0.0144498 0.99713 -0.0743669 -5.37021 -0.966803 0.00504869 0.255552 67.375
0.264287 0.0752639 0.961521 78.4596 -0.0162507 0.99716 -0.0735872 -5.41955 -0.964329 0.00382204 0.26476 67.544
0.272062 0.0759163 0.9593 79.054 -0.018931 0.997117 -0.0735401 -5.4751 -0.962114 0.00184671 0.272715 67.7258
0.280691 0.07857 0.956596 79.6408 -0.0235939 0.996912 -0.0749587 -5.52919 -0.95953 -0.00153036 0.281679 67.9257
0.288659 0.0810082 0.954019 80.2335 -0.0266441 0.996713 -0.0765717 -5.5772 -0.957083 -0.00331604 0.289869 68.12
0.298357 0.0834211 0.950821 80.8425 -0.0301413 0.996504 -0.0779715 -5.62809 -0.954001 -0.00539636 0.299829 68.3114
0.308254 0.0849908 0.94752 81.4521 -0.0314519 0.996372 -0.0791405 -5.69586 -0.950805 -0.00540605 0.30981 68.5216
0.31647 0.0860765 0.944708 82.066 -0.0329188 0.996275 -0.0797478 -5.74214 -0.948054 -0.00586164 0.318125 68.737
0.325271 0.0861274 0.941711 82.695 -0.0336157 0.996272 -0.0795065 -5.7937 -0.945045 -0.00579533 0.326954 68.9751
0.334292 0.0875301 0.938416 83.3363 -0.037246 0.996131 -0.0796456 -5.84021 -0.941756 -0.00832813 0.336259 69.229
0.34611 0.0845125 0.934401 83.9703 -0.0379812 0.996384 -0.0760502 -5.88551 -0.937447 -0.00916805 0.348069 69.483
0.354637 0.0774313 0.931812 84.638 -0.0338836 0.996979 -0.0699511 -5.94424 -0.934413 -0.00676669 0.356189 69.7497
0.365399 0.0743691 0.927897 85.3229 -0.0333929 0.997213 -0.0667749 -5.97945 -0.930275 -0.00658581 0.366865 70.0181
0.375846 0.0709038 0.923986 86.0056 -0.032217 0.99747 -0.0634384 -6.02432 -0.926146 -0.00592592 0.377179 70.3082
0.384538 0.0694055 0.920518 86.6895 -0.0293779 0.997588 -0.0629443 -6.08193 -0.922665 -0.00283852 0.38565 70.601
0.393557 0.0662262 0.916933 87.3812 -0.0243639 0.997807 -0.0616108 -6.1096 -0.919002 0.00190643 0.394307 70.9039
0.402064 0.0568716 0.913866 88.0927 -0.0149698 0.998348 -0.0555433 -6.13987 -0.915514 0.00865147 0.402251 71.2077
0.407944 0.0526915 0.911506 88.8322 -0.0098747 0.998533 -0.0533034 -6.19594 -0.912979 0.0127432 0.407865 71.5346
0.415879 0.0511995 0.908001 89.5262 -0.00568142 0.998545 -0.0537032 -6.21143 -0.909428 0.0171751 0.415565 71.8538
0.421569 0.0561667 0.905076 90.2333 -0.00423607 0.998195 -0.0599727 -6.26437 -0.906813 0.0214479 0.421045 72.1853
0.429446 0.0606134 0.901079 90.9237 -0.00088135 0.997776 -0.0666983 -6.30951 -0.903118 0.027849 0.428545 72.51
0.434855 0.0608162 0.898467 91.6284 -0.000395523 0.997734 -0.0673446 -6.35176 -0.900528 0.0289289 0.433892 72.8566
0.437838 0.0627554 0.896884 92.3332 -0.00538713 0.997729 -0.0671822 -6.39392 -0.899064 0.0245831 0.437182 73.2078
0.442175 0.0650477 0.894588 93.0035 -0.00953174 0.997656 -0.067831 -6.43625 -0.896905 0.0214654 0.441757 73.5575
0.446019 0.0665665 0.892567 93.6723 -0.0108308 0.997562 -0.068985 -6.50867 -0.894983 0.0211012 0.445653 73.8935
0.44916 0.0697871 0.890742 94.341 -0.0129919 0.997355 -0.0715886 -6.56163 -0.893384 0.0205815 0.448877 74.2346
0.452839 0.071565 0.888737 94.994 -0.0149141 0.997246 -0.0727036 -6.61428 -0.891494 0.0196681 0.452658 74.5773
0.455904 0.0707501 0.887234 95.6532 -0.0151433 0.997313 -0.0717468 -6.66888 -0.889927 0.0192731 0.455748 74.9253
0.458973 0.0677367 0.885885 96.2937 -0.0141895 0.997525 -0.0689213 -6.73092 -0.888364 0.0190626 0.458797 75.2543
0.461978 0.0671399 0.884368 96.9327 -0.015551 0.997596 -0.0676125 -6.78573 -0.886782 0.0174818 0.46191 75.5911
0.463882 0.0643798 0.883576 97.559 -0.0139371 0.997768 -0.0653828 -6.8353 -0.885815 0.0180153 0.463742 75.9144
0.466219 0.0664402 0.882193 98.1597 -0.0165666 0.997663 -0.0663814 -6.8838 -0.884542 0.0163324 0.466228 76.2415
0.467831 0.0667905 0.881312 98.7611 -0.0158503 0.997619 -0.0671908 -6.94732 -0.883703 0.0174648 0.467774 76.5608
0.468509 0.065028 0.881084 99.3493 -0.0136794 0.997707 -0.0663615 -6.99737 -0.883381 0.0190373 0.468323 76.8712
0.468418 0.0630451 0.881277 99.9295 -0.0105616 0.997784 -0.065766 -7.04865 -0.883472 0.0214982 0.468044 77.1878
0.46901 0.0635885 0.880923 100.504 -0.0117789 0.997772 -0.0657521 -7.09725 -0.883142 0.0204611 0.468712 77.4996
0.469441 0.0634044 0.880706 101.071 -0.00997865 0.997741 -0.066511 -7.14821 -0.882935 0.0224346 0.469011 77.8094
0.470091 0.0653046 0.880221 101.632 -0.0110126 0.997621 -0.0681334 -7.20643 -0.882577 0.0223344 0.46969 78.1046
0.472226 0.0653446 0.879074 102.169 -0.00876864 0.997553 -0.0694411 -7.24994 -0.881462 0.0250834 0.471641 78.4063
0.474467 0.064225 0.87795 102.725 -0.00639995 0.997566 -0.0695167 -7.30313 -0.880278 0.0273636 0.473721 78.7005
0.47636 0.0627527 0.87703 103.265 -0.00328246 0.997575 -0.069595 -7.34193 -0.879273 0.0302732 0.475409 78.9954
0.479059 0.0614607 0.875651 103.783 -0.00184648 0.99762 -0.0690115 -7.39703 -0.87781 0.0314426 0.47803 79.2751
0.481566 0.0603377 0.874353 104.307 -0.000803035 0.997663 -0.0684049 -7.4399 -0.876439 0.0322391 0.480487 79.5655
0.484163 0.0596405 0.872965 104.831 -0.000169465 0.997686 -0.0680675 -7.4857 -0.875007 0.0328068 0.483051 79.8578
0.487186 0.0591019 0.871319 105.335 0.00162535 0.99765 -0.0685799 -7.53198 -0.873326 0.0348271 0.485943 80.1483
0.489871 0.0604228 0.869722 105.85 0.000741327 0.997572 -0.0697228 -7.58222 -0.871824 0.0347988 0.488635 80.4316
0.493791 0.0595731 0.867561 106.346 0.0034061 0.997516 -0.0704358 -7.62365 -0.869604 0.0377353 0.49236 80.7279
0.497732 0.0621935 0.865121 106.837 0.00137326 0.997374 -0.0724914 -7.66814 -0.867359 0.0372683 0.496338 81.0177
0.502528 0.067801 0.861922 107.326 -0.00199834 0.997014 -0.0772629 -7.71366 -0.864589 0.0371041 0.501161 81.3126
0.507548 0.0746738 0.858405 107.812 -0.00704929 0.99657 -0.0825251 -7.76135 -0.861625 0.0358331 0.506331 81.6168
0.512979 0.0805513 0.854638 108.287 -0.0126195 0.996194 -0.0863189 -7.81104 -0.858339 0.0334944 0.512041 81.9201
0.518307 0.0853937 0.850945 108.784 -0.0155792 0.995786 -0.0904397 -7.8595 -0.855083 0.0336174 0.517451 82.2275
0.523013 0.0860006 0.847999 109.264 -0.0186041 0.995818 -0.0895178 -7.91376 -0.852152 0.0310424 0.522423 82.5508
0.527663 0.0852095 0.845194 109.759 -0.0243004 0.996069 -0.0852496 -7.97261 -0.849137 0.0244434 0.527658 82.885
0.532425 0.0832262 0.8424 110.266 -0.0288157 0.996366 -0.0802252 -8.02682 -0.846017 0.0184393 0.532886 83.2305
0.538892 0.0819144 0.838408 110.773 -0.0344973 0.996578 -0.0751951 -8.07758 -0.841699 0.0115981 0.539872 83.5773
0.544085 0.080527 0.835181 111.291 -0.0360725 0.996714 -0.0726023 -8.13244 -0.838285 0.00937457 0.5452 83.9343
0.549676 0.0833374 0.831236 111.809 -0.0402075 0.996504 -0.0733189 -8.18346 -0.834441 0.00687855 0.551104 84.3037
0.556037 0.0872989 0.826585 112.33 -0.0435752 0.996169 -0.075897 -8.22764 -0.830046 0.00618269 0.557708 84.6836
0.561667 0.0896918 0.822514 112.855 -0.0451102 0.995954 -0.0778009 -8.27158 -0.826165 0.00659327 0.563439 85.0603
0.567707 0.0917575 0.818126 113.399 -0.0470037 0.995767 -0.0790649 -8.32405 -0.82192 0.00643054 0.569614 85.4559
0.574619 0.092516 0.813201 113.946 -0.0494024 0.995705 -0.0783711 -8.36504 -0.816961 0.00485816 0.576721 85.8682
0.58098 0.0942487 0.808469 114.503 -0.0529844 0.995552 -0.0779832 -8.41413 -0.812225 0.00247031 0.583386 86.2863
0.586989 0.0926948 0.804299 115.07 -0.0532034 0.995699 -0.0759255 -8.47347 -0.807878 0.00177477 0.589395 86.7206
0.59565 0.0908981 0.798111 115.639 -0.0528126 0.995865 -0.0740057 -8.53106 -0.80154 0.00193098 0.597985 87.1659
0.602842 0.0900001 0.792796 116.229 -0.0528789 0.995946 -0.0728535 -8.5815 -0.79614 0.00199584 0.605156 87.6207
0.610036 0.0920894 0.787031 116.814 -0.0561484 0.995757 -0.0729915 -8.61359 -0.790416 0.000336674 0.612616 88.1021
0.617355 0.0927357 0.781228 117.402 -0.0577349 0.995697 -0.0725705 -8.657 -0.784597 -0.000303469 0.620051 88.5852
0.624095 0.0932418 0.775792 117.997 -0.05885 0.995649 -0.0723244 -8.71322 -0.779164 -0.000518286 0.626865 89.0785
0.629109 0.0917571 0.771911 118.591 -0.0578788 0.995788 -0.0711986 -8.76631 -0.775194 0.000113271 0.631769 89.5793
0.6334 0.0901305 0.768585 119.203 -0.05572 0.995934 -0.0708723 -8.83945 -0.771851 0.00206485 0.635845 90.105
0.636498 0.0883299 0.766233 119.817 -0.0526622 0.996086 -0.0710817 -8.90384 -0.769514 0.00489072 0.638657 90.6321
0.640206 0.0854631 0.763462 120.46 -0.0482355 0.996309 -0.0710807 -8.96468 -0.766723 0.00868023 0.641964 91.1523
0.64373 0.0797152 0.761119 121.107 -0.0417996 0.996745 -0.069041 -9.02943 -0.764145 0.0126283 0.644965 91.6786
0.647206 0.0741783 0.758726 121.747 -0.0360647 0.997125 -0.0667227 -9.08316 -0.761498 0.01582 0.648019 92.2303
0.650374 0.069168 0.756489 122.372 -0.0308145 0.997436 -0.0647069 -9.15861 -0.759025 0.0187718 0.650835 92.7683
0.653998 0.0674205 0.753516 123.023 -0.0288879 0.997526 -0.0641813 -9.21641 -0.755982 0.0202068 0.654325 93.3311
0.656426 0.0682372 0.751329 123.667 -0.0300972 0.997484 -0.0642984 -9.28834 -0.753826 0.0195932 0.656827 93.9047
0.660653 0.0715536 0.747304 124.318 -0.034256 0.997289 -0.0652061 -9.33375 -0.749948 0.0174789 0.66131 94.4967
0.663287 0.0737691 0.744752 124.964 -0.0381302 0.997176 -0.0648132 -9.38981 -0.74743 0.0145911 0.664225 95.0976
0.666554 0.0718657 0.742015 125.615 -0.0387969 0.997342 -0.061744 -9.45857 -0.744484 0.0123679 0.667569 95.6827
0.670271 0.0694038 0.738896 126.271 -0.0403039 0.997559 -0.0571396 -9.49672 -0.741059 0.0085175 0.671431 96.3093
0.673428 0.065182 0.736404 126.93 -0.0402809 0.997866 -0.0514895 -9.5609 -0.738193 0.00501136 0.674614 96.9433
0.678541 0.0634659 0.73185 127.585 -0.0396122 0.997979 -0.0498183 -9.58015 -0.733533 0.0048123 0.679682 97.5585
0.682754 0.0611469 0.728116 128.258 -0.0361982 0.998104 -0.0498778 -9.64361 -0.729789 0.00769771 0.683672 98.1834
0.688984 0.0587466 0.722427 128.903 -0.026536 0.998094 -0.0558562 -9.69533 -0.72433 0.0193125 0.689229 98.7873
0.693771 0.0611611 0.717626 129.565 -0.0235913 0.997788 -0.0622319 -9.75446 -0.719848 0.026245 0.693678 99.4176
0.700324 0.0615772 0.711201 130.207 -0.0212131 0.997636 -0.0654892 -9.8186 -0.713551 0.0307758 0.699973 100.042
0.706634 0.0581286 0.70522 130.86 -0.0196175 0.997852 -0.062593 -9.85497 -0.707346 0.0303958 0.706255 100.699
0.712585 0.0535443 0.699578 131.506 -0.0166278 0.998102 -0.0594561 -9.93314 -0.701431 0.0307339 0.712121 101.354
0.717371 0.0506555 0.69488 132.16 -0.0122252 0.998121 -0.060141 -9.98766 -0.696624 0.0346485 0.71664 102.017
0.722669 0.0524675 0.689239 132.78 -0.0104936 0.997843 -0.0649574 -10.0581 -0.691157 0.0397089 0.721659 102.676
0.725714 0.0530532 0.685981 133.423 -0.0101863 0.997748 -0.0663894 -10.1053 -0.687962 0.0411921 0.724618 103.361
0.72966 0.0486989 0.682113 134.031 -0.00639623 0.997914 -0.0644034 -10.164 -0.683822 0.0426286 0.728448 104.042
0.731573 0.0418369 0.680512 134.674 -0.00147186 0.998217 -0.0597873 -10.2227 -0.681803 0.0427371 0.730327 104.737
0.732235 0.0385034 0.680003 135.322 0.000817507 0.99836 -0.0574103 -10.2934 -0.681095 0.0425926 0.731001 105.424
0.732757 0.0331801 0.679716 135.951 0.0056127 0.998489 -0.0547923 -10.341 -0.680509 0.0439644 0.73146 106.105
0.731999 0.030125 0.680679 136.584 0.00832373 0.998562 -0.0531453 -10.3866 -0.681298 0.0445669 0.730695 106.805
0.730467 0.0307467 0.682291 137.241 0.00649097 0.998635 -0.0519524 -10.4279 -0.682959 0.042378 0.729268 107.513
0.730321 0.0313462 0.682424 137.869 0.00587898 0.998631 -0.0521628 -10.4847 -0.683122 0.0421064 0.729136 108.218
0.727672 0.03485 0.685074 138.537 0.00287977 0.998551 -0.0538563 -10.5272 -0.685961 0.0411623 0.726515 108.933
0.725783 0.0370624 0.686965 139.157 6.27139e-05 0.998553 -0.0539399 -10.5808 -0.687967 0.0391905 0.724731 109.61
0.722525 0.0380501 0.690331 139.814 -0.00226804 0.998616 -0.0526693 -10.6156 -0.691382 0.0364889 0.721609 110.295
0.720105 0.0402748 0.692736 140.449 -0.00589963 0.998643 -0.0519279 -10.662 -0.693884 0.0333054 0.719365 110.975
0.717235 0.0394543 0.695748 141.114 -0.00633852 0.99873 -0.0501021 -10.7113 -0.696845 0.0315246 0.716572 111.669
0.714653 0.0382955 0.698471 141.729 -0.00678719 0.998842 -0.0478203 -10.7646 -0.69949 0.0294331 0.714085 112.335
0.71175 0.034659 0.701612 142.379 -0.00292855 0.998927 -0.0463757 -10.806 -0.702469 0.0309528 0.711084 113.008
0.710244 0.0377966 0.702981 143.015 -0.00504462 0.998815 -0.0486063 -10.887 -0.703981 0.0309748 0.709592 113.644
0.705452 0.0477556 0.707181 143.679 -0.00942502 0.998278 -0.0580119 -10.9171 -0.708736 0.034259 0.704685 114.318
0.703337 0.0528237 0.708932 144.304 -0.0124428 0.998007 -0.0620193 -10.9735 -0.710791 0.0347982 0.702592 114.964
0.700177 0.0516707 0.712131 144.964 -0.0134458 0.998162 -0.0592051 -11.0423 -0.713885 0.0318784 0.699582 115.628
0.696733 0.0510971 0.715548 145.622 -0.017896 0.998398 -0.0538705 -11.1028 -0.71715 0.0247268 0.69653 116.29
0.692635 0.0491649 0.719645 146.277 -0.0194145 0.99859 -0.0495369 -11.148 -0.721069 0.0203389 0.69261 116.943
0.689277 0.0486596 0.722902 146.939 -0.0189146 0.998621 -0.0491844 -11.2111 -0.724294 0.0202271 0.689246 117.586
0.686079 0.0470369 0.726037 147.587 -0.0168518 0.998673 -0.0487762 -11.2653 -0.727372 0.0212288 0.685959 118.21
0.683197 0.0453068 0.728868 148.262 -0.0137072 0.998703 -0.0492323 -11.3231 -0.730148 0.0236433 0.682932 118.84
0.681179 0.0464442 0.730674 148.921 -0.0124598 0.998582 -0.0518583 -11.3897 -0.732051 0.0262202 0.68079 119.462
0.677467 0.0467816 0.734105 149.575 -0.0109348 0.998515 -0.0535411 -11.4485 -0.735515 0.0282437 0.676973 120.074
0.673047 0.0449155 0.738267 150.248 -0.00904896 0.998585 -0.0525043 -11.4872 -0.739585 0.0286567 0.672498 120.702
0.669369 0.0460109 0.741545 150.923 -0.0109443 0.998592 -0.0520819 -11.5306 -0.742893 0.0267449 0.66893 121.303
0.664119 0.0469926 0.746181 151.601 -0.011313 0.998546 -0.0528179 -11.5975 -0.747582 0.0266352 0.663682 121.917
0.657152 0.0488086 0.752217 152.294 -0.0122908 0.998471 -0.0540507 -11.6415 -0.753701 0.0262727 0.656747 122.542
0.651918 0.0533414 0.756443 153.008 -0.0148123 0.998234 -0.0576267 -11.7021 -0.758185 0.0263626 0.651554 123.174
0.645615 0.0589359 0.761426 153.69 -0.0175587 0.997908 -0.0623531 -11.7541 -0.763503 0.026885 0.6453 123.801
0.6376 0.0605967 0.768012 154.403 -0.0168469 0.997766 -0.0647388 -11.7941 -0.770223 0.0283383 0.637194 124.397
0.630872 0.0538634 0.774055 155.131 -0.0156694 0.998277 -0.0566962 -11.8632 -0.775771 0.0236377 0.630629 124.996
0.623443 0.0523562 0.780144 155.861 -0.0211166 0.998525 -0.0501375 -11.8986 -0.781623 0.0147834 0.623627 125.599
0.614507 0.0479928 0.78749 156.609 -0.0193231 0.998773 -0.0457917 -11.9574 -0.788716 0.0129213 0.614681 126.198
0.607795 0.0488988 0.792618 157.346 -0.0221694 0.998765 -0.0446174 -11.9992 -0.793824 0.00954577 0.608125 126.783
0.598714 0.0507744 0.799392 158.082 -0.0221664 0.998666 -0.0468308 -12.0499 -0.800697 0.0103173 0.599041 127.347
0.590576 0.0513895 0.805374 158.833 -0.0158719 0.998524 -0.0520759 -12.1024 -0.806864 0.0179713 0.590517 127.903
0.584027 0.0589767 0.809628 159.591 -0.0156123 0.997998 -0.0614374 -12.1476 -0.811625 0.0232395 0.583779 128.442
0.576597 0.0616314 0.814731 160.353 -0.013161 0.997729 -0.0661608 -12.2135 -0.816961 0.0274249 0.576096 128.97
0.568661 0.0579735 0.820565 161.131 -0.0101249 0.997941 -0.0634894 -12.2683 -0.82255 0.0277944 0.568076 129.512
0.562038 0.0543106 0.825356 161.917 -0.00684044 0.99812 -0.0610216 -12.3441 -0.827122 0.02865 0.56135 130.037
0.553926 0.0542085 0.830837 162.699 -0.00782418 0.998182 -0.0599116 -12.4082 -0.832569 0.0266846 0.553344 130.554
0.547077 0.0562155 0.835223 163.46 -0.00868715 0.998078 -0.0614871 -12.4845 -0.837076 0.0263819 0.546511 131.071
0.54084 0.0566436 0.839254 164.246 -0.00677343 0.998001 -0.062994 -12.539 -0.841138 0.0283836 0.540142 131.584
0.535787 0.0512881 0.842824 165.023 -0.00307212 0.998273 -0.0587953 -12.6104 -0.844387 0.0289119 0.535017 132.053
0.529231 0.0490926 0.847094 165.809 -0.00112514 0.998375 -0.0571583 -12.6832 -0.848517 0.0292953 0.528425 132.543
0.525848 0.0476481 0.849272 166.562 -0.00192051 0.998502 -0.054832 -12.7294 -0.850616 0.0272017 0.525149 133.026
0.520976 0.049049 0.852199 167.327 -0.00206734 0.998428 -0.0562027 -12.7882 -0.853609 0.027517 0.520258 133.503
0.516184 0.0516398 0.854949 168.083 -0.000980268 0.998224 -0.0597024 -12.8523 -0.856517 0.0299788 0.515315 133.979
0.513499 0.0566586 0.856256 168.813 -0.00186195 0.9979 -0.064916 -12.9161 -0.858128 0.0317383 0.512525 134.432
0.509771 0.0587749 0.858329 169.549 -0.00309722 0.997791 -0.0664856 -12.9718 -0.860344 0.0312334 0.508823 134.884
0.506168 0.05463 0.860741 170.302 -0.00265117 0.998097 -0.06179 -13.0515 -0.862471 0.0289926 0.505348 135.339
0.504402 0.0479107 0.862168 171.039 -0.00150303 0.998515 -0.0546089 -13.1211 -0.863508 0.0262483 0.503722 135.772
0.501101 0.0430852 0.864355 171.77 0.00277992 0.998686 -0.0513942 -13.1986 -0.865425 0.0281549 0.500322 136.19
0.499407 0.0420019 0.865378 172.481 0.00729191 0.998594 -0.0526763 -13.2396 -0.866379 0.0326165 0.498393 136.6
0.496853 0.0437118 0.866773 173.201 0.0104878 0.998366 -0.0563616 -13.2916 -0.867812 0.0370922 0.495583 137.009
0.495996 0.0501157 0.866906 173.896 0.00897761 0.997993 -0.0628306 -13.3402 -0.868321 0.0389458 0.494545 137.416
0.489416 0.0584208 0.870132 174.621 0.0082298 0.997411 -0.0715972 -13.3854 -0.872052 0.0421999 0.487668 137.833
0.486888 0.0597581 0.871446 175.294 0.011175 0.997158 -0.0746225 -13.4572 -0.873435 0.0460705 0.484831 138.2
0.483967 0.0549734 0.873398 175.981 0.0123112 0.99751 -0.0696088 -13.4985 -0.875041 0.044439 0.482084 138.584
0.479922 0.0467524 0.876093 176.671 0.00743713 0.998336 -0.0573504 -13.5472 -0.877322 0.0340385 0.47877 138.988
0.476619 0.0430088 0.878097 177.352 0.00220667 0.998752 -0.0501176 -13.5987 -0.879148 0.025823 0.475929 139.385
0.473378 0.0444066 0.879767 178.014 0.0020882 0.998679 -0.0515326 -13.6396 -0.880899 0.0262307 0.472655 139.76
0.47174 0.0466187 0.880545 178.667 0.00404117 0.998487 -0.0550296 -13.7065 -0.88177 0.0295163 0.470838 140.113
0.468916 0.0489049 0.881916 179.335 0.00460636 0.998326 -0.0578096 -13.7595 -0.883274 0.0311695 0.4679 140.467
0.465393 0.0467318 0.88391 179.99 0.00563473 0.99844 -0.0557552 -13.8037 -0.885128 0.0309269 0.464403 140.816
0.463215 0.0454311 0.88511 180.626 0.00479439 0.998552 -0.0537633 -13.8577 -0.886276 0.0291467 0.46232 141.15
0.461152 0.0455998 0.886189 181.25 0.00417125 0.998567 -0.0535544 -13.9033 -0.887354 0.0283915 0.4603 141.486
0.458306 0.0452329 0.887672 181.849 0.00628665 0.998524 -0.0541277 -13.9504 -0.888815 0.0303867 0.457339 141.81
0.454906 0.0458384 0.8894 182.453 0.0077454 0.998444 -0.0554216 -14.0004 -0.890548 0.0320986 0.453842 142.121
0.450143 0.0470325 0.891746 183.043 0.00822067 0.998361 -0.0568055 -14.034 -0.892962 0.0329005 0.449013 142.429
0.444573 0.0488176 0.894452 183.627 0.0076456 0.998282 -0.0582861 -14.0641 -0.895752 0.0327493 0.443435 142.733
0.439629 0.0501496 0.896808 184.198 0.00879601 0.998162 -0.0601295 -14.1127 -0.89818 0.0343222 0.438374 143.012
0.432751 0.0540574 0.899932 184.787 0.00973098 0.997874 -0.0646216 -14.1585 -0.901503 0.0367204 0.431303 143.297
0.424529 0.0556078 0.903735 185.384 0.0127781 0.997655 -0.0673894 -14.1967 -0.905368 0.0401559 0.422817 143.578
0.418331 0.0576873 0.906502 185.992 0.0114571 0.997578 -0.0687721 -14.2459 -0.908265 0.0391535 0.416655 143.859
0.409527 0.0589591 0.91042 186.596 0.00852355 0.997629 -0.0684409 -14.2931 -0.912301 0.0357875 0.408048 144.145
0.401188 0.0580976 0.914192 187.221 0.00648247 0.997793 -0.0662569 -14.3324 -0.916014 0.0325059 0.399925 144.436
0.394911 0.0589994 0.916852 187.843 0.00694882 0.997726 -0.0671967 -14.3885 -0.918736 0.0329068 0.393598 144.706
0.386327 0.0611049 0.920377 188.473 0.00637282 0.997614 -0.0689095 -14.4195 -0.922381 0.032485 0.385015 144.98
0.377424 0.0642306 0.92384 189.118 0.0043184 0.997469 -0.0711139 -14.4561 -0.926073 0.0308287 0.376186 145.262
0.369295 0.0675948 0.926891 189.758 0.0024981 0.997287 -0.0737256 -14.4983 -0.92935 0.02954 0.368124 145.539
0.360552 0.070249 0.930119 190.421 0.00092132 0.997143 -0.0756682 -14.572 -0.932781 0.0281383 0.359453 145.809
0.352816 0.0711144 0.933028 191.072 0.00113686 0.997086 -0.0764287 -14.6235 -0.935733 0.028024 0.351706 146.054
0.344975 0.0727659 0.935817 191.748 -0.00012172 0.997005 -0.0774788 -14.6867 -0.938654 0.0266133 0.343946 146.31
0.336304 0.0728203 0.938975 192.461 0.00224414 0.996953 -0.0781224 -14.7474 -0.941792 0.028378 0.335114 146.565
0.329245 0.0720863 0.94152 193.158 0.00381306 0.996983 -0.0776664 -14.7964 -0.944279 0.0291603 0.327972 146.814
0.320696 0.0700291 0.944631 193.88 0.00527469 0.997127 -0.0757136 -14.8506 -0.947209 0.0292615 0.319404 147.08
0.31229 0.0684854 0.947545 194.638 0.00365562 0.997315 -0.0732877 -14.9011 -0.950022 0.0263499 0.311197 147.331
0.306177 0.064141 0.949853 195.387 0.00498581 0.997618 -0.0689755 -14.9665 -0.952003 0.0258524 0.305127 147.586
0.299716 0.0616675 0.952064 196.156 0.00737213 0.99774 -0.0669472 -15.037 -0.954042 0.0270828 0.29858 147.833
0.292899 0.0566944 0.954503 196.941 0.00688988 0.998102 -0.0614001 -15.0942 -0.95616 0.0245583 0.291951 148.08
0.287544 0.0524161 0.956362 197.733 0.00681937 0.998374 -0.0567695 -15.1496 -0.957786 0.0228445 0.286716 148.339
0.282457 0.0516538 0.957931 198.535 0.0110918 0.998319 -0.0571041 -15.2136 -0.959258 0.0267524 0.281408 148.572
0.275096 0.056844 0.959765 199.331 0.0162241 0.997845 -0.06375 -15.249 -0.961322 0.0331076 0.273577 148.8
0.271417 0.0674337 0.960139 200.139 0.0174055 0.997048 -0.0749485 -15.3224 -0.962347 0.0370516 0.26944 149.035
0.266628 0.0753131 0.960883 200.965 0.0215398 0.996239 -0.0840614 -15.3977 -0.963601 0.0431093 0.263999 149.262
0.261243 0.0728644 0.962562 201.825 0.0281659 0.99616 -0.0830545 -15.4695 -0.964905 0.0488063 0.258186 149.488
0.257149 0.0669752 0.964079 202.698 0.0328566 0.996424 -0.0779865 -15.5565 -0.965856 0.0517295 0.254026 149.724
0.251119 0.0617435 0.966028 203.569 0.0343296 0.996781 -0.0726352 -15.6602 -0.96739 0.0514008 0.248189 149.96
0.245994 0.066093 0.967047 204.413 0.0314782 0.996614 -0.0761213 -15.7435 -0.968803 0.0491654 0.243077 150.181
0.240203 0.0747747 0.967881 205.276 0.0276699 0.996109 -0.0838247 -15.7725 -0.970371 0.0469136 0.237198 150.419
0.232931 0.0784744 0.969354 206.15 0.0267695 0.995856 -0.0870525 -15.808 -0.972168 0.0462255 0.229861 150.643
0.228206 0.0729962 0.970916 207.05 0.0245298 0.996451 -0.0806837 -15.8805 -0.973347 0.0422264 0.225604 150.874
0.220574 0.0689764 0.97296 207.91 0.0228573 0.996869 -0.0758534 -15.9581 -0.975146 0.0389697 0.218303 151.101
0.214539 0.0698839 0.974256 208.804 0.0225963 0.996829 -0.0764813 -16.0294 -0.976498 0.0384202 0.212278 151.3
0.207554 0.0737754 0.97547 209.712 0.0198705 0.996641 -0.0796047 -16.1014 -0.978065 0.0359047 0.205388 151.49
0.203154 0.0737877 0.976406 210.637 0.0219354 0.996578 -0.0798783 -16.1863 -0.978945 0.0376429 0.200838 151.686
0.198949 0.0726401 0.977347 211.573 0.0252551 0.99655 -0.0792085 -16.2787 -0.979728 0.0404407 0.196425 151.871
0.194785 0.0716309 0.978271 212.536 0.0262855 0.996606 -0.0782093 -16.3629 -0.980538 0.0409458 0.192239 152.053
0.191528 0.0705063 0.978984 213.485 0.0278994 0.996635 -0.077236 -16.4421 -0.981134 0.0421051 0.188913 152.236
0.186632 0.06993 0.979982 214.437 0.0287094 0.996664 -0.0765901 -16.5267 -0.982055 0.0424264 0.183999 152.423
0.18509 0.0690489 0.980326 215.324 0.0269364 0.99681 -0.0752961 -16.6088 -0.982396 0.0403421 0.182636 152.596
0.181651 0.067608 0.981081 216.277 0.0266837 0.996942 -0.0736438 -16.6937 -0.983046 0.0395539 0.179289 152.776
0.178089 0.0668611 0.981773 217.199 0.0226721 0.997158 -0.0720219 -16.7833 -0.983797 0.0350844 0.176064 152.955
0.180115 0.0689887 0.981268 218.175 0.0182451 0.997147 -0.0734561 -16.8739 -0.983521 0.0311316 0.17834 153.154
0.174172 0.070484 0.982222 219.036 0.0168746 0.997088 -0.0745435 -16.9524 -0.984614 0.0295571 0.172472 153.313
0.175317 0.0706494 0.982018 219.991 0.017252 0.997063 -0.0748139 -17.0236 -0.984406 0.0300556 0.173581 153.486
0.175166 0.0688897 0.982158 220.944 0.0169815 0.997201 -0.0729741 -17.1149 -0.984436 0.0294604 0.173503 153.667
0.174157 0.0659168 0.982553 221.892 0.0169359 0.997423 -0.0699184 -17.1639 -0.984617 0.028815 0.17259 153.842
0.171804 0.061694 0.983231 222.833 0.0215708 0.997575 -0.066364 -17.2612 -0.984939 0.0326098 0.170053 154.004
0.171396 0.063254 0.983213 223.762 0.0197315 0.997532 -0.0676168 -17.3199 -0.985051 0.0309874 0.169722 154.172
0.169083 0.0684158 0.983258 224.694 0.0172312 0.997244 -0.0723525 -17.3848 -0.985496 0.0291754 0.167435 154.345
0.167042 0.0704266 0.983478 225.62 0.0176813 0.997087 -0.0744067 -17.445 -0.985838 0.0298162 0.165308 154.499
0.166554 0.070972 0.983509 226.537 0.0187479 0.997011 -0.0751218 -17.5322 -0.985899 0.0309496 0.164722 154.665
0.161445 0.0672686 0.984633 227.497 0.0194319 0.99728 -0.0713209 -17.5923 -0.986737 0.0306457 0.159696 154.803
0.161482 0.0614933 0.984992 228.416 0.0190203 0.997691 -0.065405 -17.6727 -0.986737 0.0292956 0.159936 154.965
0.158537 0.057643 0.985716 229.352 0.0212071 0.997881 -0.0617674 -17.7526 -0.987172 0.0306946 0.156976 155.129
0.15519 0.0575896 0.986239 230.271 0.0187504 0.997961 -0.0612252 -17.8138 -0.987751 0.027993 0.15379 155.283
0.1487 0.0581771 0.987217 231.25 0.0186717 0.997941 -0.0616237 -17.8812 -0.988754 0.0275945 0.147305 155.427
0.145885 0.0578422 0.987645 232.156 0.0191075 0.997952 -0.0612689 -17.9489 -0.989163 0.0278087 0.144478 155.565
0.141679 0.0571886 0.988306 233.078 0.0194984 0.99799 -0.0605464 -18.0093 -0.989768 0.0278466 0.140276 155.707
0.136656 0.0563241 0.989053 234.007 0.0188633 0.998067 -0.0594446 -18.0823 -0.990486 0.0267795 0.135326 155.847
0.13314 0.0557463 0.989577 234.92 0.0173633 0.998149 -0.0585678 -18.1489 -0.990993 0.0249782 0.131923 155.979
0.128894 0.0555267 0.99014 235.848 0.01602 0.998198 -0.0580649 -18.2116 -0.991576 0.0233455 0.127769 156.114
0.125885 0.0548249 0.990578 236.788 0.0137518 0.998296 -0.0570022 -18.2443 -0.991998 0.0207961 0.124914 156.254
0.124317 0.0528478 0.990871 237.74 0.00633311 0.998532 -0.0540518 -18.3109 -0.992269 0.0129943 0.123797 156.392
0.120513 0.052916 0.991351 238.662 0.00376633 0.998564 -0.0537614 -18.3638 -0.992754 0.0102111 0.120138 156.516
0.116288 0.0570645 0.991612 239.573 -0.000936672 0.998369 -0.0573443 -18.4044 -0.993262 0.00573914 0.116149 156.646
0.113378 0.0618038 0.99168 240.493 -0.0046119 0.998104 -0.0616796 -18.4615 -0.99359 0.00241809 0.113446 156.765
0.109927 0.0633904 0.991954 241.415 -0.00732832 0.998004 -0.0629657 -18.5121 -0.99396 -0.000348101 0.110169 156.881
0.108058 0.0629988 0.992199 242.351 -0.011371 0.998022 -0.0621328 -18.5367 -0.994129 -0.00456975 0.108558 156.992
0.105553 0.0606825 0.992599 243.276 -0.0135994 0.998147 -0.0595763 -18.59 -0.994367 -0.00721071 0.10618 157.098
0.102632 0.0591565 0.993012 244.197 -0.0153513 0.998225 -0.0578831 -18.6293 -0.994651 -0.00930458 0.103355 157.206
0.0986198 0.058837 0.993423 245.113 -0.0170989 0.99822 -0.0574244 -18.6748 -0.995026 -0.0113237 0.0994475 157.303
0.0965873 0.0584618 0.993658 246.005 -0.0162878 0.998252 -0.0571513 -18.737 -0.995243 -0.0106656 0.0973679 157.396
0.0932225 0.0609351 0.993818 246.91 -0.0171408 0.998092 -0.0595901 -18.7999 -0.995546 -0.0114801 0.0940865 157.481
0.0906102 0.0624291 0.993983 247.795 -0.0150993 0.998025 -0.0613094 -18.8693 -0.995826 -0.00945428 0.091371 157.564
0.0868521 0.0592931 0.994494 248.715 -0.0100838 0.998245 -0.0586369 -18.9313 -0.996218 -0.00493604 0.0872951 157.653
0.0819789 0.0538091 0.995236 249.632 -0.0057092 0.99857 -0.053522 -19.015 -0.996672 -0.00129576 0.0821661 157.73
0.0800587 0.0540848 0.995361 250.53 -0.0028637 0.998552 -0.0540286 -19.0933 -0.996834 0.00147451 0.0800952 157.799
0.0760288 0.0630224 0.995167 251.414 6.32726e-05 0.998019 -0.063211 -19.1792 -0.997162 0.00486718 0.0758714 157.867
0.0700752 0.0744082 0.994804 252.309 0.0010349 0.997226 -0.0746629 -19.238 -0.99759 0.00626092 0.0698015 157.937
0.0662675 0.0784482 0.994768 253.212 -0.0011322 0.996929 -0.0785464 -19.3 -0.997858 0.00407714 0.06615 158.008
0.0612374 0.0744197 0.995386 254.111 -0.00396483 0.997244 -0.0743153 -19.3592 -0.998164 0.000603704 0.0613616 158.071
0.0581212 0.0687616 0.995994 255.009 -0.00447369 0.997652 -0.0686181 -19.4369 -0.998357 -0.00046921 0.0582895 158.119
0.0538814 0.063957 0.996539 255.907 -0.00563143 0.997969 -0.063745 -19.5002 -0.998582 -0.00217792 0.05413 158.175
0.0494475 0.0653392 0.996692 256.813 -0.0103433 0.997857 -0.0649056 -19.5757 -0.998781 -0.00710102 0.0500146 158.236
0.0418592 0.0636894 0.997134 257.698 -0.0134979 0.997931 -0.0631743 -19.6362 -0.999083 -0.0108154 0.0426303 158.291
0.035629 0.0591718 0.997668 258.582 -0.0165355 0.998163 -0.0586139 -19.6872 -0.999286 -0.0144098 0.0365394 158.337
0.0298251 0.0561798 0.998018 259.458 -0.0175399 0.998315 -0.0556731 -19.7331 -0.999452 -0.0158453 0.0307585 158.373
0.0220345 0.056108 0.998238 260.32 -0.0144047 0.998357 -0.0558001 -19.7995 -0.999712 -0.013151 0.0228038 158.399
0.0170706 0.0590655 0.998151 261.197 -0.0126857 0.998207 -0.0588525 -19.8476 -0.999824 -0.0116581 0.0177879 158.416
0.0106419 0.0598556 0.998206 262.067 -0.0110498 0.998172 -0.059739 -19.9073 -0.999941 -0.0103955 0.0112812 158.429
0.00350112 0.0582229 0.998341 262.938 -0.0106283 0.99827 -0.0581822 -19.9602 -0.999988 -0.0104075 0.00411254 158.438
-0.00160429 0.055602 0.998509 263.811 -0.0109945 0.998411 -0.0556175 -20.0014 -0.999997 -0.0110687 -0.00099288 158.447
-0.00710165 0.0539698 0.99856 264.682 -0.0080492 0.998528 -0.0540259 -20.0619 -0.999993 -0.00842186 -0.00665772 158.442
-0.0122753 0.0555114 0.99844 265.555 -0.0075503 0.998444 -0.0556078 -20.1132 -0.999955 -0.00822245 -0.0118394 158.421
-0.0149867 0.0569833 0.998306 266.437 -0.00845745 0.998353 -0.0571136 -20.1618 -0.999903 -0.00929964 -0.0144809 158.42
-0.0172714 0.0581752 0.998215 267.308 -0.00572065 0.998304 -0.0582827 -20.2148 -0.999893 -0.00671851 -0.0169116 158.396
-0.0199824 0.056242 0.998261 268.182 -0.0019868 0.998433 -0.0562923 -20.2757 -0.99985 -0.0031088 -0.0198401 158.378
-0.020346 0.0538882 0.998397 269.036 0.000537869 0.998568 -0.0538895 -20.3303 -0.999853 -0.000561074 -0.020348 158.357
-0.0203819 0.0523463 0.998465 269.911 0.00162404 0.99865 -0.0523236 -20.3721 -0.999842 0.000554485 -0.0204401 158.333
-0.0224815 0.0517712 0.998463 270.791 0.00230091 0.998679 -0.0517337 -20.4495 -0.999805 0.00113262 -0.0225731 158.304
-0.0207554 0.0514047 0.998506 271.649 0.00498887 0.998692 -0.0513113 -20.4906 -0.999824 0.00391588 -0.0209855 158.283
-0.0207124 0.0527822 0.998448 272.506 0.00752103 0.998606 -0.0526375 -20.5436 -0.999817 0.00641727 -0.0210827 158.272
-0.021148 0.0542532 0.998347 273.366 0.0109048 0.998501 -0.0540314 -20.5917 -0.999768 0.00974348 -0.0217087 158.257
-0.0193014 0.0566398 0.998265 274.213 0.0139598 0.998333 -0.0563767 -20.6523 -0.999777 0.0128455 -0.0200621 158.239
-0.0194366 0.0568116 0.998239 275.055 0.0164668 0.998288 -0.0564946 -20.707 -0.999727 0.0153391 -0.0203396 158.23
-0.0165282 0.0572257 0.998281 275.876 0.0183718 0.998231 -0.0569215 -20.7648 -0.999756 0.0173973 -0.0175525 158.209
-0.0142558 0.0560236 0.998371 276.704 0.0197405 0.998272 -0.055737 -20.8152 -0.999755 0.018913 -0.015338 158.201
-0.0104557 0.053639 0.998563 277.502 0.0215577 0.998362 -0.0534054 -20.8594 -0.999775 0.0209661 -0.0115971 158.194
-0.00611086 0.0506079 0.998744 278.327 0.0220934 0.998503 -0.0504616 -20.9033 -0.999789 0.0217564 -0.00722096 158.201
-0.00213498 0.0480381 0.998902 279.12 0.0217113 0.998634 -0.047982 -20.9603 -0.999825 0.0215827 -0.00317734 158.198
0.00330199 0.0457664 0.998991 279.947 0.0214988 0.99874 -0.0458271 -20.9957 -0.999815 0.0216277 0.00231255 158.21
0.00680713 0.045646 0.998994 280.716 0.0179525 0.998813 -0.0457634 -21.0433 -0.999879 0.0182436 0.00597727 158.224
0.0101344 0.0468723 0.998894 281.441 0.0167533 0.998774 -0.0470378 -21.0717 -0.99986 0.0172108 0.00933534 158.236
0.0151485 0.0475535 0.998814 282.233 0.0155582 0.998759 -0.0477903 -21.1163 -0.999828 0.0162614 0.0143874 158.254
0.0191736 0.0449015 0.998852 282.987 0.0171282 0.998852 -0.0452315 -21.1457 -0.999721 0.0179752 0.018381 158.268
0.0226917 0.0424538 0.998901 283.681 0.0158373 0.99898 -0.0428202 -21.1663 -0.99968 0.0167893 0.0219938 158.288
0.0251506 0.0412333 0.998878 284.303 0.0130703 0.999072 -0.0415717 -21.189 -0.99965 0.0141006 0.0245868 158.301
0.0299496 0.0412161 0.998762 285.002 0.0135167 0.999064 -0.041637 -21.2278 -0.999524 0.0147447 0.0293623 158.33
0.0347736 0.0434546 0.998495 285.661 0.012734 0.998976 -0.0439203 -21.2613 -0.999366 0.0142415 0.034183 158.356
0.0359372 0.0448848 0.998407 286.255 0.012001 0.998922 -0.045343 -21.2936 -0.999345 0.013609 0.0353576 158.375
0.0380489 0.0466208 0.998233 286.869 0.0107901 0.998856 -0.0470625 -21.3378 -0.99927 0.0125611 0.0375007 158.4
0.0415787 0.0462982 0.998123 287.498 0.00799213 0.998901 -0.0466703 -21.3736 -0.999167 0.0099154 0.0411607 158.437
0.0446656 0.0464219 0.997969 288.12 0.00708184 0.998902 -0.0467836 -21.4113 -0.99903 0.00915659 0.044286 158.473
0.0474081 0.04631 0.997863 288.732 0.0061047 0.998915 -0.0466521 -21.457 -0.998919 0.0083013 0.0470717 158.507
0.0513635 0.0453182 0.997697 289.336 0.00634899 0.998958 -0.0457036 -21.4804 -0.998713 0.0086814 0.0510202 158.546
0.0535038 0.0458441 0.997577 289.925 0.00637949 0.998932 -0.0462517 -21.4927 -0.99861 0.00883655 0.0531518 158.574
0.0575343 0.0482259 0.997224 290.519 0.00275481 0.998844 -0.0484643 -21.5403 -0.998393 0.00553501 0.0573327 158.622
0.0615404 0.0485688 0.996985 291.1 0.00182128 0.998831 -0.0487743 -21.5799 -0.998167 0.00481531 0.0613775 158.669
0.0647068 0.0483037 0.99678 291.656 0.00116484 0.998846 -0.0484804 -21.6146 -0.997957 0.00429757 0.0645735 158.706
0.0674072 0.0482664 0.99662 292.218 0.00101521 0.998848 -0.0484462 -21.6352 -0.997789 0.00427532 0.067278 158.758
0.0711853 0.0489943 0.996305 292.766 0.000989762 0.998812 -0.0491894 -21.6766 -0.997516 0.00448716 0.0710497 158.801
0.0733381 0.0497377 0.996129 293.272 -0.000968865 0.998781 -0.049802 -21.7163 -0.997371 0.00268524 0.0732942 158.846
0.0746163 0.0519263 0.995905 293.799 -0.000924387 0.99867 -0.0520021 -21.7467 -0.997266 0.0029591 0.0745624 158.883
0.0769004 0.0528522 0.9957 294.251 -0.0006275 0.998619 -0.0529619 -21.787 -0.997104 0.00344592 0.0768245 158.905
0.078176 0.0537375 0.995536 294.729 -0.00125265 0.998574 -0.0538041 -21.8219 -0.996993 0.00295855 0.0781291 158.939
0.0778804 0.0543084 0.995546 295.145 -0.00437372 0.998547 -0.0541332 -21.863 -0.997019 -0.000140194 0.0780019 158.96
0.0802162 0.0559033 0.995255 295.64 -0.00588497 0.998458 -0.0556098 -21.916 -0.996814 -0.00139682 0.0804189 159.001
0.0814304 0.0559948 0.995171 296.128 -0.00584032 0.998454 -0.055705 -21.9423 -0.99673 -0.00127794 0.0816284 159.046
0.0808021 0.0562661 0.995188 296.62 -0.00550027 0.998439 -0.0560043 -21.9695 -0.99677 -0.000949037 0.0809825 159.091
0.082177 0.0567017 0.99507 297.121 -0.00441937 0.998415 -0.0565306 -21.9742 -0.996676 0.000246003 0.0822943 159.156
0.0812161 0.056911 0.995118 297.628 -0.0038195 0.998402 -0.0567881 -21.9755 -0.996745 0.000810726 0.0813009 159.22
0.0783123 0.0560845 0.995416 298.103 -0.00368348 0.998449 -0.0559689 -22.0075 -0.996991 0.000714507 0.0783943 159.284
0.0775386 0.0557415 0.995477 298.612 -0.00304479 0.998468 -0.0556727 -22.0499 -0.99704 0.00128526 0.0775868 159.33
0.0752068 0.0590817 0.995483 299.136 0.00102334 0.998262 -0.0593273 -22.0656 -0.997237 0.00547842 0.0750125 159.365
0.0737857 0.0627126 0.995347 299.681 0.0063614 0.997994 -0.0633517 -22.1108 -0.99731 0.0110057 0.0732362 159.405
0.0722368 0.0676644 0.995156 300.228 0.00910803 0.997633 -0.0684976 -22.136 -0.997416 0.0140095 0.0714464 159.435
0.0695603 0.0703886 0.995138 300.779 0.00891717 0.997447 -0.0711759 -22.1631 -0.997594 0.0138242 0.0687526 159.47
0.0676132 0.0714247 0.995218 301.338 0.00833586 0.997383 -0.07215 -22.1908 -0.997747 0.0131719 0.0668378 159.517
0.0662486 0.06924 0.995445 301.923 0.0134355 0.997461 -0.0702752 -22.2283 -0.997769 0.0180295 0.0651476 159.54
0.0648478 0.064789 0.995856 302.521 0.021773 0.997585 -0.0663227 -22.282 -0.997728 0.0259808 0.0632775 159.578
0.0635335 0.0637822 0.995987 303.108 0.0236302 0.997604 -0.0653939 -22.323 -0.997757 0.0276896 0.0618717 159.596
0.0604079 0.0669346 0.995993 303.71 0.0194965 0.997503 -0.0682221 -22.3671 -0.998054 0.0235368 0.0589492 159.638
0.0582287 0.0690588 0.99596 304.33 0.0167093 0.997422 -0.0701378 -22.3938 -0.998221 0.0207253 0.0569223 159.691
0.0569687 0.0676936 0.996146 304.955 0.0213424 0.997412 -0.0690037 -22.4486 -0.998219 0.0251883 0.0553736 159.729
0.0557158 0.0659837 0.996312 305.591 0.025324 0.997424 -0.0674744 -22.4899 -0.998183 0.0289895 0.0538991 159.757
0.0533441 0.0667254 0.996412 306.245 0.0270919 0.997325 -0.0682405 -22.534 -0.998279 0.030632 0.0513909 159.791
0.0506242 0.0680468 0.996445 306.901 0.0250843 0.9973 -0.0693804 -22.5711 -0.99846 0.0285068 0.0487784 159.84
0.0494479 0.0701316 0.99638 307.569 0.0224575 0.997226 -0.0713094 -22.6104 -0.998595 0.0258995 0.047733 159.878
0.0468355 0.0732515 0.996261 308.242 0.0219483 0.997017 -0.0743396 -22.6589 -0.998719 0.0253474 0.045086 159.916
0.0457852 0.0763073 0.996102 308.929 0.0235391 0.996743 -0.0774422 -22.7001 -0.998745 0.0269902 0.0438372 159.937
0.0437769 0.0747369 0.996291 309.637 0.0210931 0.996932 -0.0757125 -22.7543 -0.998876 0.0243287 0.0420642 159.976
0.0422303 0.0749384 0.996363 310.347 0.0179084 0.99699 -0.0757485 -22.8009 -0.999018 0.0210395 0.0407585 160.007
0.0404658 0.0759308 0.996341 311.065 0.0171287 0.996934 -0.0766723 -22.8553 -0.999091 0.020168 0.0390393 160.043
0.0387026 0.0796019 0.996144 311.786 0.0203503 0.996576 -0.0804312 -22.9219 -0.999115 0.0233819 0.0369476 160.082
0.0368406 0.0844605 0.995795 312.526 0.0218424 0.996141 -0.0852985 -22.9881 -0.99914 0.0248922 0.0348519 160.104
0.0362537 0.0883928 0.995495 313.268 0.0217794 0.995798 -0.0892172 -23.032 -0.999176 0.0249128 0.0341738 160.128
0.0360399 0.0859505 0.995697 314.025 0.0243354 0.995949 -0.0868537 -23.114 -0.999111 0.0273602 0.0338005 160.147
0.034214 0.0810458 0.996193 314.795 0.0298176 0.996204 -0.0820752 -23.1898 -0.999041 0.0325089 0.0316651 160.173
0.0338748 0.0785676 0.996383 315.58 0.032744 0.996308 -0.0796757 -23.2619 -0.998947 0.0353238 0.0311754 160.194
0.0325501 0.0795936 0.996366 316.345 0.0346717 0.996158 -0.0807142 -23.3241 -0.99894 0.0371694 0.0296631 160.217
0.0315554 0.0815792 0.996217 317.135 0.0355262 0.995968 -0.0826849 -23.3844 -0.998928 0.0380002 0.0285282 160.231
0.0315781 0.082987 0.996121 317.926 0.035884 0.995835 -0.0841053 -23.4501 -0.998929 0.0383971 0.0284664 160.25
0.0324467 0.0818001 0.996171 318.724 0.0366355 0.995904 -0.0829722 -23.5214 -0.99886 0.0391866 0.0293151 160.282
0.0329519 0.0807417 0.996261 319.521 0.0370301 0.995973 -0.0819477 -23.5934 -0.998842 0.0395884 0.029827 160.294
0.035275 0.0788793 0.99631 320.343 0.0373082 0.996108 -0.080185 -23.659 -0.998739 0.0399984 0.0321928 160.312
0.0366298 0.0781833 0.996337 321.168 0.0375265 0.996149 -0.0795527 -23.7273 -0.998696 0.0402995 0.0335524 160.345
0.0388998 0.0773762 0.996294 322.009 0.0368463 0.996234 -0.0788112 -23.7893 -0.998621 0.0397748 0.0359001 160.367
0.042037 0.07577 0.99631 322.86 0.0375624 0.99632 -0.07736 -23.8661 -0.998482 0.0406721 0.0390337 160.399
0.0450563 0.0747122 0.996237 323.721 0.0381974 0.996367 -0.0764505 -23.9291 -0.998312 0.0414976 0.0420365 160.44
0.0478474 0.0743137 0.996158 324.584 0.0388944 0.996358 -0.0762012 -24.0034 -0.99817 0.0423872 0.0447802 160.478
0.047583 0.0738305 0.996186 325.444 0.0394201 0.996374 -0.0757284 -24.0716 -0.998147 0.0428724 0.0444977 160.505
0.05702 0.0740303 0.995696 326.342 0.0413281 0.996242 -0.0764421 -24.1447 -0.99759 0.0455051 0.0537434 160.552
0.0565602 0.0737613 0.995722 327.211 0.0432757 0.996175 -0.0762541 -24.2197 -0.997519 0.0474027 0.0531491 160.592
0.0603336 0.0726949 0.995599 328.088 0.0453358 0.996141 -0.0754862 -24.2944 -0.997221 0.0496866 0.0568023 160.634
0.0646958 0.0728068 0.995296 328.984 0.0454896 0.996108 -0.0758241 -24.3614 -0.996926 0.0501804 0.0611294 160.694
0.068818 0.0733406 0.995001 329.887 0.0466568 0.995991 -0.0766449 -24.4349 -0.996611 0.0516939 0.0651173 160.754
0.0740528 0.0742507 0.994537 330.795 0.0456024 0.995954 -0.0777531 -24.5033 -0.99627 0.0511104 0.0703643 160.815
0.0775855 0.0751362 0.994221 331.704 0.0423397 0.996033 -0.0785815 -24.5565 -0.996159 0.0481879 0.0740933 160.883
0.0803297 0.0765171 0.993878 332.607 0.0412477 0.995965 -0.0800126 -24.6391 -0.995973 0.0474218 0.0768463 160.958
0.0837146 0.0768845 0.993591 333.528 0.0388241 0.996036 -0.0803493 -24.7147 -0.995807 0.0452979 0.0803945 161.037
0.085303 0.0752777 0.993558 334.463 0.0379187 0.996199 -0.0787344 -24.7845 -0.995692 0.04439 0.0821211 161.125
0.085217 0.0721497 0.993818 335.405 0.0379493 0.996441 -0.0755984 -24.8573 -0.995713 0.0441532 0.0821724 161.203
0.0878018 0.0713767 0.993629 336.349 0.0402541 0.996386 -0.0751329 -24.9452 -0.995384 0.0465937 0.0846081 161.294
0.0891466 0.0711999 0.993541 337.273 0.0418761 0.996317 -0.0751605 -25.0224 -0.995212 0.048302 0.0858333 161.373
0.0883506 0.0718203 0.993548 338.197 0.0418901 0.996272 -0.0757435 -25.0935 -0.995268 0.0483111 0.0850095 161.445
0.0896901 0.0720808 0.993429 339.137 0.0406265 0.996308 -0.075962 -25.1596 -0.995215 0.0471687 0.0864272 161.528
0.0892785 0.0710454 0.993521 340.066 0.0386363 0.99648 -0.0747301 -25.2328 -0.995317 0.045057 0.0862162 161.613
0.0869603 0.0703262 0.993798 341.009 0.0375872 0.996589 -0.0738172 -25.3166 -0.995576 0.0437695 0.0840169 161.7
0.0878304 0.0703656 0.993699 341.937 0.0357394 0.996662 -0.0737356 -25.398 -0.995554 0.0419896 0.0850192 161.789
0.0888393 0.071373 0.993556 342.846 0.0363657 0.996557 -0.0748447 -25.4718 -0.995456 0.0427768 0.0859345 161.87
0.0880797 0.0713238 0.99361 343.747 0.0362896 0.996566 -0.0747545 -25.5474 -0.995514 0.0426412 0.0851857 161.949
0.0902858 0.0726675 0.993331 344.665 0.034186 0.996546 -0.0760144 -25.6122 -0.995403 0.0408173 0.0874862 162.04
0.0903008 0.0730979 0.993282 345.569 0.034728 0.99649 -0.0764927 -25.6907 -0.995371 0.0414012 0.087442 162.127
0.0898266 0.0738197 0.993288 346.464 0.0332596 0.996496 -0.0770704 -25.753 -0.995476 0.0399557 0.0870531 162.211
0.0911773 0.0727275 0.993229 347.378 0.0334773 0.996567 -0.0760468 -25.8297 -0.995334 0.0401836 0.0884263 162.288
0.0912389 0.0734139 0.99319 348.271 0.0317649 0.996582 -0.0765874 -25.8961 -0.995396 0.0385328 0.0885915 162.383
0.0914875 0.0746573 0.993058 349.148 0.0315356 0.996493 -0.0778226 -25.9595 -0.995369 0.0384356 0.0888091 162.453
0.0932866 0.0746341 0.992909 350.041 0.0337566 0.996401 -0.0780728 -26.0477 -0.99514 0.0407967 0.090428 162.528
0.0945592 0.072263 0.992947 350.943 0.036727 0.996455 -0.0760176 -26.1152 -0.994903 0.0436554 0.0915667 162.612
0.0980238 0.0696299 0.992817 351.864 0.0388364 0.996547 -0.0737307 -26.1973 -0.9945 0.0457809 0.0949777 162.701
0.0967475 0.0706247 0.992855 352.758 0.0420594 0.996324 -0.0749716 -26.2522 -0.994482 0.0490114 0.0934181 162.781
0.0986793 0.0758736 0.992295 353.659 0.0464932 0.995674 -0.0807605 -26.3381 -0.994107 0.0541001 0.0947214 162.865
0.101635 0.077469 0.991856 354.553 0.0480877 0.995441 -0.0826783 -26.4029 -0.993721 0.0560982 0.0974433 162.956
0.10544 0.0764904 0.991552 355.46 0.0507858 0.995348 -0.0821886 -26.4787 -0.993203 0.0590183 0.101061 163.042
0.108168 0.0768391 0.991214 356.362 0.0525782 0.995197 -0.0828872 -26.5684 -0.992804 0.0610811 0.103605 163.138
0.110614 0.0782385 0.990851 357.256 0.0515166 0.995131 -0.0843323 -26.6339 -0.992602 0.0603693 0.106041 163.238
0.114977 0.0775409 0.990392 358.16 0.0516099 0.995162 -0.0839075 -26.6985 -0.99209 0.0607605 0.110415 163.346
0.119348 0.0756075 0.990042 359.029 0.0492272 0.995445 -0.0819592 -26.7717 -0.991707 0.0585143 0.115078 163.447
0.122285 0.071909 0.989941 359.929 0.0483327 0.995783 -0.0783054 -26.8389 -0.991381 0.0574213 0.11829 163.553
0.126165 0.0705615 0.989569 360.834 0.0468148 0.995958 -0.0769904 -26.913 -0.99098 0.0560357 0.122347 163.665
0.131475 0.0703604 0.988874 361.724 0.045302 0.996036 -0.0768947 -26.984 -0.990347 0.054907 0.127762 163.788
0.135247 0.0699434 0.988413 362.613 0.0453493 0.996049 -0.0766937 -27.0674 -0.98985 0.0551923 0.131536 163.914
0.142082 0.0699024 0.987438 363.5 0.043611 0.996119 -0.0767936 -27.1506 -0.988957 0.0539735 0.138478 164.039
0.149071 0.0701188 0.986411 364.388 0.0424286 0.996136 -0.077227 -27.2235 -0.987993 0.0533601 0.145516 164.173
0.156009 0.0717165 0.985204 365.27 0.0405355 0.996082 -0.0789288 -27.2994 -0.986987 0.0522486 0.152485 164.311
0.164875 0.0723432 0.983732 366.169 0.0382048 0.996115 -0.079662 -27.382 -0.985652 0.0507133 0.161466 164.46
0.174303 0.0717643 0.982129 367.058 0.036846 0.996193 -0.0793327 -27.463 -0.984067 0.0500147 0.170989 164.622
0.181855 0.0716001 0.980789 367.962 0.036234 0.996206 -0.079449 -27.5561 -0.982736 0.0499819 0.178566 164.787
0.191948 0.0706939 0.978912 368.858 0.0343958 0.996331 -0.078698 -27.6232 -0.980867 0.0487756 0.188806 164.966
0.202218 0.0698038 0.976924 369.755 0.0327724 0.996442 -0.0779871 -27.6932 -0.978871 0.0477825 0.199206 165.157
0.205945 0.069323 0.976162 370.67 0.0322596 0.996491 -0.0775744 -27.7872 -0.978097 0.0474659 0.20298 165.343
0.216117 0.0688114 0.974015 371.566 0.0303195 0.996585 -0.0771383 -27.8505 -0.975976 0.0461984 0.213287 165.559
0.221509 0.0687486 0.972789 372.472 0.0284968 0.996656 -0.076926 -27.9181 -0.974807 0.0447605 0.218803 165.765
0.225609 0.0690903 0.971841 373.369 0.0271729 0.996673 -0.0771689 -27.9978 -0.97392 0.0438136 0.222975 165.972
0.231505 0.068805 0.970455 374.252 0.0268917 0.996688 -0.0770819 -28.0757 -0.972527 0.0439412 0.228881 166.191
0.236176 0.0686043 0.969362 375.137 0.026145 0.99672 -0.0769157 -28.1529 -0.97144 0.0435055 0.233602 166.418
0.24055 0.0684869 0.968274 376.017 0.0269963 0.996675 -0.0772044 -28.2288 -0.970326 0.0447106 0.237895 166.643
0.245826 0.0690986 0.966925 376.918 0.0255415 0.996673 -0.0777234 -28.2947 -0.96906 0.0437991 0.243237 166.874
0.250349 0.0688101 0.965765 377.801 0.0250071 0.996704 -0.0774989 -28.3638 -0.967898 0.043552 0.247796 167.106
0.25478 0.0678474 0.964693 378.675 0.0255409 0.996741 -0.076852 -28.4423 -0.966744 0.0442153 0.25221 167.336
0.260904 0.0665087 0.963128 379.567 0.0244264 0.996875 -0.075458 -28.5244 -0.965122 0.0432123 0.258457 167.596
0.264553 0.0646475 0.962279 380.46 0.0238027 0.997034 -0.0735315 -28.6043 -0.96416 0.0423538 0.262223 167.847
0.268603 0.0623984 0.961286 381.333 0.023447 0.997205 -0.0712836 -28.6794 -0.963032 0.0416855 0.266382 168.093
0.273898 0.0609774 0.959902 382.222 0.0210881 0.997392 -0.0693815 -28.7387 -0.96161 0.0392421 0.271891 168.352
0.278099 0.0611085 0.958665 383.093 0.0213528 0.997359 -0.0697713 -28.8102 -0.960382 0.0398729 0.276052 168.605
0.282743 0.0635284 0.957168 383.95 0.019528 0.997242 -0.071962 -28.8741 -0.959081 0.0390346 0.280716 168.852
0.287851 0.0653884 0.955499 384.811 0.0177605 0.997155 -0.0735916 -28.9285 -0.957578 0.0381528 0.285862 169.122
0.291724 0.0651442 0.954359 385.666 0.0160368 0.99723 -0.0729778 -28.9975 -0.956452 0.0365905 0.289864 169.378
0.294502 0.0623133 0.953676 386.506 0.0145093 0.997489 -0.0696589 -29.0709 -0.955609 0.0343511 0.292851 169.641
0.297781 0.0595407 0.952854 387.364 0.0121787 0.99776 -0.0661579 -29.1396 -0.95464 0.0313016 0.296382 169.923
0.300447 0.0601852 0.951957 388.199 0.00902736 0.997807 -0.0659354 -29.2011 -0.953825 0.028403 0.299237 170.204
0.301592 0.0644146 0.951337 389.025 0.00506925 0.997618 -0.0691606 -29.2633 -0.953508 0.0256775 0.30054 170.477
0.302984 0.0683831 0.950599 389.842 0.00345064 0.997362 -0.0728491 -29.3257 -0.953058 0.0253516 0.30194 170.754
0.30511 0.0683207 0.949942 390.671 0.00187975 0.997404 -0.0723432 -29.3859 -0.952399 0.023855 0.304182 171.036
0.306101 0.0647535 0.949854 391.485 -9.15127e-05 0.997711 -0.0679889 -29.4429 -0.952068 0.0207239 0.305398 171.309
0.307185 0.0606744 0.949792 392.305 -0.00178003 0.998027 -0.0631849 -29.5013 -0.951732 0.0177158 0.306679 171.588
0.308593 0.0583541 0.949462 393.125 -0.00302773 0.998196 -0.0603676 -29.5599 -0.951259 0.0157537 0.308204 171.872
0.30808 0.0572194 0.949716 393.913 -0.00344319 0.998276 -0.0590332 -29.6182 -0.951439 0.014914 0.307738 172.131
0.308584 0.057289 0.94953 394.734 -0.00344894 0.998269 -0.0591113 -29.6777 -0.951261 0.0149654 0.30824 172.409
0.308586 0.0574418 0.949539 395.533 -0.00328532 0.998259 -0.0593264 -29.7163 -0.951275 0.0151849 0.30823 172.686
0.308751 0.0546104 0.949634 396.324 0.000553349 0.998364 -0.0575953 -29.764 -0.951213 0.0183076 0.308207 172.933
0.310436 0.052052 0.949247 397.136 0.00189109 0.99849 -0.0553757 -29.8168 -0.950677 0.0189828 0.30986 173.215
0.310586 0.0539198 0.949075 397.938 0.002419 0.998366 -0.0575143 -29.861 -0.950613 0.0201584 0.30994 173.496
0.311406 0.0562796 0.948688 398.719 0.0043136 0.998176 -0.0606365 -29.9129 -0.950352 0.0229718 0.310587 173.759
0.312143 0.0596137 0.948224 399.528 0.00535762 0.997927 -0.0645046 -29.9686 -0.950091 0.0252142 0.311168 174.038
0.312438 0.0596969 0.948139 400.339 0.00515383 0.997927 -0.0645351 -30.0064 -0.950009 0.0250467 0.311475 174.324
0.311489 0.057 0.9486 401.144 0.0052505 0.998105 -0.0617012 -30.0745 -0.950307 0.0241991 0.310591 174.583
0.311533 0.056662 0.948623 401.969 0.00435836 0.99815 -0.0610568 -30.1246 -0.950311 0.0231525 0.310702 174.857
0.311672 0.0575227 0.948508 402.789 0.00498334 0.998077 -0.0621687 -30.1789 -0.950248 0.0241022 0.310778 175.128
0.311531 0.0601471 0.94841 403.599 0.00584094 0.99788 -0.0652083 -30.241 -0.950304 0.0258508 0.310511 175.395
0.312526 0.0611812 0.947999 404.442 0.00611416 0.997798 -0.0664132 -30.3048 -0.949962 0.0265513 0.311455 175.681
0.311982 0.0599969 0.948271 405.28 0.00657756 0.997869 -0.0653041 -30.3625 -0.950151 0.0266077 0.310915 175.956
0.313061 0.0581035 0.948016 406.177 0.00700022 0.997983 -0.0634801 -30.4223 -0.94978 0.0265087 0.312015 176.254
0.313117 0.0574043 0.948058 407.002 0.00913562 0.997969 -0.0634488 -30.4938 -0.949756 0.0285246 0.311949 176.517
0.314782 0.0574066 0.947488 407.896 0.0124737 0.997857 -0.064605 -30.5612 -0.949155 0.0321543 0.313383 176.81
0.314865 0.0567111 0.947521 408.757 0.0162417 0.997771 -0.0651211 -30.6271 -0.949083 0.03589 0.313234 177.09
0.316756 0.0555774 0.94694 409.659 0.0188134 0.997741 -0.0648548 -30.6895 -0.948394 0.0383575 0.314986 177.387
0.31838 0.0539443 0.946508 410.532 0.0236175 0.997644 -0.0648084 -30.7681 -0.947755 0.042984 0.316349 177.667
0.319689 0.0522359 0.946144 411.406 0.0274143 0.997575 -0.064341 -30.8476 -0.9472 0.0465061 0.317474 177.954
0.319559 0.0495477 0.946352 412.256 0.0265806 0.997796 -0.0612221 -30.8907 -0.94728 0.0447148 0.31753 178.247
0.320729 0.045536 0.946138 413.143 0.0250129 0.998112 -0.0565193 -30.9208 -0.946915 0.0417922 0.318976 178.57
0.321671 0.0408219 0.946053 414.015 0.0258652 0.998344 -0.051878 -30.9936 -0.946585 0.0411538 0.320076 178.86
0.321289 0.0410161 0.946155 414.861 0.0267748 0.998293 -0.0523711 -31.0375 -0.946677 0.0421585 0.319634 179.13
0.322694 0.0436993 0.945576 415.73 0.0257971 0.998182 -0.0549395 -31.0954 -0.946239 0.0421181 0.320974 179.417
0.323537 0.0450536 0.945205 416.597 0.0261977 0.99808 -0.056544 -31.1557 -0.945927 0.0430555 0.321728 179.715
0.323304 0.0429675 0.945402 417.449 0.0285861 0.998095 -0.0551434 -31.2058 -0.94595 0.0448496 0.321453 180.002
0.325208 0.0402654 0.944848 418.305 0.0301531 0.998167 -0.0529189 -31.2634 -0.945236 0.0456988 0.323389 180.303
0.325462 0.0388361 0.94484 419.157 0.0294715 0.99828 -0.0511898 -31.3166 -0.945183 0.0445024 0.323751 180.595
0.325447 0.0384245 0.944842 419.959 0.0285295 0.998344 -0.0504302 -31.3562 -0.945204 0.0433676 0.323804 180.878
0.325245 0.0379128 0.944952 420.763 0.0282769 0.998385 -0.0497946 -31.4005 -0.945294 0.042912 0.323641 181.159
0.326613 0.035233 0.944565 421.613 0.0303922 0.998421 -0.0477541 -31.4322 -0.944744 0.0443038 0.325018 181.491
0.325166 0.0313864 0.94522 422.396 0.0327456 0.998502 -0.0444258 -31.4545 -0.945178 0.0453936 0.323644 181.757
0.324049 0.0288986 0.945663 423.208 0.0333986 0.998585 -0.0419637 -31.4869 -0.945526 0.0451813 0.322617 182.036
0.323086 0.0276569 0.946049 424.014 0.0352032 0.998556 -0.0412193 -31.5148 -0.945803 0.0466174 0.321639 182.322
0.32166 0.0285191 0.94649 424.79 0.0374667 0.998405 -0.0428194 -31.545 -0.946189 0.0492343 0.32007 182.603
0.322111 0.0322442 0.946237 425.605 0.036335 0.998289 -0.0463922 -31.6065 -0.946094 0.0493209 0.320381 182.903
0.319965 0.0380607 0.94673 426.351 0.0341214 0.998107 -0.051661 -31.6494 -0.946891 0.0488324 0.318052 183.158
0.317827 0.0426122 0.947276 427.139 0.0325044 0.99794 -0.0558027 -31.71 -0.947681 0.0485222 0.31578 183.409
0.316797 0.0436674 0.947553 427.907 0.032052 0.997901 -0.0567066 -31.7523 -0.948028 0.0483344 0.314724 183.683
0.314779 0.0406849 0.948378 428.66 0.0316606 0.998102 -0.0533321 -31.8124 -0.948728 0.0468098 0.312886 183.909
0.313784 0.0368205 0.948846 429.408 0.033169 0.998238 -0.0497094 -31.8388 -0.948992 0.0470692 0.312002 184.162
0.313716 0.0346153 0.948971 430.182 0.0334188 0.998341 -0.0474693 -31.8963 -0.949019 0.0466013 0.312032 184.401
0.313537 0.035216 0.948988 430.957 0.0340021 0.99828 -0.0482823 -31.9551 -0.949044 0.0474048 0.311792 184.631
0.31339 0.0367226 0.949 431.701 0.0325813 0.998276 -0.0493942 -32.0238 -0.949157 0.0463953 0.311645 184.869
0.314261 0.0380008 0.948642 432.464 0.0317532 0.998244 -0.0505098 -32.0896 -0.948883 0.0459945 0.312494 185.104
0.314278 0.0389865 0.948616 433.203 0.031091 0.998226 -0.0513313 -32.1529 -0.948913 0.0456217 0.3125 185.319
0.313897 0.0390482 0.94872 433.949 0.0317995 0.998187 -0.0516085 -32.2054 -0.949002 0.0463676 0.312078 185.552
0.313957 0.0407405 0.948648 434.663 0.0300833 0.998179 -0.0528293 -32.2816 -0.949052 0.0451206 0.312152 185.785
0.316128 0.0417518 0.947864 435.433 0.0288325 0.998173 -0.0535869 -32.3288 -0.948356 0.0442685 0.314339 186.066
0.314273 0.0417489 0.9485 436.131 0.0291892 0.998163 -0.0536119 -32.3778 -0.948976 0.0445307 0.312469 186.287
0.314587 0.0400589 0.94845 436.867 0.0304535 0.998195 -0.052264 -32.4064 -0.948818 0.0453243 0.312791 186.542
0.314697 0.0382416 0.948509 437.588 0.0298676 0.998322 -0.0501651 -32.4655 -0.948816 0.0441123 0.313019 186.77
0.31612 0.0365215 0.948083 438.33 0.0287671 0.998457 -0.0480569 -32.5281 -0.94836 0.0424645 0.314574 187.003
0.317615 0.0345957 0.947677 439.053 0.0289908 0.99854 -0.0461745 -32.5682 -0.94787 0.0421355 0.316141 187.229
0.317662 0.0339503 0.947663 439.772 0.0283778 0.998597 -0.0452906 -32.615 -0.947857 0.0412788 0.316245 187.445
0.318703 0.0347583 0.947306 440.497 0.0273923 0.998599 -0.0458617 -32.6673 -0.947552 0.0405611 0.317297 187.718
0.32133 0.0360316 0.946349 441.18 0.0259233 0.998593 -0.046826 -32.7089 -0.94669 0.0395781 0.319935 187.969
0.322293 0.0362699 0.946034 441.862 0.0244096 0.998642 -0.0466085 -32.7604 -0.946419 0.0381098 0.320963 188.2
0.323868 0.0364615 0.945468 442.529 0.0232743 0.998674 -0.046489 -32.8059 -0.945894 0.0370604 0.322581 188.438
0.325161 0.0351757 0.945094 443.199 0.0225387 0.998763 -0.0449334 -32.842 -0.945484 0.0359076 0.323958 188.697
0.325229 0.0336329 0.945105 443.846 0.0224095 0.998839 -0.0432598 -32.8713 -0.945449 0.0352478 0.324089 188.928
0.326417 0.0331996 0.944733 444.465 0.0218805 0.998877 -0.042668 -32.9115 -0.945067 0.0345947 0.325316 189.161
0.327229 0.032912 0.94444 445.089 0.0224806 0.998865 -0.0426009 -32.9476 -0.944757 0.035171 0.326109 189.382
0.327614 0.0322991 0.94435 445.709 0.0241469 0.998831 -0.0425451 -32.9663 -0.944599 0.0367373 0.326443 189.603
0.329231 0.0318502 0.94378 446.324 0.024527 0.998831 -0.0422674 -32.9984 -0.94401 0.0370631 0.328057 189.832
0.329702 0.0304076 0.943687 446.931 0.0269707 0.998798 -0.041612 -33.0294 -0.943796 0.0391672 0.328478 190.037
0.330123 0.0307919 0.943504 447.524 0.0267161 0.998788 -0.0419471 -33.0485 -0.94364 0.0390536 0.328891 190.247
0.330935 0.0315769 0.943218 448.124 0.025682 0.998797 -0.042454 -33.1122 -0.943401 0.0382689 0.329718 190.464
0.331821 0.0315691 0.942883 448.703 0.0262632 0.998769 -0.0426861 -33.1409 -0.943057 0.0389264 0.330575 190.673
0.332436 0.0305904 0.942723 449.254 0.0270642 0.998781 -0.0419588 -33.1507 -0.942835 0.0394583 0.331195 190.876
0.332479 0.0315247 0.942653 449.795 0.0254537 0.998803 -0.0423834 -33.2229 -0.942848 0.0380847 0.33127 191.069
0.33438 0.0309866 0.942023 450.347 0.0253653 0.99883 -0.0418645 -33.2486 -0.942195 0.0378889 0.333195 191.267
0.333395 0.0295116 0.942396 450.87 0.0271372 0.998822 -0.0408824 -33.2617 -0.942478 0.039203 0.332192 191.476
0.33339 0.0287327 0.942445 451.4 0.0269641 0.998864 -0.0399969 -33.2889 -0.942502 0.0387422 0.332229 191.651
0.33438 0.0279511 0.942095 451.917 0.0277329 0.998862 -0.039482 -33.3049 -0.942112 0.039328 0.333215 191.837
0.333949 0.0292919 0.942231 452.41 0.0274366 0.99882 -0.040781 -33.3464 -0.94229 0.0394656 0.332743 192.01
0.334248 0.0321044 0.942009 452.897 0.0256399 0.998767 -0.0431397 -33.3781 -0.942218 0.0385714 0.333004 192.17
0.334583 0.0348897 0.941815 453.355 0.023883 0.998708 -0.0454876 -33.4178 -0.942162 0.037708 0.33331 192.341
0.335443 0.0349155 0.941485 453.822 0.0241171 0.998694 -0.0456332 -33.4343 -0.941833 0.0380122 0.334155 192.509
0.336416 0.0355819 0.941136 454.281 0.0250015 0.998624 -0.0466983 -33.4581 -0.941481 0.0392351 0.335056 192.67
0.336267 0.0351632 0.941182 454.722 0.0261713 0.998595 -0.0466621 -33.487 -0.941485 0.0403219 0.334865 192.847
0.335725 0.0338287 0.941448 455.158 0.0265168 0.998647 -0.0453459 -33.521 -0.941686 0.0401832 0.334366 193.002
0.334434 0.0335722 0.941893 455.589 0.0246485 0.998739 -0.0443537 -33.5286 -0.942178 0.0380484 0.333176 193.177
0.333104 0.0327246 0.942418 456.005 0.0256843 0.99874 -0.0437645 -33.5322 -0.94264 0.0387787 0.331837 193.327
0.331639 0.0317031 0.942946 456.393 0.0257456 0.998786 -0.0426389 -33.5673 -0.943137 0.0384163 0.330412 193.476
0.330035 0.0313743 0.943544 456.769 0.0259838 0.998795 -0.0423061 -33.586 -0.943711 0.0384745 0.328815 193.608
0.32888 0.0311545 0.943931 457.135 0.0255764 0.998823 -0.041881 -33.6194 -0.944107 0.0379149 0.327688 193.748
0.327694 0.0308186 0.944379 457.498 0.025955 0.998825 -0.0416076 -33.6355 -0.944528 0.038141 0.326503 193.874
0.32651 0.0301698 0.944785 457.854 0.0264025 0.998837 -0.0410239 -33.6672 -0.944907 0.0383382 0.325326 193.992
0.325374 0.0300915 0.945204 458.205 0.0267002 0.998831 -0.0409961 -33.6791 -0.945309 0.0385712 0.324183 194.117
0.324458 0.0299741 0.945498 458.557 0.0264535 0.998847 -0.0407467 -33.6981 -0.945612 0.038231 0.323283 194.235
0.324159 0.0300428 0.945623 458.867 0.0245902 0.998919 -0.0401717 -33.7229 -0.945784 0.0362704 0.323063 194.344
0.323095 0.0311263 0.945927 459.173 0.0231809 0.998926 -0.0407915 -33.7476 -0.946164 0.0351057 0.322019 194.459
0.321744 0.0309341 0.94642 459.469 0.0233306 0.998933 -0.0405882 -33.7674 -0.946641 0.0351349 0.320672 194.565
0.321208 0.0314267 0.94656 459.764 0.0234558 0.998906 -0.0411276 -33.7858 -0.9468 0.0354115 0.320112 194.669
0.321057 0.0317391 0.946626 460.054 0.0244083 0.998858 -0.0417748 -33.7993 -0.946848 0.0365129 0.319908 194.767
0.320357 0.0326159 0.946809 460.344 0.0247705 0.998805 -0.0427917 -33.8127 -0.947055 0.0371602 0.319158 194.855
0.320485 0.0321669 0.946806 460.619 0.025364 0.998803 -0.0425251 -33.8233 -0.947016 0.0376387 0.319278 194.946
0.321309 0.0311767 0.946534 460.896 0.0239443 0.9989 -0.041033 -33.8568 -0.946754 0.0358471 0.320201 195.049
0.321913 0.0312591 0.946352 461.163 0.0230747 0.998928 -0.040851 -33.8816 -0.946591 0.0349825 0.320839 195.155
0.323401 0.0312874 0.945819 461.437 0.0218793 0.998968 -0.0405301 -33.9061 -0.946092 0.0337999 0.322374 195.242
0.32442 0.0314056 0.94549 461.699 0.0204566 0.999011 -0.0402087 -33.9327 -0.945795 0.0323815 0.323449 195.35
0.326958 0.0314121 0.944591 461.959 0.020433 0.999008 -0.0402979 -33.9361 -0.944902 0.0324751 0.325983 195.445
0.331243 0.0315875 0.943116 462.225 0.0204388 0.998994 -0.0406437 -33.9486 -0.943428 0.0327346 0.330256 195.525
0.336823 0.0312319 0.941125 462.501 0.020504 0.998998 -0.0404943 -33.9703 -0.941429 0.0329348 0.335837 195.616
0.344171 0.0313838 0.938482 462.761 0.0199207 0.999001 -0.0407194 -33.9814 -0.9388 0.0327051 0.343195 195.72
0.353294 0.0314129 0.935061 463.034 0.019367 0.999005 -0.0408822 -33.996 -0.935396 0.0325513 0.352326 195.829
0.363574 0.0325099 0.931099 463.306 0.017991 0.998989 -0.0419117 -34.0075 -0.931497 0.0319848 0.362613 195.946
0.375243 0.0319928 0.926451 463.585 0.0192949 0.998947 -0.0423151 -34.033 -0.926811 0.0337528 0.374221 196.067
0.389862 0.0327597 0.920393 463.875 0.0176921 0.998945 -0.0430561 -34.0377 -0.92081 0.0330651 0.388862 196.195
0.405463 0.0343112 0.913545 464.151 0.0159137 0.998908 -0.0445841 -34.0388 -0.914059 0.0326137 0.404464 196.35
0.423105 0.0363397 0.905456 464.439 0.012219 0.998905 -0.0458065 -34.0521 -0.906106 0.0304403 0.422189 196.501
0.441062 0.0375435 0.896771 464.709 0.0113794 0.99884 -0.0474172 -34.081 -0.897492 0.0311172 0.440112 196.653
0.459984 0.0399446 0.887135 464.996 0.0112786 0.998674 -0.0508215 -34.0938 -0.887966 0.033378 0.458914 196.812
0.479496 0.0404026 0.876696 465.265 0.0108653 0.998619 -0.0519679 -34.1215 -0.877567 0.0344425 0.478383 196.975
0.498133 0.0433288 0.866127 465.506 0.00606624 0.998582 -0.0534508 -34.1328 -0.867193 0.0318749 0.497153 197.181
0.512632 0.047523 0.857377 465.763 0.00125701 0.998454 -0.0560981 -34.1658 -0.8587 0.0298338 0.511766 197.337
0.519702 0.0527511 0.852829 466.027 -0.00505571 0.998294 -0.0586753 -34.1807 -0.854448 0.0261774 0.519071 197.521
0.519288 0.0544017 0.852951 466.268 -0.00683362 0.998234 -0.0595115 -34.1864 -0.854665 0.0250735 0.51873 197.682
0.514989 0.0556732 0.855499 466.51 -0.00764052 0.998178 -0.0603664 -34.2039 -0.857277 0.024547 0.514465 197.832
0.506396 0.0557841 0.86058 466.737 -0.00746162 0.998182 -0.0603169 -34.218 -0.862362 0.0241214 0.505878 197.951
0.493553 0.0549351 0.86809 466.981 -0.00559871 0.998214 -0.059994 -34.2374 -0.869811 0.0247454 0.492968 198.084
0.479108 0.0539403 0.876181 467.208 -0.00303252 0.998236 -0.0598 -34.2677 -0.877842 0.025992 0.478415 198.185
0.461567 0.0522927 0.885672 467.443 0.00210457 0.998224 -0.0600422 -34.2761 -0.887215 0.0295724 0.460627 198.296
0.441662 0.0521093 0.895749 467.697 0.00369258 0.998228 -0.0598954 -34.2799 -0.897264 0.0297594 0.440676 198.384
0.420864 0.0519794 0.905742 467.939 0.00484812 0.998245 -0.0595481 -34.2954 -0.907222 0.0294477 0.419864 198.488
0.399976 0.0518925 0.915136 468.192 0.00400901 0.998318 -0.0583652 -34.3096 -0.916605 0.0270116 0.399085 198.591
0.379966 0.0509607 0.923702 468.443 0.00510439 0.998381 -0.0571877 -34.3208 -0.925095 0.0264394 0.379083 198.68
0.361373 0.049717 0.931174 468.714 0.0087835 0.998382 -0.0567177 -34.3416 -0.932467 0.0286734 0.360343 198.77
0.34484 0.0485273 0.937511 468.981 0.0127083 0.99836 -0.0563585 -34.3535 -0.938683 0.0313437 0.34365 198.837
0.329301 0.0477757 0.943094 469.254 0.0154794 0.998343 -0.0559831 -34.3739 -0.944184 0.033032 0.328008 198.924
0.315316 0.0474383 0.947904 469.512 0.0161443 0.998368 -0.0553413 -34.3876 -0.948956 0.0327481 0.314029 199.011
0.304848 0.045931 0.951371 469.775 0.0158207 0.998485 -0.0532788 -34.4042 -0.952355 0.0312915 0.303653 199.085
0.295086 0.0438539 0.954567 470.043 0.0171313 0.998573 -0.0511784 -34.4109 -0.955423 0.0314498 0.293908 199.159
0.288797 0.0425842 0.95652 470.294 0.017747 0.998631 -0.0498209 -34.4197 -0.957311 0.0313617 0.28764 199.225
0.285779 0.0422609 0.957466 470.544 0.0192976 0.998601 -0.0498433 -34.444 -0.958207 0.0327157 0.284558 199.292
0.28834 0.0427584 0.956651 470.763 0.0185334 0.998597 -0.0502231 -34.4549 -0.957434 0.0322094 0.287137 199.355
0.29469 0.0419789 0.954773 471.004 0.0202423 0.998566 -0.0501592 -34.4691 -0.955484 0.0341028 0.293412 199.419
0.303895 0.0410163 0.951901 471.219 0.0215482 0.998552 -0.0499096 -34.4806 -0.952548 0.0356771 0.302564 199.478
0.315475 0.0403023 0.948182 471.411 0.0206611 0.998598 -0.0493266 -34.488 -0.948816 0.0351464 0.314194 199.551
0.328774 0.0423266 0.943539 471.61 0.0162791 0.998623 -0.0504739 -34.5019 -0.944355 0.0319523 0.327625 199.64
0.342751 0.0444013 0.938482 471.772 0.0120901 0.998621 -0.0516692 -34.5113 -0.939456 0.0290507 0.341735 199.712
0.356555 0.0447142 0.933284 471.936 0.00964706 0.998655 -0.0515356 -34.5191 -0.934312 0.0273766 0.355636 199.8
0.370864 0.0436818 0.927766 472.109 0.00915684 0.998702 -0.0506891 -34.5162 -0.928751 0.0272888 0.369975 199.891
0.385572 0.0421222 0.921798 472.259 0.00947439 0.998753 -0.0496058 -34.5396 -0.922718 0.0278578 0.384684 199.925
0.400991 0.0411933 0.915263 472.384 0.0171769 0.998504 -0.0524723 -34.5456 -0.916031 0.0367564 0.399676 199.987
0.416411 0.0432273 0.908232 472.514 0.0212472 0.998163 -0.0572532 -34.5636 -0.909019 0.0431359 0.414718 200.037
0.432341 0.0455805 0.900667 472.618 0.0188573 0.998076 -0.0595694 -34.5753 -0.901625 0.0427324 0.430642 200.088
0.446422 0.048111 0.893613 472.725 0.0116522 0.998186 -0.0595661 -34.5683 -0.894839 0.0370017 0.445041 200.179
0.459658 0.0489599 0.886856 472.828 0.00613802 0.99831 -0.0583015 -34.569 -0.888188 0.0322367 0.458572 200.257
0.473096 0.0485292 0.87976 472.935 0.00499007 0.998347 -0.0577583 -34.5725 -0.881091 0.0317129 0.472061 200.32
0.485323 0.0479495 0.873132 473.032 0.00447985 0.998376 -0.0573251 -34.5795 -0.874439 0.0317271 0.48431 200.377
0.497309 0.0474956 0.866361 473.114 0.00424594 0.998385 -0.0571749 -34.5887 -0.867659 0.0321097 0.496292 200.438
0.508462 0.0472985 0.859899 473.192 0.00317492 0.998411 -0.0568022 -34.5965 -0.861196 0.0316062 0.507494 200.487
0.518469 0.0466035 0.853915 473.271 0.00355985 0.998417 -0.0566557 -34.5957 -0.855186 0.0324117 0.51747 200.547
0.527925 0.0449971 0.848215 473.351 0.00421525 0.998475 -0.0555993 -34.6031 -0.8494 0.032922 0.526919 200.612
0.535137 0.0454974 0.843631 473.416 0.00272214 0.99848 -0.0555796 -34.6091 -0.84486 0.0320367 0.534187 200.666
0.542998 0.0491508 0.838413 473.473 -0.00302766 0.998424 -0.0565782 -34.616 -0.83985 0.0281779 0.542279 200.71
0.55192 0.0550502 0.832171 473.505 -0.0103861 0.998225 -0.059151 -34.6224 -0.833932 0.0240012 0.551498 200.772
0.558359 0.0600887 0.82754 473.544 -0.0175072 0.998035 -0.0606641 -34.6245 -0.829538 0.0193792 0.558301 200.82
0.562993 0.059887 0.824384 473.597 -0.0172351 0.998035 -0.0607358 -34.6228 -0.826384 0.0199831 0.562905 200.852
0.569489 0.0552811 0.820259 473.64 -0.0126628 0.998238 -0.0584921 -34.6292 -0.822026 0.0229185 0.569172 200.888
0.574474 0.0499737 0.817091 473.699 -0.00734267 0.998439 -0.0559072 -34.6342 -0.818593 0.0261152 0.57393 200.909
0.578789 0.0489605 0.814128 473.741 -0.00715892 0.998493 -0.054966 -34.6366 -0.815572 0.02598 0.578254 200.936
0.584 0.0499579 0.810311 473.773 -0.010902 0.998527 -0.0537093 -34.6496 -0.811784 0.0225298 0.583669 200.97
0.588534 0.0526458 0.806879 473.801 -0.0146779 0.99844 -0.0544461 -34.64 -0.808466 0.0201949 0.588374 201.001
0.591311 0.0549209 0.804668 473.819 -0.0168468 0.998332 -0.0557636 -34.6457 -0.806372 0.019415 0.591234 201.039
