0.999999 0.000718074 0.00118014 -0.00382252 -0.000713216 0.999992 -0.00405895 0.000923941 -0.00118315 0.00405797 0.99999 0.960733
0.999998 -0.00129517 0.00147302 -0.0096257 0.00130215 0.999988 -0.00472424 -0.0227447 -0.00146689 0.0047262 0.999988 1.93499
0.999995 -0.00182555 0.00259494 -0.0112352 0.00182776 0.999998 -0.000824131 -0.030514 -0.00259351 0.000828741 0.999995 2.90806
0.999989 -0.00476798 0.000717665 -0.00984442 0.00476561 0.999983 0.00330533 -0.0392007 -0.000733428 -0.00330186 0.999995 3.88138
0.999985 -0.00547752 -0.000486765 -0.0130584 0.00547968 0.999976 0.00431497 -0.0524611 0.000462946 -0.00431773 0.99999 4.8354
0.999969 -0.00788224 -0.000483243 -0.0178948 0.00788338 0.999967 0.00232472 -0.0642138 0.000464827 -0.00232845 0.999998 5.7886
0.999972 -0.00735742 -0.00151292 -0.0260249 0.00735756 0.999973 2.66744e-05 -0.0746724 0.00151253 -3.79309e-05 0.999999 6.72495
0.999976 -0.00661754 -0.00204465 -0.0415057 0.00661452 0.999977 -0.00148618 -0.0831375 0.0020544 0.00147263 0.999998 7.67057
0.999979 -0.00602595 -0.00246608 -0.0497797 0.00602479 0.999982 -0.000514903 -0.0927008 0.00246896 0.000499904 0.999997 8.61003
0.999966 -0.00695314 -0.00466923 -0.0551774 0.00696186 0.999974 0.00185602 -0.108668 0.00465626 -0.00188844 0.999988 9.53894
0.999962 -0.00706982 -0.00518646 -0.0675352 0.00708754 0.999969 0.00339132 -0.128045 0.00516216 -0.00342806 0.999982 10.4585
0.999961 -0.00775617 -0.00443132 -0.0868319 0.00777894 0.999957 0.00515893 -0.141063 0.0043912 -0.00519321 0.999978 11.3954
0.999949 -0.00804739 -0.00632048 -0.0857817 0.00808199 0.999953 0.0054475 -0.145466 0.00627627 -0.00549846 0.999966 12.3039
0.999943 -0.00808586 -0.00715728 -0.107664 0.00811491 0.999959 0.00405412 -0.148043 0.00712434 -0.00411196 0.999968 13.2236
0.999937 -0.00764319 -0.00842138 -0.126977 0.00765394 0.99997 0.00123134 -0.168658 0.00841162 -0.00129586 0.999965 14.1527
0.999899 -0.00874166 -0.0113537 -0.144193 0.00873391 0.999962 -0.000721716 -0.178343 0.0113598 0.000622429 0.999937 15.0659
0.999873 -0.00831294 -0.0137097 -0.160778 0.0082925 0.999965 -0.00156366 -0.161961 0.0137222 0.00144961 0.999906 15.9895
0.999904 -0.0055395 -0.012866 -0.178862 0.00549384 0.999979 -0.00357444 -0.18973 0.0128858 0.00350341 0.999912 16.8687
0.999867 -0.00396022 -0.0159316 -0.203811 0.00389653 0.999985 -0.00403927 -0.200229 0.0159473 0.00397656 0.999867 17.7765
0.999833 -0.00460482 -0.017777 -0.224785 0.00454458 0.999984 -0.00342125 -0.214963 0.0177928 0.00333992 0.999837 18.6662
0.999816 -0.00473065 -0.0186596 -0.248416 0.00467911 0.999986 -0.00281556 -0.234669 0.0186726 0.00272762 0.999824 19.5548
0.999769 -0.00467071 -0.0210713 -0.274764 0.00462395 0.999987 -0.00226154 -0.24569 0.0210819 0.0021636 0.999777 20.4559
0.999717 -0.00530376 -0.0232767 -0.290189 0.0052431 0.999983 -0.00267756 -0.270991 0.0232905 0.00255469 0.999727 21.3316
0.999671 -0.00546265 -0.0251221 -0.323184 0.00539307 0.999982 -0.00282904 -0.288678 0.0251374 0.00269256 0.999682 22.2171
0.999586 -0.0055037 -0.02831 -0.344265 0.00542792 0.999982 -0.0027623 -0.307097 0.0283247 0.00260747 0.999597 23.0979
0.999536 -0.00535959 -0.030069 -0.375256 0.00532606 0.999986 -0.00118649 -0.313451 0.0300752 0.00102563 0.999549 23.9688
0.99944 -0.00643892 -0.0328851 -0.407147 0.00651043 0.999977 0.00205948 -0.324018 0.0328711 -0.00227246 0.999459 24.8406
0.999367 -0.00700263 -0.0349728 -0.436956 0.00713727 0.999968 0.00373426 -0.335858 0.0349457 -0.00398165 0.999384 25.6979
0.999362 -0.00612484 -0.0352381 -0.469423 0.00623252 0.999977 0.0029408 -0.354338 0.0352192 -0.0031586 0.999377 26.5301
0.999311 -0.00493287 -0.0368784 -0.495062 0.00498141 0.999987 0.00123378 -0.356604 0.036872 -0.00141686 0.999321 27.3557
0.999254 -0.00389476 -0.0384865 -0.534984 0.00387649 0.999993 -0.00055364 -0.365864 0.0384884 0.000403937 0.999261 28.1701
0.999222 -0.00379985 -0.0393368 -0.569528 0.00380296 0.999993 1.35012e-05 -0.368256 0.0393367 -0.000163331 0.999228 28.9748
0.999083 -0.00343665 -0.0427385 -0.606045 0.00342861 0.999995 -0.000265342 -0.388149 0.0427392 0.000118455 0.999088 29.7937
0.99897 -0.00259201 -0.0453791 -0.642439 0.00255991 0.999997 -0.000756484 -0.404232 0.045381 0.000639254 0.998972 30.5902
0.998888 -0.00224394 -0.0471453 -0.679252 0.00218289 0.999997 -0.00135059 -0.409465 0.0471481 0.00124609 0.998889 31.3696
0.998766 -0.00208863 -0.0496977 -0.715307 0.00209639 0.999998 0.000112183 -0.420397 0.0496975 -0.000216494 0.998767 32.1493
0.998625 -0.00298504 -0.0523906 -0.756683 0.00309865 0.999994 0.00208318 -0.427594 0.0523838 -0.0022427 0.998627 32.911
0.99852 -0.00321039 -0.0543641 -0.801374 0.00342983 0.999987 0.00395149 -0.432411 0.0543508 -0.00413232 0.998516 33.6632
0.998375 -0.00204399 -0.0569978 -0.845125 0.00229622 0.999989 0.00435557 -0.437867 0.056988 -0.0044794 0.998367 34.3953
0.99831 -0.000835129 -0.0581865 -0.897937 0.00106771 0.999992 0.00397395 -0.439303 0.0581828 -0.00402958 0.998301 35.111
0.998124 0.000962548 -0.0612632 -0.95782 -0.000772093 0.999996 0.00312768 -0.442001 0.0612657 -0.00307456 0.998119 35.822
0.998032 0.0018415 -0.0627502 -1.01674 -0.00156266 0.999989 0.00449971 -0.447853 0.0627578 -0.004393 0.998022 36.5316
0.997989 0.00244849 -0.0633799 -1.06552 -0.00207824 0.999981 0.005902 -0.457079 0.0633929 -0.00575842 0.997974 37.2187
0.997925 0.00391515 -0.0643549 -1.1116 -0.00351444 0.999974 0.00634554 -0.460513 0.0643782 -0.0061064 0.99791 37.9004
0.997956 0.00663373 -0.0635921 -1.16825 -0.00631071 0.999967 0.00527322 -0.46567 0.0636247 -0.00486112 0.997964 38.5756
0.998025 0.00864033 -0.0623117 -1.21252 -0.00849718 0.999961 0.00256889 -0.46272 0.0623315 -0.00203462 0.998056 39.2404
0.998091 0.00817934 -0.0612563 -1.25738 -0.0081162 0.999967 0.00127397 -0.465799 0.0612645 -0.000774346 0.998124 39.8898
0.998245 0.00884072 -0.0586481 -1.29358 -0.00874312 0.99996 0.00192789 -0.466523 0.0586628 -0.00141201 0.99828 40.5397
0.998376 0.0126599 -0.0555987 -1.33676 -0.0124619 0.999916 0.00389973 -0.481621 0.0556431 -0.00320055 0.998448 41.1862
0.998473 0.0175634 -0.0524869 -1.38323 -0.0172143 0.999828 0.00710278 -0.492013 0.0526027 -0.0061887 0.9986 41.8195
0.998555 0.022496 -0.0488697 -1.43021 -0.0221629 0.999729 0.00733697 -0.494279 0.0490213 -0.00624334 0.998781 42.4341
0.998718 0.0257104 -0.0437687 -1.46311 -0.0254044 0.99965 0.00754163 -0.490273 0.0439474 -0.00642033 0.999017 43.0294
0.998835 0.0290968 -0.0385885 -1.49574 -0.0287418 0.999542 0.00971017 -0.49329 0.038853 -0.00858986 0.999211 43.6047
0.99894 0.0325351 -0.0327835 -1.51791 -0.0322367 0.999435 0.00960222 -0.484317 0.0330775 -0.00853544 0.999421 44.1547
0.999077 0.035083 -0.0249237 -1.53676 -0.0348541 0.999349 0.00954028 -0.482063 0.0252418 -0.00866292 0.999647 44.6932
0.999078 0.0392036 -0.017944 -1.55849 -0.0390308 0.99919 0.00990626 -0.502168 0.018318 -0.00919693 0.999795 45.2137
0.999049 0.0424757 -0.010275 -1.56922 -0.0423862 0.999065 0.0087317 -0.506469 0.010636 -0.00828795 0.999912 45.708
0.998949 0.0459868 -0.001828 -1.57337 -0.0459727 0.998917 0.00729769 -0.504269 0.00216179 -0.00720613 0.999977 46.1731
0.998875 0.0471969 0.00547317 -1.57813 -0.0472255 0.998872 0.00533456 -0.507985 -0.00521537 -0.00558705 0.999974 46.6246
0.998752 0.0480706 0.0141626 -1.56035 -0.0481481 0.998828 0.00514787 -0.503947 -0.0138983 -0.00582351 0.999891 47.0511
0.998641 0.0476266 0.0213627 -1.55062 -0.0477399 0.99885 0.00484926 -0.526065 -0.0211073 -0.00586257 0.999763 47.4641
0.998386 0.0489757 0.0290562 -1.54311 -0.049151 0.998779 0.00533522 -0.529229 -0.0287593 -0.0067549 0.999569 47.8447
0.997955 0.0512581 0.0382994 -1.53707 -0.0515005 0.99866 0.00538284 -0.537716 -0.0379722 -0.00734435 0.999255 48.2119
0.99737 0.0557758 0.0464941 -1.53308 -0.0560632 0.998417 0.00488864 -0.535872 -0.0461477 -0.00748256 0.998913 48.5479
0.996719 0.0589027 0.0556005 -1.51938 -0.059263 0.998232 0.00486298 -0.540108 -0.0552157 -0.00814215 0.998445 48.8654
0.996212 0.0581037 0.0648432 -1.49306 -0.0585614 0.998272 0.00517122 -0.548142 -0.0644305 -0.00894909 0.997888 49.1569
0.995575 0.0570477 0.0747377 -1.47224 -0.0575184 0.998337 0.00416692 -0.5543 -0.0743755 -0.00844738 0.997198 49.4348
0.994664 0.0562449 0.086597 -1.43829 -0.0565367 0.998402 0.000912573 -0.54942 -0.086407 -0.00580379 0.996249 49.7108
0.993383 0.0569278 0.0997949 -1.40321 -0.0569348 0.998376 -0.00277407 -0.554186 -0.0997905 -0.00292619 0.995008 49.9778
0.99167 0.0578793 0.115148 -1.37434 -0.0577965 0.998321 -0.00406462 -0.552991 -0.11519 -0.00262459 0.993346 50.2478
0.989551 0.0589075 0.131639 -1.33784 -0.0587636 0.998261 -0.00497653 -0.553406 -0.131703 -0.00281118 0.991289 50.514
0.987158 0.058809 0.14859 -1.29313 -0.0586176 0.998266 -0.00567432 -0.5543 -0.148666 -0.00310876 0.988889 50.7631
0.984264 0.0583453 0.166826 -1.234 -0.0580671 0.998293 -0.00654546 -0.563115 -0.166923 -0.00324482 0.985969 51.0247
0.980799 0.0574718 0.186411 -1.16513 -0.0570606 0.998343 -0.00757758 -0.567231 -0.186538 -0.00320488 0.982449 51.2819
0.976778 0.0575416 0.206409 -1.10018 -0.0570335 0.998339 -0.0084129 -0.574564 -0.20655 -0.00355493 0.978434 51.5212
0.971975 0.0593589 0.22751 -1.03866 -0.0586821 0.998231 -0.00974592 -0.576312 -0.227686 -0.0038782 0.973734 51.7767
0.966186 0.0602194 0.250739 -0.953686 -0.0591743 0.998181 -0.0117096 -0.580743 -0.250987 -0.00352387 0.967989 52.022
0.959624 0.0613794 0.274545 -0.885545 -0.0602016 0.998107 -0.0127242 -0.598644 -0.274806 -0.00431778 0.961497 52.2721
0.951954 0.0625405 0.299806 -0.793205 -0.0612135 0.998031 -0.0138238 -0.601306 -0.300078 -0.00519274 0.953906 52.5319
0.942781 0.0642622 0.327192 -0.702996 -0.0628989 0.997913 -0.0147595 -0.609353 -0.327457 -0.00666518 0.94485 52.7926
0.932565 0.0643995 0.355229 -0.600555 -0.0628401 0.997899 -0.0159369 -0.612035 -0.355506 -0.00746072 0.934649 53.0448
0.920681 0.0628491 0.38525 -0.467644 -0.0609928 0.997994 -0.0170516 -0.618993 -0.385548 -0.00779843 0.922662 53.2942
0.906455 0.0604081 0.417973 -0.327441 -0.0575273 0.998156 -0.0194997 -0.625268 -0.418378 -0.00636953 0.908256 53.534
0.890107 0.0592766 0.451903 -0.185035 -0.054914 0.998233 -0.0227779 -0.639682 -0.452454 -0.00454117 0.891784 53.7733
0.871725 0.060084 0.48631 -0.022497 -0.05401 0.998191 -0.0265118 -0.647823 -0.48702 -0.00315498 0.873391 54.0382
0.850806 0.0617597 0.521858 0.146263 -0.0540508 0.99809 -0.0300004 -0.650663 -0.522713 -0.00268238 0.852513 54.2711
0.827404 0.0633766 0.558031 0.33467 -0.0541428 0.997989 -0.0330639 -0.655701 -0.559 -0.00285649 0.82917 54.5268
0.80131 0.0659064 0.594625 0.537351 -0.0560513 0.997814 -0.0350623 -0.666854 -0.595635 -0.00523375 0.803248 54.7851
0.772682 0.0692747 0.631013 0.756261 -0.0585732 0.997571 -0.0377925 -0.683749 -0.632093 -0.00775916 0.774861 55.0434
0.741118 0.0694126 0.667792 1.00353 -0.0575629 0.99755 -0.0398067 -0.697695 -0.668917 -0.00893846 0.743294 55.2887
0.70588 0.0673334 0.705134 1.28541 -0.054404 0.997688 -0.0408074 -0.72298 -0.706246 -0.00955734 0.70791 55.5481
0.668431 0.0655079 0.740898 1.58593 -0.0519309 0.997796 -0.0413717 -0.7474 -0.741973 -0.0108213 0.670355 55.7897
0.627333 0.0642275 0.776109 1.90994 -0.0495703 0.997868 -0.0425112 -0.754294 -0.777179 -0.0118037 0.629178 56.0355
0.58281 0.0634016 0.810144 2.25457 -0.0465363 0.997922 -0.0446203 -0.769265 -0.811287 -0.0116958 0.584547 56.2564
0.536565 0.0624121 0.841558 2.63176 -0.0437615 0.99798 -0.046111 -0.79542 -0.84273 -0.0120868 0.538212 56.4828
0.488706 0.0596028 0.870422 3.0374 -0.0419496 0.998118 -0.0447947 -0.825954 -0.871452 -0.0146222 0.490284 56.7014
0.440515 0.0576018 0.895905 3.44739 -0.0414401 0.998183 -0.0438017 -0.844448 -0.896794 -0.0178316 0.442101 56.8948
0.391438 0.0571767 0.918438 3.88908 -0.0420492 0.998139 -0.0442178 -0.880745 -0.919254 -0.0213108 0.393113 57.0721
0.342671 0.0567577 0.937749 4.34563 -0.0391038 0.998172 -0.0461257 -0.893738 -0.938647 -0.0208641 0.344264 57.2221
0.296231 0.0524993 0.953684 4.81608 -0.0311706 0.998491 -0.0452843 -0.916705 -0.954619 -0.0163121 0.297419 57.3418
0.252438 0.0480962 0.966426 5.3203 -0.0214425 0.998799 -0.0441064 -0.912113 -0.967381 -0.00958894 0.253166 57.4383
0.210648 0.0457248 0.976504 5.82439 -0.0143563 0.998946 -0.0436793 -0.935976 -0.977468 -0.00481797 0.211082 57.5226
0.172429 0.0479386 0.983864 6.34254 -0.0108529 0.998849 -0.0467667 -0.940666 -0.984968 -0.00261434 0.172751 57.5972
0.139636 0.0477253 0.989065 6.87105 -0.00373935 0.99886 -0.0476706 -0.978241 -0.990207 0.00295802 0.139656 57.6569
0.110508 0.046527 0.992795 7.41708 0.00307015 0.998885 -0.0471542 -1.00324 -0.993877 0.00825843 0.110243 57.7046
0.0858799 0.04429 0.995334 7.98437 0.00840923 0.998947 -0.0451768 -1.02236 -0.996281 0.0122497 0.0854177 57.7374
0.0659474 0.0436576 0.996877 8.55721 0.0122049 0.998935 -0.0445553 -1.05191 -0.997755 0.0151045 0.0653447 57.766
0.0498948 0.0448869 0.997759 9.12958 0.0139699 0.998864 -0.0456358 -1.07177 -0.998668 0.0162154 0.0492119 57.7884
0.0366417 0.0448512 0.998331 9.71179 0.0148114 0.998861 -0.0454188 -1.09356 -0.999226 0.0164504 0.0359363 57.8007
0.0253199 0.0463249 0.99862 10.311 0.0148431 0.998802 -0.0467102 -1.11831 -0.999581 0.0160051 0.0246029 57.8128
0.0163408 0.047965 0.998725 10.9103 0.0194189 0.998648 -0.0482791 -1.15066 -0.999685 0.0201825 0.015388 57.813
0.00926863 0.0486425 0.998787 11.5062 0.0234891 0.998534 -0.0488485 -1.17749 -0.999693 0.0239131 0.00811351 57.8086
0.00517729 0.0491606 0.998787 12.1496 0.0238232 0.998504 -0.0492703 -1.20337 -0.99971 0.0240489 0.0039991 57.8147
0.000929009 0.0470495 0.998907 12.7818 0.0218099 0.998658 -0.0470585 -1.22956 -0.999774 0.0218296 -9.7287e-05 57.8223
-0.000832631 0.0410561 0.999166 13.4448 0.0202818 0.998954 -0.0410307 -1.25863 -0.999801 0.0202302 -0.00166367 57.8277
-0.00211576 0.0360356 0.999363 14.1138 0.0210177 0.999136 -0.0359833 -1.28585 -0.999789 0.020928 -0.00287021 57.8225
-0.00241828 0.0349007 0.999398 14.8024 0.0233903 0.999122 -0.0348347 -1.30767 -0.999731 0.0232914 -0.00323171 57.818
-0.00268845 0.0362728 0.999353 15.4715 0.0258895 0.999014 -0.0361913 -1.34412 -0.999674 0.0257752 -0.00362377 57.8129
-0.000825571 0.0433317 0.99907 16.1711 0.0262405 0.99872 -0.0432949 -1.36726 -0.999662 0.0261799 -0.00196071 57.8096
0.00125387 0.0503412 0.998746 16.8662 0.0259901 0.998397 -0.0503567 -1.40453 -0.999674 0.0260204 -5.54336e-05 57.8074
0.00295043 0.0513902 0.998685 17.5641 0.0265902 0.998324 -0.0514504 -1.42694 -0.99965 0.0267065 0.00157981 57.8152
0.00582026 0.0479043 0.99885 18.3006 0.0258347 0.998515 -0.0480393 -1.46825 -0.999662 0.0260842 0.00457505 57.8244
0.00820109 0.0424323 0.999077 19.0188 0.0254901 0.998769 -0.0426287 -1.51268 -0.999649 0.0258156 0.00711014 57.8278
0.0110859 0.0407423 0.999124 19.7421 0.0243016 0.998868 -0.041002 -1.53837 -0.999656 0.0247345 0.0100843 57.8412
0.0147959 0.0443641 0.998917 20.4633 0.0290064 0.998578 -0.044779 -1.58941 -0.999478 0.029637 0.0134887 57.8453
0.0178266 0.0484901 0.998681 21.1869 0.0308844 0.998325 -0.0490246 -1.62992 -0.999378 0.0317171 0.0163002 57.8604
0.0187194 0.0495478 0.998608 21.8892 0.0259106 0.998414 -0.0500243 -1.65986 -0.999498 0.0268104 0.0174065 57.878
0.0229461 0.0477271 0.998613 22.6434 0.0211397 0.998618 -0.0482136 -1.69607 -0.999527 0.0222162 0.0219064 57.9099
0.0276776 0.0450217 0.998614 23.379 0.024047 0.998668 -0.0456911 -1.76507 -0.999337 0.0252778 0.0265587 57.9274
0.0296739 0.045908 0.998522 24.0904 0.0278572 0.998524 -0.0467366 -1.81511 -0.999186 0.0292023 0.0283522 57.9446
0.0338166 0.0495519 0.99821 24.8333 0.0277277 0.998341 -0.0504981 -1.8616 -0.999053 0.0293852 0.0323871 57.9769
0.0373496 0.0513376 0.998 25.5608 0.0242703 0.998344 -0.0522642 -1.8952 -0.999022 0.0261733 0.0360427 58.0081
0.0398204 0.0511844 0.997906 26.2973 0.0222894 0.998395 -0.0520994 -1.94632 -0.998968 0.0243168 0.0386161 58.0382
0.0441704 0.0504579 0.997767 27.0399 0.0256184 0.998344 -0.0516219 -1.99727 -0.99871 0.0278408 0.0428055 58.0699
0.0476483 0.0502141 0.997612 27.7773 0.0289088 0.99825 -0.0516274 -2.05167 -0.998456 0.0312992 0.0461137 58.0993
0.0497383 0.0515094 0.997451 28.5091 0.0306028 0.998127 -0.053071 -2.09761 -0.998308 0.0331639 0.0480696 58.1293
0.0533672 0.0517499 0.997244 29.268 0.0307428 0.9981 -0.05344 -2.15462 -0.998112 0.0335095 0.0516753 58.1635
0.0565722 0.0516118 0.997082 30.0228 0.0315935 0.998076 -0.0534565 -2.20116 -0.997913 0.0345249 0.0548336 58.1994
0.0595305 0.0504189 0.996964 30.7732 0.0328205 0.998087 -0.052436 -2.26533 -0.997697 0.0358419 0.0577621 58.2309
0.0627678 0.0509315 0.996747 31.5259 0.031815 0.998092 -0.0530046 -2.30377 -0.997536 0.0350378 0.0610285 58.2768
0.065831 0.0529964 0.996434 32.2899 0.0296437 0.998046 -0.0550411 -2.3442 -0.997401 0.0331609 0.0641316 58.3281
0.067903 0.05293 0.996306 33.0396 0.0310662 0.998 -0.0551383 -2.40432 -0.997223 0.0346949 0.0661237 58.3761
0.0719384 0.0540323 0.995956 33.8182 0.0299874 0.997965 -0.0563078 -2.44626 -0.99697 0.0339163 0.070172 58.4368
0.0726733 0.0545038 0.995885 34.593 0.028079 0.998002 -0.0566696 -2.50317 -0.996975 0.0320812 0.0709985 58.4877
0.0790169 0.0546704 0.995385 35.3725 0.0263331 0.998034 -0.056907 -2.55143 -0.996537 0.0307077 0.077422 58.5597
0.0809165 0.0563817 0.995144 36.1434 0.0240196 0.998003 -0.0584977 -2.59185 -0.996447 0.0286358 0.0794014 58.6225
0.0838445 0.0588524 0.994752 36.8994 0.0234236 0.997864 -0.0610115 -2.64563 -0.996216 0.0284156 0.0822871 58.6903
0.0874387 0.0605853 0.994345 37.6783 0.0227878 0.99777 -0.0627988 -2.69356 -0.995925 0.0281493 0.0858639 58.7531
0.0903182 0.0630791 0.993926 38.4549 0.0182641 0.997721 -0.0649803 -2.74554 -0.995758 0.0240215 0.0889604 58.8218
0.0924851 0.063069 0.993735 39.2392 0.0137553 0.99782 -0.0646094 -2.79049 -0.995636 0.019644 0.0914166 58.9105
0.0957578 0.062671 0.993443 40.0197 0.0151608 0.997811 -0.0644085 -2.85956 -0.995301 0.0212285 0.0945981 58.9886
0.0989155 0.0634681 0.99309 40.8027 0.0154728 0.99775 -0.065308 -2.91516 -0.994992 0.0218253 0.0977114 59.0664
0.101969 0.0644478 0.99271 41.5971 0.0117775 0.997753 -0.0659855 -2.97051 -0.994731 0.0184197 0.10098 59.1575
0.106033 0.0631804 0.992374 42.3895 0.0108148 0.997852 -0.0646857 -3.0235 -0.994321 0.0175907 0.105122 59.2458
0.110452 0.0627438 0.991911 43.1904 0.0116431 0.997857 -0.064417 -3.08177 -0.993826 0.0186635 0.109485 59.3264
0.11375 0.0670983 0.991261 43.9824 0.00804818 0.997626 -0.0684537 -3.13276 -0.993494 0.015764 0.11294 59.4386
0.119927 0.0742264 0.990017 44.7807 0.00581134 0.997134 -0.0754645 -3.20294 -0.992779 0.0148032 0.119152 59.548
0.126784 0.0785813 0.988834 45.5722 0.00403498 0.996813 -0.0797337 -3.25747 -0.991939 0.0140984 0.126063 59.6545
0.13316 0.0819176 0.987716 46.3695 -2.55563e-05 0.996581 -0.0826498 -3.3243 -0.991108 0.0109801 0.132706 59.7755
0.140816 0.0807643 0.986756 47.1789 -0.00368463 0.996708 -0.0810539 -3.39079 -0.990046 0.00777745 0.14065 59.9021
0.148733 0.0795235 0.985688 48.005 -0.0030257 0.996795 -0.0799637 -3.46288 -0.988886 0.00891041 0.148496 60.0207
0.155528 0.077213 0.984829 48.8441 -0.00372992 0.996984 -0.0775778 -3.54093 -0.987841 0.00839174 0.155347 60.1505
0.164037 0.07319 0.983749 49.6726 -0.00512307 0.997296 -0.0733443 -3.60571 -0.986455 0.00699086 0.163968 60.3028
0.171731 0.0672802 0.982864 50.5047 -0.00632892 0.997724 -0.0671924 -3.6739 -0.985141 0.00531808 0.171766 60.4394
0.179367 0.064272 0.981694 51.3205 -0.00648259 0.997922 -0.0641507 -3.72684 -0.983775 0.00514211 0.179411 60.5889
0.187653 0.0665455 0.979998 52.1277 -0.00696347 0.997772 -0.0664198 -3.79304 -0.982228 0.00563914 0.187698 60.7435
0.194091 0.0716307 0.978379 52.9278 -0.00720678 0.997411 -0.0715951 -3.85627 -0.980971 0.00684442 0.194104 60.8959
0.198739 0.0762803 0.977099 53.7187 -0.00782138 0.997062 -0.0762488 -3.91744 -0.980038 0.00751082 0.198752 61.0595
0.205016 0.0783974 0.975628 54.5077 -0.00846417 0.996895 -0.0783283 -3.9832 -0.978736 0.00780003 0.205042 61.2337
0.209926 0.079559 0.974495 55.2883 -0.0110467 0.996817 -0.0790026 -4.05272 -0.977672 0.00581921 0.210137 61.3942
0.214586 0.0761844 0.973744 56.0548 -0.00783489 0.997058 -0.0762827 -4.1148 -0.976688 0.00873937 0.214551 61.5517
0.220958 0.0710162 0.972715 56.8181 -0.00620715 0.997432 -0.0714117 -4.16938 -0.975281 0.0097407 0.220832 61.7221
0.224612 0.0654648 0.972262 57.583 -0.00826651 0.997836 -0.0652779 -4.23899 -0.974428 0.0066243 0.224666 61.9
0.227418 0.0626101 0.971803 58.3376 -0.0104034 0.998034 -0.0618664 -4.28203 -0.973759 0.00395902 0.227623 62.0845
0.231757 0.061752 0.970827 59.0746 -0.0116106 0.998091 -0.0607152 -4.34514 -0.97272 0.00279853 0.232031 62.2585
0.233623 0.0642782 0.970221 59.7937 -0.0144663 0.997936 -0.0626317 -4.38401 -0.972237 0.000596085 0.23407 62.4387
0.23582 0.0675308 0.969463 60.5 -0.016664 0.99772 -0.0654463 -4.43015 -0.971669 -0.000722451 0.236407 62.6285
0.237484 0.0710956 0.968807 61.2041 -0.0174897 0.997474 -0.0689128 -4.47332 -0.971252 -0.000579033 0.238127 62.8073
0.239579 0.0758988 0.967921 61.8844 -0.0179578 0.997119 -0.073744 -4.52913 -0.970726 0.000284906 0.240251 62.9917
0.242253 0.0761088 0.967245 62.5624 -0.0170406 0.997102 -0.074191 -4.59031 -0.970081 0.00148997 0.242848 63.1643
0.243697 0.0765589 0.966841 63.2265 -0.0180306 0.997068 -0.0744084 -4.62122 -0.969699 0.000699597 0.244363 63.3441
0.243467 0.0746216 0.967055 63.8944 -0.0190763 0.997216 -0.072147 -4.68586 -0.969739 -0.000882914 0.244213 63.5183
0.245205 0.07363 0.966687 64.5257 -0.0197219 0.997287 -0.0709589 -4.73748 -0.969287 -0.00166633 0.245991 63.6774
0.244743 0.0725202 0.966893 65.1734 -0.018648 0.997371 -0.0700867 -4.78389 -0.969427 -0.000877834 0.245452 63.8432
0.242757 0.0722706 0.967408 65.8042 -0.0187644 0.997388 -0.0698023 -4.82818 -0.969922 -0.00120862 0.243478 64.006
0.241783 0.0730652 0.967597 66.4266 -0.0208117 0.997326 -0.0701105 -4.88079 -0.970125 -0.00318634 0.242657 64.1615
0.238543 0.0750942 0.968241 67.05 -0.0203194 0.997177 -0.072333 -4.9329 -0.970936 -0.00242041 0.239394 64.3151
0.237577 0.0795843 0.968125 67.6534 -0.020875 0.996831 -0.0768222 -4.99276 -0.971163 -0.00195889 0.238486 64.4515
0.235252 0.0809775 0.968572 68.2608 -0.0207812 0.996718 -0.0782838 -5.04707 -0.971729 -0.00171251 0.236162 64.6002
0.232526 0.0806682 0.969261 68.8668 -0.0209718 0.996743 -0.0779252 -5.09815 -0.972383 -0.00220793 0.233461 64.7502
0.230513 0.077959 0.969958 69.4418 -0.0216264 0.996953 -0.0749898 -5.13278 -0.972846 -0.00369149 0.231496 64.9021
0.228699 0.0754686 0.970589 70.0099 -0.0202177 0.997148 -0.0727707 -5.16909 -0.973306 -0.00298108 0.229573 65.0505
0.226299 0.0739318 0.971265 70.5862 -0.0170802 0.997266 -0.0719322 -5.22604 -0.973925 -0.000312078 0.226943 65.1841
0.224426 0.0752012 0.971606 71.1352 -0.0136445 0.997168 -0.0740286 -5.27322 -0.974414 0.00335627 0.224817 65.3104
0.222292 0.0774942 0.971911 71.6699 -0.0113281 0.996977 -0.0769025 -5.33004 -0.974932 0.00608393 0.222497 65.4398
0.219877 0.0796771 0.972289 72.2308 -0.0125311 0.996812 -0.0788536 -5.36512 -0.975466 0.00515364 0.220175 65.5703
0.21934 0.0824038 0.972178 72.7685 -0.0130548 0.996589 -0.0815281 -5.42198 -0.975579 0.00518986 0.219667 65.6984
0.217838 0.0817257 0.972578 73.3206 -0.0125395 0.996644 -0.0809402 -5.47487 -0.975924 0.00543567 0.218131 65.8393
0.217469 0.0804102 0.972766 73.8797 -0.00809633 0.996718 -0.0805808 -5.52346 -0.976053 0.00964697 0.217405 65.9662
0.219697 0.0793771 0.972354 74.4247 -0.00379994 0.996751 -0.0805108 -5.57805 -0.97558 0.0139925 0.219284 66.0831
0.220424 0.0790877 0.972209 74.9934 -0.00234716 0.996751 -0.0805526 -5.62977 -0.975421 0.0154727 0.219892 66.2154
0.222129 0.0791294 0.971821 75.5614 -0.00387587 0.99677 -0.0802755 -5.67678 -0.975029 0.0140644 0.221719 66.3578
0.22727 0.0803922 0.970524 76.1181 -0.00678548 0.996697 -0.0809718 -5.73116 -0.973828 0.0118159 0.227064 66.5079
0.232848 0.0802174 0.96922 76.6881 -0.00653203 0.996704 -0.0809235 -5.78788 -0.972511 0.0125114 0.232604 66.6358
0.240309 0.0805312 0.967367 77.2629 -0.00826925 0.99669 -0.0809187 -5.843 -0.970681 0.0114451 0.240178 66.7858
0.247971 0.0797926 0.965496 77.8459 -0.00867196 0.99675 -0.0801489 -5.88881 -0.968748 0.0115014 0.247857 66.9478
0.256007 0.0789071 0.963466 78.4249 -0.0111896 0.996842 -0.0786679 -5.94172 -0.96663 0.0093576 0.25608 67.1315
0.263916 0.0791312 0.961315 79.0224 -0.012947 0.996834 -0.0785012 -5.99578 -0.964479 0.00827114 0.264105 67.3076
0.272477 0.081871 0.958691 79.6049 -0.0183008 0.996638 -0.0799108 -6.05603 -0.962008 0.0042279 0.273058 67.5013
0.280534 0.0844771 0.956141 80.1989 -0.0212523 0.996426 -0.0818018 -6.10531 -0.959629 0.00262745 0.281326 67.6888
0.290143 0.0866958 0.953067 80.8014 -0.0249039 0.996239 -0.0830422 -6.15876 -0.956679 0.000357924 0.29121 67.8745
0.300096 0.0883441 0.949831 81.4111 -0.0263085 0.996094 -0.0843359 -6.22856 -0.953567 0.000319775 0.301248 68.0782
0.30814 0.0894999 0.947141 82.0238 -0.0282837 0.995991 -0.084915 -6.27994 -0.950941 -0.000624069 0.309434 68.2872
0.316916 0.0895016 0.944243 82.6526 -0.028419 0.995991 -0.0848694 -6.33086 -0.948049 6.15257e-05 0.318189 68.5169
0.326325 0.0910777 0.940879 83.2944 -0.0323184 0.995845 -0.0851902 -6.38294 -0.944726 -0.00260914 0.327911 68.7647
0.337478 0.0880257 0.937231 83.9185 -0.0338517 0.996114 -0.0813677 -6.43496 -0.940746 -0.00426762 0.339145 69.0061
0.346378 0.0807047 0.934637 84.5916 -0.0294403 0.996741 -0.0751574 -6.49683 -0.937655 -0.0014844 0.347623 69.2689
0.356916 0.0776451 0.930927 85.2689 -0.0290263 0.996985 -0.0720272 -6.54004 -0.933708 -0.00131425 0.358092 69.5275
0.367305 0.0742424 0.927153 85.9497 -0.027547 0.997244 -0.0689426 -6.58611 -0.929715 -0.000218623 0.368336 69.8079
0.375687 0.0727598 0.923909 86.6347 -0.0245104 0.99735 -0.0685778 -6.64349 -0.926445 0.00311788 0.376474 70.0928
0.38484 0.0696548 0.920372 87.3273 -0.019035 0.99754 -0.0675365 -6.67252 -0.92281 0.00847013 0.385217 70.385
0.393251 0.0609375 0.917433 88.0323 -0.0104156 0.998038 -0.0618279 -6.70623 -0.919395 0.0147577 0.393113 70.6803
0.399186 0.0564581 0.915152 88.7762 -0.00438093 0.998213 -0.0596723 -6.76454 -0.916883 0.0198097 0.398718 71.0012
0.406965 0.0552558 0.911794 89.4674 -0.000721423 0.998193 -0.0601706 -6.7906 -0.913467 0.023829 0.406268 71.3113
0.412558 0.0605042 0.908942 90.1756 0.000698819 0.997774 -0.0667356 -6.84861 -0.910955 0.0281661 0.411596 71.6334
0.41931 0.0646129 0.905564 90.8732 0.00458496 0.997306 -0.0732827 -6.89454 -0.907855 0.0348795 0.417883 71.9557
0.424697 0.0647722 0.903038 91.5841 0.00498685 0.997259 -0.0738766 -6.93756 -0.905346 0.0358771 0.423208 72.2934
0.427546 0.0662491 0.901586 92.2897 0.000201625 0.99731 -0.0733794 -6.98276 -0.904017 0.0315543 0.426381 72.6358
0.430911 0.0675069 0.899889 92.9639 -0.00434098 0.997346 -0.0727401 -7.03528 -0.902409 0.0274367 0.430058 72.99
0.433954 0.0698924 0.898244 93.6484 -0.00455208 0.997149 -0.0753901 -7.09917 -0.900948 0.0286263 0.433033 73.3132
0.436795 0.0725195 0.896656 94.3313 -0.00560341 0.99695 -0.0779023 -7.15345 -0.899569 0.0290016 0.435866 73.6516
0.439588 0.0751873 0.895072 94.9959 -0.00863408 0.996803 -0.0794936 -7.22026 -0.898184 0.0272157 0.43883 73.9718
0.442396 0.074212 0.893768 95.6522 -0.00898728 0.996892 -0.0783272 -7.28007 -0.896801 0.0266176 0.441685 74.3065
0.445312 0.071067 0.892575 96.3052 -0.00783154 0.99712 -0.0754849 -7.35091 -0.895367 0.0266234 0.444585 74.6216
0.448108 0.0703294 0.891233 96.9454 -0.00932118 0.997218 -0.0740074 -7.41352 -0.893957 0.0248545 0.447514 74.9499
0.44991 0.0678317 0.890519 97.5747 -0.00800721 0.997383 -0.0719274 -7.46945 -0.893065 0.0252296 0.449274 75.2624
0.452163 0.0697305 0.889229 98.176 -0.0103604 0.997287 -0.072937 -7.52011 -0.891902 0.0237652 0.451656 75.5771
0.453777 0.0698716 0.888397 98.7792 -0.00943346 0.997247 -0.0736154 -7.58495 -0.891092 0.0250236 0.453185 75.8859
0.454413 0.0685146 0.888176 99.3713 -0.00748014 0.997301 -0.0731066 -7.63843 -0.890786 0.0265755 0.453696 76.1873
0.454309 0.0668399 0.888358 99.9556 -0.00449362 0.997346 -0.0727432 -7.69379 -0.89086 0.0290553 0.453401 76.4932
0.454843 0.0671146 0.888063 100.532 -0.00550216 0.997353 -0.0725572 -7.74707 -0.890582 0.0281144 0.454005 76.7929
0.455378 0.0666544 0.887825 101.101 -0.0036426 0.99733 -0.0730084 -7.80274 -0.890318 0.0300117 0.454402 77.092
0.456037 0.0683976 0.887352 101.665 -0.00476368 0.99722 -0.0744191 -7.86616 -0.889975 0.0297093 0.455092 77.376
0.45811 0.0688251 0.886252 102.205 -0.00282413 0.997111 -0.0759754 -7.91612 -0.888919 0.0323016 0.456979 77.6665
0.460433 0.0678516 0.885121 102.765 -0.000441294 0.997096 -0.076207 -7.97356 -0.887722 0.0346961 0.459123 77.9522
0.462305 0.0665223 0.884248 103.308 0.00254355 0.997083 -0.076342 -8.01889 -0.886746 0.0375417 0.460786 78.2334
0.464937 0.0650927 0.882972 103.83 0.00396392 0.997135 -0.0755972 -8.07677 -0.885363 0.0386464 0.463344 78.5021
0.46745 0.0642942 0.881704 104.357 0.0049122 0.997152 -0.0753182 -8.12718 -0.884034 0.0395379 0.465801 78.783
0.470018 0.0636286 0.880385 104.884 0.00552885 0.997171 -0.0750221 -8.17774 -0.882668 0.0401276 0.468333 79.0666
0.473057 0.0632603 0.878784 105.392 0.00693692 0.997126 -0.0755146 -8.23295 -0.881033 0.0418181 0.471257 79.346
0.475931 0.0644629 0.877142 105.913 0.00609047 0.99705 -0.076581 -8.28544 -0.87949 0.0417879 0.474131 79.6212
0.479786 0.0638965 0.875082 106.415 0.00836006 0.996972 -0.0773814 -8.33415 -0.877374 0.0444415 0.477797 79.9078
0.483828 0.0663326 0.872672 106.911 0.00630164 0.996839 -0.0792657 -8.38288 -0.87517 0.0438485 0.481876 80.1903
0.48877 0.0721935 0.869447 107.405 0.00294166 0.996433 -0.0843926 -8.42971 -0.872436 0.0438054 0.486812 80.4777
0.493899 0.0789942 0.86595 107.894 -0.00186383 0.995964 -0.0897927 -8.4783 -0.869547 0.0427328 0.492048 80.7711
0.499403 0.0847231 0.862243 108.371 -0.00739188 0.995592 -0.0935457 -8.52952 -0.866367 0.0403426 0.497826 81.0641
0.50475 0.0896091 0.858629 108.872 -0.0105048 0.995167 -0.0976845 -8.58311 -0.863232 0.0402848 0.503247 81.3639
0.509555 0.090111 0.855733 109.355 -0.0135797 0.995224 -0.0967149 -8.6405 -0.86036 0.0376601 0.508343 81.6784
0.514281 0.0891608 0.853001 109.854 -0.0193053 0.995538 -0.0924215 -8.70339 -0.857436 0.0310614 0.513703 82.0029
0.519094 0.0870643 0.850297 110.366 -0.0240257 0.995897 -0.0873064 -8.76293 -0.854409 0.0248905 0.519054 82.339
0.52555 0.0856793 0.846465 110.878 -0.0297713 0.996164 -0.0823489 -8.81893 -0.850273 0.0180765 0.526081 82.6762
0.530953 0.0842624 0.843228 111.397 -0.0315331 0.996325 -0.0797069 -8.87801 -0.846844 0.0157302 0.531656 83.0236
0.536589 0.0870426 0.83937 111.918 -0.0358434 0.996124 -0.0803856 -8.93376 -0.843114 0.0130465 0.537625 83.3838
0.542934 0.0909241 0.834866 112.444 -0.0392935 0.995788 -0.0828975 -8.98301 -0.838886 0.0122023 0.544218 83.7538
0.548809 0.0935991 0.830719 112.973 -0.0412105 0.995538 -0.0849455 -9.03327 -0.834963 0.0123828 0.550214 84.1221
0.554912 0.0957209 0.826411 113.516 -0.0431708 0.995338 -0.0863004 -9.08816 -0.830818 0.0122114 0.556455 84.505
0.561928 0.0964806 0.821569 114.067 -0.0458702 0.995286 -0.0855087 -9.1349 -0.825946 0.0103625 0.563701 84.9041
0.568321 0.0982296 0.81695 114.628 -0.0495684 0.995138 -0.0851731 -9.18814 -0.821343 0.00790991 0.570425 85.3134
0.57466 0.0965861 0.812702 115.202 -0.0499064 0.995304 -0.0830005 -9.25158 -0.816902 0.00713633 0.576778 85.7391
0.583361 0.0948584 0.806683 115.779 -0.0495172 0.995468 -0.0812501 -9.31412 -0.810733 0.0074526 0.585412 86.1757
0.590787 0.0940162 0.801362 116.372 -0.0498387 0.995549 -0.0800575 -9.36908 -0.805321 0.00735633 0.592839 86.6198
0.598293 0.0960121 0.795534 116.959 -0.0530288 0.995369 -0.0802502 -9.41251 -0.799553 0.00582609 0.600611 87.0907
0.605635 0.0967825 0.789866 117.553 -0.0548872 0.995298 -0.0798708 -9.46089 -0.793881 0.00501735 0.608096 87.5649
0.612576 0.0972601 0.784435 118.155 -0.0561797 0.995254 -0.0795287 -9.52153 -0.788445 0.00464732 0.61513 88.0494
0.617589 0.0957796 0.780679 118.755 -0.0553435 0.995395 -0.0783424 -9.58052 -0.784586 0.00517617 0.620041 88.5392
0.621991 0.0941384 0.777376 119.372 -0.053452 0.995541 -0.0777915 -9.65848 -0.781232 0.00683264 0.624247 89.052
0.625185 0.0924907 0.775009 119.991 -0.0504791 0.995672 -0.078106 -9.73197 -0.778878 0.00970722 0.627144 89.5714
0.628935 0.089559 0.772314 120.638 -0.0459191 0.995894 -0.078093 -9.79888 -0.776135 0.0136508 0.630462 90.0817
0.63251 0.0842805 0.769986 121.295 -0.0399004 0.996294 -0.0762768 -9.86979 -0.77356 0.0175213 0.633524 90.603
0.636169 0.0786795 0.76756 121.944 -0.0340557 0.996687 -0.0739418 -9.93267 -0.770833 0.020899 0.636737 91.1455
0.639322 0.0734751 0.765454 122.578 -0.0285771 0.997013 -0.0718357 -10.0175 -0.768444 0.0240499 0.639507 91.6733
0.642907 0.071945 0.762591 123.239 -0.0267265 0.997086 -0.0715375 -10.0846 -0.765514 0.0256098 0.642953 92.2252
0.645456 0.0729043 0.760344 123.891 -0.0281534 0.997034 -0.0717012 -10.1626 -0.763315 0.0248718 0.64559 92.7895
0.649795 0.0761303 0.756322 124.548 -0.0323745 0.996847 -0.0725283 -10.214 -0.759457 0.0226422 0.650207 93.3674
0.652455 0.0782232 0.753813 125.202 -0.0362653 0.996747 -0.0720451 -10.2769 -0.756995 0.0196672 0.653166 93.959
0.655782 0.076365 0.751114 125.861 -0.0369424 0.996932 -0.0691052 -10.3541 -0.754084 0.0175691 0.656587 94.5361
0.65963 0.0738062 0.747993 126.523 -0.0387073 0.997188 -0.0642621 -10.4005 -0.750631 0.0134347 0.660627 95.1467
0.662855 0.069412 0.745559 127.191 -0.0386096 0.997544 -0.058547 -10.4713 -0.74779 0.0100217 0.663904 95.7689
0.668157 0.0679497 0.740946 127.855 -0.0382608 0.997648 -0.0569905 -10.4955 -0.743074 0.00972758 0.669181 96.3687
0.672419 0.0660697 0.737253 128.535 -0.0351325 0.997741 -0.0573725 -10.5653 -0.739376 0.0126761 0.673218 96.9838
0.678802 0.0644869 0.73152 129.188 -0.0282625 0.997699 -0.0617279 -10.6106 -0.733816 0.0212246 0.679059 97.5928
0.683557 0.0667532 0.726876 129.869 -0.0257413 0.997402 -0.0673917 -10.6739 -0.729484 0.0273546 0.683495 98.2265
0.690233 0.0673365 0.720484 130.519 -0.0235879 0.997232 -0.0706057 -10.7426 -0.723242 0.0317379 0.689906 98.8409
0.696658 0.0639131 0.714589 131.18 -0.021879 0.99746 -0.067885 -10.7838 -0.717111 0.0316574 0.696283 99.4869
0.702527 0.0601932 0.709145 131.821 -0.0187269 0.997642 -0.0661309 -10.8717 -0.711451 0.033177 0.701993 100.135
0.707515 0.0566354 0.704465 132.489 -0.0153214 0.997786 -0.0648312 -10.9071 -0.706574 0.0350748 0.706812 100.8
0.712236 0.0578573 0.699591 133.115 -0.013785 0.997566 -0.0684681 -10.9724 -0.701846 0.0391199 0.711294 101.447
0.714787 0.0573293 0.697028 133.774 -0.0114572 0.997468 -0.0702928 -11.0157 -0.69929 0.0422574 0.71363 102.133
0.718833 0.0528743 0.693209 134.392 -0.00758822 0.997649 -0.0682285 -11.0755 -0.695183 0.043783 0.717539 102.803
0.72081 0.0463161 0.691624 135.041 -0.00285346 0.997962 -0.0638586 -11.1388 -0.69317 0.0440553 0.719469 103.485
0.721444 0.043207 0.691164 135.7 -0.000875203 0.998117 -0.0614839 -11.2156 -0.692515 0.0437505 0.720117 104.162
0.722016 0.0381898 0.690862 136.337 0.00329815 0.998282 -0.0586323 -11.2685 -0.691911 0.0446108 0.720646 104.833
0.721176 0.03502 0.691907 136.982 0.00583431 0.998388 -0.0566152 -11.3173 -0.69277 0.0448646 0.719803 105.52
0.719616 0.0356603 0.693498 137.648 0.00419764 0.998447 -0.0556987 -11.3651 -0.694403 0.0429916 0.718344 106.22
0.719569 0.0364686 0.693504 138.283 0.00356122 0.998423 -0.0561999 -11.4225 -0.694455 0.0429077 0.718298 106.913
0.71681 0.039955 0.696164 138.961 0.000419422 0.99834 -0.0577315 -11.4725 -0.697312 0.0416733 0.715599 107.614
0.714732 0.0422808 0.698161 139.595 -0.0025699 0.998333 -0.0578304 -11.5316 -0.699437 0.0395372 0.713642 108.282
0.711582 0.0430041 0.701327 140.259 -0.00483347 0.998409 -0.0563183 -11.5694 -0.70263 0.0366839 0.710653 108.958
0.708976 0.0451836 0.703825 140.903 -0.0085203 0.998431 -0.0555158 -11.6185 -0.705224 0.0333608 0.708243 109.627
0.705987 0.044553 0.706863 141.577 -0.00937892 0.998528 -0.0535708 -11.6742 -0.708206 0.0311891 0.705362 110.308
0.703311 0.0433861 0.709598 142.207 -0.00991296 0.998647 -0.0512363 -11.7299 -0.710856 0.0289993 0.702783 110.963
0.700326 0.0396102 0.712764 142.863 -0.00605926 0.998762 -0.0495519 -11.7747 -0.71384 0.030382 0.699695 111.621
0.698804 0.0425799 0.714085 143.509 -0.00780894 0.998631 -0.0519073 -11.8561 -0.715313 0.0306952 0.698174 112.246
0.693908 0.0530709 0.718146 144.182 -0.0126193 0.998032 -0.0615629 -11.8916 -0.719996 0.0336547 0.693208 112.907
0.691699 0.0580478 0.719889 144.816 -0.0156157 0.997743 -0.0654505 -11.9507 -0.722059 0.0340288 0.691038 113.541
0.688455 0.0566096 0.723107 145.484 -0.0163664 0.997917 -0.0625432 -12.0212 -0.725137 0.0312219 0.687943 114.194
0.684872 0.0560668 0.726543 146.15 -0.0209206 0.998147 -0.0573078 -12.0839 -0.728406 0.0240472 0.684769 114.843
0.680569 0.0538987 0.73074 146.814 -0.0222563 0.99836 -0.0529117 -12.1308 -0.732389 0.0197449 0.680648 115.486
0.67687 0.0537655 0.734176 147.486 -0.0221468 0.998374 -0.0526975 -12.1937 -0.735812 0.019408 0.676954 116.115
0.674127 0.0523534 0.736798 148.146 -0.0209348 0.998447 -0.0517926 -12.2518 -0.738361 0.0194885 0.674171 116.731
0.670727 0.0505786 0.740017 148.825 -0.0176858 0.998488 -0.052217 -12.3114 -0.741535 0.0219339 0.670602 117.347
0.668569 0.0515488 0.741902 149.494 -0.0161456 0.998375 -0.0548211 -12.3788 -0.743517 0.0246717 0.66831 117.954
0.665124 0.0512995 0.745008 150.183 -0.0136798 0.998317 -0.0565308 -12.4259 -0.74665 0.0274066 0.6647 118.569
0.660436 0.0496588 0.749279 150.868 -0.0118612 0.998385 -0.0557154 -12.4665 -0.750831 0.0279074 0.659954 119.178
0.656675 0.0507349 0.752505 151.555 -0.0138102 0.998386 -0.0552631 -12.5156 -0.75409 0.0258958 0.656309 119.772
0.651178 0.0519546 0.757185 152.242 -0.0142481 0.998324 -0.0562489 -12.5858 -0.758834 0.0258379 0.650822 120.374
0.643972 0.0540574 0.763176 152.941 -0.0153558 0.998223 -0.057751 -12.635 -0.764937 0.0254689 0.643652 120.981
0.638579 0.0582447 0.767389 153.65 -0.0174535 0.99798 -0.0612245 -12.6943 -0.769401 0.0257014 0.638301 121.589
0.632155 0.0639644 0.772237 154.339 -0.0200308 0.997613 -0.0662373 -12.7493 -0.774624 0.0264017 0.631921 122.195
0.623914 0.0660273 0.778738 155.058 -0.0193904 0.997435 -0.0690365 -12.7931 -0.781293 0.0279712 0.62359 122.775
0.617091 0.0593907 0.784686 155.803 -0.0183252 0.997972 -0.0611245 -12.8664 -0.786719 0.0233378 0.616923 123.363
0.609482 0.0574234 0.790756 156.539 -0.0239494 0.99826 -0.0540347 -12.9068 -0.792478 0.0139935 0.609793 123.951
0.600479 0.0532994 0.797901 157.296 -0.0225305 0.998518 -0.0497467 -12.9696 -0.799363 0.0118928 0.600785 124.536
0.593651 0.0543166 0.802925 158.043 -0.0255069 0.998497 -0.0486899 -13.014 -0.804358 0.0084233 0.59414 125.109
0.584388 0.0562118 0.809564 158.787 -0.0254742 0.998388 -0.050936 -13.0687 -0.811115 0.00914148 0.584872 125.66
0.575987 0.0571642 0.815495 159.548 -0.0192968 0.998233 -0.0563462 -13.1232 -0.81727 0.0167168 0.576069 126.201
0.569135 0.0646425 0.819738 160.315 -0.0189103 0.997681 -0.0655475 -13.1727 -0.822067 0.0218019 0.569032 126.727
0.561592 0.0671665 0.82472 161.087 -0.0162224 0.99741 -0.0701858 -13.2421 -0.827294 0.0260353 0.561224 127.24
0.554065 0.0635401 0.830083 161.897 -0.0130327 0.997633 -0.0676683 -13.3062 -0.832411 0.0266725 0.553577 127.767
0.546971 0.0595838 0.835064 162.685 -0.00954673 0.997852 -0.0649479 -13.3852 -0.837136 0.0275509 0.546361 128.279
0.538674 0.0594418 0.840452 163.476 -0.010493 0.997914 -0.0638549 -13.4539 -0.842488 0.0255762 0.53817 128.781
0.531717 0.061253 0.84474 164.242 -0.0112875 0.997814 -0.0652495 -13.5319 -0.846885 0.0251577 0.531242 129.283
0.525418 0.0617846 0.848635 165.035 -0.00936303 0.997729 -0.0668442 -13.5914 -0.850831 0.0271734 0.524799 129.779
0.52021 0.0565895 0.852197 165.819 -0.00559273 0.998015 -0.0628604 -13.6669 -0.854059 0.0279329 0.51949 130.234
0.513561 0.053941 0.856393 166.612 -0.00367139 0.998161 -0.0606707 -13.7401 -0.858084 0.028012 0.51281 130.704
0.509976 0.0526807 0.85861 167.367 -0.00464379 0.998286 -0.0584945 -13.7947 -0.860215 0.025842 0.509342 131.169
0.505069 0.0538816 0.861432 168.135 -0.00483477 0.99822 -0.0596047 -13.8591 -0.863104 0.0259377 0.504426 131.632
0.500132 0.0563912 0.864147 168.9 -0.00361327 0.998013 -0.0630377 -13.9254 -0.865981 0.0284032 0.499338 132.092
0.497574 0.0613464 0.865286 169.636 -0.0043612 0.99767 -0.068226 -13.9919 -0.867448 0.0301718 0.496678 132.528
0.493834 0.0636959 0.867256 170.376 -0.00569273 0.997538 -0.0700248 -14.0492 -0.869577 0.0296419 0.492977 132.964
0.490265 0.0594997 0.869577 171.138 -0.00521749 0.997859 -0.0653377 -14.1318 -0.871596 0.0274938 0.489522 133.404
0.488414 0.0529136 0.871042 171.881 -0.00440358 0.998306 -0.0581774 -14.2031 -0.872641 0.0245773 0.487815 133.823
0.484738 0.0485078 0.873351 172.629 -0.000169015 0.998476 -0.0553657 -14.2813 -0.874698 0.0266882 0.484003 134.244
0.483048 0.0477979 0.874325 173.347 0.00427618 0.998378 -0.0569442 -14.3246 -0.875625 0.0312436 0.482055 134.644
0.480281 0.0493677 0.875761 174.073 0.00762251 0.998152 -0.0604493 -14.376 -0.87712 0.0357062 0.479014 135.039
0.47929 0.0557813 0.875918 174.775 0.00625479 0.997745 -0.0669643 -14.4274 -0.877675 0.037572 0.477855 135.433
0.472362 0.0641435 0.879105 175.506 0.00534737 0.997132 -0.0756306 -14.4749 -0.881427 0.0404239 0.470661 135.832
0.470234 0.0653888 0.880152 176.185 0.00829852 0.99689 -0.0784971 -14.5502 -0.882543 0.044214 0.468224 136.191
0.467404 0.0608384 0.881986 176.879 0.00965208 0.99723 -0.0739049 -14.6 -0.88403 0.0430544 0.465518 136.562
0.463072 0.0519107 0.884835 177.571 0.00469265 0.998136 -0.0610156 -14.648 -0.886349 0.032405 0.461961 136.948
0.459791 0.0480318 0.886765 178.261 -0.000464924 0.99856 -0.0538481 -14.7031 -0.888066 0.0243446 0.459147 137.331
0.456272 0.0494578 0.888501 178.935 -0.000576696 0.998481 -0.0552857 -14.7481 -0.889881 0.0247111 0.455602 137.692
0.454496 0.051805 0.889279 179.595 0.00125016 0.99828 -0.0587959 -14.8175 -0.890787 0.0278322 0.453645 138.033
0.45152 0.0541901 0.89065 180.268 0.00169359 0.99811 -0.061589 -14.8746 -0.892301 0.0293152 0.45057 138.372
0.44762 0.0522233 0.892735 180.934 0.00250559 0.998227 -0.0596527 -14.9253 -0.894259 0.0289365 0.446692 138.707
0.445324 0.0508434 0.893961 181.578 0.00187769 0.998341 -0.0577175 -14.9805 -0.895409 0.0273797 0.444485 139.027
0.44306 0.0508753 0.895085 182.21 0.00148679 0.998356 -0.0574831 -15.0264 -0.89653 0.0267972 0.442252 139.351
0.440014 0.0507734 0.89659 182.817 0.00318179 0.998315 -0.0580978 -15.0768 -0.898026 0.0284147 0.439106 139.661
0.436503 0.0513756 0.898273 183.424 0.00460403 0.998238 -0.0593323 -15.1288 -0.89973 0.0300323 0.435493 139.963
0.431674 0.0526541 0.900528 184.021 0.00485547 0.998154 -0.0606921 -15.1646 -0.902058 0.0305698 0.430616 140.258
0.426254 0.0544492 0.903001 184.613 0.00428453 0.998065 -0.0622059 -15.1992 -0.904632 0.0303823 0.425192 140.549
0.421328 0.0558015 0.905226 185.19 0.00552428 0.997939 -0.0640899 -15.2462 -0.906933 0.0320016 0.420146 140.816
0.414357 0.0597213 0.908191 185.787 0.00616956 0.997648 -0.0684207 -15.2969 -0.910133 0.0339516 0.413009 141.09
0.406117 0.0613062 0.911798 186.388 0.00930626 0.997428 -0.0712106 -15.3387 -0.913814 0.0374033 0.404497 141.357
0.399466 0.0637632 0.914565 186.984 0.00764541 0.997322 -0.0728744 -15.3813 -0.916755 0.0361009 0.397905 141.624
0.390844 0.0649723 0.918196 187.593 0.00472236 0.997361 -0.0725862 -15.4292 -0.920485 0.032704 0.389501 141.897
0.382618 0.0642778 0.921705 188.226 0.00267949 0.997506 -0.0706783 -15.4721 -0.923941 0.0295104 0.381488 142.175
0.376209 0.0650951 0.924281 188.851 0.00316331 0.997443 -0.0715373 -15.5321 -0.92657 0.0298348 0.375037 142.431
0.367633 0.067242 0.927574 189.487 0.00267699 0.997313 -0.0733606 -15.5682 -0.930006 0.0294506 0.366461 142.692
0.358659 0.070281 0.930855 190.136 0.000665299 0.997153 -0.0755448 -15.6091 -0.933509 0.0277123 0.357586 142.959
0.350829 0.0736995 0.933572 190.783 -0.000981156 0.996938 -0.0783351 -15.6518 -0.936477 0.026564 0.349823 143.224
0.342061 0.0760244 0.936633 191.45 -0.00231829 0.996798 -0.0800632 -15.7279 -0.939716 0.0252131 0.341137 143.479
0.334331 0.0772374 0.939322 192.108 -0.0021237 0.996706 -0.081202 -15.7825 -0.942492 0.0251513 0.33339 143.716
0.326576 0.0787533 0.94192 192.789 -0.00334379 0.996624 -0.0821697 -15.8483 -0.945206 0.023683 0.325732 143.957
0.318026 0.0788948 0.944831 193.506 -0.000963645 0.996569 -0.0828927 -15.9128 -0.94812 0.0254493 0.317007 144.202
0.310917 0.0791089 0.947175 194.213 0.000371891 0.996531 -0.0833552 -15.9703 -0.950478 0.0262667 0.309804 144.444
0.302643 0.0770891 0.950018 194.942 0.00175076 0.996689 -0.0814358 -16.0336 -0.953141 0.026307 0.301502 144.694
0.294162 0.0753506 0.952817 195.703 0.000442664 0.996888 -0.0789746 -16.085 -0.955796 0.0236508 0.293208 144.93
0.288175 0.0712015 0.954964 196.456 0.00158838 0.997207 -0.0748324 -16.155 -0.957615 0.0230795 0.287253 145.171
0.28171 0.0686861 0.957074 197.228 0.00417483 0.997349 -0.0728074 -16.2278 -0.959531 0.0245039 0.280672 145.399
0.275224 0.0635987 0.959311 198.021 0.0039792 0.997738 -0.0672898 -16.2892 -0.96141 0.022335 0.274345 145.63
0.270061 0.0592432 0.961055 198.816 0.00393055 0.998041 -0.0626299 -16.3486 -0.962876 0.0206892 0.269295 145.873
0.265009 0.0585356 0.962505 199.624 0.00809128 0.997998 -0.0629239 -16.4195 -0.964251 0.0244612 0.264001 146.09
0.257668 0.0639341 0.964153 200.424 0.013139 0.997497 -0.0696589 -16.4583 -0.966186 0.0306145 0.256178 146.303
0.253857 0.0748585 0.964379 201.236 0.014289 0.996615 -0.0811242 -16.538 -0.967175 0.0343716 0.251924 146.519
0.249114 0.0827942 0.964965 202.065 0.0186155 0.995758 -0.0902443 -16.6169 -0.968337 0.0404419 0.246511 146.732
0.243706 0.0802974 0.966557 202.928 0.0254423 0.995707 -0.0891362 -16.6926 -0.969554 0.0463121 0.240613 146.943
0.239826 0.0744531 0.967993 203.797 0.0304201 0.996002 -0.0841463 -16.7821 -0.970381 0.0496242 0.236597 147.165
0.234131 0.0689967 0.969791 204.683 0.0320789 0.9964 -0.0786365 -16.8944 -0.971714 0.0495188 0.231071 147.386
0.228888 0.0729434 0.970752 205.53 0.0294352 0.996227 -0.0818003 -16.9738 -0.97305 0.0472948 0.225873 147.587
0.222962 0.0816812 0.971437 206.394 0.0258303 0.995652 -0.0896479 -17.0066 -0.974523 0.0450782 0.219879 147.81
0.216051 0.0853926 0.972677 207.285 0.0233581 0.995443 -0.0925819 -17.0735 -0.976145 0.0427197 0.213068 148.018
0.211282 0.0798575 0.974195 208.186 0.0218143 0.996037 -0.0863811 -17.142 -0.97722 0.0394999 0.208699 148.235
0.203675 0.0760541 0.976117 209.05 0.0201014 0.996455 -0.0818357 -17.2257 -0.978875 0.0362867 0.201419 148.456
0.197611 0.0765171 0.977328 209.963 0.0186764 0.996487 -0.0817956 -17.3116 -0.980142 0.0344145 0.195484 148.664
0.190886 0.0803193 0.978357 210.883 0.0159821 0.996272 -0.0849108 -17.3874 -0.981525 0.0318421 0.188887 148.841
0.186258 0.0803294 0.97925 211.809 0.0180904 0.996216 -0.0851642 -17.4744 -0.982373 0.0335753 0.184097 149.023
0.181849 0.0792557 0.980164 212.748 0.0219506 0.996183 -0.084626 -17.569 -0.983123 0.0369019 0.179411 149.196
0.177826 0.078697 0.980948 213.71 0.023521 0.996185 -0.0841855 -17.6578 -0.98382 0.0380409 0.175293 149.362
0.174445 0.0776066 0.981641 214.662 0.0250181 0.99623 -0.0832085 -17.7432 -0.984391 0.0390717 0.171842 149.529
0.169436 0.0769613 0.982569 215.616 0.0260064 0.996263 -0.0825207 -17.8323 -0.985237 0.0395327 0.166798 149.698
0.167803 0.0759745 0.982926 216.509 0.0242578 0.996417 -0.0811612 -17.9186 -0.985564 0.0374601 0.165354 149.855
0.164045 0.0744778 0.983676 217.463 0.0240848 0.996559 -0.0794722 -18.0072 -0.986199 0.0367262 0.161683 150.023
0.160363 0.0738187 0.984331 218.393 0.0203196 0.996753 -0.0780634 -18.1042 -0.986891 0.0325171 0.158338 150.182
0.162156 0.0758466 0.983885 219.37 0.016168 0.996717 -0.0795031 -18.199 -0.986673 0.0287968 0.160393 150.367
0.155803 0.0775996 0.984773 220.233 0.0149751 0.996621 -0.0809051 -18.2876 -0.987717 0.0273497 0.15411 150.505
0.156875 0.0777188 0.984595 221.19 0.0153976 0.996598 -0.0811221 -18.3636 -0.987539 0.0278838 0.155141 150.663
0.156335 0.0759566 0.984817 222.139 0.0155651 0.996738 -0.0793496 -18.4599 -0.987625 0.0277313 0.154639 150.825
0.155319 0.0736076 0.985158 223.09 0.0159023 0.996918 -0.0769959 -18.5162 -0.987778 0.0276225 0.153666 150.981
0.152998 0.0693325 0.98583 224.032 0.0206277 0.997108 -0.0733296 -18.6195 -0.988055 0.0315522 0.151122 151.125
0.152523 0.0713507 0.985762 224.964 0.0193191 0.996999 -0.0751557 -18.6861 -0.988153 0.0305043 0.150683 151.275
0.15006 0.0764697 0.985755 225.899 0.0165466 0.996685 -0.079839 -18.757 -0.988582 0.0282889 0.148293 151.428
0.149209 0.0792698 0.985664 226.847 0.0148006 0.996505 -0.0823847 -18.8346 -0.988737 0.0268783 0.14751 151.584
0.148357 0.0798814 0.985742 227.763 0.0106923 0.996559 -0.0823697 -18.9401 -0.98892 0.0227575 0.146988 151.737
0.143207 0.076495 0.986772 228.734 0.0111292 0.996835 -0.0788926 -19.0199 -0.989672 0.0222775 0.141899 151.86
0.143058 0.0707841 0.987219 229.675 0.0101221 0.997297 -0.0729759 -19.1043 -0.989706 0.0204301 0.141951 152.005
0.14003 0.0671617 0.987907 230.617 0.0122846 0.997516 -0.0695586 -19.1952 -0.990113 0.0218739 0.138853 152.151
0.136653 0.067039 0.988388 231.537 0.00999141 0.997579 -0.069046 -19.2611 -0.990614 0.0193083 0.135648 152.287
0.130725 0.0683487 0.9891 232.485 0.00955853 0.997501 -0.070195 -19.3385 -0.991415 0.0186281 0.129741 152.414
0.128408 0.0679021 0.989434 233.4 0.0093515 0.997541 -0.0696744 -19.4176 -0.991723 0.0181969 0.127453 152.54
0.124582 0.0670626 0.989982 234.345 0.00897534 0.997611 -0.0687113 -19.4838 -0.992211 0.0174433 0.123679 152.667
0.119534 0.0666908 0.990628 235.245 0.00923715 0.997639 -0.0682797 -19.5729 -0.992833 0.0173098 0.118632 152.796
0.116027 0.0660885 0.991086 236.16 0.00791275 0.997706 -0.0674586 -19.6478 -0.993258 0.015667 0.115234 152.912
0.111652 0.0664155 0.991566 237.091 0.00883547 0.997674 -0.0678219 -19.7101 -0.993755 0.0163307 0.110801 153.035
0.10737 0.0664059 0.99204 238.024 0.00795177 0.997693 -0.0676474 -19.7745 -0.994231 0.0151495 0.10659 153.146
0.104119 0.0652561 0.992463 238.954 0.00638666 0.997797 -0.0662793 -19.8445 -0.994591 0.0132368 0.103468 153.254
0.100593 0.065685 0.992799 239.887 0.00547853 0.997783 -0.0665721 -19.9058 -0.994958 0.0121334 0.100006 153.36
0.0978154 0.0693047 0.992829 240.799 0.0042632 0.997551 -0.0700566 -19.9399 -0.995242 0.0110826 0.0972762 153.463
0.0947793 0.0740261 0.992785 241.721 0.000623068 0.997243 -0.0744204 -20.0059 -0.995544 0.00766967 0.0944679 153.566
0.0911774 0.0754914 0.993011 242.644 -0.00184501 0.997152 -0.075639 -20.069 -0.995881 0.00506177 0.0910527 153.664
0.0893368 0.0750346 0.993214 243.58 -0.00479928 0.997196 -0.0749062 -20.1172 -0.996036 0.00192279 0.0894425 153.756
0.0867528 0.0727662 0.993611 244.507 -0.00725523 0.997368 -0.07241 -20.1807 -0.996253 -0.000929715 0.0870481 153.844
0.0836991 0.071299 0.99398 245.43 -0.0091136 0.997469 -0.0707841 -20.233 -0.996496 -0.00313651 0.0841329 153.935
0.080937 0.0718587 0.994168 246.351 -0.0134245 0.997405 -0.0710019 -20.2791 -0.996678 -0.00760198 0.0816874 154.002
0.0789745 0.070642 0.994414 247.234 -0.010171 0.99751 -0.0700565 -20.3621 -0.996871 -0.00458382 0.0794923 154.071
0.0749153 0.0731827 0.994544 248.138 -0.0124709 0.997314 -0.0724493 -20.4277 -0.997161 -0.0069777 0.0756225 154.143
0.0742359 0.0759124 0.994392 249.04 -0.0117439 0.997115 -0.0752459 -20.51 -0.997218 -0.00609433 0.0749092 154.209
0.0708279 0.0730149 0.994856 249.957 -0.00672591 0.997349 -0.0727212 -20.5823 -0.997516 -0.00154322 0.0711272 154.277
0.0674801 0.0670843 0.995507 250.878 -0.00123491 0.997762 -0.0671547 -20.6634 -0.997767 0.0032998 0.0674079 154.353
0.0653403 0.0671969 0.995641 251.775 0.00118242 0.997744 -0.0674187 -20.7528 -0.997912 0.00557969 0.0651094 154.405
0.0626726 0.0746726 0.995281 252.667 0.0024286 0.997203 -0.074972 -20.8484 -0.998078 0.00711341 0.062312 154.475
0.0585545 0.0856167 0.994648 253.557 0.00397056 0.996307 -0.0859954 -20.9139 -0.998326 0.00898174 0.0579943 154.531
0.0548573 0.0896244 0.994508 254.462 0.00219726 0.99597 -0.0898796 -20.9899 -0.998539 0.00711324 0.0544354 154.588
0.0510218 0.0856859 0.995057 255.362 -0.00240842 0.99634 -0.085675 -21.055 -0.998744 0.00197193 0.0510375 154.641
0.047296 0.0804749 0.995678 256.263 -0.00393289 0.996777 -0.0803791 -21.1342 -0.99892 -0.000116595 0.0474563 154.682
0.0432868 0.0753033 0.996263 257.161 -0.00337235 0.997181 -0.0752282 -21.2051 -0.999107 -0.000106081 0.0434148 154.736
0.0384072 0.0764778 0.996375 258.066 -0.00817655 0.997078 -0.0762188 -21.2888 -0.999276 -0.00522171 0.0389166 154.786
0.0310165 0.0745494 0.996779 258.948 -0.0112057 0.997198 -0.0742344 -21.3589 -0.999507 -0.00886972 0.0317613 154.83
0.0262419 0.0709669 0.997178 259.837 -0.0141398 0.997424 -0.0706146 -21.4301 -0.999602 -0.0122488 0.0271742 154.871
0.0202029 0.0676331 0.99755 260.71 -0.0145056 0.997645 -0.0673481 -21.487 -0.999741 -0.013112 0.0211329 154.9
0.0140034 0.0678743 0.99764 261.538 -0.0116338 0.997657 -0.0677144 -21.5621 -0.999881 -0.0106601 0.0147567 154.92
0.00950905 0.0713109 0.997453 262.43 -0.00910219 0.99744 -0.0712256 -21.6349 -0.999964 -0.0084043 0.0101305 154.92
0.00298119 0.071962 0.997447 263.3 -0.00738233 0.997402 -0.0719389 -21.7046 -1.00002 -0.0071511 0.00350141 154.927
-0.00376306 0.0722741 0.997423 264.178 -0.00756999 0.997375 -0.0723016 -21.756 -1.00001 -0.00782529 -0.00320908 154.928
-0.00859963 0.0701146 0.997546 265.073 -0.00782987 0.997524 -0.0701828 -21.8084 -0.99998 -0.00841625 -0.00803242 154.928
-0.0138206 0.0690041 0.997566 265.943 -0.00479722 0.997621 -0.0690768 -21.8753 -0.999944 -0.00574289 -0.0134595 154.912
-0.0190874 0.0702686 0.997389 266.814 -0.00370967 0.997536 -0.0703521 -21.9383 -0.999858 -0.00504494 -0.0187826 154.89
-0.021574 0.0719985 0.997217 267.689 -0.00496543 0.997405 -0.0721219 -22.0015 -0.999805 -0.00651017 -0.0211632 154.884
-0.023931 0.0724818 0.997127 268.557 -0.00202441 0.997383 -0.0725513 -22.0648 -0.999759 -0.00375687 -0.0237244 154.856
-0.0268962 0.0702133 0.997215 269.426 0.00200824 0.997553 -0.0701853 -22.1384 -0.999687 0.000112206 -0.026974 154.83
-0.0272612 0.0679473 0.997361 270.28 0.00445041 0.997707 -0.0678513 -22.2053 -0.999666 0.00258683 -0.0275039 154.804
-0.0269772 0.0664522 0.99747 271.152 0.00520019 0.997805 -0.0663362 -22.2565 -0.999673 0.00339471 -0.0272661 154.774
-0.0292098 0.0656164 0.997462 272.028 0.00608604 0.997857 -0.0654663 -22.342 -0.999603 0.00415619 -0.0295493 154.741
-0.0275642 0.0658261 0.997496 272.886 0.00864679 0.997829 -0.0656115 -22.4011 -0.999634 0.00681376 -0.0280761 154.712
-0.0273157 0.0674528 0.997393 273.747 0.010939 0.997702 -0.0671762 -22.4651 -0.999615 0.00907323 -0.0279935 154.692
-0.0279045 0.069085 0.997266 274.604 0.014268 0.997556 -0.0687082 -22.5215 -0.99956 0.0123088 -0.0288245 154.672
-0.0258901 0.0712295 0.997169 275.447 0.0174838 0.997359 -0.0707912 -22.5932 -0.99956 0.0155991 -0.0270698 154.65
-0.0257898 0.0722926 0.997095 276.288 0.0192698 0.997254 -0.0718081 -22.6697 -0.999532 0.0173589 -0.0271145 154.631
-0.0229047 0.0723526 0.997161 277.113 0.0213729 0.997206 -0.0718671 -22.7393 -0.999558 0.0196635 -0.0243899 154.607
-0.0204267 0.0711737 0.997299 277.938 0.0227408 0.997259 -0.0707074 -22.8012 -0.999584 0.021232 -0.021992 154.595
-0.0166086 0.0690707 0.997518 278.752 0.0244355 0.997362 -0.0686551 -22.8686 -0.999612 0.023232 -0.0182556 154.582
-0.0127911 0.0665293 0.997747 279.558 0.0250662 0.997514 -0.0661947 -22.9249 -0.999655 0.02416 -0.0144299 154.583
-0.00805434 0.0635477 0.997992 280.329 0.0239557 0.997726 -0.0633396 -22.9872 -0.99973 0.0233948 -0.00956146 154.574
-0.00301743 0.0611133 0.998171 281.133 0.0235754 0.997879 -0.0610265 -23.0385 -0.999769 0.023345 -0.00445497 154.577
0.000428137 0.061158 0.998174 281.903 0.0205727 0.997938 -0.0611545 -23.096 -0.999838 0.0205587 -0.000834143 154.587
0.00390008 0.0622198 0.9981 282.636 0.0192385 0.997895 -0.0622846 -23.1439 -0.999858 0.0194419 0.00269161 154.592
0.00886292 0.063389 0.997996 283.421 0.0176165 0.997845 -0.0635382 -23.2038 -0.999856 0.0181418 0.00772382 154.605
0.0129587 0.0609569 0.998102 284.178 0.019075 0.997966 -0.0611985 -23.2441 -0.999785 0.0198289 0.0117662 154.614
0.0160726 0.0583486 0.998214 284.862 0.0177541 0.998144 -0.0586328 -23.2758 -0.999763 0.0186623 0.0150033 154.628
0.0182108 0.0569993 0.998254 285.5 0.0150753 0.998267 -0.0572771 -23.3064 -0.999772 0.016089 0.0173164 154.639
0.0222683 0.0571069 0.998167 286.149 0.0157634 0.998245 -0.0574654 -23.3576 -0.999678 0.0170116 0.0213256 154.656
0.026475 0.0588898 0.997959 286.801 0.0151761 0.998147 -0.0593056 -23.4026 -0.999586 0.0167122 0.0255286 154.675
0.0275166 0.0605475 0.997834 287.4 0.014362 0.99806 -0.0609596 -23.4467 -0.999568 0.0160059 0.0265901 154.69
0.0300089 0.0624497 0.997643 288.029 0.0128818 0.997962 -0.0628591 -23.504 -0.999518 0.0147347 0.0291396 154.712
0.0330519 0.0621397 0.997568 288.654 0.0102999 0.998014 -0.0625111 -23.5484 -0.999451 0.0123386 0.0323425 154.743
0.0374685 0.0633502 0.997335 289.294 0.00690404 0.997972 -0.0636521 -23.608 -0.999325 0.0092675 0.0369513 154.779
0.0391167 0.0626855 0.997314 289.879 0.00402987 0.998035 -0.0628913 -23.6782 -0.999277 0.0064769 0.0387834 154.806
0.0431666 0.0619328 0.997194 290.483 0.00420572 0.99808 -0.0621719 -23.7086 -0.999111 0.00687461 0.0428194 154.843
0.0455987 0.0627247 0.997037 291.078 0.00401471 0.99803 -0.0629732 -23.7325 -0.999003 0.00687197 0.0452531 154.868
0.0495391 0.0650773 0.996697 291.669 0.000489983 0.997898 -0.0651819 -23.7896 -0.998824 0.00371446 0.049399 154.909
0.0533124 0.0653774 0.996484 292.248 -0.00059524 0.997879 -0.0654395 -23.8396 -0.998629 0.00289327 0.0532341 154.953
0.0562569 0.0651738 0.996335 292.799 -0.00117006 0.997895 -0.0652117 -23.8817 -0.998467 0.00249988 0.0562107 154.985
0.059086 0.0653944 0.996156 293.366 -0.00149986 0.997879 -0.0654209 -23.9137 -0.998303 0.00236905 0.0590546 155.033
0.0628509 0.0660881 0.995881 293.915 -0.00170053 0.997835 -0.0661123 -23.9641 -0.998074 0.00245866 0.0628231 155.073
0.064894 0.0668073 0.995701 294.418 -0.00367115 0.997788 -0.0667105 -24.0105 -0.997937 0.000671388 0.0649915 155.116
0.066183 0.0688679 0.995477 294.945 -0.00361707 0.99765 -0.0687798 -24.0521 -0.997854 0.000948347 0.0662723 155.146
0.0682417 0.0699391 0.995262 295.397 -0.00345697 0.997573 -0.0698668 -24.0979 -0.997714 0.0013248 0.0683134 155.167
0.0695678 0.070642 0.995123 295.877 -0.00407952 0.997526 -0.0705297 -24.1387 -0.997623 0.000844124 0.0696795 155.2
0.0691368 0.0711433 0.995116 296.296 -0.00702264 0.997487 -0.0708273 -24.1852 -0.997634 -0.00209391 0.0694582 155.219
0.071326 0.0725526 0.994862 296.789 -0.00866869 0.997383 -0.0721173 -24.2454 -0.99747 -0.00348312 0.0717639 155.256
0.0710098 0.0731305 0.99484 297.203 -0.0103881 0.997333 -0.0725746 -24.3003 -0.997473 -0.0051832 0.0715756 155.282
0.0688358 0.0735547 0.994964 297.618 -0.0102628 0.997302 -0.07302 -24.3372 -0.997629 -0.00518738 0.0694007 155.331
0.0701393 0.0738723 0.994847 298.116 -0.00901948 0.997284 -0.0734198 -24.3526 -0.997548 -0.00382571 0.0706107 155.389
0.0691414 0.0741482 0.994899 298.622 -0.00855762 0.997266 -0.0737323 -24.362 -0.997625 -0.00341871 0.0695826 155.442
0.0661605 0.073125 0.995175 299.101 -0.00831438 0.997341 -0.0727338 -24.4026 -0.997826 -0.00346449 0.0665883 155.499
0.0655194 0.0730662 0.995224 299.613 -0.00767066 0.997347 -0.0727195 -24.4527 -0.997876 -0.00287223 0.065902 155.539
0.0631515 0.0765689 0.995112 300.138 -0.00382372 0.997089 -0.0764807 -24.4799 -0.998049 0.00102249 0.0632562 155.569
0.0617168 0.0800845 0.994927 300.679 0.00165795 0.99679 -0.0803397 -24.5353 -0.998147 0.00660485 0.061382 155.602
0.0602373 0.0850974 0.9946 301.226 0.00442236 0.996352 -0.0855174 -24.5719 -0.998226 0.00954727 0.0596371 155.628
0.0574369 0.0877742 0.994535 301.773 0.00430245 0.996121 -0.088165 -24.609 -0.998394 0.00933978 0.0568327 155.657
0.0555408 0.0886023 0.994568 302.333 0.00374775 0.996054 -0.0889464 -24.6468 -0.998502 0.00866499 0.0549855 155.697
0.0543658 0.0865804 0.994812 302.911 0.00880274 0.996178 -0.0871828 -24.6924 -0.998537 0.0134935 0.053392 155.712
0.0530805 0.0822727 0.995246 303.51 0.0172821 0.996401 -0.0832923 -24.7555 -0.998493 0.0216184 0.0514634 155.742
0.0517494 0.0815166 0.99538 304.095 0.0191538 0.996423 -0.0826002 -24.8055 -0.998531 0.0233363 0.0499991 155.752
0.0484743 0.0845654 0.995289 304.695 0.0150566 0.99626 -0.0853836 -24.8601 -0.998764 0.0191218 0.0470155 155.787
0.0461101 0.0865055 0.995236 305.313 0.0122921 0.996143 -0.0871563 -24.8987 -0.998916 0.0162489 0.0448652 155.829
0.0449302 0.0849902 0.99542 305.937 0.0169172 0.996193 -0.0858222 -24.9653 -0.9989 0.020693 0.0433171 155.86
0.043729 0.0834986 0.9956 306.571 0.0212501 0.996222 -0.0844866 -25.0135 -0.998873 0.0248475 0.0417857 155.879
0.0414442 0.0841071 0.995646 307.227 0.023191 0.996127 -0.0851155 -25.0691 -0.998926 0.0266146 0.039329 155.907
0.0387698 0.0853232 0.995652 307.881 0.0210888 0.99608 -0.0861837 -25.1184 -0.999081 0.0243348 0.0368148 155.945
0.0375948 0.087468 0.99551 308.55 0.0184407 0.995958 -0.0882063 -25.1694 -0.999177 0.0216711 0.0358258 155.973
0.0351384 0.0903644 0.995342 309.221 0.0180608 0.995708 -0.0910379 -25.2277 -0.999275 0.021172 0.0333519 156.001
0.0340096 0.0935733 0.995083 309.906 0.0195339 0.995381 -0.0942714 -25.2804 -0.999285 0.022641 0.0320207 156.018
0.0320177 0.0918534 0.995311 310.611 0.0171528 0.995595 -0.0924342 -25.3477 -0.999396 0.0200283 0.0302976 156.043
0.030258 0.0920004 0.995351 311.322 0.013851 0.995647 -0.0924513 -25.4076 -0.999501 0.0165811 0.028848 156.07
0.0284611 0.0931086 0.995303 312.033 0.013132 0.995556 -0.0935106 -25.4729 -0.999565 0.0157282 0.0271084 156.097
0.0267275 0.0967477 0.995002 312.754 0.0163986 0.995156 -0.0972056 -25.5532 -0.999563 0.0189117 0.0250076 156.127
0.0248386 0.101964 0.994532 313.488 0.0180303 0.994602 -0.102425 -25.6297 -0.999585 0.0204721 0.0228626 156.14
0.0241258 0.105955 0.994131 314.231 0.0180543 0.994186 -0.106402 -25.686 -0.999601 0.0205123 0.0220687 156.155
0.0239055 0.103457 0.9944 314.985 0.0206502 0.994392 -0.103956 -25.7813 -0.999557 0.0230159 0.0216316 156.164
0.0221762 0.0985309 0.99494 315.757 0.0262622 0.994758 -0.0991007 -25.8691 -0.999464 0.0283238 0.0194687 156.181
0.0217695 0.0962196 0.995176 316.537 0.0291546 0.994898 -0.0968334 -25.955 -0.999394 0.031118 0.0188499 156.191
0.0204768 0.0971799 0.995109 317.303 0.0310606 0.99475 -0.0977865 -26.0309 -0.999363 0.0329078 0.0173471 156.205
0.019162 0.0994415 0.994912 318.088 0.0319586 0.994496 -0.100018 -26.1027 -0.999362 0.0337085 0.0158754 156.209
0.0189289 0.10091 0.994768 318.88 0.0322843 0.994341 -0.101483 -26.182 -0.999355 0.0340331 0.0155602 156.222
0.0193209 0.0998665 0.994867 319.673 0.033015 0.994416 -0.100465 -26.2676 -0.999325 0.0347825 0.0159127 156.244
0.0192075 0.098955 0.99496 320.475 0.0336706 0.994489 -0.0995606 -26.3527 -0.999304 0.0354099 0.0157661 156.253
0.0212361 0.0969939 0.995112 321.294 0.0339517 0.994663 -0.0976776 -26.4332 -0.999255 0.0358558 0.0178264 156.263
0.0222345 0.0961667 0.995171 322.118 0.0340606 0.99474 -0.0968886 -26.5173 -0.999228 0.0360471 0.0188383 156.289
0.0240458 0.0952866 0.995213 322.955 0.0333927 0.994839 -0.0960606 -26.5949 -0.99921 0.0355384 0.0207364 156.299
0.0269976 0.093811 0.995278 323.807 0.0340349 0.994951 -0.0947059 -26.6861 -0.999112 0.0364277 0.0236645 156.32
0.0296583 0.0926137 0.995314 324.664 0.0347243 0.995026 -0.0936247 -26.7639 -0.999014 0.0373341 0.0262913 156.347
0.0322378 0.0921544 0.995277 325.526 0.0354126 0.995037 -0.0932819 -26.8535 -0.998909 0.0382491 0.0288102 156.374
0.031716 0.0918731 0.99532 326.382 0.0358309 0.995046 -0.0929926 -26.9375 -0.998912 0.0386083 0.0282634 156.386
0.0411958 0.0921652 0.994945 327.279 0.0377235 0.99491 -0.0937265 -27.0237 -0.998496 0.0413906 0.0375051 156.419
0.0405687 0.0918038 0.995005 328.144 0.0396134 0.994864 -0.0934089 -27.1136 -0.998449 0.0432006 0.0367199 156.444
0.0441913 0.0909141 0.994933 329.022 0.0414658 0.994853 -0.0927513 -27.204 -0.998219 0.045351 0.0401897 156.472
0.0485113 0.0913241 0.994694 329.912 0.0416788 0.994783 -0.0933681 -27.2853 -0.998011 0.0459826 0.0444481 156.517
0.0523048 0.0919174 0.994447 330.815 0.042595 0.994671 -0.0941812 -27.3744 -0.99778 0.0472812 0.0481064 156.564
0.0572553 0.0928261 0.99409 331.718 0.0415646 0.994607 -0.0952714 -27.459 -0.997552 0.0467692 0.0530842 156.608
0.0606414 0.0936043 0.993816 332.629 0.0382099 0.994674 -0.0960192 -27.5285 -0.997486 0.043793 0.0567372 156.661
0.063302 0.0948878 0.993528 333.527 0.0370797 0.994583 -0.0973542 -27.6262 -0.997363 0.0429982 0.0594366 156.719
0.0666381 0.0953146 0.99327 334.448 0.0345467 0.994637 -0.0977664 -27.7192 -0.997237 0.0408258 0.0629833 156.783
0.0681533 0.0938137 0.99331 335.378 0.0335759 0.994814 -0.0962626 -27.8043 -0.997168 0.0399077 0.0646457 156.852
0.0680295 0.0909156 0.993588 336.32 0.0336031 0.995093 -0.093357 -27.8937 -0.997175 0.0397354 0.064636 156.914
0.0706123 0.0900499 0.993487 337.261 0.035804 0.995071 -0.0927413 -27.9977 -0.996919 0.0421151 0.0670359 156.987
0.0720207 0.0899896 0.993391 338.187 0.0375257 0.994999 -0.0928588 -28.0912 -0.996755 0.0439621 0.0682788 157.051
0.0712115 0.0905497 0.993398 339.106 0.0378258 0.994934 -0.0934043 -28.1786 -0.996802 0.0442232 0.0674214 157.105
0.0726422 0.0910053 0.993253 340.047 0.0363069 0.994954 -0.0938196 -28.2631 -0.996755 0.0428738 0.0689667 157.174
0.0723174 0.0895997 0.993405 340.978 0.0343377 0.995167 -0.0922614 -28.3522 -0.996849 0.0407791 0.068887 157.242
0.0699797 0.088759 0.993647 341.921 0.0333886 0.995293 -0.0912608 -28.4514 -0.997048 0.0395595 0.066682 157.314
0.0707038 0.0883267 0.993635 342.854 0.0317461 0.995392 -0.090745 -28.5455 -0.99705 0.0379559 0.0675698 157.386
0.071564 0.089478 0.99347 343.766 0.0325912 0.995252 -0.0919895 -28.636 -0.996962 0.0389581 0.0683032 157.451
0.0701637 0.0896469 0.993555 344.69 0.0320681 0.995261 -0.0920685 -28.7347 -0.997078 0.0383171 0.0669522 157.512
0.0722826 0.0906002 0.993316 345.612 0.0303188 0.995231 -0.0929844 -28.8167 -0.996982 0.036834 0.0691861 157.588
0.0720829 0.0908129 0.993312 346.514 0.0308909 0.99519 -0.0932295 -28.9111 -0.996979 0.0374003 0.0689267 157.656
0.0715604 0.0915562 0.993282 347.411 0.0294821 0.995174 -0.0938582 -28.989 -0.997059 0.0359971 0.0685112 157.724
0.073015 0.0906331 0.993261 348.322 0.0296605 0.995249 -0.0929981 -29.0817 -0.996949 0.0362467 0.0699756 157.784
0.0730133 0.0913663 0.993194 349.217 0.0279955 0.99524 -0.0936161 -29.1626 -0.996997 0.0346368 0.0701033 157.862
0.0733579 0.0928295 0.993033 350.088 0.0279352 0.995102 -0.0950899 -29.2466 -0.996974 0.034712 0.0704012 157.916
0.0752374 0.0927056 0.992904 350.979 0.0300369 0.995032 -0.0951838 -29.3508 -0.996772 0.0369816 0.0720743 157.973
0.0768021 0.0913203 0.992913 351.887 0.0317119 0.995095 -0.0939771 -29.4231 -0.996601 0.0387005 0.0735253 158.03
0.0804535 0.0885191 0.992877 352.81 0.0338521 0.995256 -0.0914779 -29.5226 -0.996242 0.0409671 0.0770706 158.103
0.0792734 0.0897272 0.992863 353.701 0.0374429 0.994995 -0.0929125 -29.5977 -0.996209 0.0445366 0.0755127 158.166
0.0814409 0.0950126 0.992196 354.601 0.0418645 0.994266 -0.0986508 -29.699 -0.995857 0.0495682 0.0769916 158.236
0.0846824 0.0966963 0.991762 355.487 0.0438501 0.99398 -0.10066 -29.7832 -0.995502 0.0520083 0.0799281 158.308
0.0886884 0.0959084 0.991488 356.392 0.0466317 0.993887 -0.100315 -29.8772 -0.995026 0.0551276 0.083669 158.379
0.0912378 0.0965692 0.991193 357.298 0.0483567 0.993709 -0.101269 -29.9787 -0.994714 0.0571656 0.0859896 158.457
0.0938507 0.0978533 0.990823 358.186 0.047491 0.99361 -0.10263 -30.063 -0.994512 0.0566833 0.0885988 158.54
0.0981714 0.0975172 0.990437 359.085 0.0473869 0.993626 -0.102531 -30.1478 -0.994101 0.0569946 0.09292 158.63
0.101507 0.0951485 0.990331 359.98 0.0453704 0.993962 -0.100151 -30.2416 -0.993859 0.0550939 0.0965715 158.719
0.104448 0.0915831 0.990362 360.882 0.0446552 0.994341 -0.0966637 -30.3269 -0.993588 0.0543164 0.0997621 158.808
0.10888 0.0898433 0.990043 361.781 0.0427547 0.994587 -0.0949611 -30.4174 -0.993194 0.0526645 0.104444 158.908
0.113733 0.0905044 0.989438 362.684 0.0384734 0.99472 -0.0954131 -30.4855 -0.992827 0.048914 0.109646 159.014
0.117869 0.0898022 0.989017 363.569 0.037819 0.994799 -0.0948379 -30.5807 -0.992368 0.0485783 0.113854 159.124
0.124542 0.0898336 0.988197 364.454 0.0359301 0.994857 -0.0949706 -30.6786 -0.991625 0.0473293 0.120669 159.232
0.131493 0.0898487 0.987294 365.361 0.0338388 0.994922 -0.0950531 -30.7722 -0.990799 0.0459039 0.127779 159.357
0.138589 0.0906753 0.986248 366.245 0.0320597 0.994892 -0.0959783 -30.8628 -0.989893 0.0449157 0.134968 159.481
0.147312 0.0913291 0.984922 367.151 0.0294927 0.994905 -0.0966693 -30.9603 -0.98871 0.0432848 0.143861 159.618
0.156652 0.0907123 0.983537 368.039 0.0280434 0.994989 -0.0962383 -31.0569 -0.987318 0.0426532 0.153317 159.762
0.164416 0.0904898 0.98229 368.939 0.0271976 0.995014 -0.0962178 -31.1631 -0.986076 0.042532 0.161128 159.91
0.174328 0.0898595 0.980637 369.835 0.0251253 0.995122 -0.0956566 -31.248 -0.98443 0.04131 0.171213 160.072
0.184803 0.0889336 0.978801 370.737 0.023397 0.995242 -0.0948483 -31.3342 -0.982558 0.0404257 0.181836 160.248
0.188786 0.0885272 0.978079 371.644 0.022691 0.995294 -0.0944685 -31.4419 -0.981819 0.0400235 0.185882 160.417
0.19892 0.0880266 0.976113 372.545 0.0204542 0.995394 -0.0939371 -31.5203 -0.979863 0.038648 0.196196 160.618
0.204232 0.0878524 0.975032 373.451 0.0183946 0.99547 -0.0935502 -31.6044 -0.978814 0.0370369 0.201684 160.806
0.208161 0.0880722 0.974181 374.354 0.0170269 0.995486 -0.0936402 -31.6995 -0.978008 0.0360759 0.205714 160.999
0.213939 0.0880723 0.972928 375.235 0.0166296 0.99548 -0.0937738 -31.7934 -0.97677 0.0362369 0.211499 161.201
0.21862 0.0880537 0.971889 376.128 0.0159805 0.99549 -0.0937902 -31.8871 -0.975741 0.036032 0.216218 161.411
0.222905 0.0876685 0.97095 377.006 0.0166584 0.995485 -0.0937116 -31.9773 -0.974763 0.0370588 0.22043 161.619
0.228187 0.088565 0.969641 377.913 0.0152263 0.995434 -0.0945077 -32.0589 -0.97356 0.0363257 0.225789 161.836
0.232707 0.0883863 0.968582 378.814 0.0142956 0.995468 -0.0942778 -32.1472 -0.972508 0.0357811 0.23038 162.062
0.237092 0.0873222 0.967615 379.694 0.0148318 0.995536 -0.0934798 -32.2423 -0.971437 0.0365109 0.23473 162.278
0.243144 0.0860865 0.966223 380.586 0.0134258 0.995685 -0.0920934 -32.3399 -0.969963 0.0353599 0.240931 162.52
0.246821 0.084117 0.965464 381.483 0.0129818 0.995875 -0.090089 -32.4368 -0.969037 0.0347657 0.244703 162.756
0.25079 0.0817803 0.964642 382.357 0.0124627 0.996095 -0.0876904 -32.5275 -0.968027 0.0340096 0.248783 162.985
0.25595 0.0804604 0.963397 383.252 0.0102437 0.996274 -0.0859314 -32.6036 -0.966699 0.0318592 0.254163 163.226
0.26021 0.0805087 0.96225 384.123 0.0105072 0.996248 -0.086198 -32.69 -0.965561 0.0325359 0.258379 163.462
0.264674 0.0830461 0.960817 384.985 0.00851878 0.996071 -0.0884436 -32.7694 -0.964364 0.0315901 0.262918 163.694
0.269843 0.0847595 0.959228 385.847 0.00660531 0.995958 -0.0898667 -32.8353 -0.962948 0.0305816 0.268183 163.945
0.273816 0.0846727 0.958109 386.706 0.00502936 0.996003 -0.0894628 -32.9224 -0.961833 0.0293114 0.272286 164.187
0.276445 0.0818603 0.957599 387.547 0.00359927 0.996297 -0.086211 -33.0104 -0.96109 0.027275 0.275117 164.434
0.279802 0.079139 0.956853 388.409 0.00118435 0.996593 -0.0827762 -33.0956 -0.960122 0.0242907 0.278745 164.703
0.282345 0.0795907 0.956067 389.244 -0.00209058 0.996627 -0.0823534 -33.1702 -0.959378 0.0212493 0.281549 164.967
0.283392 0.0839731 0.955383 390.077 -0.00597014 0.99632 -0.0858044 -33.2492 -0.959051 0.0186091 0.282841 165.224
0.284699 0.087775 0.954652 390.893 -0.00735215 0.995996 -0.0893873 -33.3244 -0.958657 0.0184257 0.284195 165.484
0.286636 0.0879571 0.954056 391.734 -0.00900532 0.996006 -0.0891232 -33.3996 -0.958062 0.016951 0.286274 165.747
0.287425 0.0843775 0.954141 392.548 -0.0110377 0.996364 -0.0847898 -33.4754 -0.957808 0.0138353 0.287301 166.002
0.288413 0.0801306 0.95421 393.376 -0.0128496 0.996752 -0.0798234 -33.5482 -0.957485 0.0107576 0.288496 166.268
0.28952 0.0780165 0.95405 394.2 -0.0141187 0.996939 -0.0772427 -33.629 -0.957136 0.00888969 0.289725 166.532
0.288894 0.0771657 0.954309 394.995 -0.0145393 0.99701 -0.0762213 -33.7067 -0.957316 0.00814172 0.289142 166.775
0.289419 0.0771024 0.954155 395.817 -0.0143527 0.997015 -0.0762157 -33.777 -0.957164 0.00835985 0.289651 167.036
0.289371 0.0777375 0.954118 396.626 -0.0140753 0.99696 -0.0769634 -33.8412 -0.957179 0.00883836 0.289576 167.296
0.289503 0.0749891 0.954298 397.421 -0.0101476 0.997138 -0.0752805 -33.8996 -0.957193 0.0121062 0.289425 167.528
0.291225 0.0727791 0.953945 398.241 -0.00896743 0.997291 -0.0733527 -33.9737 -0.956679 0.0128044 0.291079 167.795
0.291104 0.0747151 0.953833 399.042 -0.0087753 0.997139 -0.0754328 -34.0382 -0.956721 0.0135847 0.290916 168.053
0.291344 0.0773694 0.953548 399.829 -0.00678849 0.996892 -0.0788163 -34.1073 -0.956661 0.0164861 0.290954 168.296
0.291858 0.0809598 0.953093 400.636 -0.00593687 0.996573 -0.0828387 -34.1788 -0.956513 0.0185147 0.291328 168.551
0.292032 0.0812446 0.953015 401.455 -0.00646179 0.996557 -0.0829806 -34.2391 -0.956453 0.0180713 0.291541 168.816
0.291054 0.0784248 0.953551 402.261 -0.006241 0.996796 -0.0800802 -34.3206 -0.956757 0.0173524 0.2906 169.057
0.291165 0.0779118 0.953559 403.092 -0.0071028 0.996853 -0.0792846 -34.3858 -0.956713 0.0163085 0.290792 169.315
0.291455 0.078815 0.953397 403.914 -0.00641719 0.996767 -0.0804422 -34.4547 -0.956633 0.0173231 0.291008 169.569
0.291223 0.0815673 0.953235 404.734 -0.00550141 0.996512 -0.0835939 -34.5291 -0.956706 0.0190969 0.290646 169.82
0.292315 0.0825078 0.952821 405.575 -0.00524045 0.996422 -0.0846794 -34.6085 -0.956378 0.0197557 0.291692 170.087
0.291689 0.0815135 0.953098 406.421 -0.00476115 0.996501 -0.0837726 -34.6819 -0.956568 0.0198942 0.291046 170.344
0.292845 0.0793211 0.952929 407.316 -0.00427028 0.99668 -0.0816543 -34.761 -0.956221 0.0198386 0.292201 170.623
0.292817 0.0786349 0.952994 408.151 -0.00209665 0.99669 -0.0816004 -34.8462 -0.956233 0.0218923 0.292003 170.871
0.294464 0.0786203 0.952489 409.042 0.00126134 0.996606 -0.0826553 -34.9276 -0.955733 0.025536 0.293355 171.143
0.294608 0.0780428 0.952491 409.911 0.00492502 0.996549 -0.0831804 -35.0141 -0.955673 0.029193 0.293197 171.405
0.296666 0.0770212 0.951936 410.813 0.00724887 0.996561 -0.0828944 -35.0966 -0.955025 0.0314879 0.295077 171.68
0.298245 0.0754655 0.951567 411.693 0.0121395 0.996516 -0.0828395 -35.1913 -0.95448 0.0362541 0.296281 171.941
0.299527 0.07387 0.95129 412.569 0.0162361 0.996488 -0.0824955 -35.2838 -0.954021 0.0401501 0.297265 172.209
0.299224 0.0713678 0.951576 413.426 0.0150322 0.99675 -0.0794871 -35.3497 -0.954132 0.0380849 0.297169 172.485
0.300507 0.067002 0.95149 414.318 0.0134551 0.997162 -0.0744711 -35.3951 -0.953757 0.0351769 0.298743 172.789
0.301273 0.061935 0.95159 415.199 0.0145957 0.997499 -0.0695485 -35.4797 -0.953494 0.0348385 0.299606 173.063
0.300617 0.0620812 0.951789 416.046 0.0156025 0.997455 -0.0699912 -35.5379 -0.95369 0.0358861 0.298873 173.318
0.301886 0.0647461 0.951208 416.926 0.0144843 0.997291 -0.0724843 -35.6133 -0.953303 0.0356558 0.300121 173.587
0.302706 0.0660045 0.950862 417.795 0.0149776 0.997176 -0.073991 -35.6881 -0.953039 0.0366344 0.300852 173.864
0.302488 0.0640413 0.951065 418.658 0.0173511 0.997232 -0.072673 -35.7548 -0.953064 0.0384809 0.30053 174.136
0.304413 0.0613702 0.950627 419.516 0.0189503 0.997364 -0.0704591 -35.8265 -0.952424 0.0394585 0.302437 174.414
0.304734 0.0596901 0.950631 420.375 0.0182354 0.997513 -0.0684839 -35.8953 -0.952332 0.0382007 0.302878 174.689
0.30445 0.0592711 0.950749 421.181 0.0170423 0.997592 -0.0676523 -35.952 -0.952448 0.036795 0.302696 174.952
0.304307 0.0585803 0.950837 421.997 0.0170014 0.997641 -0.0669096 -36.0117 -0.952491 0.0365229 0.302584 175.219
0.305864 0.0558054 0.950505 422.845 0.0186442 0.997766 -0.0645834 -36.0616 -0.951966 0.0374704 0.30413 175.523
0.304343 0.0519652 0.95121 423.641 0.0214234 0.997912 -0.0613755 -36.0955 -0.95239 0.0390536 0.302585 175.774
0.303579 0.0491336 0.951606 424.451 0.0217684 0.99808 -0.0584815 -36.1435 -0.95263 0.038464 0.301916 176.037
0.302765 0.0477239 0.951935 425.264 0.0233775 0.9981 -0.057478 -36.1906 -0.952847 0.0396524 0.301065 176.302
0.301491 0.0486901 0.952293 426.045 0.0259118 0.997937 -0.0592312 -36.2309 -0.953189 0.0425285 0.299597 176.565
0.302158 0.0521357 0.951897 426.871 0.0247949 0.997763 -0.0625228 -36.308 -0.953005 0.04249 0.300179 176.858
0.300128 0.0578028 0.952215 427.619 0.0224359 0.997488 -0.0676266 -36.3645 -0.953708 0.0416556 0.298067 177.101
0.29815 0.0624729 0.952539 428.409 0.020988 0.997214 -0.0719766 -36.4341 -0.954358 0.0414478 0.295999 177.341
0.29723 0.0632898 0.952775 429.178 0.0204166 0.997181 -0.0726128 -36.4907 -0.954661 0.0410302 0.29509 177.596
0.295512 0.0602239 0.953506 429.938 0.0201803 0.997423 -0.0692564 -36.5613 -0.955196 0.0397042 0.293526 177.82
0.294427 0.0567329 0.954057 430.689 0.021012 0.99764 -0.0658131 -36.6116 -0.955516 0.039419 0.29253 178.05
0.294438 0.0546377 0.954175 431.472 0.0209495 0.997784 -0.0636039 -36.6892 -0.955511 0.0387129 0.292631 178.273
0.294218 0.0548836 0.95423 432.248 0.0215016 0.997747 -0.0640202 -36.7629 -0.95557 0.0393485 0.292365 178.489
0.294106 0.0564724 0.954171 433.001 0.0202893 0.997688 -0.0653062 -36.8425 -0.955629 0.0385623 0.292271 178.715
0.294757 0.0574614 0.953912 433.765 0.0195137 0.99765 -0.0661299 -36.9205 -0.955447 0.0381017 0.292933 178.931
0.29485 0.0582501 0.953835 434.511 0.0187595 0.997624 -0.0667277 -36.9963 -0.955431 0.037564 0.293047 179.138
0.294095 0.0584289 0.954057 435.257 0.0195123 0.997584 -0.0671136 -37.0605 -0.955651 0.0383488 0.292235 179.356
0.294082 0.0602921 0.953946 435.98 0.0179394 0.997514 -0.0685806 -37.1496 -0.955683 0.0372776 0.292259 179.579
0.296595 0.0612095 0.953108 436.759 0.0164225 0.997499 -0.0691749 -37.2111 -0.954937 0.0361646 0.294838 179.846
0.294611 0.0613045 0.953719 437.46 0.0168209 0.997482 -0.0693183 -37.2723 -0.955541 0.0364603 0.292828 180.053
0.294676 0.0599664 0.953782 438.202 0.0176157 0.997548 -0.0681648 -37.3227 -0.955509 0.0368831 0.292887 180.289
0.295049 0.0581296 0.953783 438.926 0.0172912 0.997689 -0.0661591 -37.3887 -0.955398 0.036008 0.293352 180.507
0.296233 0.0567854 0.953495 439.673 0.0166033 0.997804 -0.0645868 -37.4656 -0.955046 0.0349588 0.294629 180.726
0.297518 0.0548165 0.953212 440.403 0.0166267 0.997932 -0.0625823 -37.5221 -0.954644 0.034464 0.295981 180.925
0.298291 0.0544389 0.952991 441.123 0.0159166 0.99798 -0.0619951 -37.5947 -0.954418 0.0336558 0.29681 181.15
0.299063 0.0544648 0.95275 441.85 0.014499 0.998026 -0.061609 -37.6491 -0.954196 0.0322349 0.297673 181.394
0.301435 0.0557484 0.951926 442.54 0.0130756 0.997984 -0.0625906 -37.7018 -0.953473 0.031309 0.300087 181.632
0.302547 0.0559681 0.951562 443.227 0.0120983 0.997999 -0.0625508 -37.7606 -0.953131 0.0304329 0.301254 181.86
0.304007 0.0561194 0.951086 443.897 0.0110866 0.998018 -0.0624367 -37.8186 -0.952681 0.0295204 0.302771 182.085
0.305207 0.0549959 0.95077 444.583 0.0108061 0.998098 -0.0612073 -37.8631 -0.952298 0.0289509 0.304022 182.343
0.304895 0.0534492 0.950957 445.232 0.0105804 0.998203 -0.0595014 -37.9075 -0.952403 0.0281982 0.30377 182.551
0.305945 0.0532297 0.950634 445.859 0.0101898 0.998226 -0.059179 -37.9576 -0.952069 0.0277882 0.304849 182.762
0.306906 0.0526958 0.950351 446.483 0.0108372 0.998239 -0.0588551 -37.9957 -0.951755 0.0283572 0.305783 182.97
0.307354 0.0522987 0.950231 447.117 0.0129573 0.998197 -0.0591347 -38.0197 -0.951582 0.0304836 0.306111 183.176
0.309147 0.0517443 0.949677 447.724 0.0124565 0.998243 -0.0584498 -38.0746 -0.951009 0.0298942 0.307948 183.385
0.309668 0.0501689 0.949596 448.344 0.014364 0.998278 -0.0574303 -38.1091 -0.950811 0.0314201 0.308404 183.579
0.310314 0.0503963 0.94937 448.928 0.0145899 0.998255 -0.0577646 -38.1452 -0.950599 0.0317713 0.309025 183.781
0.311297 0.0509351 0.949023 449.518 0.0134947 0.998257 -0.0580093 -38.1997 -0.950292 0.0308607 0.310056 183.981
0.312043 0.0510588 0.948768 450.098 0.0136547 0.998242 -0.0582167 -38.2388 -0.950047 0.0311162 0.310786 184.174
0.312688 0.0498922 0.948622 450.65 0.0143975 0.998288 -0.0572554 -38.2577 -0.949822 0.0315567 0.311424 184.374
0.312631 0.0510866 0.948575 451.185 0.0125846 0.998276 -0.0579153 -38.3434 -0.949871 0.0300384 0.311437 184.567
0.314631 0.0503726 0.947954 451.749 0.012053 0.998331 -0.0570552 -38.3852 -0.949213 0.0293727 0.313489 184.758
0.313655 0.0493282 0.948331 452.275 0.0130265 0.998366 -0.0562437 -38.3954 -0.949528 0.0299894 0.312488 184.958
0.313781 0.0485323 0.948332 452.814 0.0126786 0.998422 -0.055296 -38.44 -0.949487 0.0293702 0.312661 185.13
0.314844 0.0475148 0.94803 453.324 0.0135094 0.998454 -0.0545331 -38.4804 -0.949128 0.0299716 0.313703 185.31
0.314662 0.0487987 0.948027 453.824 0.0133488 0.998384 -0.0558267 -38.5226 -0.949186 0.0302173 0.313492 185.489
0.314542 0.0518034 0.947906 454.313 0.0118142 0.998252 -0.0584797 -38.5681 -0.949251 0.0295878 0.313368 185.648
0.314734 0.0546122 0.947686 454.785 0.00975342 0.998138 -0.0607641 -38.6118 -0.949206 0.0283635 0.313606 185.816
0.314493 0.0559164 0.947689 455.246 0.00996302 0.998048 -0.0621986 -38.6429 -0.949289 0.0289976 0.31331 185.989
0.315301 0.056582 0.947383 455.706 0.0109571 0.99797 -0.0632554 -38.6784 -0.949005 0.0303208 0.314031 186.151
0.315145 0.0563961 0.947443 456.153 0.0119076 0.997953 -0.063368 -38.7113 -0.94905 0.0312466 0.313817 186.313
0.314526 0.0554661 0.947707 456.598 0.0121339 0.998008 -0.0624425 -38.7472 -0.949248 0.0311348 0.313217 186.459
0.313055 0.0547778 0.948231 457.03 0.0107117 0.998102 -0.0611998 -38.7692 -0.949755 0.0293109 0.311862 186.634
0.311423 0.0540259 0.948815 457.451 0.0114371 0.998131 -0.0605933 -38.7791 -0.950279 0.0297175 0.310213 186.785
0.309899 0.0529989 0.949369 457.836 0.0114941 0.998197 -0.0594814 -38.8223 -0.950781 0.0293402 0.308719 186.922
0.308298 0.052748 0.949907 458.222 0.0115995 0.998213 -0.0592005 -38.8503 -0.951296 0.0292655 0.307125 187.046
0.307044 0.0523539 0.950333 458.595 0.0116688 0.998238 -0.0587678 -38.8862 -0.951705 0.0291283 0.305881 187.184
0.305722 0.0517239 0.950796 458.968 0.0123207 0.998259 -0.058273 -38.9099 -0.952118 0.0295255 0.304543 187.314
0.304559 0.0511779 0.951196 459.321 0.0127589 0.998281 -0.0578013 -38.9431 -0.952489 0.0297349 0.303371 187.424
0.303438 0.0508455 0.951575 459.68 0.0129689 0.998296 -0.0574829 -38.9716 -0.95284 0.029779 0.302252 187.543
0.302303 0.0506335 0.951945 460.027 0.0127726 0.998318 -0.0571609 -38.9966 -0.953208 0.0294335 0.301136 187.654
0.301567 0.0506568 0.95218 460.347 0.0110653 0.998369 -0.0566241 -39.0269 -0.953458 0.0276079 0.300506 187.771
0.300599 0.051557 0.952435 460.658 0.00985049 0.998351 -0.0571563 -39.0554 -0.953781 0.026558 0.299585 187.881
0.298907 0.0509774 0.953001 460.964 0.0106349 0.998367 -0.0567451 -39.0807 -0.9543 0.0270924 0.297867 187.986
0.298467 0.0512962 0.95312 461.258 0.0108083 0.998343 -0.0571196 -39.1079 -0.95444 0.0273447 0.297407 188.08
0.298203 0.0518235 0.953176 461.557 0.011717 0.998286 -0.0579473 -39.1218 -0.954507 0.0284442 0.297075 188.176
0.297248 0.0525252 0.953433 461.842 0.0125011 0.99822 -0.0588949 -39.1375 -0.954799 0.0294202 0.296052 188.266
0.297301 0.052029 0.953446 462.127 0.0130581 0.998235 -0.0585503 -39.1546 -0.954771 0.0298529 0.296087 188.351
0.298332 0.0512154 0.953166 462.406 0.0115252 0.998327 -0.0572542 -39.1879 -0.954475 0.028061 0.297231 188.444
0.298748 0.0512376 0.953037 462.681 0.0106814 0.998351 -0.0570275 -39.2167 -0.954349 0.0272125 0.297699 188.543
0.299955 0.0513137 0.952652 462.951 0.00965743 0.998372 -0.0568221 -39.2444 -0.953987 0.0262391 0.29896 188.636
0.301314 0.0512531 0.952228 463.224 0.00861446 0.998402 -0.0564698 -39.2734 -0.953562 0.025214 0.300382 188.732
0.303993 0.0508801 0.951394 463.476 0.00851429 0.998422 -0.0561205 -39.2915 -0.952719 0.0251555 0.303068 188.812
0.307894 0.0509506 0.950137 463.742 0.0085028 0.998413 -0.0563002 -39.312 -0.951459 0.0254092 0.306963 188.898
0.313549 0.0508208 0.948291 464.019 0.00851365 0.998411 -0.0563267 -39.3327 -0.949617 0.0257295 0.312607 188.983
0.320953 0.0513742 0.945783 464.283 0.00737217 0.998397 -0.0567395 -39.3582 -0.947143 0.025179 0.32005 189.09
0.330259 0.0519907 0.942538 464.548 0.0073853 0.998344 -0.0576617 -39.3815 -0.943944 0.0259991 0.329316 189.193
0.340516 0.0526109 0.938849 464.824 0.00616533 0.998322 -0.0581854 -39.4045 -0.940296 0.0255972 0.33961 189.305
0.352532 0.0521798 0.934425 465.101 0.0069071 0.998307 -0.0583578 -39.4318 -0.935858 0.0270221 0.351561 189.414
0.367194 0.0527968 0.928729 465.394 0.00512762 0.998293 -0.0587845 -39.445 -0.930209 0.0263432 0.366285 189.539
0.383183 0.0540359 0.922173 465.673 0.00335842 0.998234 -0.0598932 -39.4527 -0.923751 0.026042 0.38231 189.676
0.400673 0.0560111 0.914592 465.969 -0.000472661 0.998177 -0.0609287 -39.4696 -0.916301 0.023976 0.399957 189.825
0.418964 0.0573354 0.906275 466.234 -0.00175011 0.998088 -0.0623399 -39.5017 -0.908087 0.024527 0.418247 189.968
0.438089 0.0594788 0.897048 466.529 -0.00207388 0.997908 -0.0651593 -39.5233 -0.899011 0.0266809 0.437282 190.124
0.457976 0.060067 0.887019 466.796 -0.00265243 0.997837 -0.0662071 -39.5515 -0.889049 0.0279633 0.457128 190.279
0.476677 0.0628295 0.876919 467.045 -0.00791982 0.997745 -0.0671873 -39.5692 -0.879127 0.0250773 0.476085 190.476
0.490956 0.067274 0.868672 467.299 -0.0129655 0.997503 -0.0699288 -39.6065 -0.871178 0.0230641 0.490583 190.636
0.497972 0.0724672 0.86425 467.577 -0.019358 0.997218 -0.0724689 -39.6233 -0.867062 0.0193532 0.497974 190.809
0.4976 0.0740322 0.864332 467.816 -0.0209313 0.997122 -0.0733612 -39.6332 -0.867245 0.0184081 0.497698 190.963
0.492964 0.0751468 0.866888 468.064 -0.021545 0.997047 -0.0741843 -39.6527 -0.869867 0.017889 0.493112 191.113
0.484249 0.0752068 0.871781 468.292 -0.0212339 0.997051 -0.0742242 -39.6701 -0.874763 0.0174268 0.484399 191.232
0.471188 0.0745449 0.878966 468.543 -0.0192468 0.99709 -0.0742515 -39.6926 -0.881906 0.018065 0.471236 191.359
0.456831 0.0734672 0.886602 468.772 -0.0165219 0.997148 -0.0741197 -39.732 -0.88949 0.019207 0.456724 191.445
0.438896 0.0720264 0.895734 469.012 -0.0113893 0.997184 -0.0746095 -39.7446 -0.898548 0.0225398 0.438467 191.559
0.418926 0.0717929 0.905263 469.262 -0.00937254 0.997194 -0.0747514 -39.7506 -0.90806 0.0228257 0.418407 191.639
0.397968 0.071491 0.914697 469.506 -0.007484 0.997214 -0.0746903 -39.7754 -0.917451 0.0228744 0.397382 191.746
0.376821 0.0712629 0.923625 469.758 -0.00764073 0.997277 -0.0738334 -39.7954 -0.926341 0.0207599 0.376325 191.843
0.356715 0.070201 0.931657 470.017 -0.00643395 0.997369 -0.072695 -39.8114 -0.934272 0.019933 0.356217 191.929
0.338059 0.069057 0.93867 470.286 -0.00244317 0.997401 -0.0725028 -39.8406 -0.941207 0.022212 0.337336 192.011
0.321503 0.0680106 0.944547 470.562 0.00171122 0.99741 -0.0724051 -39.8591 -0.946987 0.0248904 0.320544 192.073
0.305941 0.0672793 0.949751 470.83 0.00490145 0.997411 -0.0722393 -39.8825 -0.952122 0.026751 0.304808 192.153
0.291897 0.0668592 0.954194 471.097 0.00574719 0.997449 -0.071654 -39.9037 -0.956512 0.0263951 0.290759 192.235
0.281326 0.0655682 0.95745 471.358 0.00549741 0.997572 -0.0699361 -39.9241 -0.95968 0.0249332 0.280272 192.304
0.271597 0.0633658 0.960407 471.632 0.00686396 0.997713 -0.0677741 -39.9389 -0.962466 0.0249951 0.270532 192.374
0.265222 0.0622945 0.962253 471.883 0.00762599 0.997779 -0.0667014 -39.9501 -0.964241 0.0250237 0.264148 192.432
0.262247 0.062052 0.963087 472.138 0.00905471 0.997764 -0.0667576 -39.9764 -0.965038 0.0262231 0.26109 192.493
0.264533 0.0625427 0.962427 472.353 0.00815245 0.99775 -0.067084 -39.9922 -0.964425 0.025587 0.263418 192.552
0.270954 0.0618552 0.960687 472.601 0.00946948 0.99775 -0.0669182 -40.0146 -0.962625 0.0272246 0.26975 192.612
0.280399 0.0607596 0.95804 472.811 0.0108565 0.997765 -0.0664616 -40.0322 -0.959905 0.0290315 0.279102 192.665
0.291801 0.0600713 0.954676 473.009 0.00971332 0.997824 -0.0657613 -40.0435 -0.956509 0.0284579 0.290574 192.735
0.305151 0.0619486 0.950369 473.205 0.00519117 0.997794 -0.0667119 -40.0591 -0.952374 0.0252857 0.304145 192.819
0.319047 0.0640512 0.945658 473.375 0.000693856 0.997734 -0.0678186 -40.0705 -0.947819 0.0222892 0.31827 192.891
0.332995 0.0640896 0.940831 473.536 -0.00182776 0.997765 -0.0673262 -40.0814 -0.943012 0.0206947 0.332355 192.972
0.347294 0.0632784 0.935706 473.719 -0.00288382 0.997824 -0.0664151 -40.0809 -0.937834 0.020363 0.34671 193.059
0.362144 0.0616613 0.930165 473.863 -0.00290869 0.997915 -0.0650254 -40.1054 -0.932204 0.0208382 0.361554 193.092
0.377707 0.0611394 0.923993 473.995 0.00479703 0.997711 -0.0679846 -40.1152 -0.925995 0.0301062 0.376537 193.153
0.393633 0.0634459 0.917161 474.12 0.00897121 0.997338 -0.072848 -40.133 -0.919312 0.036898 0.392001 193.196
0.409532 0.0655624 0.910027 474.227 0.00653085 0.997214 -0.0747892 -40.1455 -0.912357 0.0365669 0.40795 193.247
0.423724 0.0680684 0.903318 474.337 -0.000609032 0.997229 -0.0748647 -40.1399 -0.905881 0.0311664 0.422575 193.335
0.436938 0.0688625 0.896944 474.448 -0.00639833 0.997315 -0.0734581 -40.1396 -0.899555 0.0263531 0.436191 193.412
0.450546 0.0685413 0.890207 474.551 -0.00806753 0.997356 -0.0727136 -40.1437 -0.892809 0.0255738 0.44989 193.472
0.462833 0.0678185 0.883939 474.655 -0.00849274 0.997399 -0.0720832 -40.154 -0.886491 0.0258509 0.462191 193.529
0.475015 0.0674568 0.877478 474.732 -0.00906335 0.997415 -0.0717762 -40.1606 -0.880024 0.0261367 0.47438 193.587
0.486369 0.0673072 0.871251 474.816 -0.0102713 0.997436 -0.0713283 -40.1694 -0.873781 0.0257384 0.485798 193.631
0.496541 0.0665162 0.865553 474.895 -0.010283 0.997476 -0.0707608 -40.1725 -0.868047 0.02623 0.495952 193.687
0.506254 0.0648674 0.860036 474.979 -0.00966974 0.997567 -0.0695554 -40.1825 -0.86242 0.0268917 0.505634 193.752
0.513605 0.0653235 0.85563 475.039 -0.0111572 0.997557 -0.0694674 -40.1873 -0.858051 0.0261271 0.513059 193.804
0.521537 0.0688516 0.850542 475.105 -0.017259 0.997422 -0.0701657 -40.1989 -0.853145 0.0219099 0.521365 193.846
0.530312 0.0747916 0.844592 475.129 -0.0249104 0.997082 -0.0726598 -40.2 -0.847534 0.0174883 0.530606 193.911
0.53661 0.0797448 0.840151 475.173 -0.0318335 0.996765 -0.0742849 -40.2 -0.843321 0.0131127 0.537396 193.962
0.541318 0.0795274 0.837144 475.218 -0.0317698 0.996777 -0.0741548 -40.2002 -0.840316 0.0135406 0.542078 193.992
0.548085 0.0750895 0.833143 475.271 -0.0274694 0.997077 -0.0718008 -40.2044 -0.836064 0.0164625 0.548528 194.025
0.553173 0.0698288 0.830231 475.323 -0.0223897 0.997403 -0.0689769 -40.2089 -0.832866 0.0195625 0.553278 194.047
0.557362 0.0687798 0.827514 475.368 -0.0220923 0.997474 -0.0680334 -40.2123 -0.830069 0.019633 0.557457 194.076
0.562689 0.0697845 0.823816 475.392 -0.025652 0.997461 -0.0669785 -40.2219 -0.826372 0.0165506 0.563028 194.108
0.567288 0.072455 0.820426 475.425 -0.0297068 0.99731 -0.0675427 -40.212 -0.823078 0.0139395 0.567897 194.142
0.570012 0.0747983 0.818323 475.44 -0.0320542 0.99715 -0.068822 -40.218 -0.821113 0.0129939 0.570762 194.174
