1 0.000689438 0.000845976 0.00246228 -0.000685899 0.999991 -0.0041453 -0.00741351 -0.00084874 0.00414478 0.999991 0.988006
0.999998 -0.00205474 0.00103005 0.0161894 0.00205993 0.999986 -0.0051413 -0.0061958 -0.00101945 0.00514337 0.999987 1.93095
0.999994 -0.0033847 0.0010849 0.0191651 0.0033863 0.999993 -0.00155422 -0.000597563 -0.00107951 0.00155795 0.999999 2.89406
0.999978 -0.00698537 -0.00100056 0.0422312 0.0069895 0.999969 0.00410504 0.00255061 0.000971868 -0.00411206 0.999993 3.84615
0.999947 -0.0100921 -0.00243398 0.0426916 0.0101023 0.99994 0.00427749 0.00329691 0.0023909 -0.0043018 0.999989 4.81866
0.999909 -0.0130504 -0.00448685 0.049342 0.0130563 0.999916 0.00128951 0.0168149 0.00446969 -0.00134821 0.999992 5.77777
0.999891 -0.0138332 -0.00533866 0.0488865 0.0138205 0.999902 -0.00235178 0.0186425 0.00537086 0.00227773 0.999985 6.71173
0.999888 -0.013977 -0.00600987 0.0348545 0.0139567 0.999899 -0.00339853 0.031417 0.00605677 0.00331398 0.99998 7.64961
0.999874 -0.0138291 -0.00804196 0.0331594 0.0138179 0.999905 -0.00140091 0.030748 0.00806074 0.00128955 0.999969 8.59363
0.999868 -0.0133675 -0.00954592 0.0300838 0.013382 0.999912 0.00145521 0.0330353 0.00952559 -0.00158304 0.999957 9.53482
0.999842 -0.014176 -0.010871 0.0192171 0.0142088 0.999896 0.00298316 0.037045 0.0108278 -0.00313718 0.999939 10.4859
0.999825 -0.0153921 -0.011011 0.00574544 0.0154309 0.999878 0.00345778 0.0461349 0.0109563 -0.00362737 0.999938 11.417
0.999795 -0.0161926 -0.012287 -0.00422628 0.0162304 0.999865 0.00301225 0.0602417 0.0122368 -0.00321115 0.999923 12.3438
0.99978 -0.0167079 -0.0130157 -0.015418 0.0167268 0.999863 0.00136445 0.0685483 0.0129908 -0.00158218 0.99992 13.268
0.999743 -0.017226 -0.0148947 -0.0275057 0.0172159 0.999853 -0.000778935 0.072758 0.0149062 0.000522222 0.999893 14.2331
0.999685 -0.0185131 -0.0171918 -0.0332949 0.0184786 0.999831 -0.00215224 0.0724356 0.0172285 0.00183353 0.999856 15.1582
0.999645 -0.018195 -0.0196046 -0.0442747 0.018141 0.999832 -0.00290602 0.0704998 0.0196544 0.00254926 0.999808 16.0849
0.999628 -0.0167083 -0.021756 -0.0589315 0.0166276 0.999858 -0.00386768 0.0705289 0.0218172 0.00350416 0.999762 16.9868
0.999601 -0.0150028 -0.0240453 -0.0767954 0.0149121 0.999882 -0.00392995 0.0711068 0.0241018 0.00356973 0.999707 17.8854
0.999536 -0.0158579 -0.0261655 -0.0929969 0.0157882 0.999874 -0.00285065 0.0643981 0.026207 0.00243585 0.999661 18.7859
0.999491 -0.0153231 -0.0280714 -0.11929 0.0152878 0.999883 -0.00145878 0.0606166 0.0280908 0.00102873 0.999609 19.7154
0.999449 -0.0151281 -0.0296764 -0.147879 0.0151292 0.999889 -0.000173277 0.0524656 0.0296754 -0.000276167 0.999567 20.6167
0.999379 -0.016068 -0.0314605 -0.175823 0.0160776 0.999872 6.31474e-05 0.0473807 0.0314558 -0.0005691 0.99951 21.5122
0.999344 -0.0161964 -0.0325395 -0.218301 0.0162139 0.999871 0.000287316 0.038707 0.0325304 -0.000815096 0.999479 22.4094
0.999355 -0.01604 -0.0322226 -0.275718 0.0160744 0.999872 0.000826597 0.0367562 0.0322056 -0.00134416 0.999486 23.2822
0.999342 -0.0158503 -0.0327963 -0.315481 0.0159435 0.999873 0.00259976 0.0396394 0.0327507 -0.0031214 0.999467 24.1551
0.999286 -0.0168066 -0.0339317 -0.340359 0.0169973 0.999843 0.00536039 0.0409096 0.0338365 -0.00593359 0.999416 25.0258
0.999239 -0.0164297 -0.0355399 -0.362932 0.0166944 0.999838 0.00717961 0.0374846 0.035416 -0.00776789 0.999352 25.8932
0.999184 -0.0162961 -0.0370671 -0.387293 0.0165168 0.999849 0.00567058 0.046533 0.0369693 -0.00627837 0.999303 26.7514
0.999093 -0.0146603 -0.0401349 -0.400063 0.0148147 0.999888 0.0035638 0.0445193 0.0400778 -0.00415565 0.999198 27.5905
0.999032 -0.014624 -0.0415875 -0.431834 0.0147151 0.999891 0.0018969 0.0478358 0.0415555 -0.00250726 0.99914 28.4143
0.999002 -0.0137654 -0.0426521 -0.466189 0.0138539 0.999906 0.00179035 0.0463441 0.0426233 -0.00237998 0.999099 29.2425
0.998958 -0.0143703 -0.0434244 -0.513324 0.0144719 0.999894 0.00203298 0.0343643 0.043391 -0.00265963 0.999062 30.0428
0.998904 -0.014185 -0.0447616 -0.55514 0.0142834 0.999899 0.00189027 0.0220188 0.0447302 -0.00252803 0.999007 30.8369
0.998846 -0.0138211 -0.0461051 -0.603137 0.0138951 0.999905 0.00129301 0.0335701 0.0460833 -0.00193238 0.998943 31.6184
0.998545 -0.0158829 -0.051667 -0.578826 0.0161041 0.999866 0.00388146 0.0123121 0.0515984 -0.0047083 0.998669 32.3797
0.998444 -0.0164324 -0.0533984 -0.628451 0.0167928 0.999842 0.00631659 0.0141167 0.0532866 -0.00720375 0.998562 33.1269
0.998336 -0.0152502 -0.0557562 -0.670217 0.0156843 0.999853 0.00736647 0.0249936 0.0556358 -0.00822919 0.998429 33.8912
0.998236 -0.0140788 -0.0577862 -0.709984 0.014512 0.999874 0.00708916 0.0364144 0.0576796 -0.00791552 0.998313 34.6366
0.998122 -0.0112424 -0.060356 -0.750852 0.0116256 0.999918 0.00601194 0.0448164 0.0602836 -0.00670286 0.998171 35.3788
0.998024 -0.00957219 -0.0622122 -0.800404 0.00991146 0.999942 0.00515465 0.0517901 0.0621599 -0.00576139 0.99806 36.0961
0.997936 -0.00893938 -0.0637214 -0.850451 0.00934752 0.999941 0.00611969 0.0605151 0.0636631 -0.00670324 0.997963 36.8107
0.997898 -0.00763138 -0.0644569 -0.906447 0.00815771 0.999939 0.00791315 0.0664714 0.0643933 -0.0084227 0.997899 37.5239
0.997931 -0.00488332 -0.0642466 -0.962943 0.00542857 0.999955 0.00832326 0.0708971 0.0642031 -0.00865537 0.997913 38.2109
0.998026 -0.00150643 -0.0628981 -1.01722 0.00188877 0.999984 0.00602402 0.076688 0.0628887 -0.00613131 0.998012 38.8936
0.998098 -0.000326552 -0.0617892 -1.05106 0.000544997 0.999997 0.00352719 0.0716771 0.061788 -0.00355473 0.998096 39.5784
0.998247 7.51504e-05 -0.0593204 -1.10008 4.86262e-05 1 0.00208995 0.0729671 0.0593214 -0.00208956 0.998248 40.2455
0.998406 0.00113955 -0.056586 -1.13409 -0.000991601 1 0.00265084 0.0855184 0.0565891 -0.00259108 0.998408 40.9274
0.998551 0.00594019 -0.0536222 -1.17366 -0.00567923 0.999974 0.00502338 0.0917423 0.0536515 -0.004712 0.99856 41.5962
0.998739 0.0101147 -0.0493897 -1.22244 -0.00969863 0.999919 0.00866717 0.0911352 0.0494734 -0.0081778 0.998757 42.2056
0.998919 0.0149273 -0.04422 -1.26776 -0.0145296 0.999854 0.00930647 0.10365 0.0443533 -0.00865444 0.998989 42.8463
0.999122 0.0183943 -0.0379216 -1.31071 -0.0180688 0.999801 0.00892292 0.122699 0.0380782 -0.00823044 0.999256 43.4472
0.999267 0.0221448 -0.0315106 -1.34682 -0.0218116 0.999706 0.0108859 0.129249 0.0317431 -0.0101912 0.999455 44.0089
0.999335 0.0274312 -0.0244646 -1.37341 -0.0271447 0.999564 0.0119861 0.133005 0.0247827 -0.0113146 0.999644 44.5765
0.999388 0.0312762 -0.0161814 -1.4071 -0.0310892 0.999452 0.0116918 0.13551 0.0165389 -0.0111821 0.999812 45.1219
0.999379 0.0341325 -0.00991435 -1.39497 -0.0340124 0.999353 0.0120764 0.135423 0.0103201 -0.0117322 0.999894 45.6418
0.99926 0.0386846 -0.000297392 -1.45176 -0.0386793 0.999198 0.0107518 0.154195 0.000713619 -0.0107329 0.999954 46.1595
0.999072 0.0426226 0.00772618 -1.46588 -0.0426786 0.999069 0.00715235 0.172169 -0.00741419 -0.00747612 0.999963 46.6421
0.998879 0.0445799 0.0164823 -1.47344 -0.0446494 0.998998 0.00386258 0.177877 -0.016293 -0.00459462 0.999869 47.1156
0.998719 0.0448168 0.023946 -1.45585 -0.0449089 0.998991 0.00329503 0.190617 -0.0237743 -0.00436691 0.999726 47.537
0.998512 0.0440596 0.0324531 -1.45099 -0.0442234 0.999015 0.004341 0.196204 -0.0322294 -0.00577011 0.999477 47.9278
0.998112 0.045977 0.0410144 -1.44736 -0.046193 0.99893 0.00431983 0.211043 -0.0407721 -0.0062069 0.999169 48.2974
0.997476 0.0496396 0.0509689 -1.45727 -0.0499204 0.998747 0.00424992 0.221607 -0.050694 -0.00678408 0.998705 48.6259
0.996755 0.0538252 0.0600629 -1.45248 -0.0541339 0.998535 0.00351288 0.225831 -0.0597862 -0.0067536 0.998208 48.9217
0.995904 0.057201 0.0701863 -1.46289 -0.0574306 0.998353 0.00125182 0.275428 -0.0699992 -0.00527829 0.997548 49.2424
0.995248 0.0563117 0.0796062 -1.43318 -0.0566112 0.998402 0.00150078 0.28616 -0.0793951 -0.00600106 0.996846 49.509
0.993749 0.0556472 0.0969028 -1.57002 -0.0560298 0.998432 0.00122421 0.24541 -0.0966831 -0.00664697 0.995309 49.779
0.992884 0.0521424 0.107196 -1.4855 -0.0519761 0.998648 -0.00435238 0.284036 -0.107278 -0.00125123 0.99425 49.9515
0.991052 0.0504053 0.123692 -1.54205 -0.049433 0.998721 -0.0109242 0.351799 -0.124086 0.00471104 0.992277 50.181
0.9889 0.0496798 0.140142 -1.53977 -0.0479733 0.998737 -0.0155352 0.415408 -0.140737 0.00863848 0.990033 50.3741
0.986241 0.0513528 0.157216 -1.51506 -0.0494165 0.99865 -0.0162076 0.401981 -0.157837 0.00821459 0.987449 50.6021
0.983205 0.0515796 0.175156 -1.48227 -0.0491869 0.998635 -0.0179806 0.41765 -0.175845 0.00906196 0.984402 50.8803
0.979995 0.0502866 0.192634 -1.41003 -0.0473358 0.998684 -0.0198973 0.435207 -0.193381 0.0103798 0.981088 51.0887
0.976255 0.0491748 0.21105 -1.32577 -0.0459472 0.998746 -0.0201757 0.433204 -0.211778 0.00999819 0.977292 51.2849
0.971949 0.0489812 0.230094 -1.23358 -0.0454624 0.998757 -0.0205761 0.417962 -0.230817 0.0095373 0.97297 51.4935
0.966681 0.0511364 0.250895 -1.14589 -0.0467988 0.998641 -0.0232313 0.430461 -0.251742 0.0107144 0.967762 51.7711
0.960756 0.05228 0.272474 -1.02741 -0.0472544 0.998573 -0.0249812 0.425402 -0.273393 0.0111243 0.961857 52.0104
0.953672 0.0530814 0.296187 -0.920257 -0.0477741 0.99855 -0.0251348 0.409894 -0.297092 0.00981904 0.954826 52.2444
0.945612 0.0548489 0.320682 -0.78376 -0.0495438 0.998469 -0.0246887 0.387275 -0.321547 0.00745723 0.946884 52.4972
0.93613 0.056564 0.34713 -0.653408 -0.0509131 0.998387 -0.0253879 0.381296 -0.348006 0.00609163 0.937501 52.7464
0.925599 0.0568369 0.374252 -0.491985 -0.0507529 0.998373 -0.0261035 0.372996 -0.375129 0.00516602 0.926979 53.0049
0.913745 0.0548086 0.402622 -0.302764 -0.0477406 0.998485 -0.02758 0.361661 -0.403524 0.00597831 0.914979 53.2664
0.899859 0.051954 0.433108 -0.096164 -0.043396 0.998622 -0.0296318 0.349734 -0.434053 0.00786828 0.900875 53.5022
0.883689 0.0502108 0.465416 0.131903 -0.0397585 0.998695 -0.0322568 0.322524 -0.466429 0.0099993 0.884534 53.7517
0.865792 0.0510263 0.497824 0.379744 -0.0385624 0.998636 -0.0352964 0.29365 -0.498949 0.011361 0.866581 54.0023
0.846029 0.0520602 0.530628 0.633947 -0.037613 0.998576 -0.0380044 0.269458 -0.53185 0.0121929 0.846784 54.2226
0.824386 0.054182 0.563455 0.914921 -0.0385623 0.998475 -0.0395966 0.237147 -0.564744 0.0109137 0.825219 54.4052
0.800251 0.0575872 0.596928 1.21463 -0.041061 0.99831 -0.0412659 0.224746 -0.598294 0.00851117 0.801268 54.6115
0.773917 0.0613652 0.63033 1.54288 -0.0443365 0.998106 -0.0427363 0.203128 -0.631762 0.00512662 0.775174 54.8233
0.744581 0.0625328 0.664629 1.86594 -0.044365 0.998044 -0.0442038 0.187568 -0.66609 0.00342573 0.745902 55.0034
0.711205 0.0588683 0.700535 2.15266 -0.0400202 0.998265 -0.0432604 0.154237 -0.701871 0.00273027 0.712329 55.18
0.674242 0.0575291 0.736296 2.47207 -0.0380252 0.998349 -0.0431865 0.12914 -0.737563 0.00111898 0.675321 55.3896
0.633943 0.0559681 0.771371 2.76542 -0.0355024 0.998436 -0.0432684 0.102423 -0.772591 4.2964e-05 0.634939 55.5902
0.58971 0.0565273 0.805664 3.17166 -0.0333 0.998407 -0.0456795 0.0938453 -0.806961 0.000107584 0.590656 55.8163
0.541966 0.0557107 0.838568 3.56158 -0.0306163 0.998451 -0.0465475 0.0812611 -0.839867 -0.000447797 0.542833 56.0612
0.494546 0.0526207 0.867585 4.00213 -0.0285357 0.998616 -0.044305 0.0478705 -0.868714 -0.0028475 0.495367 56.2759
0.446056 0.0499638 0.893625 4.45525 -0.0296254 0.998722 -0.0410544 0.0160177 -0.894539 -0.00816264 0.446967 56.468
0.397182 0.050057 0.916401 4.91086 -0.0327177 0.998655 -0.0403726 0.00855699 -0.917189 -0.0139484 0.398288 56.6367
0.349047 0.0503432 0.935767 5.42594 -0.031481 0.998627 -0.0419842 -0.00281273 -0.9366 -0.0148057 0.350153 56.7991
0.303416 0.0465736 0.951747 5.88821 -0.0202654 0.998901 -0.0424233 -0.0171777 -0.952675 -0.00641673 0.304029 56.8853
0.260502 0.0398943 0.964663 6.37376 -0.00774987 0.999204 -0.0392319 -0.0397527 -0.965466 0.00274287 0.260605 56.9491
0.219886 0.0390107 0.974772 6.9062 0.000203706 0.999206 -0.0400373 -0.0504059 -0.975558 0.00900112 0.219704 57.0038
0.18364 0.0405676 0.98217 7.49488 0.00155465 0.999139 -0.0415611 -0.0687375 -0.983016 0.0091581 0.183419 57.0745
0.15268 0.0408615 0.987457 8.01706 0.00918013 0.999051 -0.0427634 -0.0877681 -0.988265 0.015593 0.152161 57.0923
0.125334 0.039144 0.991357 8.56618 0.0151142 0.999034 -0.04136 -0.108097 -0.992023 0.0201664 0.124622 57.1049
0.101167 0.0369985 0.994208 9.16804 0.0224896 0.998976 -0.0394671 -0.124235 -0.994647 0.026351 0.100233 57.14
0.0815389 0.0358526 0.99604 9.75872 0.0266033 0.998923 -0.0381362 -0.14032 -0.996339 0.0296066 0.0804981 57.1694
0.0662048 0.0370136 0.997146 10.3611 0.0288325 0.998832 -0.0389933 -0.165246 -0.997421 0.0313306 0.0650615 57.1893
0.0540559 0.0362599 0.997895 10.9507 0.0284561 0.998884 -0.0378393 -0.192671 -0.998156 0.0304408 0.0529647 57.1884
0.042708 0.0366742 0.998442 11.6034 0.0288954 0.99887 -0.0379288 -0.21582 -0.998701 0.030469 0.0416015 57.2169
0.0349752 0.0392808 0.998632 12.242 0.033297 0.998632 -0.0404489 -0.234725 -0.998857 0.0346653 0.0336203 57.2129
0.0285018 0.0407071 0.998793 12.8778 0.0374863 0.998433 -0.041765 -0.255938 -0.998922 0.0386303 0.0269328 57.2226
0.0247037 0.0396365 0.998925 13.5324 0.037689 0.998472 -0.0405526 -0.282594 -0.999009 0.0386495 0.023173 57.223
0.020053 0.0370362 0.999141 14.2162 0.0351957 0.998677 -0.0377282 -0.299851 -0.999211 0.0359209 0.0187246 57.2686
0.0179056 0.0294531 0.999422 14.9072 0.033491 0.998994 -0.0300427 -0.325173 -0.999304 0.0340087 0.0169021 57.2806
0.0173861 0.0232867 0.999606 15.5737 0.0349775 0.999112 -0.0238863 -0.349841 -0.999268 0.0353781 0.0165579 57.2735
0.0177362 0.0199787 0.99966 16.3124 0.0382215 0.999063 -0.0206471 -0.372963 -0.999138 0.038574 0.0169568 57.2686
0.0181512 0.0213135 0.999636 17.0256 0.0415369 0.998904 -0.0220548 -0.397906 -0.999004 0.0419212 0.0172478 57.2762
0.018461 0.0279683 0.999456 17.77 0.0425714 0.998687 -0.0287352 -0.417165 -0.998949 0.043078 0.017247 57.2992
0.0205869 0.0354437 0.999189 18.5213 0.0436772 0.998397 -0.0363183 -0.434273 -0.998867 0.0443885 0.0190075 57.318
0.0214316 0.0356652 0.999152 19.2186 0.045196 0.998314 -0.0366069 -0.455756 -0.998775 0.0459416 0.0197845 57.3533
0.022665 0.0313564 0.999282 19.9852 0.044247 0.998508 -0.0323386 -0.472512 -0.998797 0.0449472 0.0212456 57.3913
0.0241571 0.025107 0.999412 20.7424 0.0436229 0.998713 -0.0261461 -0.491769 -0.998783 0.044228 0.0230318 57.4307
0.0261745 0.0239455 0.999401 21.5574 0.0412634 0.998846 -0.0250157 -0.504521 -0.99884 0.0418922 0.0251582 57.4798
0.0285422 0.0289326 0.999194 22.2518 0.0489305 0.99835 -0.030308 -0.523285 -0.998422 0.0497552 0.0270804 57.4994
0.0318304 0.0341742 0.998939 22.9813 0.0515574 0.998039 -0.0357891 -0.538715 -0.998197 0.0526406 0.030008 57.5126
0.0336314 0.034698 0.998853 23.7372 0.0456773 0.998307 -0.0362192 -0.561811 -0.998418 0.0468421 0.0319906 57.5664
0.0375327 0.0310055 0.998844 24.5221 0.0413199 0.998625 -0.0325543 -0.588645 -0.998476 0.0424928 0.036202 57.6002
0.0410436 0.0271289 0.99881 25.2827 0.0453285 0.998559 -0.028987 -0.617439 -0.998157 0.0464633 0.039756 57.6473
0.0445114 0.0281169 0.998644 25.9528 0.0504278 0.998276 -0.0303571 -0.631224 -0.997771 0.0517092 0.043019 57.647
0.0467783 0.0322732 0.998406 26.7612 0.0498814 0.998163 -0.0346047 -0.665241 -0.997688 0.0514196 0.045084 57.7054
0.0484791 0.032586 0.998323 27.5206 0.0469609 0.998298 -0.0348686 -0.692996 -0.997756 0.0485713 0.0468687 57.8011
0.0522887 0.0318648 0.998146 28.3414 0.0461021 0.998357 -0.0342888 -0.719024 -0.997597 0.0478085 0.0507352 57.8472
0.0564932 0.0283757 0.998031 29.0432 0.0504184 0.99825 -0.0312388 -0.741963 -0.997166 0.0520825 0.0549661 57.8602
0.0597341 0.0279388 0.997846 29.7849 0.0548733 0.998014 -0.0312306 -0.772396 -0.996734 0.0566197 0.058084 57.9042
0.062607 0.0279286 0.997679 30.6336 0.057696 0.997846 -0.0315568 -0.806457 -0.996406 0.0595362 0.0608633 57.9771
0.0656565 0.0280203 0.997472 31.3814 0.0584589 0.99779 -0.0318794 -0.82092 -0.996158 0.0604032 0.0638751 58.0184
0.0694092 0.0269105 0.997257 32.1475 0.0600823 0.99772 -0.0311075 -0.837659 -0.995814 0.0620751 0.0676366 58.0668
0.0729599 0.0255721 0.99703 32.9253 0.0625245 0.997598 -0.0301642 -0.861021 -0.995403 0.0645387 0.0711874 58.1196
0.0765689 0.0266381 0.996741 33.7561 0.0605773 0.997684 -0.0313195 -0.867604 -0.995259 0.0627764 0.0747804 58.1752
0.0801053 0.0287562 0.996395 34.5239 0.0580139 0.997765 -0.0334619 -0.881067 -0.995127 0.0604843 0.0782597 58.236
0.0827552 0.0280462 0.996208 35.2981 0.0597244 0.99768 -0.0330517 -0.910972 -0.994815 0.0622316 0.0808906 58.3116
0.0860448 0.0274485 0.995937 36.0336 0.057662 0.997817 -0.0324843 -0.935668 -0.994652 0.0602219 0.0842759 58.3667
0.0896722 0.0277385 0.995618 36.8237 0.055798 0.997914 -0.0328308 -0.956161 -0.994443 0.0584958 0.0879399 58.4242
0.0932327 0.0278289 0.995279 37.603 0.0527584 0.998077 -0.0328515 -0.980617 -0.994276 0.0555712 0.0915868 58.4951
0.097284 0.0296265 0.994849 38.3745 0.051479 0.99808 -0.0347595 -1.00447 -0.993961 0.0545937 0.0955747 58.5643
0.100033 0.0327141 0.99447 39.2046 0.0501558 0.998034 -0.0378787 -1.03629 -0.99375 0.0536667 0.0981965 58.6709
0.104572 0.0340873 0.993966 39.9452 0.0498621 0.997988 -0.0394738 -1.07264 -0.993303 0.0536873 0.102665 58.7252
0.107506 0.0357994 0.993584 40.7552 0.0439536 0.998214 -0.0407242 -1.10813 -0.993264 0.0480487 0.105742 58.8253
0.110775 0.0346949 0.993273 41.54 0.0400962 0.998433 -0.0393497 -1.1402 -0.993073 0.0441837 0.109212 58.9138
0.114094 0.0349875 0.992879 42.3033 0.0423663 0.998311 -0.0400497 -1.16917 -0.992599 0.046633 0.11242 59.0038
0.118122 0.0360343 0.992379 43.1156 0.0419709 0.998279 -0.0412472 -1.19988 -0.992149 0.0465212 0.116409 59.1037
0.121808 0.0367072 0.9919 43.9264 0.0381954 0.998414 -0.0416411 -1.22927 -0.991851 0.0429571 0.120214 59.2161
0.126354 0.0343727 0.991424 44.7241 0.0372287 0.998544 -0.0393672 -1.25665 -0.991324 0.0418816 0.124893 59.318
0.131649 0.0344356 0.990724 45.5132 0.0376915 0.998512 -0.0397171 -1.28508 -0.990613 0.0425692 0.130156 59.4132
0.137369 0.0379072 0.989831 46.303 0.0344884 0.998491 -0.0430283 -1.31683 -0.989957 0.040046 0.135857 59.5239
0.142581 0.0468103 0.988702 47.1107 0.0326775 0.998127 -0.051971 -1.34796 -0.989278 0.0397168 0.140785 59.6646
0.149565 0.0517718 0.987433 47.878 0.0310753 0.997903 -0.0570309 -1.37329 -0.988302 0.039212 0.147644 59.8029
0.155707 0.0547845 0.98631 48.7219 0.0264056 0.997886 -0.0595983 -1.41689 -0.987485 0.0353222 0.153932 59.9696
0.160878 0.0535039 0.985561 49.5329 0.0228191 0.998075 -0.0579115 -1.45495 -0.986749 0.0318039 0.15935 60.1567
0.167741 0.0520843 0.984482 50.338 0.0227338 0.998147 -0.056683 -1.49077 -0.985604 0.0318873 0.166246 60.3145
0.174233 0.0493485 0.983505 51.1311 0.0221577 0.998308 -0.0540198 -1.5227 -0.984494 0.0312017 0.172847 60.4712
0.18312 0.044022 0.982133 51.9705 0.0206407 0.998618 -0.0486118 -1.55831 -0.982909 0.0291719 0.181959 60.6141
0.190059 0.0371755 0.981106 52.7999 0.018262 0.99899 -0.0413939 -1.58786 -0.981642 0.0257818 0.18919 60.7869
0.196851 0.0344324 0.979857 53.6464 0.0179682 0.999103 -0.0387208 -1.63296 -0.980304 0.0252267 0.196056 60.9732
0.204093 0.0361936 0.97832 54.4319 0.0168653 0.999052 -0.0404821 -1.67158 -0.978846 0.0247593 0.20329 61.1274
0.209178 0.0417661 0.977014 55.2524 0.0175057 0.998781 -0.0464469 -1.71645 -0.977757 0.0268173 0.208192 61.3316
0.213947 0.0447027 0.97586 56.066 0.0162435 0.998666 -0.0493117 -1.75943 -0.97675 0.0263989 0.212937 61.5326
0.218682 0.0475833 0.974664 56.8583 0.0148974 0.998545 -0.052094 -1.80249 -0.975719 0.0259103 0.217655 61.7204
0.225521 0.0478783 0.9731 57.6364 0.0124994 0.998582 -0.0520321 -1.83351 -0.974198 0.023895 0.224604 61.8851
0.231773 0.0453027 0.971744 58.3913 0.0168195 0.998593 -0.0505684 -1.86119 -0.972661 0.0280629 0.230685 62.0414
0.237189 0.0389825 0.97072 59.1589 0.0180551 0.99886 -0.0445271 -1.88945 -0.971336 0.0280851 0.236216 62.2207
0.24089 0.0326591 0.970032 59.9455 0.0163684 0.999169 -0.0377075 -1.92559 -0.970451 0.0249596 0.240155 62.4295
0.245199 0.0292791 0.969069 60.7088 0.0127283 0.999375 -0.0334181 -1.95992 -0.96943 0.0205262 0.244675 62.6311
0.249292 0.0290563 0.968022 61.4282 0.0114957 0.999405 -0.0329617 -1.99077 -0.968397 0.0193434 0.248809 62.8113
0.252933 0.0309236 0.967027 62.163 0.0102264 0.999362 -0.0346352 -2.01781 -0.967469 0.0186473 0.252458 62.9932
0.255118 0.0346484 0.96632 62.8839 0.00604196 0.999296 -0.0374289 -2.05507 -0.966928 0.0153854 0.254729 63.1904
0.258346 0.0383081 0.965331 63.5742 0.00538117 0.999156 -0.0410933 -2.08969 -0.966077 0.0158086 0.257924 63.3636
0.261691 0.0429268 0.964228 64.2657 0.00578372 0.998937 -0.0460446 -2.12132 -0.965172 0.0176243 0.261164 63.5477
0.263861 0.0451187 0.963543 64.9496 0.00706396 0.998803 -0.048707 -2.14591 -0.964575 0.019656 0.263228 63.7287
0.265459 0.0452609 0.963091 65.6423 0.00499879 0.998834 -0.0483214 -2.17072 -0.964148 0.0176395 0.264923 63.9337
0.265485 0.0429638 0.963197 66.2838 0.00643409 0.998921 -0.0463335 -2.18293 -0.964135 0.0184955 0.264924 64.1131
0.265366 0.0419026 0.963269 66.9444 0.00456545 0.999004 -0.0447178 -2.21224 -0.964176 0.0162621 0.26491 64.3068
0.265879 0.0407798 0.963184 67.582 0.00623586 0.999026 -0.0440216 -2.23471 -0.964028 0.0177081 0.265367 64.4679
0.264752 0.0395575 0.963538 68.2297 0.00673251 0.999073 -0.0428693 -2.26395 -0.964332 0.0178346 0.26424 64.647
0.264685 0.0406278 0.963519 68.8574 0.00574163 0.999043 -0.0437059 -2.29021 -0.96436 0.0170979 0.2642 64.7978
0.262329 0.0433815 0.964036 69.481 0.00463801 0.998936 -0.0462171 -2.32187 -0.965007 0.0165932 0.261848 64.9758
0.259821 0.0470587 0.96455 70.0751 0.00681282 0.998713 -0.0505637 -2.34916 -0.965675 0.0197062 0.259168 65.136
0.25801 0.0483531 0.964965 70.6785 0.0100898 0.998573 -0.052738 -2.35737 -0.966129 0.023341 0.257154 65.2931
0.255096 0.0473155 0.965799 71.2679 0.00952684 0.998646 -0.0514442 -2.38346 -0.966911 0.0223217 0.254302 65.4619
0.252036 0.044494 0.966727 71.8464 0.00917437 0.998803 -0.0483654 -2.41043 -0.967714 0.0210567 0.251326 65.622
0.249253 0.0405865 0.96763 72.4211 0.00955514 0.998986 -0.0443659 -2.44022 -0.968434 0.0203016 0.248615 65.7796
0.24718 0.0393241 0.968205 72.9635 0.0138864 0.998946 -0.044121 -2.46328 -0.968911 0.0243484 0.246374 65.9128
0.246213 0.0400809 0.96843 73.5147 0.0181217 0.998796 -0.0459478 -2.48734 -0.96909 0.0288597 0.245192 66.0297
0.243184 0.0415909 0.969123 74.0528 0.0214369 0.998623 -0.0482393 -2.51924 -0.969785 0.0325037 0.241958 66.1634
0.241385 0.0428826 0.969527 74.5939 0.0202743 0.998601 -0.0492192 -2.55578 -0.970261 0.0315342 0.24018 66.2952
0.238544 0.0447154 0.970137 75.1207 0.0191337 0.998547 -0.0507326 -2.59719 -0.970985 0.0306619 0.237343 66.4524
0.23709 0.042303 0.970613 75.6781 0.020479 0.99863 -0.0485295 -2.63899 -0.971316 0.0313799 0.235902 66.5872
0.237598 0.0390789 0.970613 76.247 0.026927 0.99856 -0.0467986 -2.67882 -0.971033 0.0372524 0.236204 66.7185
0.240388 0.0363216 0.970045 76.8063 0.0318595 0.998486 -0.0452849 -2.70852 -0.970198 0.0417878 0.23887 66.8254
0.24315 0.0349155 0.969397 77.3673 0.03451 0.998427 -0.0446202 -2.73921 -0.969417 0.0443006 0.241563 66.9414
0.247066 0.0341241 0.968446 77.9444 0.0324261 0.998548 -0.0434604 -2.77035 -0.968501 0.0421372 0.245604 67.0906
0.251465 0.0346655 0.967282 78.528 0.0313669 0.998561 -0.043944 -2.79687 -0.967401 0.0413883 0.250015 67.2759
0.257905 0.0330274 0.965654 79.0898 0.0332818 0.998538 -0.0430441 -2.81652 -0.965642 0.0432366 0.256432 67.4258
0.264781 0.0331679 0.963776 79.6862 0.0320996 0.998571 -0.0431875 -2.83675 -0.963818 0.0423693 0.263337 67.621
0.273566 0.0312266 0.961394 80.2572 0.0325126 0.998622 -0.0416905 -2.85574 -0.961349 0.0426592 0.272177 67.7709
0.282368 0.031634 0.958823 80.8599 0.0285152 0.998758 -0.0413525 -2.88415 -0.958926 0.039015 0.281114 67.9639
0.292067 0.0312672 0.955935 81.4323 0.0273766 0.998803 -0.0410369 -2.91014 -0.956052 0.0381526 0.290863 68.1357
0.301785 0.034821 0.952779 82.0348 0.0222394 0.998824 -0.0435513 -2.94029 -0.953161 0.0343297 0.300654 68.3406
0.310317 0.0370536 0.94996 82.5969 0.0187766 0.998827 -0.0450965 -2.96344 -0.950493 0.0318283 0.309259 68.5407
0.319788 0.0405204 0.946663 83.2874 0.0137106 0.998803 -0.0473874 -2.99977 -0.947434 0.0281307 0.318848 68.8601
0.330627 0.0424724 0.942855 83.8773 0.0131015 0.998705 -0.049586 -3.01494 -0.943717 0.0287446 0.329644 69.0424
0.340596 0.044066 0.939218 84.5296 0.0100234 0.998695 -0.0504951 -3.03308 -0.9402 0.0266099 0.339709 69.2973
0.350971 0.0441774 0.935394 85.1599 0.00930728 0.998693 -0.0506626 -3.06569 -0.936388 0.0264843 0.350102 69.5383
0.361686 0.0450045 0.931256 85.8206 0.00507682 0.998745 -0.0502417 -3.09866 -0.932331 0.0228969 0.361003 69.8016
0.371711 0.0398934 0.927542 86.4811 0.00627445 0.998966 -0.0454833 -3.12377 -0.928376 0.0227238 0.371077 70.0858
0.383521 0.0324467 0.923006 87.1401 0.0106419 0.999182 -0.0395505 -3.14897 -0.923517 0.0249881 0.38286 70.32
0.393219 0.0278126 0.919076 87.7932 0.0127731 0.999302 -0.0357087 -3.1733 -0.919406 0.0257778 0.392589 70.6163
0.40428 0.0246749 0.914347 88.525 0.0121528 0.999424 -0.0323484 -3.19749 -0.914602 0.0241867 0.403744 70.9385
0.413483 0.0212624 0.910316 89.2113 0.0191293 0.999325 -0.0320339 -3.22037 -0.910361 0.0306559 0.412797 71.2381
0.421817 0.0166143 0.906575 89.904 0.0252167 0.999253 -0.0300501 -3.21929 -0.906378 0.0355333 0.42108 71.5525
0.429046 0.00608132 0.903316 90.6214 0.0358141 0.999098 -0.0237402 -3.23261 -0.902623 0.0425335 0.428441 71.8687
0.435645 0.00236088 0.900163 91.3487 0.0403893 0.998961 -0.0221714 -3.2429 -0.89926 0.0460123 0.435094 72.2081
0.441954 0.00111609 0.897092 92.0495 0.0431375 0.998837 -0.0224982 -3.27996 -0.896053 0.0486377 0.441391 72.5656
0.451032 0.00595762 0.892538 92.8434 0.0448032 0.99859 -0.0293108 -3.32361 -0.891433 0.0532052 0.450125 72.9363
0.455906 0.00913078 0.890037 93.5116 0.0489234 0.9982 -0.0353042 -3.35457 -0.888737 0.0596348 0.454637 73.3209
0.460569 0.0118173 0.887597 94.2479 0.0469604 0.99821 -0.0376621 -3.37887 -0.886434 0.0590242 0.459186 73.7284
0.466257 0.014895 0.884581 94.9309 0.0393797 0.99854 -0.0375747 -3.38531 -0.883827 0.05235 0.464988 74.0635
0.469985 0.0186662 0.882531 95.661 0.0324831 0.998759 -0.0384282 -3.42838 -0.882129 0.0467247 0.468792 74.4917
0.473023 0.0214211 0.880848 96.3882 0.0315326 0.998675 -0.0412238 -3.47632 -0.880542 0.0472714 0.471718 74.9282
0.477103 0.0249588 0.878547 97.1427 0.0281959 0.998675 -0.0436884 -3.53758 -0.878447 0.045612 0.475763 75.3879
0.480584 0.0283667 0.876548 97.8434 0.0246143 0.99867 -0.0458181 -3.5754 -0.876661 0.0435913 0.479243 75.7956
0.484789 0.0273106 0.874259 98.4942 0.023211 0.998785 -0.0440762 -3.60405 -0.874374 0.0416567 0.483563 76.1494
0.489214 0.0243169 0.871884 99.1747 0.02454 0.998855 -0.0416314 -3.63529 -0.871877 0.0417589 0.488053 76.5323
0.493405 0.0219866 0.869577 99.7868 0.0246 0.998953 -0.0392209 -3.65324 -0.869505 0.0407399 0.492344 76.8472
0.498587 0.0220844 0.866618 100.449 0.0238595 0.99897 -0.0391883 -3.66704 -0.86657 0.0402121 0.497543 77.2124
0.502183 0.0250934 0.864453 101.084 0.0217694 0.998921 -0.041648 -3.67852 -0.864541 0.0397299 0.501091 77.5891
0.506158 0.0258546 0.862114 101.687 0.0226369 0.998832 -0.0432493 -3.70223 -0.862203 0.0414027 0.504977 77.9155
0.504518 0.0250161 0.863097 102.255 0.0248599 0.998771 -0.0434851 -3.71748 -0.863099 0.0433918 0.503272 78.3307
0.507707 0.0241496 0.861253 102.882 0.0270048 0.998694 -0.0439269 -3.73778 -0.861166 0.045556 0.506388 78.671
0.511001 0.0240264 0.859303 103.487 0.0267541 0.998706 -0.043839 -3.75632 -0.85922 0.0453878 0.509693 79.0112
0.514503 0.0240569 0.857213 104.065 0.0282534 0.998613 -0.0449872 -3.77298 -0.857083 0.0473613 0.513105 79.3199
0.51708 0.026191 0.855595 104.625 0.0278542 0.998514 -0.0474047 -3.7949 -0.85554 0.0483401 0.515578 79.6514
0.519682 0.0260492 0.854025 105.168 0.0314977 0.998296 -0.0496205 -3.81598 -0.853839 0.0526824 0.517972 79.9698
0.521807 0.0254254 0.852744 105.716 0.0329993 0.998233 -0.0499613 -3.85088 -0.852481 0.054206 0.520042 80.3344
0.524206 0.023467 0.851331 106.246 0.0363318 0.998118 -0.0498886 -3.88022 -0.850876 0.0570779 0.522363 80.6695
0.528376 0.022286 0.848778 106.768 0.0377858 0.998074 -0.0497335 -3.90858 -0.848225 0.0583456 0.526513 80.9624
0.531573 0.0217757 0.846797 107.302 0.0386767 0.998027 -0.0499479 -3.94416 -0.846191 0.0592975 0.529677 81.3174
0.534861 0.0219118 0.844716 107.789 0.0382294 0.998038 -0.0501005 -3.96983 -0.844131 0.0590856 0.53297 81.5979
0.538117 0.0215851 0.84266 108.297 0.0392148 0.997974 -0.05061 -4.00555 -0.842021 0.0602739 0.536175 81.9262
0.542081 0.0224251 0.840088 108.791 0.0387988 0.997936 -0.0516797 -4.04063 -0.839487 0.0606048 0.540088 82.2499
0.546394 0.0221574 0.837301 109.297 0.0411007 0.997762 -0.0532286 -4.07043 -0.836583 0.0634924 0.544255 82.5859
0.551693 0.025701 0.833712 109.781 0.0383022 0.997717 -0.0561079 -4.10914 -0.833224 0.062883 0.549444 82.8932
0.557471 0.0312994 0.829673 110.263 0.034593 0.997571 -0.0608812 -4.14854 -0.82954 0.0626353 0.555029 83.2212
0.563586 0.0383033 0.825231 110.737 0.029045 0.997415 -0.0661369 -4.18895 -0.825604 0.0612385 0.561012 83.5564
0.569301 0.0444168 0.820996 111.198 0.0245456 0.997202 -0.0709747 -4.22234 -0.821828 0.060553 0.566611 83.8972
0.575235 0.0489383 0.816586 111.669 0.0208399 0.997036 -0.0744388 -4.26347 -0.817781 0.0598334 0.572504 84.2579
0.580912 0.0497883 0.812511 112.154 0.0166761 0.997216 -0.0730338 -4.29704 -0.813862 0.055971 0.578458 84.6193
0.586334 0.0496049 0.808613 112.638 0.0106421 0.997594 -0.0689202 -4.33015 -0.810059 0.0490118 0.584389 84.9955
0.592056 0.047964 0.804538 113.124 0.00439403 0.998046 -0.0627386 -4.36516 -0.805952 0.0406757 0.590682 85.3759
0.597489 0.0467288 0.800579 113.618 -0.00160688 0.998396 -0.0570814 -4.40073 -0.801935 0.0328155 0.5966 85.7828
0.604275 0.0450836 0.795569 114.11 -0.00389442 0.998579 -0.0536345 -4.43072 -0.796833 0.0293078 0.603585 86.1407
0.610673 0.0486427 0.790453 114.61 -0.00884886 0.998496 -0.0546143 -4.46434 -0.791894 0.0263533 0.610179 86.5476
0.616996 0.052611 0.785277 115.12 -0.0119175 0.998299 -0.0575241 -4.48765 -0.786944 0.0261299 0.616567 86.9726
0.622739 0.0555922 0.78052 115.619 -0.0151218 0.998169 -0.0590347 -4.5337 -0.782346 0.0249567 0.622433 87.382
0.62933 0.0577754 0.775061 116.146 -0.0172516 0.998052 -0.0603952 -4.56673 -0.777016 0.0246339 0.629093 87.814
0.636197 0.0586336 0.769364 116.675 -0.0201471 0.998059 -0.0594081 -4.60218 -0.771327 0.0222913 0.636136 88.2545
0.642433 0.060653 0.764013 117.212 -0.0256997 0.998033 -0.0576266 -4.64327 -0.765982 0.017383 0.64272 88.7408
0.649452 0.0586575 0.758208 117.736 -0.0281957 0.99822 -0.05308 -4.70624 -0.759945 0.0130913 0.649942 89.1709
0.656174 0.0564181 0.752575 118.283 -0.0296148 0.998385 -0.0490296 -4.7631 -0.754101 0.00988124 0.656777 89.6797
0.66387 0.0559247 0.745826 118.845 -0.0299059 0.998415 -0.048251 -4.80164 -0.747316 0.00972435 0.664483 90.1862
0.672086 0.0581488 0.738265 119.416 -0.0344902 0.998315 -0.0472384 -4.8388 -0.739744 0.00628209 0.672949 90.7085
0.680508 0.0584629 0.730479 119.976 -0.0348572 0.998293 -0.0474308 -4.86458 -0.73198 0.00681129 0.681377 91.21
0.68728 0.0592147 0.724056 120.535 -0.0367343 0.998257 -0.0467766 -4.89298 -0.72554 0.00554793 0.688247 91.7578
0.691987 0.0580577 0.719649 121.095 -0.0365286 0.998326 -0.0454221 -4.92278 -0.721057 0.00514046 0.692942 92.3223
0.696015 0.0563663 0.715893 121.68 -0.0347663 0.998417 -0.0448158 -4.94897 -0.717262 0.00630035 0.696864 92.8903
0.699979 0.0539582 0.712202 122.262 -0.0311511 0.998527 -0.0450411 -4.96868 -0.713558 0.00933843 0.70062 93.4512
0.703617 0.0498294 0.708914 122.868 -0.025235 0.998689 -0.0451571 -4.9909 -0.71021 0.0138805 0.703941 94.0606
0.707315 0.0420569 0.705728 123.463 -0.01727 0.998987 -0.0422312 -5.04227 -0.706762 0.0176789 0.707316 94.6344
0.710946 0.0350232 0.702459 124.073 -0.0115316 0.999233 -0.0381549 -5.08883 -0.703232 0.019022 0.710795 95.2388
0.713847 0.0292852 0.699771 124.673 -0.00607774 0.999376 -0.0356303 -5.11874 -0.70035 0.0211774 0.713571 95.8432
0.716303 0.0279424 0.697316 125.258 -0.00607771 0.999437 -0.0338118 -5.14732 -0.697844 0.0199777 0.71606 96.4648
0.718593 0.0287611 0.694919 125.853 -0.00642514 0.999405 -0.0347259 -5.17807 -0.695477 0.0204847 0.718342 97.1026
0.721538 0.0331498 0.691668 126.461 -0.0120216 0.99933 -0.0353606 -5.21051 -0.692352 0.0171954 0.721443 97.7709
0.72427 0.0364485 0.688638 127.083 -0.0180251 0.99929 -0.0339398 -5.23697 -0.689359 0.0121649 0.724403 98.4629
0.726507 0.0327839 0.686464 127.661 -0.0180619 0.999455 -0.0286224 -5.27288 -0.687004 0.00839207 0.726693 99.0942
0.730561 0.030175 0.682266 128.289 -0.0212119 0.999572 -0.0215022 -5.29603 -0.682597 0.00123277 0.73088 99.762
0.733615 0.0247919 0.679202 128.898 -0.0203276 0.999716 -0.0145413 -5.31058 -0.679345 -0.00314206 0.7339 100.425
0.737632 0.0200925 0.674992 129.52 -0.017691 0.999818 -0.0104359 -5.32757 -0.675052 -0.00424722 0.737843 101.116
0.741273 0.0160993 0.671102 130.115 -0.0114071 0.999898 -0.0113933 -5.34327 -0.671191 0.000786791 0.741371 101.782
0.745241 0.0124848 0.666768 130.706 -0.00101606 0.999874 -0.0175934 -5.34864 -0.666877 0.0124296 0.745149 102.437
0.748507 0.0129659 0.663093 131.32 0.0050183 0.999698 -0.0252187 -5.36688 -0.663194 0.0221998 0.748205 103.192
0.753566 0.0122554 0.657351 131.954 0.00890797 0.999573 -0.0288548 -5.38321 -0.657397 0.027595 0.753124 103.928
0.758691 0.00806192 0.651496 132.559 0.0115458 0.999628 -0.0258216 -5.39529 -0.651437 0.0271083 0.758305 104.638
0.762688 0.00260789 0.646855 133.174 0.0165185 0.999617 -0.023514 -5.40898 -0.646642 0.0286141 0.762342 105.425
0.767875 -0.00110238 0.640696 133.755 0.0212231 0.999522 -0.0237223 -5.43257 -0.640339 0.0318087 0.767519 106.054
0.770404 -0.000545732 0.637651 134.344 0.0236589 0.999365 -0.0277368 -5.47911 -0.637205 0.0364497 0.769916 106.864
0.774567 0.000441474 0.632591 134.947 0.0236148 0.999311 -0.0296181 -5.48955 -0.632144 0.0378749 0.774011 107.569
0.776674 -0.00317552 0.629992 135.535 0.0264037 0.999303 -0.0275218 -5.52906 -0.629439 0.0380045 0.776203 108.329
0.779687 -0.00919388 0.626205 136.157 0.031345 0.999242 -0.0243628 -5.52865 -0.625481 0.0386187 0.779371 109.037
0.781254 -0.013719 0.624162 136.774 0.0352874 0.999161 -0.0222148 -5.53646 -0.623307 0.0393751 0.781069 109.796
0.782324 -0.0183403 0.622705 137.393 0.0393223 0.999058 -0.0199828 -5.54159 -0.621726 0.0401141 0.782295 110.534
0.782769 -0.0195239 0.622106 137.998 0.0398719 0.999058 -0.0188226 -5.55468 -0.621126 0.0395329 0.782797 111.309
0.782637 -0.0188578 0.622297 138.59 0.0384697 0.999128 -0.0181104 -5.56721 -0.621386 0.0381084 0.782666 112.058
0.782759 -0.0168009 0.622198 139.195 0.0367591 0.999169 -0.0192723 -5.58692 -0.621331 0.0379516 0.782713 112.815
0.781743 -0.0125798 0.623578 139.777 0.0322247 0.999308 -0.0202444 -5.60736 -0.622865 0.0359155 0.781594 113.555
0.780199 -0.0080646 0.625578 140.368 0.0270631 0.999446 -0.0208751 -5.64252 -0.625037 0.0332117 0.779973 114.288
0.779283 -0.00623752 0.626745 140.986 0.023956 0.999548 -0.0198444 -5.65717 -0.626312 0.030474 0.779067 115.061
0.777678 -0.00470871 0.628744 141.592 0.0216143 0.999612 -0.0192552 -5.67268 -0.628383 0.0285592 0.777465 115.8
0.775829 -0.00553418 0.631023 142.191 0.0206842 0.999679 -0.0166687 -5.69099 -0.630702 0.0259797 0.775681 116.521
0.773908 -0.00639951 0.633364 142.803 0.0185313 0.999781 -0.0125487 -5.71479 -0.633118 0.0214439 0.773844 117.271
0.771629 -0.0110425 0.636083 143.405 0.0230877 0.99971 -0.0106575 -5.7222 -0.635754 0.0229047 0.771645 117.976
0.769707 -0.00710816 0.638456 144.01 0.0225537 0.999648 -0.0160678 -5.7315 -0.63809 0.0267623 0.769583 118.67
0.767422 0.00258438 0.641243 144.617 0.0165183 0.999613 -0.0238026 -5.75895 -0.64103 0.0288543 0.767069 119.399
0.76417 0.00688285 0.645074 145.251 0.0150557 0.999511 -0.0285066 -5.79633 -0.644928 0.0314911 0.763681 120.227
0.761981 0.00610766 0.647676 145.813 0.0126266 0.999659 -0.024287 -5.81342 -0.647576 0.0266796 0.761631 120.847
0.758573 0.00469007 0.651667 146.468 0.00950308 0.999819 -0.0182639 -5.83591 -0.651608 0.0200427 0.758379 121.63
0.755524 0.00282032 0.655219 147.08 0.00745559 0.999923 -0.012906 -5.85948 -0.655177 0.0146317 0.755432 122.349
0.752318 0.00244117 0.65889 147.701 0.007679 0.999924 -0.0124787 -5.8741 -0.658844 0.014443 0.75223 123.075
0.750188 -0.000129776 0.661328 148.32 0.00995267 0.999924 -0.0110988 -5.8867 -0.661247 0.0149039 0.750118 123.728
0.748435 -0.00148055 0.663301 148.957 0.0136384 0.999852 -0.0131633 -5.89815 -0.663156 0.0188936 0.748332 124.398
0.746292 -0.00319427 0.665714 149.597 0.0174583 0.999773 -0.0147794 -5.91095 -0.665487 0.0226475 0.746165 125.062
0.742862 -0.00356055 0.669531 150.225 0.0205476 0.999667 -0.0174881 -5.92071 -0.669219 0.0267436 0.742676 125.742
0.739588 -0.0031412 0.673154 150.863 0.0202578 0.999675 -0.0175973 -5.92327 -0.672851 0.0266468 0.739398 126.431
0.734696 -0.000674893 0.678492 151.489 0.0172104 0.999729 -0.0176478 -5.92927 -0.678267 0.0246379 0.734497 127.144
0.729644 -0.000245293 0.683928 152.094 0.0173884 0.999718 -0.0181972 -5.9349 -0.683701 0.0251653 0.72943 127.789
0.72392 0.00266359 0.689973 152.713 0.0134264 0.999782 -0.0179524 -5.96227 -0.689841 0.0222551 0.723715 128.451
0.717695 0.00938634 0.696393 153.35 0.00916201 0.999729 -0.022922 -5.98374 -0.696391 0.022827 0.717402 129.151
0.713188 0.0144559 0.700918 154.016 0.00699256 0.999623 -0.0277372 -5.98848 -0.701026 0.0246782 0.712807 129.811
0.707364 0.016596 0.706752 154.674 0.00715748 0.999539 -0.0306396 -5.99948 -0.706906 0.0267275 0.706908 130.474
0.701501 0.0120763 0.712659 155.343 0.00522376 0.999775 -0.0220891 -6.02248 -0.712737 0.0192135 0.70127 131.118
0.695796 0.00835635 0.718288 156.021 0.000240137 0.999964 -0.0118702 -6.02242 -0.718333 0.00842776 0.695757 131.786
0.688263 0.00354588 0.725545 156.656 0.000586431 1.00002 -0.00544878 -6.03294 -0.725549 0.00417109 0.688263 132.433
0.680661 0.00636556 0.732665 157.338 -0.0064468 1.00001 -0.00270343 -6.03869 -0.732662 -0.00288698 0.680697 133.123
0.672181 0.00853118 0.740429 157.979 -0.00645309 0.999995 -0.00566873 -6.03855 -0.740445 -0.000972124 0.672224 133.738
0.666052 0.00797854 0.745956 158.662 -0.00157607 0.99999 -0.00929262 -6.0523 -0.745996 0.00500963 0.666046 134.307
0.659416 0.015625 0.751705 159.394 -0.00148272 0.999841 -0.0194874 -6.07423 -0.751861 0.0117309 0.659327 134.945
0.651627 0.0174349 0.758432 160.171 0.00119007 0.999746 -0.024009 -6.0653 -0.75863 0.016543 0.65143 135.635
0.645237 0.0133125 0.763955 160.898 0.00345694 0.99982 -0.0203474 -6.07923 -0.764059 0.0157647 0.645068 136.234
0.637838 0.00758707 0.770225 161.624 0.00693144 0.99989 -0.0155936 -6.09216 -0.770229 0.0152804 0.637704 136.823
0.630709 0.00707934 0.776075 162.369 0.00662122 0.999906 -0.0145072 -6.10521 -0.776073 0.0142832 0.630597 137.458
0.623559 0.00851313 0.78182 163.076 0.00473884 0.999918 -0.0146715 -6.12433 -0.78185 0.0128489 0.623457 138.036
0.616663 0.00672114 0.787286 163.863 0.00869785 0.999878 -0.0153541 -6.12466 -0.787261 0.0163109 0.616523 138.7
0.610822 0.00190686 0.791854 164.611 0.0128047 0.999879 -0.0122889 -6.11995 -0.791752 0.0176408 0.610714 139.297
0.605509 -0.00111231 0.795924 165.336 0.0134904 0.999904 -0.00887077 -6.13373 -0.795805 0.0161034 0.60546 139.863
0.600841 -0.00211401 0.799454 166.08 0.0114943 0.999953 -0.00599822 -6.14988 -0.799374 0.0127883 0.600826 140.449
0.596246 -0.000144548 0.802887 166.855 0.0109971 0.999942 -0.00799191 -6.15379 -0.802807 0.0135894 0.596208 141.049
0.593086 0.00258144 0.805222 167.527 0.0121257 0.99989 -0.0121401 -6.14917 -0.805135 0.016959 0.59298 141.505
0.590198 0.00859519 0.807298 168.247 0.0111216 0.999796 -0.018781 -6.1543 -0.807262 0.0200578 0.589978 142.03
0.587023 0.0114329 0.809577 168.996 0.00899896 0.999783 -0.0206475 -6.15951 -0.809607 0.0194008 0.586784 142.605
0.584851 0.00739062 0.811192 169.704 0.00914769 0.999869 -0.0157104 -6.1645 -0.811169 0.0166037 0.584702 143.093
0.582936 -0.000720809 0.812605 170.421 0.0131146 0.999915 -0.0085242 -6.16688 -0.8125 0.0156209 0.582886 143.601
0.581271 -0.0062226 0.813771 171.12 0.0178304 0.999863 -0.00509588 -6.16805 -0.813595 0.0174666 0.581297 144.051
0.579233 -0.0083423 0.815207 171.839 0.0234746 0.999741 -0.0064518 -6.17008 -0.814911 0.0228682 0.57927 144.555
0.578017 -0.00619089 0.816086 172.519 0.0247876 0.999678 -0.0099782 -6.17438 -0.815729 0.0259908 0.57798 145.004
0.577077 0.000813879 0.816777 173.206 0.022127 0.999655 -0.0166324 -6.18763 -0.816478 0.0276654 0.57685 145.485
0.57599 0.00871807 0.817495 173.879 0.0204677 0.999511 -0.0250856 -6.20661 -0.817281 0.0311757 0.575525 145.946
0.574944 0.00944543 0.818226 174.548 0.0238663 0.999354 -0.0283093 -6.22405 -0.817933 0.0357986 0.574337 146.385
0.572729 0.00293448 0.819825 175.206 0.0238036 0.999548 -0.020212 -6.23776 -0.819481 0.0310851 0.572395 146.849
0.570992 -0.00381474 0.821035 175.839 0.0158247 0.999894 -0.00636246 -6.2598 -0.820893 0.0166203 0.570981 147.252
0.568338 -0.00728011 0.822849 176.505 0.00799575 0.999999 0.00331968 -6.28081 -0.822838 0.00468757 0.56839 147.762
0.566474 -0.00533234 0.824151 177.156 0.00558602 1.00002 0.00262781 -6.2965 -0.824151 0.00311036 0.566505 148.225
0.566385 -0.00318299 0.824221 177.792 0.00876136 0.999998 -0.00216402 -6.28669 -0.824177 0.00844193 0.566405 148.604
0.564612 -0.00162619 0.825445 178.42 0.0101012 0.999977 -0.00494213 -6.28712 -0.825385 0.0111233 0.564605 149.035
0.563812 -0.00281124 0.825986 179.049 0.0104748 0.999977 -0.00375179 -6.28256 -0.825919 0.0107623 0.563822 149.428
0.562926 -0.00342334 0.82659 179.679 0.00974309 0.999991 -0.00249652 -6.28197 -0.826541 0.00945383 0.562943 149.835
0.561698 -0.00427048 0.827418 180.29 0.00992841 0.999989 -0.00158389 -6.28572 -0.827365 0.00909962 0.561728 150.24
0.559246 -0.00418911 0.829081 180.894 0.011407 0.999972 -0.0026447 -6.28806 -0.829014 0.0109312 0.559268 150.649
0.556847 -0.00308913 0.830697 181.494 0.0126115 0.999949 -0.00474045 -6.28834 -0.830602 0.0131108 0.556851 151.036
0.55376 -0.00133421 0.832766 182.086 0.0123512 0.999943 -0.00661404 -6.29408 -0.832675 0.0139432 0.553736 151.424
0.549972 0.000318491 0.835272 182.631 0.0128153 0.99992 -0.00882437 -6.29641 -0.835168 0.0155523 0.549918 151.788
0.547199 0.00200592 0.837092 183.248 0.0124354 0.999909 -0.0105279 -6.3091 -0.837002 0.0161654 0.547115 152.149
0.542501 0.00512039 0.840129 183.837 0.0130767 0.99985 -0.0145431 -6.30947 -0.840038 0.0188707 0.542347 152.515
0.537359 0.00730839 0.843412 184.424 0.0149085 0.999766 -0.0181647 -6.31224 -0.843313 0.0223299 0.537116 152.865
0.531947 0.00982585 0.846811 185.032 0.0131656 0.999758 -0.019876 -6.31799 -0.846759 0.0217167 0.531684 153.229
0.527101 0.011783 0.849811 185.666 0.00838575 0.999825 -0.0190672 -6.33283 -0.849852 0.0171718 0.526901 153.601
0.521779 0.0135098 0.853064 186.277 0.00466229 0.999857 -0.0186914 -6.34168 -0.853152 0.0137252 0.521637 153.959
0.515227 0.01461 0.857019 186.868 0.00425207 0.99984 -0.0196039 -6.34788 -0.857134 0.0137399 0.515075 154.332
0.50826 0.0169379 0.861127 187.447 0.00347236 0.9998 -0.0217201 -6.36272 -0.861281 0.0140249 0.508095 154.693
0.501255 0.0212772 0.865127 188.07 0.000311504 0.999736 -0.0247711 -6.38155 -0.86539 0.0126816 0.501108 155.057
0.493134 0.0255617 0.869666 188.695 -0.00227079 0.999644 -0.0280996 -6.38077 -0.870034 0.0118775 0.493013 155.437
0.487452 0.0280603 0.872789 189.363 -0.00424738 0.999591 -0.0297679 -6.40266 -0.87323 0.0107991 0.487365 155.788
0.481349 0.0299714 0.876104 190.039 -0.00492805 0.999533 -0.0314914 -6.42785 -0.876598 0.0108365 0.481269 156.142
0.475131 0.0313113 0.879447 190.718 -0.00616144 0.999504 -0.0322599 -6.45345 -0.879984 0.00990489 0.475082 156.49
0.466184 0.0301303 0.884262 191.346 -0.00173626 0.999491 -0.0331462 -6.47622 -0.884769 0.0139124 0.465996 156.86
0.458707 0.0309797 0.888136 192.06 -0.00203027 0.999469 -0.0338175 -6.48003 -0.888676 0.0137048 0.45852 157.222
0.450502 0.0291079 0.892388 192.766 -0.00167 0.999536 -0.0317647 -6.48906 -0.892857 0.0128154 0.45034 157.592
0.442807 0.0279163 0.896271 193.499 -0.00379917 0.999607 -0.0292608 -6.49512 -0.8967 0.00954748 0.442734 157.958
0.436227 0.024496 0.89959 194.249 -0.00392763 0.999713 -0.0253226 -6.50362 -0.899911 0.00750885 0.436196 158.321
0.429245 0.0208714 0.903035 194.962 -0.000117668 0.999776 -0.0230543 -6.50929 -0.903278 0.00978534 0.429147 158.68
0.422927 0.0162688 0.906105 195.703 -0.00139379 0.999892 -0.017307 -6.50944 -0.906245 0.0060524 0.422903 159.035
0.415261 0.0119371 0.909712 196.462 -0.00146208 0.999963 -0.0124567 -6.50797 -0.909792 0.0038385 0.415259 159.41
0.410374 0.0118316 0.911927 197.251 0.00399723 0.999926 -0.0147771 -6.48425 -0.911991 0.00970484 0.410297 159.746
0.406719 0.019724 0.913433 198.014 0.00826234 0.999691 -0.0252685 -6.46794 -0.913608 0.0178194 0.406429 160.023
0.399615 0.0344481 0.916125 198.775 0.0044941 0.99925 -0.0395389 -6.49757 -0.916753 0.0199129 0.399165 160.462
0.395335 0.0413805 0.917679 199.705 0.0133337 0.998641 -0.0507784 -6.4642 -0.918535 0.0323054 0.394247 160.876
0.387688 0.0353656 0.921201 200.521 0.0233123 0.998612 -0.0481532 -6.49413 -0.921578 0.0401389 0.386329 161.239
0.382779 0.0257924 0.923551 201.376 0.0310243 0.998708 -0.0407525 -6.54846 -0.923404 0.0442464 0.381489 161.573
0.370933 0.0209075 0.928508 202.193 0.0356786 0.998729 -0.0367456 -6.5512 -0.928046 0.0467499 0.369724 162.027
0.367433 0.0259844 0.929766 203.016 0.030391 0.998756 -0.0399259 -6.61018 -0.929647 0.04292 0.366193 162.363
0.367549 0.0322036 0.929534 203.973 0.0256795 0.998718 -0.0447571 -6.67413 -0.92972 0.0403121 0.366259 162.658
0.368677 0.0307914 0.929126 204.814 0.027067 0.998693 -0.0438401 -6.72787 -0.929247 0.0413056 0.367371 162.939
0.355227 0.0238359 0.934578 205.591 0.030641 0.99889 -0.0371258 -6.76276 -0.934369 0.0418141 0.354109 163.412
0.350626 0.0199122 0.936389 206.443 0.0286125 0.9991 -0.0319624 -6.80119 -0.936165 0.037992 0.349755 163.721
0.342095 0.0235546 0.939464 207.308 0.0247961 0.999162 -0.0340828 -6.81933 -0.939432 0.0349442 0.341229 164.063
0.336233 0.0276336 0.941459 208.205 0.0244713 0.998996 -0.0380652 -6.83788 -0.941547 0.0358304 0.335234 164.402
0.327518 0.028242 0.944518 209.046 0.0270877 0.998912 -0.0392635 -6.85741 -0.944552 0.0384337 0.326402 164.764
0.324477 0.0268484 0.945604 209.982 0.0333412 0.998672 -0.0397993 -6.87294 -0.945395 0.0444336 0.323167 165.053
0.328634 0.0282307 0.944131 211.051 0.0324791 0.998672 -0.0411693 -6.86584 -0.943993 0.0441835 0.327288 165.291
0.329097 0.0285242 0.943956 211.96 0.0327875 0.998617 -0.0416103 -6.88416 -0.943816 0.044636 0.327722 165.534
0.326631 0.0273588 0.944855 212.953 0.0340259 0.99864 -0.0406816 -6.93015 -0.944637 0.0454267 0.325264 165.86
0.322446 0.0267732 0.946295 213.889 0.0321278 0.998735 -0.0392073 -6.9543 -0.946128 0.0430373 0.321193 166.224
0.321499 0.0251096 0.946676 214.891 0.0319099 0.998839 -0.0373329 -6.97602 -0.946469 0.0422 0.320333 166.543
0.321107 0.0247472 0.946805 215.808 0.0263922 0.999057 -0.0350668 -7.02307 -0.946761 0.0362413 0.320166 166.843
0.322841 0.0275225 0.946154 216.764 0.0227768 0.999109 -0.0368376 -7.0534 -0.946277 0.0334324 0.321935 167.132
0.322839 0.031201 0.946026 217.68 0.019921 0.999033 -0.0397505 -7.06022 -0.946331 0.031672 0.321919 167.436
0.321686 0.0312923 0.946432 218.599 0.021003 0.99902 -0.0401727 -7.09329 -0.946714 0.0327905 0.320721 167.749
0.320332 0.0301094 0.946914 219.538 0.0193519 0.9991 -0.0383184 -7.13221 -0.947195 0.0305924 0.319475 168.065
0.3191 0.0246545 0.947505 220.453 0.023086 0.999212 -0.0337779 -7.1586 -0.947542 0.032642 0.318286 168.373
0.31298 0.0248501 0.949522 221.395 0.0264017 0.999067 -0.0348523 -7.13207 -0.949479 0.03597 0.312046 168.802
0.312232 0.0268358 0.949734 222.33 0.0242429 0.999101 -0.0362037 -7.15206 -0.949798 0.0343176 0.311309 169.087
0.310418 0.0346533 0.950058 223.33 0.0240309 0.998753 -0.0442843 -7.16229 -0.950385 0.0365704 0.309213 169.441
0.310691 0.0361083 0.949932 224.344 0.0272484 0.998579 -0.0468724 -7.19617 -0.950223 0.0404363 0.309274 169.713
0.308455 0.0381881 0.950564 225.267 0.0240037 0.998588 -0.0479097 -7.23869 -0.951025 0.0375883 0.307118 170.027
0.306651 0.0344173 0.951305 226.197 0.0225194 0.998852 -0.0433996 -7.27651 -0.951657 0.0347208 0.305533 170.319
0.305828 0.0289783 0.951738 227.173 0.0229747 0.999047 -0.0378044 -7.30919 -0.951898 0.0334208 0.304886 170.599
0.302641 0.025795 0.952861 228.152 0.0226471 0.999204 -0.0342458 -7.32591 -0.952936 0.0319331 0.301825 170.899
0.299952 0.0273456 0.953656 229.089 0.0195072 0.99923 -0.0347911 -7.34621 -0.953844 0.0290323 0.299202 171.186
0.296174 0.0286821 0.954809 230.01 0.0189752 0.999223 -0.0359053 -7.37109 -0.955046 0.0287416 0.29541 171.478
0.291823 0.0293595 0.956114 230.932 0.0185917 0.999191 -0.0363598 -7.40077 -0.956381 0.02838 0.291056 171.776
0.287799 0.0293331 0.957348 231.847 0.0165972 0.999275 -0.0356105 -7.4257 -0.957648 0.0261275 0.287114 172.055
0.28308 0.0289276 0.958754 232.782 0.0160457 0.999289 -0.0348913 -7.44862 -0.959052 0.0252544 0.28243 172.34
0.283535 0.0290877 0.958628 233.701 0.0167451 0.999284 -0.0352774 -7.44327 -0.958916 0.0260443 0.282856 172.506
0.279713 0.0301562 0.959706 234.606 0.0148843 0.999278 -0.0357408 -7.47491 -0.96006 0.0242754 0.279077 172.772
0.276007 0.0312563 0.960755 235.531 0.0121667 0.999322 -0.0360099 -7.5027 -0.961178 0.0216181 0.275452 173.043
0.273131 0.0311273 0.96157 236.507 0.00983137 0.999362 -0.0351463 -7.52662 -0.962019 0.0190469 0.272665 173.312
0.269719 0.0329229 0.962483 237.411 0.0047653 0.999403 -0.0355247 -7.55014 -0.963027 0.0141585 0.269413 173.58
0.268784 0.0378609 0.962552 238.312 0.000234267 0.999253 -0.0393731 -7.57676 -0.963293 0.0108026 0.268589 173.82
0.266507 0.0451326 0.962883 239.242 -0.00371259 0.998989 -0.0458009 -7.5748 -0.963926 0.00862221 0.266417 174.069
0.264406 0.0481858 0.963304 240.158 -0.00569948 0.998841 -0.0484024 -7.59585 -0.964488 0.0073022 0.264389 174.317
0.261564 0.0461198 0.964191 241.066 -0.00748084 0.998969 -0.0457575 -7.63331 -0.965257 0.00474641 0.261652 174.57
0.257301 0.0432861 0.965458 241.978 -0.0073024 0.999084 -0.0428509 -7.66532 -0.966397 0.00397005 0.257397 174.842
0.253134 0.0407059 0.966682 242.891 -0.00756089 0.999211 -0.0400995 -7.69505 -0.967502 0.0028324 0.253256 175.105
0.249633 0.0403079 0.967599 243.857 -0.00759428 0.999213 -0.0396688 -7.72682 -0.968404 0.00254907 0.249758 175.349
0.244204 0.0402769 0.968997 244.736 -0.00751357 0.999227 -0.0396441 -7.76371 -0.969797 0.00239138 0.244332 175.612
0.240307 0.044842 0.969758 245.683 -0.00949387 0.999021 -0.0438459 -7.76506 -0.970744 0.00132426 0.240514 175.84
0.235882 0.0483994 0.970688 246.648 -0.0101622 0.998868 -0.0473394 -7.7943 -0.971833 0.00129329 0.236122 176.074
0.231183 0.0437385 0.972024 247.552 -0.00134603 0.99903 -0.0446369 -7.81616 -0.973003 0.0090052 0.231035 176.274
0.227998 0.0398622 0.972959 248.468 -0.00198944 0.999219 -0.0404765 -7.8369 -0.973765 0.00728367 0.227915 176.468
0.222997 0.0412135 0.974046 249.364 -0.001372 0.999146 -0.0419648 -7.87441 -0.974912 0.00801589 0.22288 176.676
0.218647 0.0542436 0.974409 250.257 -0.000425994 0.998499 -0.0554939 -7.90346 -0.97591 0.0117094 0.218359 176.872
0.214339 0.0668691 0.974568 251.15 0.000702153 0.997672 -0.0686123 -7.93779 -0.976853 0.0153853 0.213811 177.041
0.214074 0.0746927 0.974071 251.998 -0.00254566 0.997152 -0.0759079 -7.92967 -0.97692 0.0137616 0.213671 177.091
0.212692 0.0701134 0.974702 252.876 -0.00605164 0.997528 -0.0704382 -7.98117 -0.977197 0.00907806 0.212607 177.208
0.207266 0.0642231 0.976288 253.779 -0.00829234 0.997962 -0.0638932 -8.03116 -0.978356 0.00513838 0.207393 177.415
0.202208 0.060687 0.977561 254.679 -0.0100135 0.998184 -0.0598994 -8.07646 -0.979388 0.0023183 0.202466 177.61
0.196685 0.0608335 0.978692 255.595 -0.0140013 0.998185 -0.0592361 -8.13262 -0.980473 -0.00206067 0.197197 177.801
0.190646 0.059007 0.979984 256.462 -0.0176363 0.998266 -0.0566801 -8.18222 -0.981597 -0.00648243 0.191374 177.965
0.181901 0.0548396 0.981901 257.356 -0.0224757 0.998454 -0.0516053 -8.23819 -0.983167 -0.0126899 0.182871 178.166
0.17482 0.0506707 0.983395 258.235 -0.0239511 0.998627 -0.0472009 -8.30337 -0.984406 -0.0153066 0.175812 178.335
0.166954 0.051848 0.984716 259.148 -0.0211445 0.998616 -0.0489999 -8.34683 -0.985845 -0.0126488 0.167838 178.503
0.161743 0.0570643 0.985282 260.02 -0.0176235 0.998364 -0.0549321 -8.36353 -0.986774 -0.00848401 0.162504 178.632
0.155633 0.0605714 0.986071 260.898 -0.0159312 0.998181 -0.0588062 -8.38251 -0.987795 -0.00656498 0.156334 178.768
0.149521 0.0610105 0.986975 261.783 -0.0170649 0.998135 -0.0591183 -8.39258 -0.988711 -0.0080081 0.150302 178.903
0.142993 0.056215 0.988243 262.672 -0.0185038 0.998402 -0.0541211 -8.47447 -0.98966 -0.010555 0.143824 179.045
0.137095 0.054787 0.989143 263.555 -0.0164132 0.998489 -0.053033 -8.52261 -0.990521 -0.00896952 0.137807 179.158
0.130946 0.0575957 0.989832 264.356 -0.0150351 0.998349 -0.0561082 -8.55363 -0.991386 -0.00754293 0.131616 179.312
0.12611 0.0609198 0.990243 265.317 -0.0151433 0.998144 -0.0594804 -8.60225 -0.992 -0.00749947 0.126819 179.428
0.125807 0.0627005 0.990188 266.323 -0.0122519 0.998059 -0.0616483 -8.64198 -0.992089 -0.00438361 0.126351 179.497
0.124345 0.0608435 0.990472 267.221 -0.00704406 0.998177 -0.0604356 -8.69383 -0.992314 0.000532899 0.124567 179.586
0.122594 0.0581328 0.990871 268.094 -0.00550613 0.998343 -0.0578962 -8.73868 -0.992553 0.00163372 0.122732 179.694
0.121132 0.0567882 0.991111 268.98 -0.00440975 0.998413 -0.0566708 -8.77972 -0.992727 0.00248908 0.12121 179.792
0.117631 0.0557428 0.991611 269.88 -0.00313275 0.998473 -0.0557634 -8.82448 -0.993165 0.00344467 0.117647 179.925
0.11698 0.057058 0.991595 270.786 -0.00052553 0.998383 -0.0573897 -8.87594 -0.993234 0.00618725 0.116841 180.024
0.116107 0.0582132 0.991649 271.661 0.00102599 0.998308 -0.0587308 -8.92535 -0.993349 0.00782803 0.115872 180.137
0.116648 0.059356 0.991499 272.522 0.00366151 0.998211 -0.0601918 -8.97022 -0.993267 0.0106467 0.116242 180.239
0.117087 0.0601483 0.991419 273.409 0.00499911 0.99815 -0.0611538 -9.02156 -0.993222 0.0121079 0.116591 180.344
0.117665 0.0610257 0.991278 274.249 0.00490505 0.998093 -0.0620307 -9.06532 -0.993141 0.0121562 0.117161 180.443
0.119198 0.0616795 0.991076 275.045 0.0071566 0.998024 -0.0629798 -9.10373 -0.992958 0.0145911 0.118542 180.543
0.119782 0.060403 0.991063 275.839 0.00782533 0.998091 -0.0617804 -9.15503 -0.99287 0.0151506 0.119101 180.659
0.121624 0.0582919 0.990988 276.677 0.00915048 0.998201 -0.0598465 -9.20333 -0.992649 0.0163379 0.120893 180.772
0.12468 0.0550494 0.990771 277.507 0.00959987 0.998378 -0.0566835 -9.25106 -0.992251 0.0165735 0.123969 180.88
0.127093 0.0521564 0.990645 278.329 0.00841529 0.99856 -0.05366 -9.29266 -0.991971 0.0151474 0.126492 181.001
0.129891 0.0500078 0.990369 279.123 0.00636209 0.998697 -0.0512663 -9.34091 -0.991609 0.0129547 0.129423 181.122
0.134629 0.0509219 0.989715 279.936 0.00143488 0.998704 -0.051587 -9.38074 -0.991011 0.00835663 0.134402 181.224
0.140156 0.0521304 0.988859 280.71 -0.00115746 0.998653 -0.0524861 -9.42301 -0.99023 0.00620665 0.140046 181.317
0.143542 0.050878 0.988465 281.452 -0.00181909 0.998727 -0.0511495 -9.47539 -0.989759 0.00553534 0.143472 181.44
0.146482 0.0491006 0.988097 282.208 -0.00322383 0.998818 -0.049159 -9.50806 -0.989309 0.00401043 0.146486 181.561
0.150657 0.0461208 0.987641 282.936 -0.00490797 0.998971 -0.0459087 -9.54401 -0.98869 0.00206056 0.150749 181.664
0.154843 0.0451801 0.987009 283.64 -0.00820056 0.999011 -0.0444465 -9.56775 -0.988007 -0.00121698 0.155078 181.766
0.159297 0.0460109 0.986289 284.39 -0.00730693 0.998977 -0.0454301 -9.60257 -0.98732 2.14671e-05 0.159491 181.884
0.164258 0.0470287 0.985399 285.053 -0.00590771 0.998925 -0.0466931 -9.63175 -0.986502 0.00184306 0.164376 181.99
0.168156 0.049041 0.984672 285.752 -0.00555348 0.99883 -0.0488053 -9.66242 -0.985861 0.00272995 0.168252 182.101
0.171113 0.0520223 0.983981 286.418 -0.00716632 0.998677 -0.0515566 -9.69943 -0.985328 0.00176541 0.171276 182.233
0.174194 0.0524311 0.983447 287.072 -0.009444 0.998661 -0.0515771 -9.73283 -0.984783 -0.000311497 0.174476 182.356
0.177326 0.0531073 0.982822 287.725 -0.0120309 0.998618 -0.0517937 -9.76591 -0.984181 -0.00264491 0.177736 182.483
0.180756 0.052466 0.98226 288.322 -0.0134963 0.998651 -0.0508655 -9.80772 -0.983553 -0.00407072 0.18124 182.609
0.182637 0.0520947 0.981904 288.938 -0.014219 0.998663 -0.0503428 -9.83939 -0.98318 -0.00477212 0.18315 182.748
0.189363 0.0521205 0.980656 289.539 -0.0165126 0.998655 -0.049896 -9.88777 -0.981885 -0.00675276 0.189988 182.809
0.191823 0.0550378 0.979991 290.107 -0.0194324 0.998477 -0.052276 -9.92634 -0.981341 -0.00902077 0.192616 182.943
0.193736 0.0528967 0.979761 290.676 -0.021185 0.998575 -0.0497309 -9.97948 -0.980943 -0.0111292 0.1946 183.071
0.196976 0.0531516 0.979073 291.234 -0.0215167 0.998556 -0.0498844 -10.0013 -0.980277 -0.0112453 0.197851 183.184
0.199633 0.0522235 0.978614 291.764 -0.0244665 0.998571 -0.0483049 -10.0402 -0.979683 -0.0143074 0.200644 183.304
0.20239 0.053324 0.97796 292.304 -0.023759 0.998524 -0.0495322 -10.0521 -0.979121 -0.0132154 0.203374 183.414
0.205976 0.0541596 0.977194 292.835 -0.0242121 0.998481 -0.0502435 -10.0806 -0.978377 -0.0133184 0.206993 183.52
0.208627 0.0560705 0.976495 293.355 -0.0241384 0.99838 -0.052174 -10.0958 -0.977802 -0.0126907 0.209658 183.637
0.211946 0.0570168 0.975755 293.877 -0.0222002 0.998357 -0.0535232 -10.1186 -0.97715 -0.0103251 0.212882 183.743
0.215135 0.0588996 0.974915 294.363 -0.0231623 0.998241 -0.0552014 -10.1446 -0.976414 -0.0107099 0.216136 183.84
0.216797 0.0603974 0.974489 294.871 -0.023891 0.998152 -0.0565571 -10.1611 -0.976047 -0.0110271 0.217858 183.957
0.218999 0.0620236 0.973861 295.387 -0.0244551 0.998047 -0.0580684 -10.1864 -0.975524 -0.0111031 0.220103 184.076
0.221371 0.0630229 0.973294 295.885 -0.0252102 0.997985 -0.058896 -10.2203 -0.974986 -0.011506 0.222532 184.164
0.221816 0.0636728 0.973118 296.397 -0.0242961 0.997952 -0.0597634 -10.249 -0.974891 -0.0103907 0.222923 184.282
0.222413 0.0642425 0.972977 296.908 -0.0246456 0.997916 -0.0602638 -10.2739 -0.974762 -0.010583 0.223552 184.375
0.2223 0.0640619 0.972982 297.411 -0.0259044 0.99791 -0.0597885 -10.2987 -0.97474 -0.0119177 0.223509 184.488
0.221893 0.0635216 0.973142 297.931 -0.0267112 0.997935 -0.0590578 -10.3137 -0.974827 -0.0128961 0.22315 184.598
0.22053 0.0637939 0.973403 298.445 -0.0252473 0.997933 -0.0596855 -10.3454 -0.975159 -0.0114174 0.221699 184.705
0.219443 0.0665956 0.973493 298.96 -0.0220432 0.99779 -0.0632975 -10.3712 -0.975498 -0.00757569 0.220445 184.81
0.21795 0.0702914 0.973536 299.507 -0.0165741 0.997561 -0.0683191 -10.3998 -0.975925 -0.0012494 0.218598 184.924
0.216534 0.0750035 0.973533 300.058 -0.0142276 0.99722 -0.0736728 -10.4232 -0.976294 0.00209433 0.217018 185.029
0.216191 0.0775138 0.973382 300.608 -0.0151037 0.997026 -0.0760456 -10.4606 -0.97634 0.00173468 0.216733 185.117
0.214578 0.0778844 0.973741 301.184 -0.0155877 0.997001 -0.076319 -10.4915 -0.976707 0.0011909 0.215167 185.235
0.214837 0.0737108 0.973977 301.729 -0.0105953 0.997302 -0.0731427 -10.5413 -0.976699 0.00539018 0.215053 185.329
0.211445 0.0677152 0.975187 302.29 -0.00130686 0.997656 -0.0690009 -10.5805 -0.977514 0.0133071 0.211056 185.474
0.209678 0.0674616 0.975553 302.923 -0.000811954 0.997666 -0.0688199 -10.6081 -0.977877 0.0136334 0.209258 185.587
0.207558 0.0713878 0.975759 303.528 -0.00548237 0.997443 -0.071817 -10.6374 -0.978333 0.00954877 0.207437 185.708
0.20631 0.0731045 0.975865 304.146 -0.00808408 0.997336 -0.0730075 -10.6792 -0.97856 0.00716893 0.206366 185.83
0.204809 0.0722024 0.97628 304.776 -0.00458908 0.997375 -0.0728087 -10.6957 -0.978914 0.0104237 0.204622 185.949
0.204465 0.0703724 0.976456 305.392 0.000767478 0.997439 -0.0720491 -10.7235 -0.978982 0.0154764 0.203902 186.072
0.201978 0.0710535 0.976955 306.035 0.0021947 0.99737 -0.073001 -10.7484 -0.97951 0.0168802 0.20131 186.214
0.198761 0.0739841 0.977367 306.683 -0.00276729 0.997224 -0.074928 -10.7732 -0.980154 0.0121837 0.198429 186.367
0.196441 0.0768579 0.977646 307.353 -0.00458433 0.997024 -0.0774697 -10.8076 -0.980628 0.0107284 0.196228 186.506
0.193962 0.0811819 0.97776 308.027 -0.00650291 0.996693 -0.0814673 -10.8323 -0.981098 0.00943918 0.193863 186.657
0.190633 0.0840673 0.978201 308.79 -0.00643715 0.996453 -0.0843908 -10.8703 -0.981763 0.00978312 0.190518 186.835
0.188546 0.082888 0.978676 309.471 -0.00939683 0.996578 -0.0825972 -10.925 -0.98213 0.00637287 0.188696 186.975
0.185949 0.0838216 0.979124 310.201 -0.0133967 0.996519 -0.082776 -10.9613 -0.982591 0.00226781 0.186444 187.127
0.184192 0.0854635 0.979285 310.906 -0.0143989 0.996381 -0.0842505 -11.008 -0.982896 0.00141369 0.184772 187.26
0.182747 0.0907269 0.979112 311.643 -0.0107791 0.9959 -0.0902805 -11.0583 -0.983224 0.00593724 0.182996 187.395
0.180885 0.0974967 0.978777 312.405 -0.0100384 0.995247 -0.097285 -11.1033 -0.983564 0.00776822 0.18102 187.538
0.179894 0.101688 0.978563 313.182 -0.0100725 0.994823 -0.101536 -11.1586 -0.983758 0.00840198 0.180007 187.684
0.179569 0.0993387 0.978835 313.935 -0.00682849 0.995033 -0.0997328 -11.2224 -0.983834 0.0112211 0.179372 187.81
0.179409 0.0929654 0.979521 314.716 -0.00188355 0.995598 -0.0941563 -11.2951 -0.983897 0.0150396 0.178814 187.927
0.1789 0.0887124 0.979978 315.467 0.00203193 0.995934 -0.0905309 -11.3747 -0.983978 0.0181829 0.178008 188.036
0.175719 0.0888049 0.980578 316.243 0.00408785 0.99589 -0.0909348 -11.4429 -0.984557 0.0199788 0.174655 188.209
0.174491 0.0895882 0.980697 317.034 0.00442743 0.995813 -0.0917608 -11.5175 -0.984765 0.0203489 0.17338 188.358
0.175539 0.0899901 0.980502 317.849 0.00546387 0.995752 -0.0923784 -11.5932 -0.984583 0.0215646 0.174322 188.47
0.175161 0.0888427 0.980646 318.633 0.0058658 0.995851 -0.0912718 -11.6604 -0.984639 0.0217346 0.17393 188.605
0.176272 0.0864296 0.980691 319.454 0.00567888 0.996075 -0.0888166 -11.7375 -0.984452 0.0212163 0.17511 188.748
0.176278 0.0845768 0.980825 320.277 0.00699224 0.996214 -0.0871644 -11.8134 -0.984434 0.0222182 0.175035 188.908
0.179104 0.0835997 0.980423 321.087 0.0126087 0.996149 -0.0872545 -11.8555 -0.983875 0.0279802 0.177381 189.067
0.180537 0.0823868 0.980236 321.833 0.0131 0.99624 -0.0861488 -11.8903 -0.9836 0.0283886 0.178795 189.223
0.182648 0.0810752 0.979984 322.722 0.0145101 0.996307 -0.0851408 -11.9468 -0.983197 0.0297608 0.180818 189.382
0.186749 0.0791653 0.979338 323.56 0.0163431 0.996403 -0.0836656 -12.0183 -0.982391 0.0316242 0.184799 189.499
0.185928 0.0781952 0.979601 324.449 0.0169428 0.996468 -0.082768 -12.0903 -0.982545 0.031976 0.183967 189.718
0.186426 0.0782681 0.979472 325.311 0.017744 0.996434 -0.0830052 -12.1556 -0.982428 0.0328483 0.184388 189.925
0.191599 0.0772975 0.978579 326.154 0.020394 0.996408 -0.0827095 -12.2053 -0.981389 0.0357939 0.189355 190.039
0.193607 0.0761087 0.978248 327.029 0.0218665 0.996447 -0.0818568 -12.2652 -0.980955 0.0372328 0.19127 190.219
0.195055 0.0758305 0.97801 327.994 0.023617 0.996398 -0.081977 -12.3169 -0.980636 0.0390772 0.192582 190.456
0.200858 0.0766024 0.976747 328.866 0.0251123 0.996251 -0.0833006 -12.3775 -0.97942 0.041254 0.198196 190.582
0.204743 0.0770132 0.975935 329.756 0.0261765 0.996157 -0.0841109 -12.4403 -0.978594 0.0427569 0.201959 190.759
0.208997 0.0785949 0.974881 330.683 0.0261432 0.996003 -0.0859071 -12.4989 -0.97769 0.0434348 0.206121 190.94
0.211783 0.0807435 0.97413 331.585 0.0240058 0.995896 -0.0877771 -12.5588 -0.977151 0.0419641 0.208994 191.134
0.213935 0.0827 0.973471 332.477 0.0236717 0.995722 -0.0897973 -12.6173 -0.976685 0.0422488 0.211076 191.34
0.214688 0.0840059 0.973219 333.449 0.0211219 0.995707 -0.090617 -12.6868 -0.976583 0.0400004 0.212011 191.586
0.216047 0.0827614 0.973 334.373 0.0211714 0.995814 -0.0894078 -12.7633 -0.976277 0.0399105 0.213405 191.8
0.217262 0.0808326 0.972918 335.325 0.0210676 0.99599 -0.0874648 -12.83 -0.976017 0.0394894 0.214706 192.028
0.219445 0.077677 0.97266 336.256 0.0210211 0.996262 -0.0843097 -12.9092 -0.975522 0.0389418 0.217006 192.22
0.220222 0.077222 0.972546 337.17 0.0229085 0.996223 -0.0843001 -12.9786 -0.975311 0.0408339 0.21764 192.432
0.22143 0.0793403 0.972076 338.104 0.0250885 0.995937 -0.0870078 -13.0521 -0.974979 0.043648 0.218553 192.633
0.221044 0.0803796 0.972104 339.016 0.0230335 0.995936 -0.0875984 -13.1018 -0.975123 0.0417439 0.218313 192.858
0.219795 0.0790679 0.972471 339.932 0.0208143 0.996149 -0.0857028 -13.1784 -0.97545 0.0390725 0.217317 193.1
0.218371 0.0784561 0.972865 340.836 0.0184988 0.996298 -0.0845087 -13.2449 -0.975822 0.0364411 0.216129 193.333
0.218989 0.0803005 0.972553 341.794 0.0158711 0.996229 -0.0858343 -13.3131 -0.975724 0.0342264 0.216903 193.554
0.21972 0.081304 0.972328 342.722 0.015872 0.996138 -0.0868924 -13.3861 -0.975565 0.0345149 0.217599 193.759
0.220692 0.081926 0.972033 343.634 0.0159703 0.996076 -0.0875836 -13.4593 -0.975339 0.0348467 0.218532 193.948
0.221343 0.082999 0.971817 344.552 0.0146251 0.996025 -0.0884082 -13.5314 -0.975218 0.0337717 0.219268 194.154
0.222288 0.0827199 0.971603 345.47 0.0148763 0.996038 -0.0882089 -13.6208 -0.974995 0.0340556 0.22019 194.354
0.225608 0.0816612 0.970952 346.36 0.0141998 0.996147 -0.0870908 -13.7085 -0.974247 0.0334256 0.223597 194.503
0.226285 0.0801037 0.9709 347.302 0.0153753 0.996243 -0.0857834 -13.7822 -0.974068 0.0343332 0.224217 194.722
0.227305 0.0813441 0.970582 348.219 0.0148616 0.996147 -0.0869783 -13.8506 -0.973843 0.0341849 0.225238 194.936
0.22883 0.084002 0.969974 349.086 0.0161153 0.995855 -0.0900504 -13.9144 -0.97346 0.0362313 0.226541 195.119
0.231028 0.0857294 0.969325 350.058 0.0189075 0.995576 -0.0925684 -13.9813 -0.972896 0.0397029 0.228402 195.329
0.232758 0.0824557 0.969172 350.962 0.0219902 0.995746 -0.0900032 -14.0472 -0.972414 0.0422544 0.229968 195.53
0.235106 0.0794808 0.968878 351.881 0.0238026 0.995931 -0.0874869 -14.1201 -0.971811 0.0436196 0.232275 195.742
0.239123 0.0802728 0.967804 352.759 0.0277192 0.995654 -0.0894368 -14.2024 -0.970722 0.048206 0.235871 195.926
0.24358 0.0849365 0.966319 353.69 0.0339356 0.994852 -0.0960099 -14.2735 -0.96942 0.056167 0.239461 196.131
0.248078 0.0862511 0.965033 354.608 0.0376912 0.994464 -0.0985758 -14.3582 -0.968136 0.0608203 0.243465 196.343
0.25108 0.0853155 0.964365 355.486 0.0415721 0.994289 -0.0987979 -14.4425 -0.967208 0.0648845 0.246116 196.573
0.253511 0.0849329 0.963737 356.354 0.0433049 0.994192 -0.0990134 -14.5223 -0.966492 0.0668278 0.248372 196.809
0.254769 0.0879685 0.963161 357.265 0.0437125 0.993839 -0.102345 -14.5997 -0.966148 0.0681638 0.24937 197.076
0.256521 0.0879405 0.962673 358.132 0.0434392 0.993848 -0.102369 -14.6821 -0.965692 0.0680694 0.251133 197.323
0.260725 0.0847013 0.961859 359.05 0.0429305 0.994192 -0.0991973 -14.7663 -0.964594 0.0671436 0.255591 197.563
0.266769 0.0808846 0.960505 359.936 0.0410231 0.994667 -0.0951607 -14.8471 -0.963017 0.0647807 0.262038 197.773
0.269962 0.0798635 0.959723 360.821 0.0385725 0.994908 -0.0936534 -14.933 -0.962234 0.0622892 0.265522 198.041
0.274096 0.0794302 0.958562 361.692 0.0371216 0.995019 -0.0930716 -15.0075 -0.961116 0.061086 0.269791 198.298
0.279645 0.0791392 0.957008 362.569 0.0366466 0.995042 -0.0930049 -15.0712 -0.95954 0.0610669 0.275374 198.543
0.285241 0.0787774 0.95536 363.45 0.0351149 0.995141 -0.0925477 -15.1678 -0.957944 0.0599378 0.281097 198.834
0.293001 0.0792155 0.952994 364.306 0.0300438 0.995358 -0.0919855 -15.2876 -0.955778 0.0555715 0.289275 199.058
0.300844 0.0810486 0.950373 365.191 0.0279051 0.99526 -0.0937161 -15.3531 -0.953398 0.0547066 0.297164 199.347
0.307957 0.081637 0.948061 366.016 0.0173785 0.995717 -0.0913967 -15.5145 -0.95138 0.0446112 0.305232 199.65
0.316985 0.082086 0.945022 366.947 0.0155724 0.995717 -0.0917188 -15.5991 -0.948435 0.0437829 0.314355 199.984
0.325646 0.081586 0.942136 367.852 0.0154891 0.99573 -0.0915918 -15.6754 -0.945504 0.0444084 0.323003 200.312
0.336544 0.0806917 0.938357 368.755 0.0127756 0.995894 -0.0902274 -15.7806 -0.941715 0.0423468 0.334136 200.599
0.348018 0.0794296 0.934291 369.589 0.0115168 0.996023 -0.0889788 -15.8764 -0.937557 0.0417156 0.345728 200.858
0.35319 0.0806442 0.932225 370.498 0.0100336 0.995951 -0.0899644 -15.9218 -0.935633 0.0411214 0.350952 201.28
0.360003 0.079989 0.929696 371.371 0.00880699 0.996038 -0.089119 -16.0028 -0.933055 0.0402599 0.35788 201.616
0.36751 0.0794652 0.926771 372.222 0.00737466 0.996119 -0.0883413 -16.0878 -0.930122 0.0392945 0.365499 201.923
0.372764 0.0801603 0.924637 373.091 0.00659541 0.996064 -0.0890231 -16.1667 -0.928048 0.0392721 0.370774 202.271
0.377139 0.0801119 0.922839 373.95 0.00616243 0.99607 -0.0889931 -16.2342 -0.926269 0.0392433 0.375162 202.636
0.382427 0.0807166 0.920632 374.833 0.00523124 0.996029 -0.0895113 -16.3024 -0.924117 0.0390368 0.38049 202.985
0.38638 0.0812409 0.91891 375.683 0.00532019 0.995958 -0.0902955 -16.3652 -0.922458 0.0397709 0.384385 203.355
0.391029 0.0816721 0.916928 376.564 0.00581641 0.995874 -0.0911955 -16.4375 -0.920507 0.0409824 0.388944 203.729
0.395205 0.0817432 0.915107 377.435 0.00560924 0.995857 -0.0913847 -16.5056 -0.918711 0.0412423 0.393107 204.109
0.399836 0.0808175 0.913198 378.285 0.00572537 0.995924 -0.0906567 -16.5733 -0.916717 0.0414652 0.397746 204.49
0.405379 0.0802451 0.910778 379.124 0.006156 0.995935 -0.090494 -16.6393 -0.914264 0.0422845 0.403235 204.866
0.40989 0.079518 0.908845 379.969 0.00529639 0.996026 -0.0895459 -16.7044 -0.912268 0.0415064 0.407842 205.242
0.413807 0.0773738 0.907231 380.809 0.00442462 0.996257 -0.0869909 -16.7847 -0.910491 0.0400049 0.411912 205.639
0.416625 0.0762882 0.906056 381.678 0.00367108 0.996381 -0.085593 -16.8518 -0.909221 0.0389751 0.414838 206.065
0.421499 0.0769127 0.903725 382.525 0.00330087 0.996318 -0.0863392 -16.9204 -0.906961 0.0393682 0.419688 206.453
0.427134 0.078421 0.900966 383.396 0.00100187 0.996248 -0.0872009 -17.0234 -0.904339 0.038138 0.425452 206.818
0.431688 0.0825081 0.898399 384.324 -0.00152885 0.995925 -0.0907366 -17.0865 -0.902159 0.0377899 0.430049 207.228
0.436197 0.083842 0.896122 385.238 -0.00294976 0.995835 -0.0917471 -17.1492 -0.899998 0.0373655 0.434627 207.636
0.440387 0.0813713 0.894274 386.029 -0.00531862 0.996156 -0.0880295 -17.2122 -0.897932 0.034004 0.439119 208.024
0.44379 0.0798696 0.89275 386.851 -0.00854735 0.99641 -0.0849061 -17.2772 -0.896242 0.0300395 0.442878 208.419
0.44644 0.082007 0.891209 387.674 -0.0127888 0.996327 -0.0852804 -17.3494 -0.894862 0.0266687 0.445841 208.82
0.448386 0.0872208 0.889762 388.526 -0.0164314 0.995923 -0.0893585 -17.4318 -0.893842 0.0254373 0.447988 209.232
0.449231 0.0916269 0.888867 389.319 -0.0180377 0.995508 -0.0935104 -17.5078 -0.893374 0.0259685 0.448857 209.651
0.451015 0.0920675 0.887944 390.145 -0.0198649 0.995514 -0.0931427 -17.5904 -0.89245 0.0243601 0.450817 210.045
0.452981 0.0886331 0.887266 390.965 -0.0225556 0.99592 -0.0879787 -17.6731 -0.891376 0.0198339 0.453122 210.436
0.453702 0.0857896 0.887204 391.733 -0.0263267 0.996271 -0.0828844 -17.7491 -0.890919 0.0142387 0.454265 210.838
0.453392 0.0846626 0.887444 392.515 -0.0285514 0.9964 -0.0804775 -17.8182 -0.890995 0.0111446 0.454168 211.265
0.452381 0.0842832 0.888023 393.263 -0.0285795 0.996443 -0.0800259 -17.8823 -0.891521 0.0108141 0.453177 211.683
0.451413 0.085523 0.88837 394.046 -0.0291424 0.996332 -0.0811152 -17.9458 -0.891981 0.0107219 0.452239 212.1
0.451157 0.0856693 0.888512 394.838 -0.0300878 0.996336 -0.0807993 -18.0226 -0.892092 0.00971119 0.452077 212.505
0.451016 0.0809861 0.888997 395.567 -0.0241662 0.996671 -0.078542 -18.0836 -0.892331 0.0139342 0.451461 212.898
0.451783 0.078997 0.888814 396.365 -0.0227986 0.996829 -0.0770203 -18.1451 -0.891991 0.0145233 0.452147 213.278
0.452701 0.0806034 0.888176 397.102 -0.0228103 0.99668 -0.0788313 -18.2245 -0.891513 0.0154215 0.453026 213.645
0.452786 0.0860775 0.88765 397.886 -0.0223617 0.996175 -0.0852071 -18.2656 -0.891492 0.0187215 0.452976 214.033
0.453514 0.0898218 0.886876 398.658 -0.021698 0.995781 -0.089763 -18.3314 -0.891128 0.0214593 0.453539 214.42
0.454177 0.0889032 0.886661 399.445 -0.0230759 0.995912 -0.0880496 -18.4024 -0.890768 0.0195199 0.454367 214.795
0.453969 0.0857432 0.887047 400.218 -0.0235472 0.99622 -0.0842523 -18.4697 -0.89085 0.0173544 0.45426 215.201
0.453832 0.0859747 0.887127 400.944 -0.0253065 0.99624 -0.0836155 -18.537 -0.890883 0.0154877 0.454298 215.608
0.453167 0.0872351 0.887314 401.764 -0.0260005 0.996125 -0.084661 -18.6085 -0.891191 0.0152892 0.453667 216.035
0.454022 0.089362 0.886696 402.558 -0.0248578 0.995905 -0.0876526 -18.6812 -0.8908 0.017745 0.454379 216.439
0.453689 0.090264 0.886744 403.355 -0.025302 0.995816 -0.0884284 -18.7526 -0.890945 0.0176767 0.454063 216.869
0.453452 0.08885 0.887038 404.147 -0.0253572 0.995965 -0.0868105 -18.8231 -0.891074 0.0168619 0.453871 217.298
0.453086 0.0864415 0.887434 404.973 -0.0260475 0.996203 -0.0837445 -18.8887 -0.891231 0.0148223 0.453605 217.739
0.453287 0.0861765 0.887387 405.785 -0.024783 0.996213 -0.0840975 -18.9549 -0.891176 0.0161185 0.453701 218.173
0.453811 0.0858359 0.887123 406.586 -0.0212386 0.996166 -0.0855286 -19.023 -0.89099 0.0199664 0.453882 218.606
0.452882 0.084969 0.887711 407.421 -0.0184542 0.996192 -0.0859497 -19.0939 -0.891536 0.0225327 0.452721 219.06
0.452947 0.0831679 0.887819 408.24 -0.0168224 0.996316 -0.0847557 -19.1618 -0.891524 0.0234479 0.452665 219.51
0.453806 0.0808099 0.887628 409.082 -0.0116387 0.996395 -0.0847736 -19.241 -0.891182 0.0281287 0.453106 219.95
0.453544 0.0787696 0.887916 409.879 -0.0078772 0.996459 -0.0843818 -19.3103 -0.891345 0.0312691 0.452545 220.399
0.453377 0.0767889 0.888205 410.719 -0.0105184 0.996738 -0.0808145 -19.3766 -0.891415 0.0272857 0.4527 220.838
0.452718 0.0720129 0.888911 411.524 -0.0136716 0.997234 -0.0738324 -19.4533 -0.891696 0.0212651 0.452437 221.284
0.452688 0.067168 0.889339 412.367 -0.0139774 0.997636 -0.0682441 -19.5313 -0.891717 0.0184516 0.452551 221.733
0.455949 0.0675479 0.887613 413.218 -0.0137246 0.997588 -0.0688742 -19.6053 -0.89005 0.0192124 0.455761 222.111
0.457352 0.0692951 0.886787 414 -0.0142426 0.997468 -0.0706101 -19.6737 -0.889331 0.0196521 0.457174 222.524
0.458908 0.0704504 0.885863 414.842 -0.0135743 0.99735 -0.0722917 -19.741 -0.888531 0.0211413 0.458632 222.943
0.460471 0.0682698 0.885252 415.701 -0.0124704 0.997502 -0.0704519 -19.8071 -0.887747 0.0213899 0.460166 223.364
0.46108 0.0652267 0.885135 416.485 -0.0108466 0.997694 -0.0678783 -19.8704 -0.887444 0.0216868 0.460707 223.789
0.461433 0.0640043 0.885069 417.257 -0.0121855 0.997821 -0.0658168 -19.9313 -0.887251 0.0195734 0.461201 224.209
0.461962 0.064548 0.884726 418.074 -0.0134347 0.997804 -0.06579 -19.996 -0.88695 0.0184966 0.461795 224.627
0.461948 0.0639168 0.884806 418.826 -0.013916 0.997863 -0.0648301 -20.0608 -0.886958 0.0176237 0.461843 225.038
0.461078 0.0621726 0.885359 419.619 -0.0135678 0.997982 -0.0630225 -20.114 -0.887408 0.0170358 0.460972 225.456
0.46054 0.0595744 0.885844 420.381 -0.0129096 0.998153 -0.0604274 -20.1661 -0.887706 0.0163816 0.460451 225.859
0.460369 0.0576984 0.886031 421.157 -0.0138828 0.998294 -0.0578028 -20.2246 -0.887772 0.0142999 0.460365 226.252
0.459353 0.0573617 0.886605 421.879 -0.0144189 0.998326 -0.0571308 -20.2744 -0.888297 0.0134475 0.459403 226.638
0.455867 0.0594201 0.888243 422.592 -0.0140566 0.998188 -0.0595676 -20.3153 -0.890091 0.0146587 0.455856 227.056
0.453935 0.0630785 0.889005 423.346 -0.0151511 0.997956 -0.0630844 -20.3695 -0.891066 0.0151548 0.453955 227.45
0.452452 0.0689429 0.889301 424.077 -0.0182022 0.997577 -0.0680825 -20.4187 -0.891757 0.0146065 0.452591 227.835
0.4544 0.0729781 0.888011 424.811 -0.0200468 0.997287 -0.0717127 -20.4731 -0.890734 0.0147722 0.454622 228.15
0.453536 0.0733606 0.888398 425.525 -0.0197907 0.997254 -0.072253 -20.5318 -0.891174 0.015177 0.453723 228.527
0.451802 0.0698093 0.889591 426.25 -0.0213464 0.997558 -0.0674524 -20.589 -0.892025 0.0114736 0.452181 228.901
0.450592 0.0662719 0.890452 426.979 -0.0229037 0.997836 -0.062681 -20.637 -0.892593 0.00783885 0.451114 229.264
0.448138 0.063768 0.891899 427.648 -0.0208161 0.997992 -0.0609062 -20.6915 -0.893887 0.00871649 0.448557 229.66
0.446879 0.0642075 0.892472 428.373 -0.0198904 0.997953 -0.0618437 -20.7393 -0.894529 0.00987494 0.447222 230.034
0.445906 0.0661077 0.892847 429.075 -0.0203863 0.997826 -0.0637113 -20.7826 -0.895012 0.0101952 0.446275 230.402
0.444564 0.0667828 0.893439 429.765 -0.0196929 0.99777 -0.0647894 -20.8323 -0.895687 0.0111985 0.444868 230.776
0.443468 0.0667683 0.894011 430.463 -0.0182696 0.997754 -0.0654658 -20.8763 -0.896268 0.0126864 0.443683 231.135
0.443932 0.0671862 0.893723 431.152 -0.0174877 0.997711 -0.066324 -20.9262 -0.896046 0.0138039 0.444071 231.476
0.444482 0.0679749 0.893416 431.867 -0.0161298 0.997629 -0.0678913 -20.9726 -0.895805 0.0157532 0.444517 231.821
0.443568 0.0692475 0.893747 432.539 -0.0178337 0.997562 -0.0684472 -21.0245 -0.896219 0.0144119 0.443702 232.189
0.44347 0.0689687 0.893844 433.234 -0.0175275 0.997579 -0.068289 -21.0706 -0.89628 0.0146047 0.443597 232.533
0.444693 0.0684239 0.893252 433.948 -0.0179046 0.997624 -0.0675126 -21.1126 -0.895661 0.0140188 0.444842 232.876
0.444483 0.0673952 0.893461 434.647 -0.017266 0.997692 -0.0666802 -21.149 -0.895784 0.0141991 0.444613 233.241
0.445931 0.0667095 0.892765 435.342 -0.0170756 0.997738 -0.0660315 -21.1842 -0.895062 0.0141906 0.446041 233.588
0.445623 0.0641719 0.893132 436.014 -0.0157659 0.997903 -0.0638457 -21.2329 -0.895245 0.0143574 0.445693 233.956
0.446759 0.0626814 0.892644 436.696 -0.015952 0.998009 -0.0621038 -21.2831 -0.89467 0.0134957 0.446849 234.309
0.447066 0.0633679 0.892468 437.36 -0.0171416 0.997978 -0.062285 -21.3292 -0.894501 0.0125348 0.447241 234.661
0.447492 0.0654861 0.892075 438.021 -0.0193343 0.997857 -0.0635601 -21.3692 -0.894238 0.011185 0.447778 235.021
0.450274 0.0667732 0.890605 438.66 -0.0197261 0.997767 -0.0648471 -21.4048 -0.892835 0.0116186 0.450579 235.321
0.45396 0.066798 0.888704 439.331 -0.0207013 0.997775 -0.0644292 -21.4483 -0.890941 0.010841 0.454311 235.643
0.456032 0.0663428 0.887702 439.973 -0.0222833 0.997824 -0.0631377 -21.485 -0.889849 0.00899997 0.456509 235.955
0.463865 0.0647464 0.883729 440.586 -0.0227793 0.997936 -0.061165 -21.5453 -0.885775 0.00823186 0.464359 236.128
0.46619 0.063934 0.88259 441.198 -0.0223824 0.997987 -0.0604833 -21.5901 -0.884567 0.00843039 0.466672 236.431
0.469455 0.062842 0.88091 441.828 -0.0206132 0.99804 -0.0602207 -21.6324 -0.882878 0.0101027 0.469806 236.726
0.470717 0.0630807 0.880245 442.429 -0.0209029 0.998026 -0.0603561 -21.6682 -0.882202 0.00999897 0.471096 237.049
0.473018 0.0624986 0.879027 443.043 -0.0202729 0.998058 -0.0600607 -21.7092 -0.880983 0.0105795 0.473341 237.349
0.472868 0.0616644 0.879191 443.599 -0.0190418 0.998098 -0.0597755 -21.7434 -0.881093 0.0115122 0.473132 237.673
0.474689 0.0616538 0.878186 444.179 -0.0190657 0.998098 -0.0597752 -21.7876 -0.880111 0.0116216 0.474936 237.964
0.47609 0.0628565 0.877366 444.753 -0.0206405 0.998034 -0.060314 -21.8228 -0.879321 0.0105934 0.47644 238.268
0.47819 0.06438 0.876089 445.318 -0.022696 0.997951 -0.0609557 -21.856 -0.878128 0.0092552 0.478646 238.565
0.478916 0.0669844 0.875521 445.84 -0.0257248 0.997796 -0.0622806 -21.8611 -0.877651 0.00729287 0.479572 238.846
0.479303 0.0682903 0.875184 446.381 -0.0276827 0.997717 -0.0626992 -21.8889 -0.877378 0.00581536 0.480073 239.147
0.480239 0.0683479 0.874692 446.885 -0.0290174 0.99772 -0.0620426 -21.9213 -0.876825 0.00440255 0.481116 239.424
0.480689 0.0674995 0.874486 447.37 -0.03006 0.997784 -0.0605021 -21.9627 -0.876542 0.00278689 0.481627 239.706
0.4808 0.0662733 0.874543 447.853 -0.0303638 0.997868 -0.0589387 -21.9996 -0.876472 0.00177211 0.481775 239.985
0.479561 0.0687036 0.875014 448.359 -0.0323792 0.997708 -0.0606003 -22.0002 -0.877079 0.000720807 0.480659 240.294
0.480037 0.0702172 0.874656 448.812 -0.0324091 0.997599 -0.062313 -22.0289 -0.876817 0.00155449 0.481149 240.542
0.481337 0.0739594 0.87361 449.309 -0.03455 0.997332 -0.0654062 -22.059 -0.876023 0.00129079 0.482581 240.795
0.481221 0.0758184 0.873537 449.698 -0.0347614 0.997189 -0.067414 -22.1041 -0.876078 0.00206445 0.482492 241.03
0.482556 0.0768595 0.872687 450.177 -0.034472 0.997108 -0.0687651 -22.1453 -0.875355 0.00309117 0.483784 241.286
0.483574 0.076976 0.872136 450.599 -0.0329772 0.99709 -0.0697327 -22.1823 -0.874852 0.00494879 0.484693 241.515
0.484581 0.0753964 0.871695 450.998 -0.0310778 0.997205 -0.0689856 -22.224 -0.874365 0.00633003 0.485543 241.72
0.483943 0.0750739 0.872098 451.416 -0.03174 0.997233 -0.068246 -22.2432 -0.874693 0.00533501 0.484974 241.951
0.482542 0.0747391 0.872883 451.807 -0.033344 0.997271 -0.0669663 -22.2681 -0.875408 0.00320022 0.483691 242.184
0.480819 0.07308 0.873996 452.164 -0.0328905 0.997392 -0.0653169 -22.3146 -0.876374 0.00264802 0.481958 242.406
0.478973 0.0724971 0.875034 452.509 -0.0326261 0.997438 -0.0647893 -22.3371 -0.877392 0.00247486 0.480086 242.622
0.47748 0.0731336 0.875821 452.87 -0.0331318 0.997389 -0.0652355 -22.3429 -0.87819 0.00211981 0.478646 242.836
0.475949 0.0732972 0.876617 453.212 -0.0341621 0.997382 -0.0648567 -22.3679 -0.878978 0.000913146 0.477183 243.039
0.475318 0.071649 0.877119 453.546 -0.0328083 0.997499 -0.0637168 -22.4024 -0.879375 0.00149767 0.476469 243.214
0.474361 0.0706409 0.877695 453.825 -0.0335733 0.997573 -0.0621543 -22.4373 -0.879859 8.29678e-06 0.475558 243.332
0.473589 0.0697315 0.878208 454.096 -0.0333626 0.997636 -0.0612362 -22.4742 -0.880286 -0.000309767 0.474785 243.439
0.47352 0.0699176 0.878208 454.423 -0.0342248 0.997624 -0.0609814 -22.4909 -0.880288 -0.00118872 0.474763 243.582
0.471191 0.0701508 0.879464 454.672 -0.0355523 0.997604 -0.0605395 -22.5122 -0.881486 -0.00275211 0.472545 243.771
0.469925 0.0705291 0.880088 454.957 -0.0370338 0.997572 -0.0601801 -22.5376 -0.882098 -0.00432067 0.471373 243.932
0.469493 0.0706913 0.880328 455.258 -0.036433 0.997563 -0.0606883 -22.5531 -0.882356 -0.00359103 0.470914 244.073
0.468575 0.0714619 0.880732 455.544 -0.0358033 0.997511 -0.0618991 -22.5647 -0.882867 -0.00253661 0.469945 244.22
0.467859 0.0725677 0.881046 455.82 -0.0349715 0.997435 -0.0635964 -22.5776 -0.883282 -0.00106841 0.469187 244.376
0.466908 0.0735138 0.881448 456.079 -0.0347314 0.997365 -0.0647942 -22.5844 -0.883792 -0.000369004 0.468209 244.524
0.466646 0.073293 0.881628 456.335 -0.035138 0.997381 -0.0643305 -22.6005 -0.883916 -0.000969944 0.467991 244.655
0.466945 0.0733696 0.88144 456.59 -0.0358055 0.997374 -0.064062 -22.6089 -0.88373 -0.00165483 0.468324 244.799
0.467431 0.0737332 0.881176 456.83 -0.0367674 0.997346 -0.0639632 -22.6219 -0.883435 -0.00251096 0.468892 244.938
0.467964 0.0740646 0.880842 457.062 -0.0383705 0.997316 -0.0634834 -22.6385 -0.883083 -0.00409811 0.469527 245.084
0.469025 0.074512 0.880263 457.274 -0.039688 0.997278 -0.0632834 -22.6522 -0.882463 -0.0052648 0.470696 245.212
0.471148 0.0749077 0.879071 457.506 -0.0403574 0.997245 -0.0633578 -22.6669 -0.8813 -0.0056336 0.47285 245.351
0.47437 0.0750537 0.877349 457.738 -0.0401834 0.997238 -0.0635964 -22.6807 -0.879579 -0.00509708 0.476066 245.496
0.478797 0.0748014 0.874938 457.951 -0.0400964 0.997258 -0.0633272 -22.6942 -0.87718 -0.00476846 0.480459 245.64
0.485022 0.075401 0.871474 458.213 -0.0412738 0.997211 -0.0633221 -22.7231 -0.8737 -0.00526681 0.48677 245.82
0.493608 0.0759353 0.866571 458.458 -0.042712 0.997167 -0.0630606 -22.7478 -0.868808 -0.00589295 0.495426 245.963
0.502385 0.0771427 0.861428 458.712 -0.0438503 0.997075 -0.0637302 -22.7642 -0.863706 -0.00576687 0.504285 246.152
0.513165 0.0770097 0.855039 458.952 -0.0437017 0.997091 -0.0635864 -22.7834 -0.857352 -0.00474371 0.515008 246.305
0.526016 0.0770538 0.847213 459.188 -0.0454011 0.997083 -0.0625095 -22.8012 -0.849441 -0.00559355 0.527964 246.474
0.53993 0.0785664 0.838252 459.443 -0.0481185 0.996958 -0.0624591 -22.8236 -0.840515 -0.00661899 0.542034 246.68
0.554952 0.0802085 0.828248 459.69 -0.0514931 0.996816 -0.0620447 -22.8447 -0.830471 -0.00822685 0.557296 246.895
0.57132 0.0819524 0.816849 459.927 -0.0530368 0.996681 -0.0629116 -22.8646 -0.8192 -0.00738729 0.573732 247.104
0.587459 0.0842612 0.805103 460.153 -0.0542119 0.9965 -0.06475 -22.8838 -0.807625 -0.00561791 0.589948 247.313
0.603646 0.0854617 0.79289 460.368 -0.0550853 0.996405 -0.0654723 -22.9002 -0.795541 -0.00416152 0.606141 247.545
0.619479 0.0887845 0.780231 460.562 -0.0605532 0.996099 -0.065286 -22.9155 -0.782871 -0.00681161 0.622412 247.777
0.630762 0.093234 0.770594 460.805 -0.0655698 0.995682 -0.0668087 -22.9382 -0.773402 -0.00839364 0.634105 248.049
0.635269 0.0991773 0.766157 461.019 -0.0721083 0.995077 -0.0690357 -22.9425 -0.769118 -0.0113986 0.639265 248.269
0.633809 0.101765 0.767006 461.237 -0.0744648 0.994803 -0.0704683 -22.9475 -0.770098 -0.0124571 0.638046 248.489
0.629372 0.10338 0.770458 461.446 -0.0758483 0.994624 -0.0715153 -22.9561 -0.773594 -0.0134364 0.633804 248.671
0.62085 0.104154 0.777216 461.681 -0.0754611 0.994545 -0.0730112 -22.9682 -0.780487 -0.013326 0.625278 248.86
0.609177 0.103443 0.786516 461.895 -0.0724676 0.994642 -0.0747036 -22.9821 -0.789911 -0.0114975 0.613386 249.01
0.59605 0.102618 0.796593 462.121 -0.0688554 0.994752 -0.0766359 -22.9986 -0.800182 -0.00917667 0.599947 249.158
0.580089 0.101011 0.808517 462.354 -0.0642364 0.994936 -0.0782278 -23.0168 -0.812205 -0.00656612 0.58362 249.303
0.562405 0.100376 0.820969 462.596 -0.0616629 0.995005 -0.0794238 -23.0379 -0.824746 -0.00596121 0.565749 249.436
0.543949 0.100368 0.833339 462.837 -0.0603745 0.995001 -0.0804449 -23.0604 -0.837127 -0.00656365 0.547273 249.561
0.525492 0.100534 0.845054 463.082 -0.0604567 0.994969 -0.0807849 -23.0827 -0.848828 -0.00864326 0.528895 249.68
0.507572 0.100014 0.856024 463.341 -0.0594436 0.995011 -0.0810213 -23.1057 -0.859734 -0.00976968 0.510973 249.803
0.491012 0.098646 0.86576 463.592 -0.0549714 0.99517 -0.0822248 -23.1266 -0.869592 -0.00722475 0.494038 249.911
0.47574 0.0973701 0.874414 463.851 -0.0498259 0.995314 -0.0837388 -23.147 -0.878348 -0.00373994 0.478354 250.026
0.46146 0.0965873 0.882094 464.106 -0.0462955 0.995396 -0.0847849 -23.166 -0.886125 -0.00171875 0.463786 250.142
0.449158 0.0967962 0.888425 464.353 -0.0460789 0.995373 -0.0851672 -23.1847 -0.892435 -0.00269366 0.451535 250.25
0.439837 0.095488 0.893191 464.618 -0.0449268 0.995499 -0.0843121 -23.2026 -0.897124 -0.00305119 0.442129 250.37
0.431635 0.0927856 0.897493 464.859 -0.0434398 0.995753 -0.0820667 -23.2225 -0.901172 -0.00357353 0.433829 250.474
0.425355 0.0915661 0.900585 465.105 -0.0419828 0.995867 -0.081435 -23.2397 -0.904221 -0.003177 0.427425 250.582
0.423314 0.0914049 0.901588 465.331 -0.0408723 0.995884 -0.0817887 -23.2574 -0.90523 -0.00223746 0.425305 250.69
0.426085 0.0919749 0.900198 465.55 -0.0407727 0.995833 -0.0824574 -23.2715 -0.903933 -0.00157642 0.428043 250.791
0.432103 0.0911435 0.897436 465.753 -0.0393059 0.995911 -0.0822338 -23.2818 -0.901137 0.000248846 0.433915 250.889
0.441229 0.0895619 0.893118 465.949 -0.0370347 0.99605 -0.0815976 -23.2911 -0.8968 0.00291957 0.442785 250.996
0.45236 0.0894971 0.887565 466.134 -0.0387738 0.996058 -0.0806897 -23.3003 -0.891164 0.00207621 0.454042 251.102
0.464615 0.0923274 0.880894 466.312 -0.0441151 0.995801 -0.0811134 -23.3084 -0.884586 -0.00118114 0.466715 251.225
0.476862 0.0952387 0.874037 466.471 -0.0489189 0.99552 -0.081801 -23.3167 -0.87779 -0.00375853 0.479376 251.348
0.489346 0.0960134 0.867 466.618 -0.0521339 0.995438 -0.0808223 -23.328 -0.870706 -0.00565639 0.492094 251.462
0.502342 0.0945859 0.859718 466.75 -0.053639 0.995566 -0.0782046 -23.3321 -0.863181 -0.00683801 0.505177 251.566
0.515634 0.0928057 0.851984 466.877 -0.0525595 0.995744 -0.0766664 -23.3389 -0.855375 -0.00525456 0.518288 251.661
0.529575 0.0901216 0.843705 466.989 -0.0429468 0.995987 -0.0794459 -23.3484 -0.847357 0.00582732 0.531306 251.741
0.544739 0.0918696 0.83378 467.099 -0.0383906 0.995745 -0.0846446 -23.3547 -0.83791 0.0140917 0.545915 251.816
0.558288 0.0944231 0.824504 467.193 -0.0404297 0.995491 -0.0866443 -23.3549 -0.828848 0.0150263 0.559572 251.91
0.570797 0.097505 0.815508 467.29 -0.0489445 0.995273 -0.084752 -23.3587 -0.81982 0.0084539 0.572834 252.015
0.583072 0.0986894 0.806657 467.371 -0.0550458 0.995185 -0.0819817 -23.3601 -0.810745 0.00338807 0.585677 252.101
0.594534 0.0986871 0.798224 467.454 -0.0577941 0.995193 -0.0800044 -23.3643 -0.802184 0.0014258 0.597338 252.187
0.605197 0.0977983 0.790304 467.528 -0.0581294 0.995278 -0.078665 -23.3683 -0.794147 0.00165815 0.608001 252.26
0.615947 0.0973694 0.781985 467.602 -0.0581974 0.99532 -0.0781046 -23.3687 -0.785833 0.00259159 0.618686 252.336
0.62559 0.0974943 0.774299 467.67 -0.0591711 0.995305 -0.077531 -23.3692 -0.778106 0.0026766 0.628396 252.417
0.635047 0.0960838 0.766718 467.739 -0.0585839 0.995442 -0.0762366 -23.3716 -0.770452 0.00348932 0.637735 252.485
0.643667 0.0939515 0.759785 467.8 -0.0578479 0.995642 -0.0741256 -23.3746 -0.763323 0.00375011 0.646269 252.546
0.650712 0.0946225 0.753654 467.858 -0.0593019 0.995582 -0.0738081 -23.3726 -0.757213 0.00332743 0.6534 252.601
0.656668 0.0992383 0.747895 467.897 -0.0659057 0.995137 -0.0741944 -23.3798 -0.751506 -0.000578881 0.659984 252.673
0.663933 0.106498 0.740424 467.926 -0.0752219 0.994373 -0.0755863 -23.3871 -0.744211 -0.00551777 0.668156 252.74
0.668892 0.111934 0.735161 467.952 -0.0815943 0.993753 -0.077084 -23.3867 -0.739084 -0.00843198 0.673814 252.795
0.67246 0.111454 0.731951 467.98 -0.0814277 0.993811 -0.0765319 -23.3886 -0.735855 -0.008142 0.677321 252.844
0.678463 0.106058 0.727218 468.018 -0.0770573 0.994413 -0.073151 -23.3908 -0.730801 -0.00641559 0.682812 252.872
0.683252 0.100632 0.723475 468.062 -0.0719659 0.994991 -0.0704469 -23.392 -0.726845 -0.00393887 0.687018 252.905
0.686541 0.0992566 0.720567 468.091 -0.0710412 0.99513 -0.0694068 -23.3891 -0.723834 -0.00354842 0.690214 252.942
0.690859 0.101408 0.716106 468.116 -0.0747622 0.994902 -0.0687759 -23.3853 -0.719334 -0.0060293 0.694863 252.983
0.694559 0.104554 0.712084 468.131 -0.0794361 0.994554 -0.0685632 -23.3838 -0.715261 -0.00895201 0.699045 253.021
0.697048 0.10773 0.709152 468.152 -0.0833723 0.994195 -0.0690973 -23.3832 -0.712384 -0.0109648 0.701928 253.06
