2330 0.142703 0.00113098
4638 0.259508 0.00111873
3719 0.226224 0.00114492
4867 0.303549 0.00114897
5858 0.354522 0.00114804
5572 0.370361 0.00116445
3078 0.254595 0.00114594
14351 1.41815 0.00110505
2060 0.202688 0.00117
1691 0.146763 0.00113319
2013 0.177775 0.0011499
2177 0.203747 0.00118225
2989 0.307406 0.00119042
18538 1.71958 0.00106225
2892 0.251783 0.00113451
3714 0.278007 0.00112538
3564 0.250127 0.00112396
3914 0.280645 0.00111708
30040 2.52448 0.00105674
4137 0.401567 0.00109195
5336 0.495101 0.00110053
1665 0.164809 0.00113294
1855 0.175134 0.00113254
7152 0.616365 0.00113334
3245 0.254489 0.0011546
2964 0.199298 0.00114268
3328 0.197878 0.00112935
3680 0.182564 0.00110979
3839 0.17586 0.00110967
31022 1.44512 0.00102488
5892 0.334845 0.00108797
8583 0.522177 0.00108263
1611 0.0990325 0.00114988
2109 0.129806 0.00117243
2139 0.127645 0.00116478
2675 0.148556 0.00117228
2945 0.151047 0.00116725
3112 0.136917 0.0011053
4458 0.192382 0.0011132
4932 0.195441 0.00110439
5896 0.214299 0.00108746
5443 0.214366 0.00110562
47247 1.98843 0.00108509
8662 0.359611 0.00105756
22789 1.03018 0.00106287
18053 0.983596 0.00108516
5856 0.322519 0.00109837
25248 1.40037 0.00109464
3465 0.20045 0.00112709
3728 0.198531 0.00111243
4686 0.236138 0.00113223
5408 0.234392 0.00111424
5397 0.248213 0.00111711
40419 2.24043 0.00108239
10754 0.606132 0.00108943
3905 0.198259 0.00109868
30685 1.55651 0.00108619
3577 0.210506 0.00115568
11747 0.764145 0.0011209
19086 1.30209 0.00109693
3259 0.216326 0.00113147
4097 0.235767 0.00113245
5200 0.274233 0.00111245
6459 0.357889 0.00110401
6245 0.446947 0.00110106
5667 0.603188 0.0011142
9774 1.13716 0.00111103
4009 0.428578 0.00111234
7271 0.845517 0.00113807
29949 4.01534 0.00107547
29852 4.84449 0.00111033
1412 0.241669 0.00110725
4744 0.758598 0.00107016
2997 0.426932 0.00109965
3735 0.46264 0.00109597
26368 3.31667 0.00105813
21118 3.25802 0.00108423
9003 1.44935 0.00113463
2144 0.318014 0.00109711
4973 0.939015 0.00115168
3106 0.759742 0.0011753
1470 0.442564 0.0012509
1922 0.669766 0.00124282
8030 4.19088 0.00119003
2360 2.35179 0.00112219
758 0.898543 0.00111644
342 0.309823 0.0011527
378 0.283934 0.00116077
1396 0.924727 0.0011733
507 0.294662 0.00109242
708 0.408821 0.00112729
974 0.51944 0.00111866
2992 1.39244 0.00111595
4301 1.90805 0.0011346
5626 2.18908 0.0010886
4419 2.66352 0.0011235
291 0.269541 0.0011297
479 0.39532 0.00112974
2565 1.7127 0.00116252
1203 0.657327 0.00111743
2650 1.6843 0.0010877
1208 0.685366 0.00108359
788 0.313458 0.00106767
1359 0.438695 0.00113608
8714 1.9956 0.00114334
5482 1.05159 0.00114706
1789 0.329002 0.00113257
4665 0.873365 0.00110813
1704 0.30568 0.0011389
1576 0.229906 0.00116776
2698 0.35489 0.00112154
2210 0.279645 0.00118092
5811 0.678595 0.0011198
2345 0.295449 0.001126
3183 0.376823 0.00113338
4353 0.444083 0.00113912
5653 0.497081 0.00113139
2355 0.292583 0.00116186
9071 1.52321 0.0011178
1187 0.195569 0.00115867
4962 0.839582 0.00110072
1402 0.251884 0.00116264
1260 0.191858 0.00116778
7012 0.915302 0.00110451
2162 0.288303 0.00115341
1936 0.254545 0.00115233
10317 1.211 0.00109477
3501 0.402618 0.00114864
2889 0.340746 0.00115512
16126 2.28815 0.00108572
3990 0.691274 0.00114622
1491 0.242277 0.00118514
1671 0.236847 0.00112987
2424 0.318682 0.0011362
2952 0.37623 0.00116783
24868 2.82431 0.0011211
6712 0.729522 0.00109416
2209 0.212768 0.00112417
2909 0.21927 0.0011476
3088 0.221552 0.00114698
3402 0.269558 0.00114084
1400 0.135968 0.00116619
7827 0.776751 0.00110636
6737 0.657652 0.00110868
6046 0.594881 0.00108191
4089 0.391903 0.00112126
3148 0.278344 0.00111114
2432 0.211763 0.00113734
3019 0.257761 0.00114245
4258 0.36193 0.00116498
7053 0.539625 0.00114489
8867 0.636027 0.00116337
9179 0.664067 0.0011666
14712 1.30769 0.00115974
19965 2.27078 0.00116292
7130 0.907349 0.00119056
3261 0.482153 0.00118137
21917 3.28944 0.00111008
3218 0.502868 0.00118457
3743 0.560077 0.00118144
3157 0.428612 0.00114139
3670 0.444017 0.00114349
4772 0.490509 0.00115989
4379 0.421714 0.00112729
12262 1.21227 0.00109964
25940 3.25932 0.00103713
8537 1.57932 0.00110315
1059 0.211348 0.00113991
1012 0.196572 0.00114829
1234 0.232196 0.00113869
1322 0.242191 0.00113349
1566 0.245225 0.00112014
9641 1.34172 0.00108873
2348 0.321296 0.00113734
3379 0.356969 0.00113854
3750 0.303485 0.00111608
4914 0.350467 0.0011251
5326 0.368851 0.00113113
4672 0.35286 0.00112779
27119 2.44847 0.00109958
7728 0.840485 0.00114087
3131 0.372301 0.00113987
1892 0.235728 0.00115635
2222 0.274127 0.00122042
2829 0.338486 0.00120077
3665 0.454475 0.00121403
4346 0.502526 0.0012144
4427 0.425902 0.00116439
4246 0.369507 0.00115683
4733 0.376524 0.00115664
5051 0.370531 0.00117412
6115 0.406347 0.00117074
7305 0.457011 0.00116997
7308 0.442323 0.00116548
7118 0.460178 0.00117912
6421 0.480894 0.00116489
9574 0.802961 0.00112685
19588 1.9179 0.00110755
5634 0.585068 0.00113062
12610 1.19244 0.0011125
11753 1.08207 0.00106949
4638 0.474641 0.00106567
1396 0.158635 0.00111169
1797 0.17904 0.00108826
2111 0.198699 0.00107974
2881 0.289638 0.0011108
2954 0.313059 0.00114841
3206 0.331602 0.00112385
4379 0.430859 0.00111565
5772 0.526514 0.0011085
4960 0.467976 0.00114487
5749 0.494741 0.00112407
7549 0.528204 0.00112723
9432 0.575062 0.00111868
12216 0.744284 0.00114164
17333 1.06801 0.00114587
17357 1.23823 0.00113386
22231 2.08131 0.00113357
73500 9.31198 0.00108613
34060 5.58597 0.00104918
7051 1.19427 0.0010894
9329 1.67276 0.00108698
60279 14.5588 0.0011251
13357 3.4791 0.00116071
2194 0.483266 0.0011557
4826 0.965657 0.0011597
2816 0.521779 0.00119469
3117 0.473648 0.00116695
4485 0.564302 0.00115351
6213 0.673235 0.00113618
7061 0.715901 0.00114768
15620 1.76289 0.00117271
4764 0.564133 0.00117543
4863 0.578442 0.00117303
4763 0.613402 0.00116377
6411 1.01756 0.00114519
2585 0.506651 0.00116689
5808 1.12153 0.00114964
2478 0.470784 0.00116123
5831 1.17411 0.00116869
5578 1.18469 0.00120318
3869 0.779145 0.00123144
2802 0.565753 0.00120538
3610 0.700602 0.00120862
6675 1.18157 0.00119521
2571 0.475702 0.00118132
3583 0.659359 0.00121941
4444 0.735649 0.00120496
5203 0.828598 0.00119331
5201 0.858354 0.00119147
4484 0.874531 0.00120179
17586 4.09154 0.0011882
3564 0.938216 0.00120884
8653 2.53966 0.00119455
10499 3.26299 0.00119994
2190 0.658932 0.00115321
4227 1.16122 0.00114811
2294 0.549013 0.00118144
3407 0.777277 0.00119396
2952 0.589514 0.00119149
3534 0.598912 0.00117669
3771 0.691651 0.00116522
3245 0.640699 0.00115475
28297 5.21228 0.00116317
34739 5.9719 0.00110167
4325 0.796861 0.00109636
13642 2.68177 0.00110643
1407 0.284721 0.00113508
7071 1.58765 0.00117838
4129 0.865765 0.00112673
3558 0.698335 0.00112346
8350 1.70037 0.00116756
1964 0.409647 0.00115277
3233 0.798423 0.00110373
796 0.196943 0.00113943
388 0.0817655 0.0011697
3692 0.896636 0.00111186
1003 0.262081 0.0011105
410 0.108742 0.00119988
2519 0.663575 0.00113312
841 0.212525 0.00113978
1642 0.428416 0.0010846
390 0.11432 0.00119116
398 0.102415 0.00117349
1880 0.430282 0.00111718
2198 0.464297 0.001114
3054 0.589761 0.00110409
555 0.0909343 0.00114958
3803 0.478926 0.00110894
853 0.101733 0.00117131
854 0.110643 0.00113267
2483 0.336951 0.00110875
885 0.120054 0.00116809
889 0.132487 0.00117604
3887 0.59658 0.00115046
831 0.11886 0.00113348
950 0.136669 0.00115325
1085 0.161917 0.00119295
6300 0.962839 0.00117764
1308 0.19855 0.00117622
13517 1.78131 0.00113998
1750 0.231726 0.0011634
1905 0.247483 0.00118309
2193 0.245544 0.00118641
2328 0.24841 0.00117122
2621 0.268421 0.00116549
2850 0.278306 0.00116698
3163 0.290603 0.00113603
3364 0.302853 0.00114399
3558 0.348947 0.00116203
4404 0.432422 0.00117039
4561 0.434318 0.00116482
5268 0.494027 0.00117556
7126 0.6518 0.00117753
42249 3.80258 0.00112358
6203 0.602369 0.0011435
8241 0.865755 0.00116118
4223 0.496063 0.00118451
2837 0.364556 0.00115412
2740 0.380665 0.001157
3263 0.434281 0.00115438
3270 0.397004 0.00114561
3345 0.404779 0.00114035
3274 0.442069 0.00115402
2826 0.449401 0.00115397
2304 0.402066 0.00114586
14459 2.87387 0.00116375
1667 0.409179 0.00115977
1737 0.49641 0.00120982
7831 2.26102 0.00118602
1246 0.348113 0.00116716
1756 0.469588 0.00120785
5626 1.34646 0.0011915
1442 0.327235 0.0011392
1558 0.35486 0.00117115
1652 0.332825 0.00117494
1869 0.358067 0.00120476
2101 0.381772 0.00120101
2049 0.36644 0.00113936
7593 1.28529 0.00108007
1650 0.263551 0.00108972
2119 0.333792 0.00109495
2695 0.448373 0.00112079
2227 0.38992 0.00113048
12679 2.26671 0.00113253
3202 0.562367 0.00114417
1565 0.264617 0.00117608
2090 0.366923 0.00116918
2861 0.51625 0.00117871
4333 0.750756 0.00117395
2125 0.372467 0.00115126
2558 0.455796 0.00116538
3521 0.640871 0.00117258
4971 0.978955 0.0011733
5050 1.16161 0.00115529
16553 5.12888 0.00117596
14168 5.26592 0.00118011
3185 1.26011 0.00113426
817 0.334336 0.00112524
3893 1.43037 0.00112572
1521 0.529041 0.00118493
1502 0.522076 0.00116062
3113 1.00765 0.00107623
1860 0.508768 0.00110587
2563 0.556991 0.00107642
3173 0.717553 0.00111183
3177 0.932574 0.00112254
1063 0.467257 0.00113109
1076 0.546818 0.00117267
1760 0.660764 0.00116509
2244 0.67281 0.0012047
3599 0.796447 0.00114786
2014 0.343644 0.00113101
5580 0.909935 0.00112748
2387 0.375644 0.00112264
2728 0.431969 0.0011715
2833 0.482554 0.00116918
1012 0.202437 0.00118169
2215 0.495324 0.00114147
3897 0.871061 0.00114437
1097 0.228715 0.00113674
1473 0.287476 0.00114634
1825 0.297852 0.00111216
2640 0.367693 0.0011207
3947 0.457646 0.00111115
9374 1.09256 0.00108056
3785 0.503627 0.00109751
25248 4.63214 0.00107521
798 0.215681 0.00110153
1136 0.317762 0.00112275
1667 0.452365 0.00119207
2237 0.479894 0.00113217
2696 0.540898 0.00116088
3934 0.746824 0.00111703
2259 0.384645 0.00110423
2430 0.393419 0.00110024
3227 0.54559 0.00113194
3041 0.556513 0.00114025
618 0.145706 0.00116548
757 0.206729 0.00114259
1170 0.32943 0.00112137
1338 0.313489 0.00111947
1646 0.288139 0.00115364
2775 0.411198 0.00117552
2985 0.386569 0.0011228
4511 0.569926 0.00112
6120 0.723739 0.00112041
11603 1.27602 0.00112557
18214 2.14599 0.00114131
152164 23.3264 0.00111819
13262 1.94323 0.00110315
20342 2.52279 0.00108855
2303 0.349144 0.00120637
18190 2.58847 0.00111127
3945 0.537209 0.00108054
1430 0.193135 0.00110851
2448 0.29895 0.00108596
3684 0.420605 0.00112066
1981 0.288279 0.0011545
8442 1.74686 0.00114092
2659 0.735244 0.00111816
5595 2.07096 0.00113695
970 0.353656 0.00114015
3734 1.14068 0.00114592
1554 0.396868 0.00113338
1702 0.40128 0.00110642
1399 0.377367 0.00113159
1813 0.529897 0.00110501
2320 0.654318 0.00109994
2490 0.639424 0.00110245
2844 0.696668 0.00111185
19945 7.33601 0.00102185
386 0.371929 0.00115724
365 0.536761 0.0011752
569 0.746102 0.00117914
589 0.569413 0.00114536
901 0.769785 0.0011589
1172 0.835074 0.00118495
1572 0.899795 0.00117213
1760 0.912384 0.00120169
1777 0.783715 0.00118381
3367 1.69514 0.00127686
1260 0.72523 0.00119546
781 0.513417 0.00117123
917 0.712737 0.00123766
2417 1.9889 0.00124373
4563 4.0401 0.00119849
358 0.356053 0.00122205
1686 1.57122 0.00119437
1882 1.62788 0.00120715
1409 1.11563 0.00110312
823 0.819408 0.00115015
591 0.654777 0.00111891
1079 1.198 0.00116864
631 0.578141 0.00117151
741 0.621896 0.00115175
1099 1.08141 0.00117076
335 0.326154 0.00119064
479 0.402737 0.00115135
558 0.430564 0.00116654
737 0.538473 0.00117009
1302 0.884836 0.00118229
314 0.207958 0.00123577
381 0.210256 0.00117306
687 0.33305 0.00119569
740 0.308647 0.00117878
4350 1.69122 0.00117956
719 0.245994 0.0011777
831 0.229288 0.00119702
1272 0.308141 0.00120249
1980 0.451542 0.0012158
1914 0.400608 0.00119312
1721 0.337166 0.00117182
1572 0.293596 0.00119754
1875 0.303492 0.00121299
2124 0.296977 0.00115239
1716 0.254535 0.00119862
2144 0.309337 0.00118061
1853 0.246417 0.00114895
8572 1.18579 0.00114646
1812 0.262346 0.00118506
5019 0.69081 0.00117052
8135 1.14579 0.0011453
2129 0.352475 0.00114054
1486 0.251972 0.0011439
4728 0.67813 0.00109655
1988 0.26264 0.00111734
2218 0.259927 0.0011049
2481 0.279322 0.00108822
2622 0.328022 0.00110419
14112 1.98462 0.00116686
4476 0.587491 0.00114026
5409 0.674448 0.00113457
3481 0.4348 0.00111852
1499 0.183557 0.00111735
4977 0.634716 0.00110547
7863 0.989018 0.00105436
1965 0.240228 0.001124
1965 0.211676 0.00108437
2515 0.255658 0.00110371
3581 0.370712 0.0011233
4056 0.549535 0.00116277
10404 1.92406 0.00119537
2649 0.530359 0.00120468
3586 0.784506 0.00119501
5895 1.56817 0.00121377
16533 4.57265 0.00120159
3082 0.812304 0.00120233
3798 0.834585 0.00113355
16986 3.15687 0.00102568
1954 0.404154 0.00108264
11586 2.96859 0.00110342
6134 1.78221 0.00116388
1206 0.325049 0.00116931
1503 0.403942 0.00123355
1541 0.367097 0.00120427
10413 2.03957 0.00107998
1993 0.390061 0.00113096
1938 0.342455 0.00112873
3311 0.474344 0.00108205
10845 1.76499 0.00112163
8468 1.56224 0.00114354
1706 0.335546 0.0011893
14822 2.68044 0.00116006
3911 0.666174 0.00119871
3286 0.593559 0.00117079
4390 0.771447 0.00110816
11087 1.9522 0.00105333
2539 0.483259 0.00111941
3504 0.709404 0.00113941
1479 0.39814 0.00115076
3390 1.01883 0.00113304
759 0.238036 0.00114696
1181 0.350558 0.00114536
1702 0.437613 0.00115532
2174 0.490291 0.00114489
4960 0.96031 0.00109752
3120 0.568313 0.00113805
27402 4.63231 0.00106542
15976 3.46397 0.0010848
7177 2.04701 0.00115854
2181 0.560368 0.00115489
6024 1.44672 0.00116451
1556 0.3336 0.00110331
2380 0.465531 0.00114599
2598 0.515758 0.00116502
9046 1.72259 0.00103937
1829 0.384804 0.00111145
2458 0.494331 0.00109598
10394 2.77318 0.00110566
8810 2.83265 0.00111064
1088 0.333024 0.00113719
1047 0.351211 0.00110055
1474 0.502677 0.00114972
1883 0.569478 0.00111934
1552 0.452025 0.00110199
1722 0.515524 0.0011025
2407 0.721128 0.00109402
3345 0.859814 0.00110177
5943 1.65195 0.00113788
2439 0.760192 0.00113704
3095 0.974074 0.00116196
6812 2.18318 0.00115968
1943 0.596528 0.00118038
12043 3.05704 0.0011341
4585 1.00975 0.00111169
10596 1.91982 0.00108379
2378 0.358536 0.00111114
2867 0.357455 0.00110154
2981 0.381754 0.00113657
20889 3.38255 0.00117597
5550 1.09204 0.00115359
708 0.178932 0.00114736
3372 0.965743 0.00111928
1126 0.289115 0.00112093
2135 0.457897 0.00111063
1670 0.375473 0.00115204
2611 0.548451 0.00112535
25624 4.09875 0.00104643
2936 0.491368 0.00113462
10475 2.04847 0.00111688
7729 1.80177 0.00118519
2150 0.506889 0.00116899
2682 0.661826 0.00118394
1873 0.455248 0.00119626
4330 0.889734 0.00111784
1773 0.332497 0.00112704
5381 0.82482 0.0010949
2449 0.362856 0.00112981
2615 0.420687 0.00113301
973 0.167756 0.00115271
3696 0.764849 0.00115314
5220 1.22944 0.00116965
1848 0.410476 0.00117507
1893 0.359094 0.0011708
6232 1.08151 0.00116098
7095 1.15226 0.00107348
9956 1.57192 0.001082
2829 0.425091 0.00112109
4079 0.710268 0.00115216
11199 2.22112 0.00115734
1769 0.336306 0.00120419
1942 0.319317 0.00117885
13222 2.1951 0.00119626
2239 0.383531 0.00116061
3128 0.523514 0.00111033
1746 0.286544 0.00110918
2255 0.327446 0.00110945
2540 0.32576 0.00110017
3456 0.497643 0.00112495
11621 2.1488 0.00111567
4093 0.868701 0.00112763
1075 0.235093 0.00115386
1361 0.298391 0.00116331
1592 0.305939 0.00116191
2670 0.412009 0.0011254
3297 0.459595 0.00114148
4917 0.577433 0.00113812
6115 0.655623 0.00116014
5304 0.700866 0.00116959
27752 5.24194 0.00114535
17956 3.627 0.00114684
2135 0.388406 0.00116401
2402 0.438713 0.00116401
2310 0.411547 0.00115651
3801 0.647364 0.00110427
1886 0.304328 0.00112255
2721 0.381147 0.00110035
2947 0.386096 0.00109466
3337 0.518573 0.00112705
16583 3.46409 0.00114978
4601 1.19866 0.00121705
2576 0.666594 0.00116825
7425 1.73366 0.00111858
1868 0.424111 0.00112248
1632 0.323234 0.00112204
1257 0.236935 0.0011043
1757 0.333533 0.00110908
2583 0.425487 0.00114636
2899 0.438913 0.00110885
2872 0.555162 0.00114982
4940 1.33881 0.00117692
1049 0.298904 0.00115072
1485 0.39707 0.00114517
2199 0.569741 0.00118251
3356 0.728995 0.00115297
10903 2.10923 0.00116547
11383 1.93098 0.0010649
2361 0.375388 0.00111126
3539 0.459742 0.00111809
5498 0.61296 0.00114569
20526 2.07241 0.00106815
5719 0.687368 0.00112377
2418 0.318298 0.00116958
2866 0.392538 0.00116771
8514 1.13991 0.00112332
2070 0.264095 0.00117239
1993 0.228268 0.00114708
4496 0.51922 0.00112369
4271 0.636 0.00108871
2452 0.469918 0.00111394
3664 0.729075 0.00111237
2587 0.503016 0.00111199
3042 0.662508 0.00114332
4619 1.2792 0.00114632
4964 1.84885 0.00117705
2123 1.21217 0.00121075
6618 4.07268 0.00115139
1733 0.864375 0.00117064
2674 1.06245 0.00119806
2097 0.777721 0.00117483
2358 0.809807 0.00120786
3007 0.797725 0.00119367
4571 1.1632 0.00118273
4752 1.38838 0.00121341
5042 1.5874 0.00120759
4472 1.71874 0.00121838
17225 8.3616 0.00123563
237 0.13372 0.00126668
5369 3.31059 0.00111025
1524 0.871611 0.00106604
1291 0.780003 0.00111463
1355 0.837167 0.00115765
177 0.0931555 0.00124387
916 0.412561 0.00114504
1415 0.665427 0.00115326
931 0.402419 0.00113394
1155 0.505411 0.00109683
406 0.205368 0.00108782
1227 0.524109 0.00113142
1022 0.35247 0.00112361
1634 0.469823 0.00112234
1229 0.274955 0.00109918
641 0.135416 0.00110157
2833 0.558433 0.00109676
1330 0.223359 0.00109389
1355 0.176684 0.00108443
1626 0.181275 0.00113861
2042 0.188085 0.00111317
779 0.068093 0.00114002
4911 0.423233 0.00111175
8054 0.683811 0.0011203
8336 0.753963 0.00112162
914 0.0938811 0.00114448
1637 0.164461 0.00112564
2006 0.191954 0.00113235
2432 0.206361 0.00111418
8740 0.642898 0.00111325
2460 0.175452 0.00112297
10167 0.667092 0.00112243
1835 0.11262 0.0011377
2059 0.136097 0.00115648
2271 0.163222 0.00116425
2448 0.187082 0.00115638
2357 0.199323 0.00116042
4236 0.411424 0.00117805
2377 0.252662 0.00118039
2436 0.281271 0.00117836
10948 1.15768 0.00116498
3161 0.290077 0.00119643
4378 0.37062 0.00117759
5260 0.417084 0.00116764
6261 0.450319 0.00114644
6787 0.483624 0.00115256
6550 0.542242 0.00113668
5535 0.554365 0.00113542
4060 0.490304 0.00114257
3135 0.422394 0.00115077
8219 1.182 0.00116985
2119 0.303303 0.00116633
1889 0.257749 0.00117219
2149 0.272573 0.00117593
3025 0.352073 0.0011611
3318 0.391745 0.00114245
3945 0.475045 0.00113898
2885 0.332575 0.0011277
4066 0.419508 0.00110942
3105 0.303855 0.00113955
3345 0.316599 0.0010963
4537 0.412216 0.0011149
5035 0.455397 0.00109802
16173 1.76143 0.00106633
3792 0.449586 0.00112637
1707 0.189202 0.00116354
14515 1.66558 0.00114506
1837 0.233114 0.00115265
2004 0.251561 0.00116614
2326 0.247227 0.00116473
1946 0.182542 0.00113176
3064 0.264922 0.00114118
3300 0.25583 0.00113332
10151 0.843036 0.00109453
16802 1.48413 0.00103496
10262 0.933719 0.00107727
1142 0.101436 0.00111511
6020 0.484136 0.00110335
7401 0.541923 0.00107038
1727 0.123729 0.00111636
2185 0.152085 0.00113465
2672 0.176815 0.0011297
3851 0.245138 0.00113144
3972 0.267312 0.00110971
4431 0.321863 0.00107456
1350 0.116838 0.00111398
1678 0.161353 0.00118087
10500 0.893357 0.00112804
2633 0.229605 0.00117417
3233 0.30197 0.00118775
2704 0.260125 0.00112381
3738 0.338884 0.00113783
4929 0.380146 0.00113881
15339 1.26914 0.00110288
20864 2.14654 0.00109926
2862 0.323831 0.00116314
4354 0.497858 0.00117135
3331 0.386422 0.00114158
17200 1.93707 0.00108082
2333 0.261348 0.00116083
3367 0.312518 0.00114173
4235 0.33205 0.00111409
10186 0.816841 0.00111886
17396 1.53096 0.00103901
2009 0.188534 0.00109278
9467 0.813408 0.00107034
1845 0.162265 0.00113219
2515 0.198904 0.00115588
2556 0.18247 0.00114108
5212 0.367614 0.00107414
2567 0.190646 0.00109847
4905 0.37077 0.00105616
5730 0.540891 0.00110097
3042 0.29816 0.00110889
3695 0.31898 0.00108707
1209 0.105731 0.00111227
1637 0.14947 0.00113262
7068 0.614127 0.00109185
2520 0.214784 0.00113197
3351 0.267422 0.00111473
4462 0.338262 0.00113048
5167 0.41402 0.0011399
29575 2.9842 0.00113069
5484 0.61954 0.00118406
13730 1.34801 0.00114629
4457 0.435897 0.00117215
4029 0.431553 0.0011823
3301 0.397912 0.00118954
2971 0.331515 0.00114442
3946 0.380685 0.00112281
4816 0.479917 0.00113402
31340 3.67612 0.00105825
8103 1.18087 0.00113878
1282 0.162131 0.00112452
1295 0.151319 0.00110603
1730 0.211834 0.00113622
2239 0.243879 0.00108679
2610 0.272774 0.00113287
33669 2.84531 0.0010752
3366 0.239352 0.00109418
7256 0.522926 0.00109987
6950 0.576204 0.00108173
17788 1.75276 0.00106915
8479 0.936672 0.00112542
12718 1.31974 0.00110249
7801 0.833776 0.00111742
1985 0.212331 0.00118317
2466 0.225828 0.00118001
2785 0.206609 0.00113081
3208 0.19961 0.00108478
3105 0.194147 0.00109383
26202 1.71341 0.00104784
8667 0.614793 0.00109695
11083 0.759885 0.00107301
1543 0.1062 0.00110849
1708 0.116357 0.00111297
2169 0.135043 0.00112548
3067 0.169756 0.00113128
3949 0.228519 0.00114095
5275 0.313206 0.00113255
5883 0.371212 0.00115227
40320 3.04962 0.0010993
1229 0.123042 0.00114411
1653 0.170738 0.00118917
1647 0.147058 0.00113779
1856 0.168965 0.00116665
2260 0.244615 0.00120448
2887 0.311944 0.00119427
2744 0.234548 0.00113822
3519 0.26613 0.00113694
2944 0.205564 0.00110549
16325 1.23443 0.00103722
16626 1.58327 0.00106755
2190 0.21352 0.00114283
1503 0.135693 0.00114437
5825 0.522276 0.00112167
3158 0.271519 0.00115349
11159 0.824683 0.00110116
2809 0.195024 0.00114763
2995 0.180912 0.00111715
3969 0.200912 0.00112437
3852 0.166946 0.00109501
32514 1.50319 0.00103064
16042 0.886833 0.00107533
4384 0.254277 0.00112365
2150 0.123931 0.00113097
1972 0.115504 0.00115623
2510 0.142687 0.00117073
2817 0.140571 0.00113372
2984 0.128665 0.0010962
4282 0.176872 0.00110598
5211 0.20765 0.00110197
6194 0.228272 0.00109034
40245 1.5886 0.0010729
30021 1.31778 0.0010865
26230 1.1277 0.00105204
15742 0.757279 0.00107919
4024 0.218053 0.00111559
20302 1.12125 0.00109562
6935 0.38832 0.00111804
3790 0.200717 0.00114232
4337 0.209515 0.00113833
23576 1.07137 0.00110646
4660 0.213373 0.00111691
37291 1.85047 0.00107733
3192 0.167753 0.00108756
4050 0.201598 0.00110982
28646 1.50847 0.00109686
3293 0.19971 0.00114437
25987 1.69219 0.00111946
3774 0.258794 0.00113269
15573 0.92506 0.00108064
4290 0.238897 0.00111452
5231 0.286472 0.00111752
6173 0.358128 0.00109246
5976 0.421771 0.00110543
6197 0.574843 0.00110685
7785 0.849873 0.00108849
36773 3.66701 0.00105292
36158 3.88593 0.00106873
4852 0.650339 0.00113693
40348 5.801 0.00109176
33283 5.08129 0.00105639
22380 3.21685 0.00104123
2993 0.407937 0.00112094
3246 0.405179 0.00111482
3396 0.416792 0.00109904
22175 2.81004 0.00105563
16291 2.2934 0.00109423
2923 0.426965 0.00110631
3821 0.651644 0.00115751
1683 0.304968 0.00112568
1800 0.411505 0.00116455
2133 0.680774 0.00115922
2433 0.95826 0.00116374
3278 1.42947 0.00114167
3287 1.68422 0.00113963
5636 4.15614 0.00117004
1763 2.37283 0.00112401
1482 2.19285 0.00112821
706 0.68943 0.00116211
818 0.657227 0.00116372
1986 1.37516 0.0011213
2607 1.85279 0.00109887
482 0.412232 0.00118376
1683 2.16964 0.00110107
200 0.318654 0.00115262
1148 1.16316 0.00110048
423 0.423638 0.00115144
691 0.779847 0.00111048
1257 1.22701 0.00108959
722 0.480851 0.00110321
293 0.156067 0.0010929
2024 0.950888 0.0010886
861 0.402072 0.00105123
506 0.265632 0.00108026
5741 2.24429 0.00111003
2060 0.581496 0.00111668
5769 1.33856 0.00114504
3022 0.594437 0.00118745
3256 0.5703 0.00116546
1692 0.270849 0.00116865
1354 0.197912 0.0011979
8431 1.03665 0.00111081
13957 1.65987 0.00111033
5416 0.587427 0.00114082
2662 0.303692 0.00116532
8055 0.89903 0.00110692
3546 0.356 0.00113165
4886 0.428817 0.00112515
4479 0.40257 0.00112444
1161 0.163824 0.00118231
3274 0.546907 0.00112838
5379 0.796277 0.0010972
1080 0.171822 0.0011753
1191 0.172854 0.00117154
1361 0.178583 0.00118071
3837 0.476043 0.00112507
2156 0.265981 0.00112977
2647 0.320544 0.00114393
3217 0.36735 0.0011398
2634 0.33465 0.00114984
14593 2.18097 0.00111918
1359 0.207883 0.00113564
1640 0.228138 0.00113044
2036 0.270332 0.0011543
7003 0.88376 0.00113443
2597 0.317964 0.00119475
3293 0.320715 0.00113052
3447 0.279084 0.00115055
3079 0.228699 0.00115158
2914 0.218283 0.00114128
1202 0.108375 0.00110026
1913 0.187676 0.00107634
8715 0.83323 0.00108215
3493 0.350555 0.00109274
1514 0.154191 0.00115518
2439 0.236869 0.00112894
2496 0.230659 0.00114764
4167 0.353212 0.00113722
6707 0.527111 0.00115324
7589 0.531851 0.00115042
7257 0.530848 0.00114993
70279 6.59318 0.00110912
7028 0.876008 0.00119201
51034 6.44818 0.00108523
24507 3.44231 0.00110475
3039 0.45222 0.00117205
3413 0.501594 0.00119952
22643 2.74989 0.00106311
4078 0.454569 0.00114175
4563 0.436236 0.00114397
8589 0.798646 0.00110808
1660 0.205779 0.00108929
9360 1.56662 0.0010838
1047 0.197681 0.00113938
2025 0.389727 0.00111874
3922 0.73843 0.00111988
1372 0.236809 0.0011224
1822 0.293168 0.00114053
5406 0.72266 0.00113654
3157 0.321598 0.00113643
3918 0.311993 0.00112708
4718 0.328851 0.00110486
4007 0.292247 0.00110857
25318 2.22034 0.00107144
2864 0.348311 0.00116806
1607 0.201975 0.00117366
2002 0.234384 0.00119048
7268 0.832231 0.00118134
3192 0.4022 0.00120957
4208 0.485178 0.00119411
4522 0.422358 0.00116141
4405 0.360206 0.00115825
4745 0.354749 0.00115536
6308 0.426922 0.00116736
7246 0.440434 0.00116487
7138 0.452929 0.00114981
41153 3.12471 0.00112081
4825 0.457411 0.00117441
19496 2.00594 0.00112696
2470 0.268714 0.00116888
6220 0.617618 0.00113128
8663 0.843357 0.00106734
1432 0.15992 0.00107776
2980 0.343678 0.00108326
2418 0.252974 0.00109836
2231 0.224829 0.00114175
2762 0.284405 0.00114227
3216 0.306372 0.00109118
3917 0.356559 0.00110969
5484 0.482779 0.00110947
5753 0.503814 0.00113243
7058 0.583839 0.00113637
9459 0.659729 0.00111506
12566 0.770421 0.00112135
19301 1.12577 0.00113202
28084 1.62494 0.00115138
33509 2.16084 0.00114927
39188 3.63514 0.00109871
7581 1.04403 0.00111433
7696 1.32941 0.00111799
7568 1.59396 0.00112757
12266 2.53933 0.00109579
2437 0.639157 0.00124755
7254 1.64108 0.00115217
10347 2.11841 0.00117271
2692 0.542784 0.00120604
2966 0.446083 0.00116107
3990 0.508775 0.00115801
6235 0.702129 0.00113958
8182 0.822254 0.00114296
32313 3.42207 0.00114676
4744 0.560106 0.00119611
4555 0.532613 0.0011544
4962 0.648634 0.00116537
3577 0.498449 0.00114318
24149 4.33053 0.00115409
2515 0.526753 0.00117774
2337 0.469367 0.00116839
2263 0.453811 0.00116468
3284 0.675291 0.00122021
2230 0.457154 0.00120744
2389 0.481267 0.00117296
3716 0.647117 0.00114075
10417 1.80762 0.00118746
2799 0.522248 0.00123344
3660 0.62165 0.00120946
4187 0.598714 0.0011634
5015 0.690336 0.00119073
4648 0.661741 0.00118662
4675 0.752996 0.00120423
26314 4.78045 0.00116913
10622 2.13035 0.00118231
4698 1.0837 0.0011832
2317 0.513015 0.00113475
1904 0.415486 0.00120288
2432 0.479711 0.0011802
2978 0.536647 0.00118092
3919 0.632222 0.00116991
3253 0.46933 0.00113647
3697 0.581656 0.00112641
4539 0.713123 0.00107958
23020 3.55195 0.00107252
12406 2.21345 0.00110769
2942 0.532027 0.00111288
1675 0.284465 0.00111227
5099 0.976498 0.0011361
4928 0.958825 0.00111712
2323 0.438312 0.00117255
1534 0.263727 0.00113151
951 0.160312 0.00112208
5939 0.909791 0.00110226
3520 0.526798 0.0011207
5147 0.81074 0.00110598
2640 0.47323 0.00110855
490 0.102592 0.00112701
1418 0.30164 0.00111502
1300 0.300045 0.00111044
1427 0.332415 0.00111004
1515 0.371474 0.00114382
638 0.164561 0.00110982
