5501 0.814602 0.0011791
1458 0.221533 0.00129147
1342 0.194029 0.0012356
984 0.146483 0.0012142
1043 0.155065 0.00118264
1071 0.152774 0.00121191
1149 0.161753 0.00121472
1389 0.184811 0.00121733
1361 0.170848 0.00120585
1349 0.167738 0.00120665
1632 0.184174 0.00119324
9123 0.90555 0.00115578
2158 0.207471 0.00120412
2326 0.221811 0.00121873
2606 0.245108 0.00119302
3226 0.307804 0.0012082
3252 0.29802 0.00116304
3434 0.295171 0.00116655
3915 0.318629 0.00117028
4281 0.400727 0.00119335
4531 0.448748 0.00117472
4095 0.425636 0.00117968
4409 0.489136 0.00117454
4572 0.480742 0.00116964
4106 0.433472 0.00116362
3520 0.364522 0.00116372
3384 0.320842 0.00117586
4147 0.359244 0.00117413
4943 0.412108 0.00120223
5052 0.411936 0.00118485
5037 0.423813 0.00119295
28409 2.59535 0.00119424
3320 0.315891 0.0012155
3338 0.313568 0.00119114
3275 0.320373 0.00120575
15054 1.38224 0.00119559
3986 0.313986 0.00120461
19281 1.2451 0.00116867
7292 0.455098 0.00117121
3759 0.224842 0.00118427
3668 0.211239 0.00119642
24279 1.28831 0.00111416
4702 0.235514 0.00113124
4723 0.225395 0.00113393
5907 0.2865 0.00114275
5844 0.314117 0.0011385
7211 0.454034 0.00115003
4798 0.306426 0.00116223
5678 0.314746 0.00114178
7625 0.386921 0.00114079
6324 0.310135 0.00112586
7047 0.339269 0.00111571
9515 0.431826 0.00111523
11919 0.492016 0.00111104
14091 0.553199 0.00109736
16219 0.687941 0.00111309
16088 0.77049 0.00111666
13634 0.679717 0.00112079
102834 6.13427 0.00108802
7100 0.608645 0.0011571
3821 0.364936 0.00117732
27275 2.46875 0.00114263
3815 0.355853 0.00117854
3463 0.332968 0.00119634
3397 0.31972 0.00119751
4051 0.377423 0.0012304
8839 0.781873 0.00119726
4551 0.427369 0.00120044
4260 0.4237 0.00121664
4674 0.462763 0.00118332
3957 0.426911 0.00120564
4537 0.512866 0.00123208
5318 0.537239 0.00120046
11983 1.13523 0.00121011
6004 0.596899 0.00122587
5761 0.584872 0.00120557
5661 0.551682 0.00119345
4344 0.402534 0.00117109
18901 1.65516 0.00119437
6059 0.483496 0.00118004
12563 1.09598 0.00120412
4249 0.414111 0.00119283
17599 2.01739 0.00121674
4283 0.542453 0.00119506
3710 0.50825 0.00125565
3729 0.461641 0.00123904
3705 0.386537 0.0012246
28127 2.41903 0.00118899
4772 0.374051 0.00124178
5391 0.372147 0.00123149
4231 0.271206 0.00123815
7517 0.419687 0.00116067
47944 2.34392 0.00114511
5961 0.284475 0.00122723
26929 1.10164 0.00115865
7114 0.278349 0.00118437
7743 0.309751 0.00121002
7229 0.287475 0.00119635
7956 0.323316 0.00120506
7561 0.318883 0.00120101
6158 0.276177 0.00120869
6164 0.280844 0.00120661
34181 1.49587 0.00112387
4641 0.225707 0.00118346
4245 0.20631 0.00118795
17314 0.79486 0.00110555
2759 0.133349 0.0011658
2998 0.131627 0.00114961
3392 0.138826 0.00115698
4183 0.163923 0.00116154
4041 0.166956 0.00115029
4522 0.203344 0.00113818
4514 0.194645 0.00113068
5480 0.227743 0.00114194
5850 0.238844 0.00114101
5502 0.232857 0.00112579
5934 0.252927 0.00112161
5587 0.23607 0.00110811
6075 0.266783 0.00110402
6166 0.279382 0.00111222
5976 0.280032 0.00111753
5837 0.280911 0.00113316
5508 0.280075 0.00113795
5688 0.303546 0.00115019
5221 0.290265 0.00113139
5651 0.335307 0.00116433
6149 0.36977 0.00116601
6440 0.416665 0.00117157
6842 0.407906 0.00115783
7550 0.40015 0.00115904
8204 0.401368 0.00114866
9015 0.38098 0.00114861
10009 0.388048 0.00115368
10988 0.41115 0.00114716
12382 0.452623 0.00114656
12104 0.462474 0.0011457
10909 0.468008 0.00113765
9117 0.449634 0.00112826
7462 0.423039 0.00113208
18390 1.18059 0.00110645
29789 2.38331 0.00112629
18001 1.91102 0.00117031
9950 1.33569 0.00123195
3019 0.440258 0.00117839
2846 0.400361 0.00115418
13016 1.96976 0.00119253
2434 0.386558 0.00117792
3790 0.572866 0.0011647
3139 0.445245 0.00114641
14222 2.01575 0.00115845
2754 0.435313 0.00116269
2629 0.449207 0.00114567
8059 1.40152 0.00113741
9589 1.80516 0.00117343
1970 0.418776 0.00116019
2324 0.532034 0.00118738
1762 0.362492 0.00121441
1915 0.357534 0.00120915
2364 0.407327 0.00118882
12047 1.79551 0.00118018
1857 0.251048 0.00116508
9574 1.21245 0.00116727
2313 0.282475 0.00118343
2255 0.254893 0.00115521
10488 1.09467 0.00116234
2599 0.240927 0.00115928
3375 0.257731 0.00110321
27659 1.82956 0.00110278
26827 1.63239 0.00110239
3548 0.207033 0.00112545
11495 0.618938 0.00111336
4655 0.251098 0.00110025
35186 2.21643 0.00112857
4133 0.282441 0.00109276
4311 0.303295 0.00111441
4347 0.317482 0.0011265
4089 0.312933 0.00110987
4133 0.330597 0.00113086
4978 0.414448 0.00115294
13720 1.17831 0.00111024
3572 0.340233 0.00113471
3520 0.315962 0.00112295
9125 0.755723 0.00109806
4163 0.351617 0.0011162
4532 0.356409 0.00111297
15071 1.21582 0.00111902
4030 0.39347 0.00116093
2818 0.343076 0.00114128
2698 0.394244 0.00121301
3476 0.446851 0.00119345
3667 0.461706 0.00120327
3849 0.466712 0.00116611
4605 0.555784 0.00117264
6102 0.693034 0.00117084
4946 0.501928 0.00113975
23564 2.31267 0.00109186
3966 0.351816 0.00112272
5172 0.381816 0.00111102
5527 0.415947 0.00112298
6498 0.521647 0.0011493
50045 3.7536 0.00113069
9695 0.722519 0.0011261
12125 0.867702 0.00110745
16903 1.05225 0.00109432
12598 0.801098 0.00111921
17409 1.16648 0.00111605
32771 2.14021 0.00111422
6833 0.43472 0.00112304
56503 3.12932 0.00105663
7257 0.376241 0.00107644
8319 0.429329 0.00106864
7186 0.370454 0.00104176
53885 3.04838 0.00102978
5999 0.360438 0.00105945
47006 2.56525 0.00109658
5465 0.303429 0.00108975
4449 0.246697 0.00106834
4626 0.240084 0.00111431
4265 0.210871 0.00111643
30639 1.53159 0.00107968
17610 0.881813 0.0010852
5014 0.253259 0.001098
4989 0.266344 0.00111593
5891 0.319067 0.00111043
6765 0.361125 0.00110884
6715 0.347142 0.00109245
7515 0.395755 0.0010955
7066 0.396838 0.00110528
8032 0.484106 0.00109792
10236 0.603858 0.00109348
12044 0.650321 0.00108629
10762 0.526008 0.00106651
4642 0.274308 0.00110749
5203 0.385881 0.00113936
6038 0.440549 0.00113261
34920 2.35534 0.00109298
5917 0.385229 0.00110268
6080 0.385463 0.00108899
12853 0.720555 0.00106739
26859 1.71001 0.00106085
9511 0.715707 0.00108092
9641 0.727241 0.00109307
5094 0.380493 0.00112561
7533 0.515519 0.00111462
5137 0.354769 0.00110241
4845 0.311764 0.00110006
5427 0.341394 0.00112184
6158 0.388959 0.00111712
4702 0.319907 0.00111805
3701 0.265142 0.00110505
4640 0.319666 0.00111053
4026 0.278021 0.00115264
4496 0.307636 0.00114712
4957 0.360417 0.00115572
4726 0.380473 0.00115987
5421 0.45474 0.00114742
5778 0.445329 0.00113251
6087 0.438943 0.0011221
5945 0.447035 0.00111266
6439 0.509256 0.00112072
5517 0.435818 0.00112028
6126 0.466314 0.00111914
5658 0.417268 0.00112392
4615 0.314407 0.00110428
4937 0.325859 0.0011353
6031 0.411682 0.00113161
6840 0.531548 0.00113637
28442 2.22627 0.00107271
20646 1.53567 0.00108045
5800 0.401946 0.0010947
4435 0.300505 0.00111522
23494 1.62511 0.00112187
20632 1.43601 0.00113798
23913 1.60485 0.00111603
23783 1.73086 0.00111856
14295 1.22355 0.00116774
2745 0.227263 0.00117388
12183 0.957439 0.00117441
3376 0.267792 0.00116674
3883 0.294919 0.00116374
4116 0.311035 0.00117039
5583 0.388297 0.00116371
5071 0.335886 0.00117718
4555 0.306201 0.00117005
21609 1.48756 0.00117692
3667 0.259262 0.00118646
4458 0.301452 0.0011622
4294 0.281109 0.00119132
12212 0.743334 0.00117794
5469 0.327432 0.00118665
5596 0.331878 0.00117968
4470 0.26648 0.00116796
4780 0.270637 0.00114643
4635 0.241196 0.00112082
27875 1.45578 0.00113751
5617 0.298067 0.00114612
5776 0.313423 0.00114468
6479 0.370885 0.00115475
8135 0.488026 0.00114684
7166 0.444167 0.00113769
10015 0.646724 0.00120719
5183 0.317722 0.00120489
31383 1.89328 0.00121724
5867 0.342734 0.00118793
23101 1.37918 0.00115961
18831 1.09701 0.00115997
5126 0.277259 0.0011779
4845 0.255396 0.00115293
4259 0.229198 0.00116234
21195 1.14817 0.0011182
3202 0.180711 0.00114549
3037 0.16131 0.00115024
4060 0.203687 0.00117827
7473 0.313559 0.00111539
3102 0.121116 0.00114798
3255 0.110289 0.00113766
4294 0.127252 0.00112656
28627 0.88258 0.00106417
3341 0.120966 0.00111464
3899 0.123902 0.00112109
34495 0.840841 0.0010381
4023 0.114382 0.00109194
4709 0.15241 0.00110025
5275 0.178245 0.00109266
4489 0.15958 0.00110446
4146 0.143626 0.00109743
37376 1.15011 0.00102365
36290 1.08991 0.00102035
4795 0.143277 0.0010795
12757 0.386578 0.00105149
4676 0.184008 0.00110801
4335 0.194251 0.00109851
4285 0.214044 0.00110336
4433 0.234457 0.00109971
3820 0.219232 0.0011229
4010 0.23833 0.00113264
4837 0.263518 0.00110427
11380 0.59065 0.00105615
3972 0.225601 0.00110126
4681 0.261487 0.00111911
4735 0.25212 0.00112887
5105 0.263295 0.00112378
5582 0.274523 0.00111486
5844 0.282086 0.00115257
5853 0.275549 0.00113561
5672 0.26751 0.00114606
5837 0.288721 0.00114678
7014 0.36177 0.00114957
7614 0.402981 0.00114935
7741 0.412006 0.00112475
7919 0.42841 0.00113678
9484 0.490421 0.00113526
10983 0.529872 0.00111596
11901 0.567767 0.00111617
12088 0.622496 0.0011165
13124 0.810393 0.001155
10533 0.776627 0.00114455
10558 0.945007 0.001168
12503 1.27416 0.00119122
8627 0.897667 0.00113484
6727 0.74529 0.00109867
5187 0.671121 0.00109263
6300 0.930951 0.00110845
6810 1.09579 0.00111174
30095 5.16917 0.00111186
4877 0.784059 0.00113794
5563 0.880738 0.00113848
7179 1.10986 0.00114286
21563 3.0147 0.00110081
4995 0.764044 0.00109927
4000 0.628303 0.00112052
3124 0.482684 0.00113761
3444 0.530005 0.00115115
3803 0.529843 0.00113871
3656 0.451196 0.00114567
4072 0.426151 0.00115808
4396 0.394354 0.00114904
5318 0.454636 0.00115505
5751 0.481961 0.00115901
5214 0.444681 0.00115089
3723 0.308761 0.0011407
2919 0.247252 0.00114755
3068 0.261795 0.00114866
2878 0.230966 0.00113871
3963 0.299525 0.00109914
3700 0.273996 0.00107409
3447 0.244251 0.00105006
4269 0.297328 0.00106615
3883 0.252647 0.0010653
5467 0.339098 0.00106715
4989 0.288084 0.00105811
14929 0.816249 0.00105422
4732 0.280144 0.00109895
5352 0.312548 0.00107527
5171 0.286639 0.00107303
4697 0.229388 0.00104332
34501 1.84782 0.00109467
3715 0.214151 0.00105814
5026 0.293866 0.00107053
23673 1.55725 0.00115576
9284 0.645011 0.00115623
5026 0.356232 0.00113597
3803 0.27897 0.00112604
2149 0.155235 0.00112492
4690 0.370549 0.00115061
1764 0.154206 0.00119908
7002 0.620108 0.00115983
1774 0.174803 0.00117408
2166 0.215365 0.00118643
7400 0.649575 0.00115095
2362 0.217086 0.00120023
2648 0.260458 0.00119597
2887 0.283503 0.00119161
4759 0.442987 0.00116924
3708 0.332421 0.00116636
3925 0.342582 0.0011691
4484 0.387211 0.00117792
4584 0.395386 0.0011835
5327 0.431585 0.00117822
5732 0.449527 0.0011858
5640 0.423901 0.00118158
6389 0.459213 0.00118934
6988 0.482164 0.00117998
7712 0.486538 0.00117851
8620 0.507394 0.00119221
7543 0.46668 0.00117962
8336 0.527573 0.00119118
10026 0.606813 0.00119879
8566 0.574534 0.00121169
8851 0.643701 0.00122216
7413 0.565208 0.00122553
5439 0.469777 0.00120754
6007 0.61672 0.00122282
5469 0.629413 0.00120408
5448 0.67915 0.00118538
4154 0.564419 0.0011545
3330 0.482591 0.00120154
4100 0.544644 0.00118843
3084 0.411223 0.00117586
2346 0.336914 0.00120944
2701 0.376422 0.00121904
2245 0.278004 0.00119273
13236 1.48266 0.00118255
2674 0.293253 0.00123371
3607 0.37554 0.00123373
3887 0.39179 0.00123572
4364 0.428564 0.00126149
4691 0.454971 0.00124092
4293 0.46565 0.00125626
18316 2.02443 0.00117743
2793 0.308942 0.00119371
3126 0.326197 0.00119961
3114 0.311049 0.00117205
17212 1.72872 0.00116173
4011 0.409162 0.00115499
27011 3.05351 0.0011989
4996 0.611539 0.001202
5230 0.656957 0.00118501
4390 0.661702 0.00123823
3446 0.66534 0.00123306
5194 1.1368 0.00123091
4596 1.14959 0.00125331
3978 1.27478 0.00128905
3400 1.19255 0.00124821
1583 0.632416 0.00120856
1766 0.778706 0.00122846
2921 1.15459 0.00124091
2246 0.92318 0.00123875
949 0.380669 0.00122682
1107 0.407423 0.0012399
1334 0.460982 0.00123284
1607 0.500032 0.00121361
7006 2.25669 0.00122615
1120 0.361748 0.00121963
1064 0.31708 0.00122958
1170 0.313933 0.00122412
5803 1.37261 0.00122286
1538 0.327339 0.00123875
7471 1.38564 0.00121322
2105 0.338331 0.00123892
1950 0.265787 0.00121823
14544 1.74509 0.00121849
1622 0.174328 0.00117078
1851 0.197751 0.0011885
2767 0.263964 0.00118004
3345 0.293859 0.00117517
4557 0.393976 0.00116846
5621 0.481456 0.00116908
6408 0.574852 0.00116937
5333 0.533137 0.00115632
14619 1.65668 0.00115521
2931 0.307004 0.00116205
3833 0.325508 0.00117723
23183 1.64327 0.00114236
5122 0.34644 0.00112271
25406 1.7772 0.00111638
4950 0.348562 0.00111961
6064 0.427041 0.00111208
6529 0.460578 0.00111315
54885 3.82083 0.00110213
8959 0.663171 0.00111339
39654 3.44548 0.00116805
4564 0.43865 0.00120136
3268 0.327145 0.00120419
3694 0.377545 0.00120929
4008 0.390161 0.00120633
4093 0.36427 0.00117166
4035 0.358715 0.00118682
4365 0.416522 0.00119877
4527 0.449666 0.00118046
4748 0.501933 0.00119928
5149 0.548631 0.00119285
6148 0.604845 0.00119524
7319 0.662329 0.00119401
8484 0.71348 0.00119858
7698 0.666836 0.00119716
6760 0.661151 0.00119229
5847 0.598551 0.00119909
6873 0.671623 0.00120062
7398 0.652256 0.00119599
8116 0.670286 0.0011987
9186 0.702964 0.00120361
10563 0.71298 0.00119191
12200 0.774541 0.00118372
14505 0.836759 0.00115066
17172 0.868022 0.00113392
20174 0.949644 0.0011465
22879 1.02351 0.00113882
26131 1.05413 0.00113481
30151 1.04432 0.00112421
35737 1.04639 0.00112234
44285 1.03041 0.00110996
53719 1.12064 0.00110378
63189 1.263 0.0010945
70068 1.36098 0.00109549
62555 1.29603 0.0010957
55989 1.31348 0.00108006
48042 1.31143 0.00105324
44310 1.40833 0.0010466
36924 1.20525 0.00103468
328504 11.6846 0.000999489
25822 1.06319 0.00101637
36563 1.40973 0.00100035
42729 1.6389 0.000993161
77205 2.78164 0.000992998
22172 1.00132 0.000952213
2406 0.184097 0.000939465
18943 1.81171 0.0010273
14550 1.14969 0.00102747
9019 0.776081 0.0010295
8246 0.911511 0.00107954
14867 1.74103 0.00113438
5796 0.68534 0.001127
5833 0.666176 0.00114709
3800 0.392781 0.00115839
4653 0.411191 0.00116114
4771 0.399907 0.00115912
5036 0.428702 0.00115626
4895 0.408201 0.00115274
13870 1.06718 0.00114722
5220 0.406603 0.00116484
5846 0.449919 0.00114831
7698 0.523909 0.00113958
8898 0.589197 0.00114718
10896 0.705715 0.0011437
13009 0.799598 0.00111566
16177 0.96303 0.00108963
20062 1.09845 0.00108594
12924 0.815808 0.00108106
1774 0.175109 0.00116482
1934 0.212449 0.00112296
2044 0.206158 0.00112856
2716 0.244137 0.00113055
3403 0.288269 0.0011313
3214 0.281999 0.00112244
3465 0.350041 0.00117524
3583 0.36546 0.00118285
20665 1.9899 0.00116246
3593 0.348406 0.0012202
3125 0.262076 0.00115056
12181 0.925256 0.00117319
3025 0.197217 0.00111925
2997 0.200797 0.00111519
27220 1.91683 0.00111012
9370 0.610806 0.00110573
3983 0.256202 0.00111075
21672 1.46489 0.00111693
10089 0.686666 0.00112521
2594 0.184281 0.00114906
4837 0.330444 0.00115034
3954 0.26169 0.00117161
18390 1.14389 0.00115183
5832 0.345461 0.00113074
5510 0.373837 0.0011457
5107 0.414233 0.00114215
5741 0.528921 0.00117844
4827 0.47827 0.00116757
5076 0.528747 0.00118954
4841 0.568597 0.00122097
5124 0.6731 0.00123133
6306 0.788686 0.00119685
5484 0.654756 0.00120021
5535 0.596505 0.00117807
5741 0.598684 0.00116961
5473 0.574604 0.00117437
5702 0.625437 0.00114749
5156 0.611003 0.00114387
5613 0.639753 0.00111176
4916 0.590308 0.00111498
23445 3.38549 0.00119311
3427 0.532869 0.00120935
3388 0.529904 0.00117116
3333 0.552964 0.00121707
16331 2.46838 0.001166
3080 0.415415 0.00121639
3765 0.428623 0.00118105
3070 0.390493 0.00118093
4563 0.6975 0.00114427
6188 0.914438 0.00111677
1506 0.18115 0.00112022
2170 0.212964 0.00111374
2736 0.248826 0.00110486
3024 0.272728 0.00113251
10458 0.853906 0.00110576
4458 0.314426 0.0011241
4515 0.304841 0.00110093
25382 1.89324 0.00113895
14906 1.15111 0.00113296
26328 2.34503 0.00118936
4512 0.400064 0.00112961
6513 0.557845 0.00112567
5830 0.525555 0.00114551
6173 0.61254 0.00115249
6093 0.607808 0.00114842
5950 0.587311 0.00112868
6164 0.626102 0.00112234
6836 0.741718 0.00114103
5447 0.639908 0.00118672
25965 3.64735 0.00119786
2470 0.385961 0.00116327
35258 4.87409 0.00115578
5116 0.570963 0.00112936
4496 0.43376 0.00105284
3623 0.342018 0.00108356
4134 0.348345 0.00110637
4975 0.388076 0.00110838
5001 0.386791 0.00111124
5001 0.38782 0.00111066
5110 0.4215 0.0011127
4517 0.390169 0.00111262
5162 0.461152 0.00114108
12828 1.12859 0.00111594
24603 2.02268 0.00108303
6323 0.467672 0.00110448
8486 0.577198 0.0011096
7167 0.512821 0.00110875
40351 3.63404 0.0011607
14067 1.34985 0.00114571
4103 0.365358 0.00116693
6290 0.566715 0.00118667
3029 0.269323 0.0012042
3475 0.282851 0.00119657
3197 0.257671 0.00116291
27106 1.9725 0.00111831
2545 0.167825 0.00112669
12919 0.843343 0.00112397
3872 0.262643 0.00112121
22892 1.68712 0.0011636
22124 1.75223 0.00118576
4282 0.405715 0.00116082
4565 0.537088 0.00115638
5092 0.67672 0.00118004
5357 0.711897 0.00121051
5861 0.685761 0.0011765
6462 0.647866 0.00120341
5428 0.471066 0.00117718
4908 0.490273 0.00118465
3269 0.41415 0.00119909
3102 0.453733 0.00120553
2966 0.45566 0.001204
3606 0.533299 0.00119204
4004 0.550274 0.00115777
28322 3.86633 0.00117232
10084 1.39087 0.00121129
2845 0.346048 0.00115086
2924 0.339782 0.00117068
3848 0.40993 0.00113882
19134 2.04026 0.00118405
7639 0.828613 0.00117589
9108 0.951705 0.00119802
1555 0.146188 0.00115916
1561 0.141353 0.00117512
3280 0.261633 0.00116423
2277 0.166964 0.00115452
2701 0.194377 0.0011402
10654 0.750089 0.00117014
2618 0.181366 0.00116377
3327 0.234114 0.001171
3572 0.242325 0.00118057
3969 0.254512 0.00117478
4250 0.264785 0.00114004
4961 0.333728 0.00115847
27846 1.87062 0.00120616
4504 0.285871 0.00115274
4473 0.334701 0.00119394
5310 0.426403 0.00115668
5310 0.459417 0.00116219
5764 0.491272 0.00115134
6395 0.526097 0.00113255
5658 0.507448 0.00116245
4124 0.375943 0.001134
3820 0.356096 0.00114876
4570 0.454237 0.00119052
3181 0.320277 0.00113894
2901 0.302957 0.00114759
3290 0.346673 0.00117443
3119 0.320936 0.00116027
8065 0.822089 0.00113633
3194 0.324483 0.00113756
5747 0.535695 0.00115172
3069 0.262636 0.00113667
3783 0.314641 0.00115136
4340 0.308278 0.0010997
34564 2.31046 0.00107817
3475 0.224261 0.00110302
4221 0.222856 0.00106984
4405 0.219095 0.0010917
38858 1.84294 0.0010891
9267 0.440459 0.0011176
43184 2.11294 0.00108937
30331 1.67456 0.00111774
3353 0.215209 0.0011405
22060 1.75757 0.00115808
3079 0.288853 0.00116591
3330 0.32482 0.00118128
3605 0.34574 0.0011824
3978 0.387797 0.00118698
3501 0.343379 0.0011707
24502 2.42545 0.00119432
2775 0.2556 0.0011451
2871 0.252538 0.00114945
3257 0.271587 0.00114914
3608 0.292033 0.0011516
3882 0.348868 0.00116582
4490 0.447123 0.00114918
3833 0.435769 0.00113372
23595 3.14212 0.00116432
3883 0.566773 0.00115254
4502 0.720662 0.00117557
4125 0.690727 0.00118864
4256 0.842037 0.00121483
3543 0.77557 0.00121558
9107 1.85615 0.00118413
1784 0.408431 0.00121601
7723 1.78341 0.0011798
6330 1.30359 0.0011753
4993 0.854142 0.00109396
8436 1.20418 0.00112614
6991 0.977981 0.00109368
6703 0.962141 0.00107075
6944 0.973214 0.00120261
8168 0.98954 0.00117284
1400 0.152258 0.00116264
11055 1.0321 0.0011096
11357 0.948618 0.00111316
11536 0.9071 0.00111344
12266 0.870388 0.00110171
13668 0.829182 0.00109218
18460 1.03034 0.0010676
4140 0.228931 0.00107777
1839 0.0983913 0.0010912
7313 0.395375 0.00109178
3949 0.208306 0.00109805
13286 0.588388 0.00104281
6753 0.32021 0.00109263
3509 0.165645 0.00110278
1759 0.0778524 0.00113477
5475 0.245581 0.00107461
1204 0.0649042 0.00110585
2287 0.134108 0.00110781
4188 0.237285 0.00108298
6579 0.352311 0.00108256
7913 0.402777 0.00107237
1610 0.0887247 0.00113455
1899 0.104766 0.00110848
1896 0.101763 0.0011062
12932 0.651086 0.00108369
1915 0.0991037 0.00112405
1922 0.105692 0.0011347
2045 0.115038 0.00111617
2193 0.121115 0.00113394
5086 0.258952 0.001103
2469 0.129637 0.00113126
2473 0.133959 0.00112883
2535 0.141993 0.00115139
6298 0.357279 0.00110796
12595 0.730893 0.00110035
9184 0.56342 0.00109981
2681 0.180967 0.00112968
2821 0.188709 0.00115333
3306 0.201207 0.00114255
3764 0.201761 0.00114278
4511 0.225228 0.00113764
4717 0.23088 0.00113707
5190 0.244104 0.00113411
5217 0.265044 0.00115728
4603 0.268709 0.00115414
4883 0.304382 0.00116929
5558 0.344158 0.00115174
6236 0.41137 0.00114793
5038 0.378604 0.00115765
3964 0.369528 0.00120258
3763 0.406095 0.00123287
3365 0.40822 0.0012397
2576 0.325672 0.00121255
7263 0.885489 0.00121529
2154 0.250068 0.00122632
11905 1.2357 0.00121192
9692 0.932927 0.00119945
1811 0.16887 0.00119677
2796 0.258627 0.00120873
2779 0.270355 0.00120739
3132 0.308591 0.00118943
3022 0.312793 0.00120399
2852 0.311657 0.00120629
3029 0.325404 0.00115922
3648 0.361328 0.00115268
7939 0.702125 0.00112558
3226 0.268743 0.00115818
4256 0.327874 0.0011495
3387 0.275214 0.0011621
3489 0.292638 0.00115595
17214 1.45394 0.00116499
2176 0.204784 0.00117371
2652 0.273651 0.00119064
7018 0.68513 0.00119306
17680 1.68343 0.00117405
2119 0.197051 0.00116255
2847 0.266786 0.001201
3374 0.333505 0.00118045
3611 0.37818 0.0011774
3295 0.345656 0.00119208
3155 0.328566 0.00122063
10103 0.951317 0.00118095
5634 0.500147 0.00118411
6135 0.562124 0.00115641
4933 0.554906 0.00118598
13758 1.96036 0.00124074
3479 0.546469 0.00126109
3317 0.528958 0.00126621
2986 0.47604 0.00126896
2745 0.414315 0.00125355
2804 0.382329 0.00122363
2995 0.377399 0.0012156
3466 0.406213 0.00120424
3215 0.356842 0.00121818
3249 0.377838 0.00123092
3309 0.4458 0.00127823
3547 0.470174 0.00123068
3848 0.47338 0.00124442
4113 0.459342 0.00123934
4071 0.410993 0.00120416
4987 0.458081 0.00121891
4826 0.401632 0.00120046
25348 2.21769 0.00118334
3617 0.341038 0.00124617
3877 0.324543 0.00123258
3784 0.292163 0.00122238
14911 1.0842 0.00120122
2926 0.206097 0.00123689
2230 0.147837 0.00121888
3063 0.1941 0.00118865
2077 0.124379 0.00117474
1984 0.111798 0.00116577
2186 0.121082 0.00116315
2560 0.137319 0.00117168
2849 0.143858 0.00113518
3050 0.146647 0.00114245
2993 0.142332 0.0011467
3589 0.175805 0.00115559
3932 0.187223 0.00115798
6052 0.272897 0.00113225
8914 0.363313 0.00111003
4719 0.176799 0.00113958
4724 0.160287 0.00111664
6115 0.201758 0.0011147
4025 0.132307 0.00111879
4496 0.145343 0.00108687
4937 0.157589 0.00109616
5497 0.173576 0.00110827
5608 0.182871 0.00110153
5517 0.198402 0.00110498
6355 0.265775 0.00112517
6224 0.25554 0.00111617
6655 0.247168 0.00111093
7155 0.259638 0.0011059
7724 0.279102 0.0011076
8387 0.294432 0.00111161
9834 0.314457 0.00111246
11231 0.325569 0.00109832
12446 0.359813 0.00109051
13743 0.424089 0.00109586
13771 0.46106 0.00109673
11973 0.450887 0.00111228
10991 0.476338 0.0011099
10149 0.517905 0.00112411
8036 0.484522 0.00112483
52873 4.01346 0.00112864
25160 2.47152 0.00118412
6881 0.783599 0.00120418
9990 1.24955 0.00121059
3017 0.406572 0.00120662
3494 0.462437 0.00118428
3902 0.484164 0.0012081
3798 0.449047 0.00118054
3821 0.48138 0.0012145
3302 0.426409 0.00120557
3320 0.449575 0.00121733
3855 0.54143 0.00124844
4818 0.667181 0.00122676
6004 0.815596 0.00120262
6408 0.848004 0.00118189
6882 0.93716 0.00115779
39649 6.08391 0.00119071
8690 1.19447 0.00116039
14280 1.53351 0.00115141
11468 1.01182 0.00104589
10416 0.963242 0.00107592
9756 0.888024 0.00107997
9757 0.849815 0.00107854
9181 0.777886 0.00107346
8623 0.726701 0.00108614
8228 0.681954 0.00107296
9093 0.732065 0.0010912
8969 0.679027 0.00108544
41268 3.34536 0.00110576
28641 2.35478 0.00110233
3253 0.277259 0.00115551
2960 0.291326 0.00116138
3623 0.452956 0.00123707
3510 0.446784 0.00121425
3839 0.469348 0.0012223
4402 0.526256 0.0012055
4747 0.528132 0.00119904
5923 0.572627 0.00118143
6170 0.597451 0.00118921
4840 0.481799 0.00114219
7408 0.701908 0.00114185
7771 0.681821 0.00110999
20518 1.97176 0.00113723
26021 2.54367 0.00111478
4457 0.454331 0.00114033
9632 1.10848 0.00115274
22736 2.68882 0.0011738
12829 1.59325 0.0011645
7609 1.03822 0.00118814
17104 2.4472 0.00120336
15219 2.59359 0.00118898
2789 0.517934 0.00118771
16377 3.03494 0.00115084
12937 2.46714 0.00119548
2322 0.388541 0.00118892
2850 0.410988 0.00116159
3276 0.44922 0.00116198
4129 0.513097 0.00114316
5610 0.576561 0.00114083
6667 0.601001 0.00115401
5544 0.476541 0.00113388
4109 0.356149 0.00114776
5388 0.437491 0.00112479
5844 0.474936 0.00110608
6465 0.507986 0.00107223
37633 2.99881 0.00109829
3073 0.242626 0.00109079
11236 0.925283 0.00114272
5900 0.505582 0.00113257
3706 0.301917 0.00111278
4193 0.331848 0.00110787
3872 0.309501 0.00111803
27844 2.41205 0.00112495
3627 0.320045 0.00111787
4684 0.395 0.00109868
4069 0.348634 0.00110776
8022 0.677427 0.00112318
8659 0.814341 0.00112794
5272 0.562798 0.00112534
2551 0.291493 0.00114404
2855 0.34151 0.00114575
18386 2.3544 0.00118331
3757 0.461365 0.00118245
4307 0.50634 0.00114705
6053 0.723876 0.00116683
13126 1.74301 0.00121662
13161 1.95224 0.00118995
2653 0.419238 0.00124555
2964 0.436869 0.00123433
3578 0.461231 0.00120383
4260 0.511607 0.00122253
5110 0.55635 0.00119343
5322 0.558957 0.00120839
4946 0.508378 0.0011854
4214 0.454438 0.00116735
5292 0.575947 0.00117324
6478 0.624949 0.00118284
7919 0.683854 0.00116396
7516 0.666363 0.00117034
5527 0.582812 0.0011596
21862 2.8736 0.00124407
3712 0.484345 0.00121777
4320 0.543878 0.001198
4235 0.507996 0.00118152
3901 0.466618 0.00120159
3450 0.423009 0.00121762
3332 0.394986 0.00117575
2622 0.312961 0.00117967
2537 0.307967 0.00119106
2791 0.322752 0.00117264
11632 1.401 0.00116374
3283 0.390299 0.00116049
3073 0.347329 0.00117111
3130 0.340603 0.00114698
3820 0.386519 0.00114628
3483 0.335925 0.00113833
3963 0.370978 0.00116437
4087 0.371364 0.00116902
4719 0.459611 0.00117307
5356 0.526407 0.00116678
6506 0.583768 0.0011545
7701 0.628683 0.00114152
8944 0.638841 0.00110484
9695 0.657272 0.00109685
11366 0.715931 0.00107579
9271 0.564626 0.00107568
7120 0.476961 0.0010855
8615 0.569722 0.0010677
3261 0.239599 0.00112021
3720 0.304981 0.00111808
3037 0.244225 0.0011336
5677 0.414851 0.00113479
20075 1.48626 0.0011458
2905 0.245065 0.00115159
2621 0.251622 0.00117697
3168 0.312827 0.00117395
6286 0.658865 0.00119135
7607 0.909238 0.00120421
2740 0.333915 0.00118669
3289 0.372099 0.00119832
4002 0.39898 0.00118364
3923 0.350504 0.00114697
12184 1.2283 0.00115676
6763 0.849478 0.00120783
3255 0.42774 0.00116833
10811 1.49676 0.00119424
3095 0.443418 0.00117492
2692 0.410946 0.00118955
9168 1.52635 0.00121014
9025 1.60547 0.00121274
2988 0.468319 0.00119833
3390 0.466267 0.00119648
3302 0.425207 0.00115273
2803 0.390909 0.00122322
2768 0.345327 0.00119637
2892 0.292978 0.00115892
3403 0.328677 0.00114987
3739 0.345522 0.00114767
3976 0.346615 0.00114746
3201 0.305244 0.0011402
3271 0.328969 0.00114953
3458 0.298641 0.0011415
4002 0.30183 0.00116516
3593 0.247611 0.00116253
3214 0.208861 0.00112784
5301 0.32942 0.00112521
11856 0.69997 0.00110871
5646 0.359444 0.00113381
3550 0.226656 0.00110136
26023 1.71432 0.00114025
3815 0.266793 0.00112528
3875 0.296567 0.0011414
15479 1.36581 0.00117178
3267 0.292046 0.00114525
11008 0.886179 0.00111278
13625 1.03861 0.00108909
3051 0.231262 0.00110174
17144 1.43814 0.00112853
3167 0.294014 0.00116437
3974 0.425393 0.00119351
4829 0.54295 0.00119221
5263 0.540825 0.00117675
4906 0.527863 0.00116245
3665 0.483543 0.00119836
4423 0.646882 0.00120004
3278 0.462854 0.00116223
5267 0.713344 0.00114228
3845 0.455172 0.00111018
11952 1.2974 0.00110047
4898 0.508701 0.00110523
3775 0.361981 0.00111002
4416 0.398303 0.00110669
21146 2.04999 0.00118709
2530 0.232038 0.00114052
2417 0.215009 0.00113179
2316 0.204259 0.00112865
2324 0.209271 0.00115757
10972 1.06139 0.00117781
2783 0.257984 0.00116198
3456 0.318094 0.00120564
3156 0.290199 0.00115941
7423 0.670205 0.00115722
13999 1.23388 0.00117295
12788 1.16985 0.00116816
2758 0.252098 0.00116212
3027 0.247591 0.00116453
4006 0.279994 0.00115918
3405 0.208425 0.00111031
21719 1.326 0.00114603
18489 1.07831 0.00116703
3671 0.215669 0.00117024
4076 0.255963 0.00115639
20801 1.35904 0.00113435
2759 0.178711 0.0011604
4540 0.245975 0.00112147
6091 0.326169 0.00112271
2803 0.168865 0.00112657
5644 0.359668 0.0011329
10632 0.746681 0.00114776
2723 0.23041 0.0012123
2646 0.242423 0.00118932
14959 1.36057 0.00114205
2297 0.210904 0.00114573
8474 0.802133 0.00109526
7892 0.801421 0.00112522
8111 0.775512 0.0010923
14419 1.29336 0.00106885
2335 0.205049 0.00112571
3003 0.237528 0.00111812
14773 0.974887 0.00105125
17003 1.04546 0.00106518
5517 0.319994 0.00110722
5778 0.316068 0.00109998
18541 1.04425 0.00107229
7248 0.412134 0.00109356
7925 0.446481 0.00108273
6958 0.420904 0.00108193
6563 0.441053 0.00107211
4995 0.39777 0.00106067
3857 0.34313 0.00108172
12782 1.19016 0.00102785
3550 0.44464 0.0010958
3892 0.468688 0.00106389
3594 0.443705 0.00107492
4036 0.525991 0.00107006
4367 0.526837 0.00109192
4984 0.579733 0.00106259
4336 0.53954 0.00110267
3990 0.582208 0.0011276
6674 1.07101 0.00112013
4951 0.753407 0.00109263
16333 2.40006 0.00107113
1652 0.244532 0.00112843
1804 0.230913 0.00108787
2273 0.258142 0.0010813
2407 0.258124 0.00107482
2575 0.300219 0.00108845
3007 0.330467 0.00105575
15560 1.59422 0.0010623
3539 0.359443 0.00105177
4241 0.431953 0.00103502
3411 0.382401 0.00106222
30022 3.73413 0.00107866
1146 0.18939 0.00111805
4012 0.602406 0.00112462
1479 0.167109 0.00114003
3670 0.462529 0.0011271
1037 0.154098 0.00111145
1259 0.191574 0.00114776
1414 0.190062 0.00110598
1424 0.17701 0.00107725
2762 0.32617 0.00109194
10213 1.17423 0.00111014
1451 0.165694 0.00111514
1890 0.212306 0.00109032
10605 1.22071 0.00108565
1879 0.221681 0.00110346
1783 0.210252 0.00110328
6815 0.868659 0.00114594
6176 0.787475 0.00110917
4774 0.653051 0.00114634
988 0.145244 0.00114308
1205 0.178153 0.00113273
4451 0.635056 0.00114671
1055 0.15112 0.00114799
1028 0.142628 0.00113654
3578 0.495683 0.00115742
800 0.110992 0.00121488
916 0.114724 0.00117425
880 0.0989745 0.0010908
3286 0.368928 0.00113917
987 0.114494 0.0011729
3051 0.341625 0.00114905
6569 0.731761 0.00116024
1148 0.136495 0.0012084
10803 1.21299 0.00115905
1271 0.152412 0.00120596
2801 0.458655 0.00117881
1320 0.28907 0.00121427
1380 0.252753 0.00119196
1811 0.286646 0.001193
2025 0.299328 0.00118614
2081 0.306247 0.00119413
4725 0.66573 0.00116338
2097 0.314803 0.00119925
1795 0.323933 0.00119731
1748 0.382314 0.00122335
1768 0.452716 0.00122647
3487 0.857647 0.0011987
1519 0.371704 0.00117498
8348 2.21601 0.0011572
7899 2.44126 0.00117782
3344 1.26089 0.001191
670 0.281628 0.00118663
4694 2.04837 0.0012305
3476 1.55656 0.00117905
981 0.497518 0.00116783
1430 0.835272 0.00116308
584 0.412093 0.00115479
2256 2.19537 0.00123471
378 0.434166 0.00120187
2738 2.35179 0.00116194
1218 0.717184 0.00118517
4500 2.97504 0.00119019
3524 2.46592 0.00123683
5759 3.24207 0.00122231
1805 1.08939 0.00124195
1254 0.693793 0.00123681
7287 3.28946 0.00118166
8677 3.48965 0.00118368
2075 0.782959 0.00125484
2787 0.90399 0.00123489
3525 1.0137 0.00122939
4119 1.08398 0.0012102
10993 3.40499 0.0012123
3317 1.05156 0.0012069
2273 0.617122 0.00116195
8132 2.1634 0.00119709
10082 2.16774 0.00124439
4907 0.825652 0.00118366
2715 0.445804 0.00120007
5690 0.916641 0.00117344
2275 0.363909 0.00117886
2699 0.402678 0.00118006
3300 0.469556 0.00115936
3575 0.509974 0.00114529
4895 0.659509 0.00113662
4416 0.634904 0.00116533
5912 0.888967 0.00113659
22435 3.6057 0.00115675
5925 1.0304 0.00116569
5789 1.04347 0.00118768
4727 0.960702 0.00118913
17922 4.18518 0.00122406
4185 0.973992 0.00124593
5601 1.19999 0.00124605
4154 0.861516 0.00124422
18416 3.85868 0.00124687
4075 0.867162 0.00126844
4186 0.869208 0.00126592
5049 1.06266 0.00126409
4096 0.976455 0.0012717
4254 1.0373 0.00125559
5034 1.0789 0.00126132
6891 1.19175 0.00123353
7889 1.21138 0.00120429
7349 1.06586 0.00118467
6879 0.916763 0.00117472
6788 0.920671 0.00114915
6287 1.04061 0.0010966
4605 0.89271 0.0010384
1713 0.382979 0.00108019
3087 0.72896 0.00114292
1867 0.398549 0.00115951
11409 2.32324 0.00116267
1694 0.351205 0.00116942
1659 0.361117 0.00118399
1597 0.336151 0.00118411
1715 0.33098 0.00120284
12208 2.38863 0.00119906
1768 0.341417 0.00118435
2149 0.389994 0.00116896
2052 0.395606 0.00119358
1663 0.34016 0.0011807
1566 0.323065 0.00117137
1617 0.327415 0.00116336
2418 0.46382 0.00116614
2953 0.440584 0.00114701
3488 0.4428 0.00116702
2932 0.338801 0.0011503
3137 0.337158 0.00114749
3476 0.340794 0.00114066
4170 0.364108 0.00114203
4130 0.337705 0.00112417
15150 1.18226 0.00111374
6573 0.502001 0.00110223
6550 0.463304 0.00107542
6658 0.419118 0.00106156
7066 0.482402 0.00107052
3198 0.273176 0.00111024
21108 1.89366 0.00114699
23849 1.99909 0.00114595
8191 0.636652 0.00112503
6605 0.442145 0.00111795
5996 0.379178 0.00114295
6782 0.441596 0.00114008
37620 2.53888 0.00117857
13892 0.99257 0.0011538
4100 0.306914 0.00112395
6650 0.483969 0.00114986
4304 0.310142 0.00114085
4836 0.356923 0.00114914
6599 0.482985 0.001155
6966 0.486558 0.0011366
8339 0.569633 0.00116117
9954 0.621787 0.0011426
13218 0.728348 0.00112661
18535 0.900823 0.0011175
21621 0.99896 0.00109287
20168 1.07898 0.00108853
2375 0.188723 0.00112988
2185 0.227574 0.00113205
5789 0.603933 0.00110667
2183 0.21491 0.00114191
3265 0.263974 0.00113661
3438 0.292715 0.00116541
3131 0.314958 0.00116404
3532 0.368012 0.00120605
19690 1.92685 0.00116504
3301 0.329884 0.0012096
4785 0.445176 0.00119482
3250 0.258262 0.00114673
3074 0.211491 0.00115101
3344 0.212306 0.00112662
29170 1.81099 0.00107136
2639 0.16446 0.00110273
3221 0.190911 0.00109461
6546 0.415617 0.00110497
20263 1.42611 0.00113662
2152 0.156349 0.00115026
3076 0.226623 0.00117526
3796 0.256005 0.00115104
4802 0.301021 0.00114671
5033 0.317133 0.00114453
4831 0.332445 0.00115662
27716 2.4594 0.00119026
3841 0.383055 0.00118387
4691 0.4524 0.00117055
4609 0.538271 0.00122402
5506 0.654037 0.00122158
6006 0.689226 0.00119805
20887 2.42951 0.00119144
5937 0.642437 0.0011956
5576 0.580503 0.0011748
5876 0.601279 0.00116621
5329 0.576709 0.00114379
5182 0.59982 0.00114342
5529 0.628278 0.00111183
4948 0.619576 0.00111995
22742 3.33486 0.00116124
2705 0.454148 0.00121299
3504 0.592943 0.00118942
8750 1.4553 0.00118829
4864 0.760967 0.00121787
3007 0.38478 0.00119833
3375 0.409855 0.00118108
19506 2.67221 0.00115091
2557 0.387581 0.00117221
1830 0.236593 0.00111833
1728 0.189779 0.00112149
9294 0.915714 0.0011173
12808 1.09436 0.00110186
3565 0.28693 0.00111879
4310 0.310135 0.00112278
6190 0.381332 0.00109734
48058 3.39721 0.00115692
4342 0.36216 0.00113492
3945 0.373011 0.00113838
4750 0.4345 0.00112926
6709 0.628768 0.00113274
6178 0.589188 0.00112765
46546 4.72257 0.00120682
5271 0.527086 0.00111569
5322 0.544472 0.00112322
6785 0.731878 0.0011509
6184 0.70971 0.00119727
4644 0.598466 0.00118966
20619 3.26506 0.00123453
2940 0.441118 0.00116972
18211 2.2335 0.0011009
3789 0.387599 0.00107877
9763 0.82473 0.0010502
4145 0.337476 0.00111393
4652 0.361149 0.00108521
4671 0.354667 0.00110018
4892 0.384379 0.00109815
5130 0.422168 0.00110599
35226 3.06614 0.00111761
8485 0.709625 0.00109498
4168 0.337317 0.00109399
53777 3.97774 0.00109642
7828 0.519858 0.00109435
6943 0.483503 0.00110068
2660 0.234472 0.00118515
3396 0.327926 0.00118505
3394 0.311018 0.00116003
12974 1.14915 0.00116448
3076 0.249092 0.00119226
3339 0.267862 0.00119383
3175 0.237123 0.00114621
35904 2.43682 0.00111538
12272 0.79833 0.00112587
5211 0.344363 0.00111983
3864 0.287682 0.00112731
3504 0.294107 0.00114055
4742 0.487099 0.00117722
5203 0.654484 0.00118958
5939 0.749398 0.00118888
5246 0.599465 0.00116819
5491 0.588436 0.00118948
6413 0.608397 0.00118676
28101 2.82166 0.00121849
26073 3.18219 0.00120993
2968 0.42433 0.00118609
2754 0.403434 0.00117819
3165 0.471253 0.00115799
4414 0.616325 0.0011336
2482 0.350544 0.00120035
15123 2.06001 0.00121738
15992 1.90941 0.0011874
3091 0.329085 0.00112571
3397 0.337139 0.00112006
15433 1.48589 0.00118842
9077 0.81215 0.00116538
4340 0.379747 0.00114694
10921 0.897633 0.00115315
3985 0.301517 0.00116479
7414 0.525528 0.00115133
10830 0.788652 0.00117745
2730 0.200043 0.0011456
3462 0.242725 0.0011506
3434 0.231087 0.00116176
3640 0.250081 0.00117783
10239 0.712594 0.00117732
4109 0.264504 0.00115957
4825 0.303615 0.00115345
4497 0.33206 0.00117972
5537 0.432865 0.00117285
5808 0.453417 0.00117518
5879 0.45617 0.0011337
23115 1.94718 0.00115916
27033 2.4475 0.00117561
15162 1.41187 0.00115375
2777 0.269126 0.00115349
3432 0.338063 0.00115209
13423 1.37248 0.0011469
2862 0.301819 0.00115713
3080 0.308119 0.00112395
3086 0.313262 0.00116725
9481 0.906328 0.00115548
3688 0.31736 0.00114073
4517 0.327136 0.00109219
19633 1.32408 0.00110648
7557 0.481309 0.00107828
4425 0.247467 0.00107207
37942 1.84812 0.00107904
4036 0.191055 0.0011146
21107 1.04353 0.00110662
9188 0.506365 0.00111741
3641 0.24086 0.00116914
25102 2.10547 0.00116849
3307 0.334319 0.00119678
3250 0.308652 0.00116521
17054 1.55656 0.00117231
3712 0.363041 0.00117208
18915 1.97831 0.00118676
3369 0.329569 0.00116659
2707 0.252066 0.00114973
12176 1.06961 0.00112626
3279 0.286246 0.00114525
3892 0.368058 0.0011483
4183 0.443078 0.00114183
3480 0.445339 0.00117421
3824 0.546165 0.00114732
4502 0.69785 0.00116575
4205 0.714618 0.00116873
4381 0.83118 0.00120431
3485 0.718642 0.00121594
5075 1.07145 0.00121908
7255 1.43687 0.00116645
10294 2.15817 0.00116835
5093 1.05744 0.00114211
2499 0.447199 0.00110435
5561 0.951174 0.00112105
3990 0.679547 0.00107341
5274 0.945656 0.00122171
5417 0.781488 0.00111717
2178 0.291167 0.00116122
5592 0.6491 0.00112584
5142 0.527543 0.00113174
3881 0.351227 0.00111575
4380 0.357424 0.00111481
16547 1.13574 0.00108361
10068 0.623851 0.00110191
17937 0.989033 0.00110186
20616 0.965367 0.00106775
11726 0.49316 0.00105918
17284 0.711292 0.00102992
3343 0.154406 0.00106678
15263 0.690943 0.00106003
18029 0.901286 0.0011141
7044 0.396371 0.00110973
2545 0.145488 0.001109
8448 0.428172 0.00106045
4731 0.231614 0.00107434
1690 0.0934267 0.00111103
1261 0.0713998 0.00111085
6732 0.358142 0.00108401
7248 0.390051 0.00108997
1647 0.0852071 0.00110464
1916 0.0981984 0.00111533
6850 0.363277 0.00109136
15735 0.838895 0.00110483
5583 0.304682 0.00111135
2471 0.132438 0.00111662
5185 0.260861 0.00111018
2789 0.138162 0.00113635
2927 0.144321 0.00113562
6396 0.316935 0.00111164
3286 0.159946 0.00112303
3357 0.158841 0.00113156
3495 0.162462 0.00113461
3714 0.161585 0.00112539
3961 0.170634 0.00112422
3924 0.183375 0.00113402
4117 0.197548 0.00114549
6827 0.310516 0.00112642
7398 0.351574 0.00111695
4312 0.226563 0.00113389
4410 0.224802 0.00113387
4947 0.244297 0.00114774
5210 0.247594 0.00115007
5433 0.241049 0.00113424
5465 0.23916 0.00113421
5283 0.239878 0.00114276
5450 0.24982 0.00114455
5432 0.259512 0.00114031
5099 0.268501 0.00115983
4515 0.24076 0.00115152
35547 1.85681 0.00113335
4724 0.247606 0.00113064
4852 0.253055 0.00115135
5556 0.279719 0.00115079
6479 0.310914 0.00114198
6772 0.32794 0.00115505
7369 0.361807 0.0011468
22564 1.0847 0.00112727
10853 0.505463 0.0011348
8016 0.373805 0.0011367
7228 0.376791 0.00114443
8285 0.447058 0.00113282
10792 0.599025 0.00115478
9767 0.569242 0.0011132
11666 0.765487 0.0011346
10184 0.766361 0.00115959
11508 0.88189 0.00114992
14795 1.04267 0.00113819
17463 1.16544 0.00113045
19454 1.30102 0.00111802
20228 1.33275 0.00109592
21053 1.20874 0.00106717
50230 2.61816 0.00104334
90560 4.98586 0.00104965
10101 0.567528 0.00108677
11635 0.585244 0.00108304
12131 0.563378 0.00107254
11200 0.529773 0.00107194
8111 0.419967 0.00106017
21459 1.12905 0.00101075
18237 0.882684 0.000981675
28990 1.31517 0.000981556
42699 1.80894 0.00100577
5835 0.212653 0.00103989
9851 0.311361 0.00103498
9794 0.312605 0.0010377
10192 0.325251 0.000942637
8638 0.313989 0.000964563
9714 0.37179 0.000967752
12716 0.489807 0.000964025
11973 0.448419 0.000964778
11444 0.406201 0.000968271
11310 0.389299 0.000971639
9094 0.302096 0.00095257
9461 0.300714 0.000959504
13305 0.403628 0.000980961
12562 0.370377 0.000993086
13429 0.379024 0.000982487
11533 0.319541 0.00096349
8761 0.244771 0.000952112
10518 0.311072 0.000971143
11608 0.346711 0.000976863
9804 0.279924 0.000962569
10251 0.285118 0.000961792
10355 0.297412 0.000967755
13368 0.396718 0.000973848
69947 2.47376 0.00105869
20609 0.927999 0.00112309
3835 0.204245 0.0011638
5828 0.321696 0.00117925
6372 0.35734 0.00115107
6231 0.359799 0.001106
6793 0.390465 0.0011075
14183 0.794297 0.0010783
57699 3.38624 0.0011164
6237 0.407735 0.00110832
6726 0.499974 0.00111703
5928 0.431155 0.00108761
15297 1.03836 0.00106658
7916 0.520117 0.00106892
14595 1.02145 0.00105327
14418 0.979945 0.00103613
95065 6.67414 0.00108738
9979 0.686649 0.00105473
12029 0.701687 0.00104727
11022 0.55252 0.000970051
10940 0.578918 0.000954541
1628 0.124141 0.00113041
2661 0.215076 0.0011058
5441 0.37932 0.00109844
14216 0.965854 0.00110225
7473 0.540463 0.0011078
2666 0.195083 0.00112709
3362 0.233556 0.00111977
27259 1.87015 0.00116841
3044 0.193904 0.00113679
4282 0.291403 0.00116766
3914 0.289018 0.00119567
19007 1.52557 0.00123951
4380 0.34978 0.00121232
15255 1.25868 0.00121681
3325 0.278904 0.00118962
4012 0.347411 0.00117855
4005 0.363608 0.00119064
4020 0.375211 0.00121588
3448 0.315447 0.0011833
4315 0.371245 0.00116362
4479 0.391387 0.00117303
20243 2.11551 0.00119576
2564 0.288343 0.0011476
3419 0.40316 0.00115943
4619 0.528376 0.00116999
6401 0.658265 0.00113967
10189 0.936044 0.00112946
11312 0.890526 0.00111096
10492 0.804996 0.00111989
78316 6.186 0.00113507
11968 0.92757 0.00113237
12763 1.08646 0.00115027
13314 1.36632 0.00109069
1430 0.185664 0.00115212
3053 0.339812 0.00116476
3819 0.342907 0.00115037
1768 0.15132 0.00116123
11533 0.930387 0.00114573
4925 0.395111 0.00112837
3389 0.29855 0.00118732
7574 0.721984 0.00120267
3435 0.313898 0.00118209
19482 1.75883 0.00120572
4962 0.403408 0.00116791
11639 0.875487 0.00118657
23364 1.7928 0.00119008
5332 0.426264 0.00118651
34284 3.24725 0.00121305
3480 0.373284 0.00119303
4437 0.443848 0.00116906
5567 0.507236 0.00117067
9806 0.786973 0.00114253
3666 0.304189 0.00116712
3389 0.310775 0.00118604
19099 1.92808 0.00121068
2539 0.277555 0.00117714
2827 0.285449 0.00114514
2670 0.245941 0.00115204
11778 1.15362 0.00113926
2647 0.237377 0.00111783
2848 0.209706 0.00109694
3878 0.276193 0.00110476
6605 0.5287 0.00111269
3989 0.323224 0.00110663
27345 2.28022 0.00116788
3152 0.269918 0.00114357
4331 0.341369 0.00113663
5159 0.356669 0.00111341
4947 0.346448 0.00114113
33740 2.59176 0.00118941
5219 0.382662 0.0011485
5231 0.356213 0.00115383
31907 2.16596 0.00119307
4429 0.334044 0.00118974
3641 0.304957 0.00113843
6686 0.620269 0.00111536
3462 0.347089 0.00113827
5045 0.49192 0.00115082
4744 0.42041 0.00111285
43816 3.55155 0.0011419
26770 2.1261 0.00115594
14196 1.17758 0.0011396
12947 1.16017 0.00120585
8681 0.728106 0.00115367
13454 1.12422 0.00116106
11179 0.918636 0.00116535
15691 1.20703 0.00116992
2410 0.173057 0.00111642
5250 0.346622 0.00113674
5010 0.293559 0.00113967
31650 1.91083 0.00114358
3901 0.235484 0.00112572
9751 0.567072 0.00113175
6749 0.389304 0.00108524
33668 2.17029 0.00114135
3922 0.25546 0.0011492
12780 0.87213 0.00116302
5957 0.408082 0.0011526
5148 0.329889 0.00114079
6850 0.390897 0.00109958
10171 0.517689 0.00108796
14074 0.65607 0.00108592
12432 0.562467 0.0010954
18238 0.924269 0.00111913
15949 0.820331 0.00111827
41592 2.09701 0.00113229
14189 0.726704 0.00115115
13693 0.66469 0.0011423
15822 0.721286 0.00113324
97281 4.4414 0.00110363
10384 0.511157 0.00107038
11340 0.539241 0.00107601
50929 2.38523 0.00106783
10294 0.523237 0.00110518
8873 0.46039 0.00109459
8336 0.481064 0.00110604
40121 2.56123 0.00111336
4682 0.29048 0.00113843
33229 1.62857 0.00105989
4792 0.203454 0.00106217
7296 0.287106 0.00104813
98542 4.07842 0.00104986
8102 0.345225 0.00107581
11915 0.490199 0.0010806
6637 0.288668 0.00112362
6121 0.284394 0.00113558
15571 0.702456 0.00111467
4361 0.200329 0.00114155
5749 0.268451 0.00115219
7841 0.361533 0.00112373
6756 0.327871 0.00114153
8174 0.380155 0.00110891
7901 0.375136 0.00111512
6661 0.334872 0.00111632
8128 0.422332 0.00109679
9376 0.515048 0.00110917
10459 0.569147 0.00110622
11530 0.632458 0.00109947
11131 0.679856 0.00110855
11193 0.728569 0.00110885
10296 0.695699 0.00113059
9134 0.643716 0.00113486
18800 1.68342 0.00114577
4606 0.508149 0.00118355
7751 0.727338 0.0011568
7118 0.565191 0.00114619
3131 0.257771 0.00113298
9632 0.835779 0.00112223
6415 0.481448 0.00111667
14745 0.956092 0.00111068
2342 0.135666 0.0011089
3656 0.219683 0.00111153
2817 0.181359 0.00112997
3652 0.205466 0.00112878
3530 0.206123 0.00114587
3901 0.237201 0.00113286
4359 0.247597 0.00114107
4533 0.242534 0.00114435
4641 0.249645 0.00115125
4967 0.275019 0.00115384
5612 0.334766 0.00117792
5374 0.321257 0.0011763
4896 0.308042 0.00118523
3570 0.275411 0.00118703
22286 1.92131 0.001155
2694 0.227727 0.00115938
4484 0.358977 0.00115177
2646 0.219944 0.00115584
13161 1.02956 0.00117065
2949 0.201923 0.00115406
2969 0.196539 0.0011283
3258 0.226455 0.00113508
3735 0.257277 0.00112352
4084 0.279849 0.00113969
5150 0.365738 0.00119406
10343 0.719448 0.0011594
5910 0.406386 0.00114777
6036 0.408091 0.00115759
6893 0.464251 0.00117997
6388 0.407595 0.00115983
6722 0.405073 0.00114899
7923 0.443465 0.00116224
8055 0.40659 0.00113938
39990 1.8221 0.00110726
4934 0.226863 0.00110818
22683 1.07475 0.00108521
22743 1.19178 0.00109783
3983 0.226067 0.00109832
20416 1.20544 0.00109729
3753 0.232085 0.00110386
2760 0.173969 0.00111348
2784 0.177529 0.00110906
3732 0.242282 0.00112561
4030 0.253262 0.00112224
4750 0.295475 0.00112808
4810 0.304601 0.00111315
5460 0.36231 0.00112224
5456 0.372974 0.00111949
5466 0.38503 0.00110534
6416 0.43925 0.00110969
5722 0.398573 0.00111436
5067 0.366705 0.00112029
5535 0.405087 0.0011086
3864 0.348064 0.00116945
4019 0.383759 0.00113321
4910 0.49724 0.00115491
4999 0.514587 0.00114848
5449 0.553403 0.00113723
5406 0.568554 0.00114217
5637 0.616005 0.00115234
5381 0.618962 0.00115089
5824 0.680283 0.00116433
5167 0.682474 0.00118008
4372 0.681521 0.00119121
3913 0.6519 0.00119604
3690 0.642365 0.00119086
3036 0.590199 0.00120969
3194 0.65367 0.00122077
2806 0.570326 0.00121748
3396 0.701017 0.00125181
11347 2.42577 0.00118983
2607 0.618379 0.00118247
3492 0.746702 0.00119057
5105 0.875036 0.00118253
3238 0.472041 0.00115029
3074 0.456313 0.00119547
3508 0.568228 0.00119722
3383 0.565199 0.0011754
13188 2.33247 0.00120134
1944 0.374932 0.00121643
2002 0.373442 0.00122849
1745 0.335909 0.00120723
2212 0.398764 0.00118363
2564 0.387236 0.00116545
2899 0.418729 0.00118178
2812 0.378512 0.00117628
7473 0.999437 0.00117519
3680 0.507216 0.00116115
3047 0.417495 0.00116585
3919 0.497021 0.00114488
5082 0.567005 0.00112269
4401 0.439171 0.00111005
30012 2.79478 0.0010971
3073 0.28532 0.00107331
3767 0.352381 0.00108356
4102 0.387781 0.00113369
6918 0.650501 0.00110715
6685 0.667978 0.00112687
2666 0.266426 0.00114921
2451 0.239155 0.00111699
2684 0.301778 0.0011469
2735 0.323078 0.00108735
17236 2.37307 0.00110872
3058 0.437267 0.00109346
11563 1.65119 0.00111379
5937 0.76916 0.00110127
20426 2.3331 0.00111628
21703 2.57496 0.00113166
2710 0.312384 0.00111092
3471 0.397641 0.00113492
29293 4.01635 0.00111757
2406 0.412041 0.00113533
18175 3.35017 0.00110429
4192 0.824545 0.00116572
1996 0.352286 0.00115355
2143 0.32702 0.00115336
3423 0.504999 0.001149
14167 2.29663 0.00113481
1919 0.349586 0.00116503
5554 0.992818 0.00112905
2477 0.409997 0.00113758
3031 0.487122 0.0011625
3473 0.496583 0.00114299
26109 3.79615 0.00113978
12057 2.188 0.00119879
1475 0.279543 0.00119305
2071 0.379514 0.00119454
8679 1.57754 0.00118108
8611 1.69147 0.00116968
1670 0.300044 0.00116602
1764 0.270857 0.00114102
15293 2.29861 0.00114845
5753 0.859223 0.00121365
9666 1.31676 0.00119815
3621 0.444266 0.00119011
14710 1.82946 0.0011877
2217 0.283649 0.00120424
10056 1.11571 0.00114458
15916 1.69489 0.00114985
13563 1.46128 0.00115375
6705 0.785079 0.00116789
9082 1.10016 0.00114393
1902 0.241295 0.00116368
2252 0.299902 0.00117428
3399 0.37619 0.00115952
28514 2.61036 0.0011722
16940 1.61749 0.00115877
2354 0.257746 0.00116443
2282 0.294608 0.00118529
12611 1.55149 0.00117874
2112 0.228209 0.00117956
2930 0.283559 0.00116035
19550 1.78511 0.00109016
2075 0.186909 0.0011095
2776 0.217843 0.00112117
2730 0.231501 0.00115589
3235 0.291576 0.00114614
4034 0.328248 0.00112421
4909 0.372958 0.00109803
3919 0.302063 0.00109273
17845 1.34706 0.00110555
3212 0.235583 0.00116134
24212 1.55772 0.00115141
3665 0.204968 0.00112341
30422 1.68224 0.00104791
2428 0.162637 0.00109496
16491 1.19703 0.00117295
12390 0.904688 0.00117221
2779 0.242796 0.00119397
3454 0.321029 0.00118196
3132 0.291945 0.00118093
3512 0.369381 0.00119146
8099 0.775722 0.00117591
8032 0.62593 0.00114549
29150 2.2585 0.00112602
3112 0.279071 0.00114868
10674 1.06581 0.00114431
17846 1.58536 0.0011024
3007 0.238987 0.00113827
2945 0.232663 0.0011429
3107 0.242944 0.00114218
14536 1.13148 0.00114211
2894 0.212751 0.00114071
10700 0.782027 0.00115218
4337 0.319732 0.00113502
21217 1.53038 0.00111594
12400 1.00731 0.00114782
22693 1.70007 0.00113807
3225 0.225264 0.00114339
8505 0.614197 0.00112011
4298 0.305228 0.00114496
26446 1.95106 0.00111639
3814 0.318139 0.00113999
19994 1.93654 0.00119095
3809 0.409833 0.00120352
6395 0.650438 0.00117228
19721 2.0221 0.00114953
4003 0.465769 0.00118296
6431 0.754793 0.00114947
2510 0.308842 0.0011574
2326 0.306283 0.00111927
2306 0.352068 0.0011219
9800 1.83433 0.00115422
7746 1.59008 0.00118269
5680 1.13017 0.00116718
5675 1.13807 0.0011817
1218 0.235682 0.00118085
1315 0.251119 0.00117874
1352 0.273819 0.00119908
6012 1.21593 0.00121439
1931 0.347009 0.00118529
3123 0.554 0.0011934
2011 0.3393 0.00119371
1814 0.28163 0.00115386
2178 0.333195 0.00118421
2167 0.330968 0.0011924
2021 0.296469 0.00117069
2270 0.294308 0.00116497
2371 0.28887 0.00117572
17670 2.24158 0.00116838
7397 1.06539 0.00118613
1579 0.228551 0.00116252
2750 0.372427 0.00113382
6989 0.950556 0.00116515
3453 0.473172 0.00114289
1807 0.242218 0.00115146
2162 0.267186 0.00118321
3893 0.436116 0.00115647
14407 1.67827 0.00113192
2075 0.251184 0.00116459
2617 0.300596 0.00115932
2344 0.276724 0.00113595
6005 0.817937 0.00115887
17524 2.55967 0.00116312
2753 0.433085 0.0011487
2278 0.393452 0.00113502
2709 0.501941 0.00115396
2647 0.465683 0.00112687
2368 0.421551 0.00116609
25671 5.06861 0.00115158
14794 3.08897 0.0011727
8039 1.67581 0.00116482
1880 0.371262 0.00113667
10477 1.95739 0.00121899
5785 1.0187 0.00122915
1557 0.250251 0.00114096
2119 0.331469 0.00115762
15056 2.29163 0.00118578
3488 0.468002 0.00113583
4187 0.546787 0.00115697
4600 0.624664 0.00114789
5753 0.773067 0.00113626
6019 0.755886 0.00114391
5980 0.72747 0.00115737
5222 0.630873 0.00115387
4019 0.517185 0.00116366
7892 1.06257 0.00115783
2846 0.373731 0.00113235
2928 0.439918 0.00115274
2852 0.49142 0.00116254
2240 0.398105 0.0011738
2202 0.404611 0.00117606
2274 0.40351 0.00115708
2355 0.371177 0.00116504
2107 0.295291 0.00112599
2147 0.267463 0.00110015
15225 1.56993 0.0010608
1914 0.193856 0.00108363
2078 0.188017 0.00106714
4220 0.32634 0.00105491
3242 0.223643 0.00102011
56705 4.24402 0.00102228
3161 0.267701 0.00104619
3893 0.313748 0.0010452
2359 0.193954 0.00110974
3005 0.256311 0.00108841
1688 0.165812 0.00112755
2163 0.198283 0.00111057
2279 0.193061 0.0011067
11932 0.949526 0.00107792
5354 0.434362 0.00107965
3293 0.289456 0.00107236
2664 0.269467 0.0010924
3022 0.322172 0.00108706
3660 0.348556 0.00105811
13177 1.33222 0.00106239
4781 0.504421 0.00109336
3066 0.297489 0.00112701
4831 0.449823 0.00113564
3106 0.301623 0.00108205
1196 0.13082 0.00110641
1278 0.121677 0.0010706
2094 0.166659 0.00106221
1676 0.137667 0.00110281
1995 0.167216 0.00110933
1800 0.157239 0.0011918
5498 0.519466 0.00113549
2631 0.256825 0.00117184
9163 0.971502 0.0011219
1496 0.170115 0.00118243
1685 0.18013 0.00116743
1708 0.196123 0.00115055
1843 0.163388 0.00116616
2151 0.168273 0.00115824
1674 0.174258 0.00118436
1420 0.183742 0.00116732
1439 0.223578 0.00118002
1397 0.221185 0.00117704
1760 0.230636 0.00118007
2200 0.246572 0.00121277
3781 0.458552 0.00118489
3348 0.478243 0.00117805
1909 0.267823 0.00118314
6736 1.01427 0.0011528
3048 0.431081 0.00115635
1450 0.225318 0.00114441
1558 0.306872 0.00117002
1627 0.325093 0.00118194
1635 0.300031 0.00116674
1633 0.278324 0.00118433
1636 0.258272 0.00116972
1717 0.263456 0.00119533
1665 0.27862 0.0012089
4288 0.715208 0.00118724
4984 0.795134 0.00119633
1864 0.288223 0.00119194
1630 0.269978 0.00120008
1887 0.345396 0.001191
1328 0.228276 0.00118782
1847 0.257137 0.00118048
1853 0.226481 0.0011997
6807 0.736606 0.0011657
1719 0.179398 0.00116735
1732 0.190564 0.00117014
1784 0.208826 0.00118925
2097 0.201808 0.00115484
1981 0.177486 0.00120324
8162 0.740452 0.00117246
1964 0.182276 0.00120347
1957 0.178141 0.00117153
2206 0.204028 0.00117577
2489 0.238182 0.00122027
2681 0.269853 0.00123046
8816 0.906687 0.00121974
2344 0.232423 0.00121635
11296 1.16603 0.00117999
4351 0.43748 0.00117839
1682 0.152662 0.00119135
5976 0.530736 0.00117122
1875 0.157152 0.00118691
3228 0.260253 0.00119988
2148 0.178639 0.00118279
2144 0.180363 0.00117386
2506 0.208001 0.00118989
2076 0.184169 0.00118587
9798 1.12238 0.00120045
8151 0.934365 0.00117204
1595 0.14688 0.00113575
7827 0.608418 0.00114724
1979 0.144572 0.0011851
2081 0.139405 0.00115789
4270 0.26159 0.00114886
9859 0.586421 0.00113471
2317 0.152883 0.0011529
17496 1.28651 0.00113478
12760 1.0556 0.00111751
2917 0.270294 0.00113176
2863 0.246641 0.00113337
1436 0.105876 0.00112695
12801 0.806718 0.00116013
14159 0.740909 0.00111814
14978 0.771113 0.00112483
29552 1.63639 0.001115
2604 0.169809 0.0011392
4463 0.318963 0.00116425
830 0.0654796 0.00114191
8276 0.618768 0.00113195
14864 0.854786 0.00111839
8110 0.395667 0.00111515
14042 0.593693 0.00110458
13219 0.611497 0.00112057
2218 0.123493 0.00113692
12300 0.7308 0.00109716
1907 0.121184 0.00114104
4803 0.30177 0.00109712
15379 1.00662 0.00109867
10798 0.65158 0.00108723
1212 0.068653 0.00113478
1345 0.0737643 0.00116635
1699 0.0829144 0.00112793
15497 0.643796 0.00110608
2815 0.104441 0.00114078
27329 0.985404 0.00109321
20636 0.867021 0.00109658
2766 0.143186 0.0011403
7265 0.416792 0.00110184
14964 0.928852 0.00108729
2437 0.174919 0.00114204
2697 0.188393 0.00111143
3802 0.239502 0.0010885
4616 0.272928 0.00111772
40188 2.51863 0.00110266
3750 0.319647 0.00118898
24013 2.38896 0.00117587
3131 0.337856 0.00117244
19025 2.01001 0.00118751
9117 0.863418 0.00119846
2757 0.224498 0.00115677
4860 0.37581 0.00115542
3170 0.244518 0.0011353
3311 0.245531 0.00111749
3818 0.282034 0.00110442
3784 0.330687 0.00111368
3611 0.382433 0.00114788
4124 0.451815 0.00119732
6956 0.674887 0.00121608
33700 2.96228 0.00117025
7478 0.619943 0.00116706
26626 2.16353 0.00119244
16334 1.28749 0.00115998
11074 0.825608 0.00118299
3102 0.190876 0.00116862
3282 0.164059 0.00114686
3812 0.184415 0.00115112
4965 0.243371 0.00114776
28705 1.57936 0.00114521
24735 1.76101 0.00115763
6817 0.557534 0.00117965
16699 1.24832 0.001151
15087 1.05322 0.00115956
7580 0.527452 0.00113136
1407 0.097721 0.00114562
1871 0.118618 0.00117765
7428 0.416935 0.00112615
1843 0.0974335 0.00114452
19173 0.91692 0.00113679
2862 0.133081 0.00112243
6532 0.329399 0.00112944
3483 0.178332 0.0011368
18688 0.932429 0.00113133
5321 0.249957 0.00112515
6727 0.295008 0.00109986
3460 0.170654 0.0011099
4691 0.252988 0.00108576
33042 1.71598 0.00104165
3170 0.154097 0.00107371
3356 0.14922 0.00105345
2891 0.132776 0.00106912
19635 0.950533 0.00106538
14811 0.683513 0.00105941
16270 0.709684 0.00105525
2062 0.0964432 0.00109996
14196 0.654311 0.00109423
12035 0.529069 0.00109815
14861 0.593486 0.00108637
12769 0.52073 0.00112459
3476 0.152095 0.00113449
13937 0.640388 0.00111597
5456 0.263139 0.00115198
5624 0.281184 0.00113648
5443 0.288783 0.0011317
8890 0.479684 0.0011302
3922 0.219219 0.00115106
3669 0.192483 0.00113792
3942 0.202482 0.00117067
4315 0.217754 0.00115013
3783 0.199198 0.00114313
4100 0.228574 0.00116609
7115 0.358606 0.0011491
19017 0.914115 0.00112407
4141 0.211228 0.0011472
3672 0.205556 0.00115712
3983 0.227442 0.00115984
3958 0.206272 0.00118033
8747 0.463508 0.00115668
3009 0.182078 0.00115908
2976 0.193215 0.00114299
3326 0.206208 0.00113865
3134 0.181282 0.00111421
20403 1.09851 0.00109626
4039 0.207384 0.00111451
33382 1.96201 0.00110967
3063 0.216052 0.00115008
4365 0.290069 0.00115713
3283 0.201021 0.00110179
3374 0.195842 0.00108803
3286 0.196741 0.0010993
14711 1.02265 0.0011117
2830 0.230548 0.00116652
11761 1.04474 0.00111266
1587 0.147053 0.0011482
2382 0.195597 0.00112509
2861 0.212246 0.0011249
21561 1.33319 0.00106222
14794 0.935515 0.00110213
2729 0.177688 0.00113691
2509 0.151652 0.00110033
2431 0.165816 0.00115751
12869 0.936138 0.00112165
9366 0.612594 0.00112418
20684 1.25913 0.001163
14031 0.990682 0.0011852
1830 0.140935 0.0011855
8832 0.645427 0.00117454
10108 0.806273 0.00120974
1432 0.119286 0.00114096
5877 0.511191 0.00122569
2528 0.197405 0.00118407
2582 0.187698 0.00120153
1509 0.103714 0.00120014
6041 0.391676 0.00120672
669 0.0496094 0.00113278
1094 0.102552 0.0011811
3341 0.278053 0.00114377
1890 0.159285 0.00115314
3820 0.308252 0.00113181
1627 0.12569 0.0011528
1650 0.128552 0.0011704
1737 0.132109 0.00113392
4465 0.382895 0.00118952
4564 0.385285 0.00111667
5855 0.457354 0.00109069
3781 0.309285 0.00113651
3428 0.346554 0.00106818
2649 0.302905 0.00106773
884 0.101425 0.00111026
894 0.109192 0.00111838
870 0.108478 0.00110623
1668 0.201834 0.0010895
1302 0.145616 0.00111182
1384 0.147068 0.00110829
1474 0.161546 0.00111373
18960 2.04953 0.00109508
1684 0.176761 0.00111969
1962 0.190606 0.00110596
2272 0.214266 0.00112148
9928 0.945543 0.00108206
2174 0.252484 0.00111778
2271 0.270404 0.00110017
2600 0.340768 0.00109679
2784 0.430254 0.00113749
3070 0.423089 0.00111158
3856 0.52751 0.00114928
4307 0.640671 0.00120851
3886 0.525392 0.00116512
3967 0.506457 0.00117825
4276 0.571728 0.00117707
6076 0.824086 0.00119598
11553 1.36493 0.00111683
4275 0.571989 0.00122549
4138 0.580941 0.00119455
4361 0.635994 0.00122903
4405 0.636405 0.00123179
5132 0.771847 0.00131501
4763 0.636878 0.00126901
4677 0.648071 0.00127396
5194 0.831615 0.00134002
5195 0.744227 0.00132291
5413 0.740578 0.00133348
5652 0.880061 0.00139071
5486 0.881357 0.00137637
32176 3.47146 0.00117893
5893 0.588864 0.00136684
6423 0.641699 0.00137797
5734 0.5302 0.00133774
28610 2.19441 0.00117892
6247 0.540344 0.00134809
6404 0.549134 0.00133308
6311 0.55282 0.00135937
6213 0.571538 0.00134815
6241 0.626839 0.00133479
6147 0.643628 0.00131547
5987 0.611565 0.00128298
43755 4.04855 0.00111398
7322 0.867332 0.00122919
2600 0.434234 0.00149298
14252 1.9047 0.0012354
4604 0.600546 0.00137991
5365 0.73211 0.00138277
5488 0.862216 0.00139823
5667 0.934027 0.0014285
5543 0.906606 0.00140121
5593 0.884285 0.00140511
5427 0.867807 0.00139473
5498 0.913569 0.00140898
5649 0.896867 0.00140234
5677 0.920975 0.00140687
5693 0.917959 0.00139597
5456 0.886606 0.00138225
5537 0.950218 0.00140667
5285 0.846502 0.00139356
5353 0.853682 0.00138365
5383 0.921995 0.00137752
5359 0.944696 0.00139143
5691 0.979084 0.00142446
5593 0.948617 0.00140231
5645 0.983731 0.0013911
5734 0.950001 0.0013774
5575 0.926098 0.00138685
5660 0.907939 0.00140268
5620 0.876076 0.00140161
5700 0.925539 0.00138292
5537 0.880608 0.0013582
13726 1.77829 0.00122317
4315 0.598416 0.00142587
14392 1.78554 0.00114861
17909 2.52443 0.00122432
24810 3.06074 0.00123838
22708 2.21681 0.00119873
4387 0.34953 0.00110544
4244 0.341134 0.00109199
3873 0.31704 0.00108662
4312 0.35704 0.00114473
24496 1.79384 0.00107914
4289 0.318231 0.00113172
4517 0.333054 0.00112148
4167 0.297943 0.00110175
4128 0.281625 0.0010852
4354 0.319402 0.00111133
3958 0.36534 0.00113416
3725 0.3959 0.00114271
2878 0.293706 0.00114627
2547 0.272498 0.00118783
901 0.130251 0.00116061
8074 1.36474 0.00116347
6372 1.17085 0.00116383
6402 1.2464 0.00118537
1720 0.273588 0.0011723
1913 0.281542 0.00116316
10673 1.95394 0.00120794
994 0.215986 0.00119434
1008 0.218438 0.0011797
1073 0.235344 0.00118553
7790 1.45003 0.00117831
1547 0.247367 0.00119908
1444 0.233011 0.0011596
1454 0.266003 0.00117467
1729 0.309466 0.00121411
1742 0.30212 0.00123254
1799 0.319896 0.00122104
1579 0.287328 0.00119219
1851 0.354716 0.00124347
1878 0.331621 0.00122003
2104 0.349469 0.00122991
2396 0.371019 0.00122109
2722 0.420546 0.00123772
13858 2.01158 0.00119631
6784 0.898968 0.00118894
4177 0.482082 0.00120241
5299 0.546397 0.00119866
4840 0.506489 0.00120792
4519 0.474224 0.00120775
26859 2.6901 0.0011963
3492 0.355646 0.00122864
3777 0.348273 0.00119062
22325 1.77851 0.00116459
9485 0.70119 0.00119226
6929 0.464358 0.0011792
3239 0.193496 0.00116472
3034 0.169773 0.00115936
23746 1.24832 0.00112616
3713 0.179808 0.00111471
4661 0.212283 0.00111237
4988 0.226629 0.00112801
6309 0.296319 0.00112304
46609 2.44054 0.00110305
4312 0.267549 0.00117382
27282 1.49049 0.00110357
5879 0.295909 0.00112353
5301 0.250489 0.00112103
6650 0.303409 0.00109791
9047 0.397818 0.00110541
11675 0.474461 0.00110126
14696 0.552475 0.00109161
17514 0.638258 0.00109415
18851 0.725546 0.00110064
18200 0.799424 0.00111404
82687 4.59441 0.00107989
62683 5.00754 0.00114798
3574 0.340326 0.00119217
3570 0.342303 0.00116852
3488 0.342121 0.0011783
3133 0.29868 0.00120223
3346 0.318849 0.00123267
3559 0.330186 0.00121457
4017 0.359338 0.0012048
4103 0.381538 0.00121072
4808 0.46064 0.00119129
5409 0.544791 0.00117381
8258 0.836435 0.00118247
5944 0.575 0.00118264
12710 1.20299 0.00119263
5205 0.504163 0.0012205
6075 0.577055 0.0011929
5454 0.502975 0.00119814
6325 0.549506 0.00120748
8460 0.673247 0.00117864
5591 0.429065 0.00118108
11261 0.860665 0.00118113
5690 0.463218 0.00119145
25337 2.53399 0.00122679
3847 0.479678 0.00122539
4960 0.625498 0.00121304
9770 1.10764 0.00120924
3917 0.384559 0.00120871
5671 0.487584 0.00122121
11412 0.83157 0.00120092
5933 0.375371 0.00119267
23199 1.43805 0.00120526
5657 0.326517 0.00122378
7335 0.370527 0.00121255
5425 0.244425 0.00118692
7729 0.307929 0.00119123
7253 0.269184 0.00119356
8233 0.301705 0.0011902
7343 0.284634 0.00119857
50575 2.02079 0.00114844
9148 0.368365 0.0011672
7369 0.29585 0.00118217
6349 0.268701 0.00118667
5133 0.229341 0.00117442
3547 0.166252 0.00117048
8041 0.358903 0.00113226
6189 0.237129 0.00110721
4129 0.140105 0.00112044
4537 0.154095 0.0011235
5544 0.208547 0.00113885
5766 0.242724 0.00112853
6810 0.297883 0.00110623
7532 0.309336 0.00111702
9425 0.354562 0.00111211
11879 0.425142 0.00111532
13571 0.501613 0.00111774
13586 0.556772 0.00112638
11838 0.573624 0.0011405
10201 0.683774 0.00115996
8237 0.711525 0.00117867
50940 5.18105 0.00113775
7174 0.82325 0.00118433
4290 0.415193 0.00117749
2137 0.170672 0.00116362
15316 1.02943 0.00112919
11836 0.765213 0.0011377
2327 0.154461 0.00118663
2226 0.143515 0.00116915
2666 0.164966 0.00116793
23268 1.23245 0.00113322
4041 0.198634 0.00118793
3249 0.160933 0.0011594
13751 0.657503 0.00110608
3557 0.162421 0.00111425
5408 0.24652 0.00111012
5707 0.254832 0.00110984
6679 0.298763 0.00109771
7451 0.32898 0.00109216
8031 0.366262 0.00110995
6322 0.350514 0.00112269
41380 2.95425 0.00112251
4242 0.367926 0.00116704
3229 0.284334 0.00113172
28826 2.49725 0.00113822
3404 0.298105 0.001185
4181 0.371673 0.00121402
4169 0.356888 0.00118842
3810 0.312838 0.00118913
4056 0.309271 0.00119443
4683 0.351745 0.00117781
4765 0.388568 0.00120018
6906 0.547219 0.00117917
7344 0.612598 0.00119076
53993 5.01695 0.00117686
2944 0.288241 0.0011969
13878 1.372 0.00119184
8582 0.809492 0.00112036
3043 0.29368 0.00116743
1559 0.153608 0.00119701
12676 1.16283 0.00112821
1488 0.143259 0.00117693
1865 0.182561 0.00110912
1356 0.13919 0.00113117
3952 0.397662 0.00109868
1678 0.186999 0.00112113
1710 0.20823 0.00113468
1844 0.212749 0.00110934
10258 1.18886 0.00111065
11134 1.34488 0.00110553
2141 0.240939 0.00111194
2880 0.307083 0.00114306
2599 0.285574 0.00111701
3723 0.419883 0.00113235
5044 0.49707 0.00111191
5245 0.520823 0.00112928
5732 0.636344 0.00113558
5634 0.72014 0.00115081
6645 0.796244 0.00116703
8467 0.806129 0.0011641
8794 0.719139 0.00115516
6846 0.541951 0.00114765
60620 5.12541 0.00118328
4337 0.384841 0.00115934
4692 0.438131 0.00114094
4421 0.424248 0.00117452
4341 0.43672 0.00115764
3863 0.40397 0.00115801
3822 0.356073 0.00111713
3297 0.288781 0.00113622
3170 0.256144 0.00113782
27018 2.19003 0.00117896
2893 0.22872 0.00112755
2360 0.204467 0.00115924
5985 0.568579 0.00119185
2027 0.190364 0.00118288
2467 0.237483 0.00116567
2360 0.257437 0.00116276
2648 0.304225 0.00116289
18888 2.10665 0.00122539
4468 0.414565 0.00118149
5224 0.473467 0.00115885
6429 0.689365 0.00117928
26394 3.59033 0.00127554
3489 0.521203 0.00124027
3447 0.525338 0.00125576
2613 0.381576 0.00121249
3105 0.4114 0.00120128
3521 0.409306 0.00120358
3654 0.401534 0.00122235
3529 0.401712 0.00123388
3453 0.418846 0.00124716
3870 0.426533 0.00122474
3960 0.387669 0.00119402
4061 0.37794 0.00121176
19497 1.69176 0.00117986
4058 0.33274 0.00119301
3019 0.250119 0.00124902
3172 0.258369 0.00123729
3539 0.26715 0.00126529
16052 1.01073 0.00116894
14317 0.786322 0.00113921
12704 0.598289 0.00110932
3319 0.157933 0.001118
14517 0.74049 0.00106679
10405 0.616 0.00111471
7015 0.445224 0.00104969
12087 0.841696 0.00107361
4053 0.283886 0.00111183
4812 0.306129 0.00108176
5779 0.329836 0.00109139
6622 0.32652 0.00108058
7813 0.405203 0.00108676
7780 0.446207 0.00109323
76268 4.39553 0.00102999
7630 0.440534 0.00106289
47806 2.06352 0.00110438
5021 0.181763 0.00109785
4294 0.175227 0.00109036
6659 0.277758 0.00109165
52836 2.32875 0.00110259
3117 0.159408 0.00115679
12115 0.611046 0.00115211
17792 0.845083 0.00111583
3437 0.16066 0.00113532
3223 0.143284 0.00112377
3369 0.147799 0.00113481
5153 0.226739 0.00112454
4468 0.189336 0.0011315
3406 0.138855 0.00114472
32330 1.19225 0.00106527
3521 0.130492 0.00111235
4000 0.143721 0.00112275
5312 0.17678 0.00111196
5618 0.193899 0.00110341
4009 0.150445 0.00109889
5367 0.217267 0.00112171
6485 0.289311 0.00112294
9055 0.422488 0.00110635
10730 0.547786 0.0010999
4360 0.337308 0.0011941
3536 0.355634 0.00119385
20419 2.13235 0.00117657
2715 0.296972 0.00119117
15797 1.80115 0.00116499
9263 1.16035 0.00111839
1304 0.200968 0.00116867
1168 0.197224 0.00117729
5703 0.921095 0.00114789
4825 0.745077 0.00114972
5473 0.918005 0.00117254
5143 0.870812 0.0011273
4678 0.769882 0.00115746
2739 0.44015 0.00121959
9111 1.19417 0.0011995
9678 1.12139 0.00118092
1699 0.195138 0.00122818
2107 0.238629 0.00125228
3665 0.415693 0.00124407
2291 0.239225 0.00119626
2239 0.227905 0.0012108
2119 0.212236 0.00121295
2211 0.215052 0.00120846
15531 1.48063 0.00118922
8756 0.809864 0.00117907
1490 0.136153 0.00117682
1859 0.179949 0.00115443
1490 0.150151 0.00115838
6189 0.630437 0.00116641
3477 0.389053 0.00115812
1752 0.193937 0.00114673
2269 0.222096 0.00118427
2247 0.186882 0.00113601
2293 0.177184 0.00114832
16788 1.1917 0.00113976
3165 0.214687 0.00117248
18739 1.21818 0.00118814
4054 0.238285 0.00114631
5373 0.308342 0.00117734
5260 0.310373 0.00116539
12362 0.833263 0.00119043
6265 0.449888 0.00119713
2980 0.211148 0.00122035
10346 0.723972 0.00118931
6491 0.493341 0.00120521
2451 0.188986 0.00120572
2532 0.191502 0.00119624
2578 0.184487 0.00117961
2329 0.160881 0.00116789
8793 0.611742 0.00114734
3234 0.241308 0.00117194
44016 3.11526 0.00111958
4015 0.293973 0.00118778
4719 0.340882 0.001175
5925 0.378436 0.00116818
7501 0.400363 0.00116319
8684 0.429716 0.00118059
8662 0.427234 0.00116081
9107 0.465748 0.00116037
8930 0.504929 0.00115476
6453 0.428779 0.00113544
6166 0.466265 0.00112726
5526 0.4358 0.0011066
4774 0.402298 0.00112979
14730 1.39815 0.00116513
12213 1.25738 0.00120311
8102 0.759847 0.00117096
12553 1.15108 0.00117525
2170 0.200134 0.00118335
7243 0.625128 0.00115109
8405 0.775569 0.00121073
11423 1.06722 0.00122251
9220 0.797808 0.00120083
1911 0.160449 0.0012226
7347 0.559076 0.00118681
2952 0.189541 0.00118563
2559 0.155255 0.00121527
15474 0.862417 0.00114148
22791 1.19149 0.00113161
17880 0.97556 0.00116574
2860 0.161517 0.00119782
2517 0.142881 0.00116931
5930 0.371055 0.00118177
2406 0.148367 0.00119554
3263 0.178189 0.00118437
4002 0.201535 0.00118885
4149 0.193806 0.00117262
3953 0.182056 0.00116778
22734 1.04983 0.00114959
4948 0.244246 0.00118502
5489 0.286838 0.00118418
6057 0.321495 0.00119087
7297 0.373735 0.00117023
7990 0.416742 0.00116536
7118 0.407594 0.00117207
7958 0.513526 0.00118891
5583 0.404905 0.00118754
5208 0.416154 0.00118123
10231 0.873978 0.00116684
3482 0.339598 0.00118105
2748 0.317851 0.00119763
