1556 0.178378 0.00117349
1614 0.198419 0.00120605
3117 0.440811 0.00118577
1171 0.199465 0.00119127
8340 1.6521 0.00120692
6835 1.37411 0.00119347
1645 0.291182 0.00116313
7834 1.13635 0.00114392
1643 0.196488 0.00117566
2306 0.223398 0.0011536
2296 0.182237 0.00111617
16630 1.24722 0.00113884
4349 0.299272 0.00115629
5255 0.339421 0.00117243
14744 0.927161 0.00116499
5550 0.383289 0.00117474
2267 0.189702 0.00118814
17339 1.39493 0.00110016
5127 0.380712 0.00110231
3402 0.265369 0.00111299
4304 0.36033 0.00111283
4985 0.414219 0.00111428
5844 0.513074 0.00112258
4311 0.45318 0.00113073
1927 0.254545 0.00119594
14548 2.04649 0.00117687
7825 1.10782 0.00116476
1262 0.193175 0.0012549
4181 0.616459 0.00114003
1346 0.218651 0.00117555
1384 0.238692 0.00118742
1658 0.271664 0.00114005
1772 0.292185 0.00113186
1878 0.297733 0.00111025
14621 2.01195 0.00109459
1866 0.232637 0.00115795
11261 1.28141 0.00109022
2209 0.239723 0.00112204
3114 0.272761 0.00109911
3936 0.299138 0.00110608
5045 0.354886 0.00110027
5255 0.39836 0.00110117
5902 0.513613 0.00111665
4726 0.499001 0.00114026
2296 0.319045 0.0011826
1858 0.320971 0.00120912
2367 0.476281 0.00123779
9217 1.86968 0.00122105
1414 0.267027 0.00122334
2039 0.340877 0.00121782
10747 1.74176 0.00117146
997 0.206386 0.00118407
964 0.232386 0.00112675
1205 0.321187 0.00115367
1284 0.352299 0.00116094
1445 0.382706 0.00117923
2945 0.824648 0.00120417
2267 0.594807 0.00118076
1451 0.317187 0.00118358
6506 1.40972 0.00122633
1350 0.319307 0.00118628
1108 0.314279 0.00117903
11160 2.69092 0.00125925
3715 0.702014 0.00117223
6898 1.3088 0.00120319
1728 0.271746 0.00115621
1951 0.264579 0.00118395
1800 0.207739 0.00115725
1789 0.203966 0.00114536
2162 0.245478 0.00116187
2108 0.225978 0.00114223
2262 0.233291 0.00113527
2289 0.266476 0.00117267
14626 1.93449 0.00124982
2472 0.304046 0.0011963
5765 0.725678 0.0011678
2458 0.337443 0.00114433
18685 2.71057 0.00120549
1810 0.263992 0.00121244
2364 0.339159 0.00121057
15639 2.47934 0.00124498
1544 0.268875 0.00119389
1621 0.27511 0.00118071
2006 0.347472 0.00117483
2091 0.371184 0.00119053
2271 0.379366 0.00118994
2243 0.364235 0.00120381
2197 0.345699 0.00118038
2504 0.398041 0.00118513
5137 0.876804 0.00119568
1716 0.350465 0.0011701
1343 0.340173 0.00119245
1109 0.304891 0.00120319
2463 0.577588 0.00115355
10069 2.03635 0.00116834
2462 0.435864 0.00119631
1429 0.228205 0.00124687
1520 0.217861 0.00118363
1553 0.198552 0.00117548
3630 0.422817 0.00118587
6355 0.672673 0.00118019
5400 0.493368 0.00116602
2411 0.216973 0.00117746
7275 0.680813 0.0011734
3434 0.316674 0.00116772
3028 0.25789 0.00114514
2988 0.234802 0.0011278
3567 0.280987 0.00113146
3748 0.296128 0.00113098
29302 2.23371 0.00109091
2828 0.217654 0.00109272
23983 2.05043 0.00117836
2919 0.232918 0.0011505
3521 0.264139 0.00113879
17633 1.59929 0.00118427
2839 0.327986 0.00120019
2741 0.330757 0.00116831
2687 0.301525 0.00120789
3114 0.361525 0.00118449
3079 0.495922 0.00126556
5984 1.06829 0.00126709
3424 0.571153 0.00123274
3348 0.56576 0.00123683
3627 0.680706 0.00127043
2666 0.532935 0.00124927
14639 3.07541 0.0011927
1193 0.308613 0.00121309
1020 0.311818 0.00118026
1131 0.362439 0.00121848
1259 0.36684 0.00123647
1888 0.524334 0.0012376
1577 0.429077 0.00125279
1747 0.491639 0.00127495
1595 0.477116 0.00124559
6139 1.86623 0.001202
654 0.198744 0.0012172
2137 0.55941 0.00122458
5603 1.10303 0.00114595
1026 0.189961 0.00122617
10253 1.56418 0.00113418
5154 0.666287 0.00113304
1608 0.184735 0.00114816
2263 0.234126 0.00113312
2973 0.284414 0.00113544
2944 0.271839 0.00113112
2744 0.276859 0.00108329
2387 0.277635 0.0011144
16360 1.94239 0.00111677
8402 1.00739 0.00115123
3095 0.345528 0.00116172
4521 0.505375 0.00116649
3930 0.473749 0.00116805
12542 1.75965 0.00114874
2504 0.426863 0.00114778
12809 2.36887 0.00112315
1272 0.267078 0.00118553
1438 0.342558 0.00116637
1473 0.374432 0.0011559
1807 0.419563 0.00113918
1601 0.373779 0.00118701
1379 0.316696 0.00119936
1371 0.268511 0.00115779
1520 0.28305 0.00116705
1929 0.336018 0.00117914
2171 0.331065 0.00117598
2820 0.381936 0.00116255
3410 0.404614 0.00117283
4010 0.47482 0.00118583
3693 0.435731 0.00117546
1159 0.139742 0.00114801
1559 0.190807 0.00112114
5184 0.63837 0.00113532
6395 0.738357 0.00113272
8553 0.817122 0.00110759
5758 0.545177 0.00113637
9072 0.752182 0.00112164
1115 0.0891213 0.00115553
3705 0.300782 0.00112505
1176 0.0903377 0.00115846
4845 0.329094 0.00109657
1496 0.109017 0.00116467
1566 0.109421 0.00114272
1711 0.122835 0.00115452
1810 0.144974 0.00112663
2064 0.188777 0.0011354
2315 0.216164 0.00112452
2778 0.267501 0.00112555
29288 3.58024 0.00107889
15628 3.41366 0.00110997
11502 3.84241 0.001127
2135 0.850411 0.00111829
768 0.378508 0.00115701
778 0.398454 0.00114209
1113 0.569659 0.00118639
1386 0.708757 0.00123691
6424 3.29725 0.00123501
2359 1.22364 0.00125677
265 0.142512 0.00112039
574 0.298987 0.00116484
4207 1.48759 0.00113499
3069 0.910325 0.00112071
1581 0.416769 0.00112394
843 0.199084 0.0011499
1158 0.226851 0.00116336
951 0.173359 0.00115551
1085 0.203168 0.00116489
1290 0.235406 0.0011676
6090 1.16012 0.00111496
1855 0.418249 0.00115086
4747 1.14302 0.0010949
669 0.188264 0.00116455
1992 0.489049 0.00116308
5270 1.17859 0.00111183
820 0.194788 0.00117497
6886 1.17313 0.00113157
7959 0.973032 0.00111654
9328 0.978223 0.00112326
9073 0.825225 0.00108386
1719 0.137364 0.00112274
1160 0.0894086 0.00116541
2265 0.178869 0.00114788
1733 0.143801 0.00117186
4552 0.379785 0.00114187
23147 2.23823 0.00116334
1317 0.148254 0.00118716
3523 0.440975 0.00116557
1206 0.190497 0.00120521
1737 0.315498 0.00115662
2677 0.485233 0.00117765
9949 1.99901 0.00117901
9138 2.01527 0.00116303
8066 1.56532 0.00117128
10220 1.8524 0.00116016
10863 1.81917 0.00118042
5098 0.866054 0.00121441
6925 1.30757 0.00119895
1133 0.223037 0.00118353
1543 0.311894 0.00119751
7889 1.47247 0.00117692
13125 2.15001 0.00116904
8733 1.66747 0.00119002
4538 0.981971 0.00119306
11192 2.08574 0.00120916
9665 1.4334 0.0011883
9910 1.27221 0.00118815
8473 0.998768 0.00115674
7632 0.782228 0.00113856
6527 0.589653 0.0011631
1323 0.114482 0.00115876
11433 0.8879 0.00113243
14921 0.997429 0.00115815
5985 0.371814 0.00114519
3635 0.223268 0.00117844
2264 0.12922 0.00113067
5683 0.331482 0.0011143
1713 0.10776 0.00112851
9606 0.657854 0.00112014
15203 1.20477 0.00112163
1964 0.167742 0.00114209
2393 0.207448 0.00113369
2469 0.226908 0.00112806
2511 0.249959 0.00118146
2764 0.273516 0.00116406
6071 0.702184 0.00110619
16841 2.55795 0.00109756
19412 3.59853 0.00112042
8512 1.98491 0.00111634
1422 0.400318 0.00122496
9517 2.46646 0.00113259
1192 0.322901 0.00122111
