492 0.335345 0.00117145
584 0.414352 0.00113626
787 0.569274 0.00121735
785 0.457599 0.00117385
1009 0.5982 0.00118696
554 0.354492 0.00117367
680 0.500017 0.00113897
981 0.7559 0.00119263
936 0.659989 0.00123037
1120 0.74215 0.00117968
2734 1.85172 0.00117449
736 0.488666 0.00112169
841 0.461326 0.00116131
767 0.355015 0.00121009
7912 3.2198 0.00113844
451 0.166669 0.00114005
548 0.181605 0.00118306
2262 0.507894 0.00112433
913 0.171847 0.00119337
819 0.145648 0.00117477
5854 0.908027 0.00111376
1592 0.226274 0.00115767
1199 0.145436 0.00116309
1487 0.163288 0.00119385
1883 0.19475 0.0011721
2084 0.201851 0.00117864
13694 1.17702 0.00110598
2635 0.228971 0.00116515
2921 0.227454 0.001169
16163 1.1544 0.00110559
29676 1.90031 0.00109089
2539 0.154758 0.00112681
7445 0.471709 0.00111619
2440 0.162498 0.0011055
24267 1.66689 0.00110672
10316 0.667973 0.00109728
3284 0.201613 0.00112375
3433 0.191251 0.00112813
5262 0.272842 0.00112068
17780 0.877437 0.0011065
3647 0.170121 0.00111861
3778 0.169075 0.00111454
21659 1.10281 0.00110883
7349 0.414404 0.00108785
2604 0.151557 0.0011254
2505 0.14889 0.00112237
3293 0.200817 0.00110344
3675 0.220537 0.00110787
4298 0.267699 0.00110357
5682 0.415179 0.00109214
6766 0.549813 0.00109479
8359 0.768702 0.00113172
7419 0.756758 0.00112524
9563 1.10242 0.00113108
5038 0.645597 0.00112753
7918 1.13576 0.00112391
4264 0.682974 0.00113738
4011 0.714429 0.0011566
3468 0.786539 0.00119105
21055 5.99138 0.00117904
2916 0.944449 0.00121201
3675 1.12282 0.00120671
4425 1.11283 0.00122077
4844 1.02794 0.00123954
6966 1.28077 0.00121768
9060 1.4859 0.00122713
10744 1.56227 0.00122128
8380 1.22363 0.00118735
5955 0.926815 0.00117796
40229 5.79268 0.00113897
3778 0.553379 0.00112794
3311 0.447231 0.00113285
7232 0.752701 0.00111749
3531 0.300141 0.00111356
4088 0.31723 0.00112566
4643 0.346085 0.00111866
5574 0.416993 0.00112128
5269 0.457658 0.00114281
4553 0.453124 0.00113347
4702 0.472782 0.00115222
5472 0.512495 0.00112792
6208 0.565339 0.00112226
7989 0.69421 0.00109438
11171 0.886698 0.00107476
20182 1.3933 0.00104198
186382 14.1253 0.00103577
12219 1.13953 0.0010592
44722 4.92779 0.00102723
12407 1.74307 0.00116574
13085 1.80277 0.00111918
14495 1.8303 0.00105212
6200 0.874413 0.00101568
1486 0.297543 0.00114893
2700 0.470613 0.00110328
5713 0.800522 0.00108048
6877 0.86385 0.00110609
26686 3.75586 0.00117569
9038 1.15923 0.00115019
4215 0.451324 0.00115595
33227 3.71335 0.00111862
24422 2.85082 0.00115208
24719 2.61849 0.00114198
10470 1.05124 0.00113894
9389 0.828694 0.00109904
3839 0.317836 0.00108445
3656 0.264685 0.00106803
5731 0.380756 0.00105415
6888 0.405009 0.00105029
10853 0.572371 0.00104761
4848 0.324438 0.00112418
15282 1.27406 0.00117569
3549 0.307217 0.0011554
15555 1.61896 0.00118658
5366 0.595223 0.00114496
2122 0.221536 0.00116532
17753 1.82657 0.00116524
3024 0.286257 0.00119249
3718 0.314021 0.00119561
4445 0.364863 0.00117273
12054 0.838931 0.00115112
7318 0.474848 0.00114855
8379 0.506314 0.00112514
10629 0.606023 0.00111645
71110 4.06795 0.00109069
11330 0.556406 0.00108033
14181 0.66191 0.00108721
21557 0.975425 0.00107012
176522 8.40853 0.00107043
16917 0.802458 0.00106023
4662 0.270089 0.00109185
5890 0.400487 0.00108975
6226 0.371817 0.00109267
6797 0.419974 0.00109361
9120 0.539826 0.00107057
43875 2.55619 0.00104887
8514 0.580522 0.00109083
9958 0.711959 0.00107183
11496 0.761945 0.00106161
57279 3.43221 0.00102073
8749 0.634152 0.00105553
8436 0.69188 0.00105053
13369 1.06822 0.00105334
5325 0.368793 0.00106949
33785 2.0042 0.00107516
6439 0.361934 0.00111264
7306 0.368187 0.00108189
6555 0.373932 0.00112051
9419 0.548351 0.00109725
6010 0.337997 0.00107482
9083 0.460523 0.00105464
65802 3.98764 0.00106139
10939 0.829851 0.00105837
22642 1.87336 0.00104987
13162 1.10883 0.00106679
88195 6.88715 0.0010397
19731 1.58624 0.00100049
7507 0.570889 0.00106516
9173 0.608288 0.00097829
34799 2.72573 0.00103031
15276 1.18225 0.00106816
10078 0.672526 0.00112543
15838 0.929071 0.00110766
25106 1.34878 0.00106982
5407 0.26909 0.00107614
7325 0.35346 0.00109463
54974 2.87154 0.00110339
30613 1.79808 0.00107858
13390 0.90691 0.00107336
23582 1.97442 0.00110903
4482 0.424401 0.00111929
21098 1.98881 0.00113039
3800 0.370935 0.00117055
12272 1.34691 0.00113835
16219 2.15021 0.00111545
2790 0.387828 0.00113219
2790 0.369107 0.00109579
2702 0.355496 0.00108256
3191 0.402706 0.00109609
4547 0.493177 0.00109172
6524 0.600092 0.00107994
8549 0.697701 0.00107829
11782 0.929923 0.0010784
12047 1.09513 0.00110505
11175 1.22726 0.00108671
2577 0.291559 0.000929405
2439 0.305336 0.000925037
2279 0.249519 0.000925418
2906 0.239498 0.000924135
14989 1.18599 0.000970091
3646 0.223632 0.0010518
11672 0.470883 0.00100735
7884 0.299315 0.00103741
7557 0.257156 0.000966031
10539 0.363463 0.000968992
13526 0.496481 0.000973484
15139 0.505754 0.000988467
10418 0.367155 0.000963414
8597 0.365671 0.000981009
10219 0.389233 0.000978687
9308 0.377423 0.000977255
11759 0.45616 0.00097301
16550 0.581698 0.000983375
16219 0.566404 0.000987825
14727 0.623385 0.000988927
12179 0.607593 0.000975909
10417 0.512386 0.000965044
11133 0.58697 0.000952723
9411 0.553031 0.000954054
4474 0.41812 0.00110146
6098 0.60999 0.00109668
20986 1.73987 0.00100959
5815 0.493654 0.00106413
12190 0.745788 0.0010521
25075 1.05846 0.00104295
24551 0.908943 0.00101889
18861 0.740605 0.00102085
26101 0.922505 0.00100643
32409 1.09161 0.00100783
32295 1.1337 0.00100772
32036 1.1433 0.00100493
33639 1.15107 0.00100344
28476 0.963646 0.0010021
25494 0.897396 0.00100319
23395 0.870074 0.000995921
17823 0.713749 0.000996303
14760 0.64035 0.000990019
17885 0.76914 0.000993854
23391 1.0257 0.00101296
13566 0.751209 0.00102956
9628 0.624179 0.00101915
14263 1.00766 0.00108393
10088 0.818438 0.0010237
7456 0.812418 0.00104138
17866 2.08344 0.00104219
5891 0.739177 0.00110333
5507 0.839621 0.00112548
6464 1.24202 0.00112592
44176 11.4238 0.00112806
11243 4.39895 0.00115201
2487 0.980713 0.00113441
3316 0.771134 0.00111115
22199 4.9852 0.00111523
1869 0.559556 0.00113489
2094 0.529075 0.00115717
2005 0.378024 0.00114426
2273 0.36864 0.00113763
2567 0.415958 0.00114008
3705 0.536257 0.00111036
2450 0.396041 0.00113008
2671 0.514785 0.00114127
3085 0.508188 0.00112657
3822 0.571542 0.00112067
3238 0.504086 0.0010947
2919 0.49535 0.00111116
3035 0.563787 0.00109638
919 0.227431 0.00114668
5716 1.58984 0.00120458
9302 2.06751 0.0011703
3714 0.735843 0.00117858
6495 1.24216 0.00114957
5463 1.1227 0.0011331
1568 0.324377 0.00116424
14441 2.35532 0.00114214
6913 0.935201 0.00112457
1798 0.233857 0.0011261
1948 0.239987 0.00111331
2455 0.312781 0.00114629
2929 0.356474 0.00112477
2819 0.33014 0.00114403
3817 0.428921 0.00112432
3495 0.398044 0.00110841
3710 0.461465 0.00108844
12972 1.77407 0.00108616
9062 2.00669 0.00109126
1694 0.517221 0.00115721
13372 4.71337 0.00124498
2357 0.938973 0.00118355
2765 0.99597 0.00120408
3421 1.17053 0.0012164
4232 1.23945 0.00114648
9908 2.69381 0.0011363
4884 1.22151 0.00112359
2513 0.559426 0.00111494
2587 0.663213 0.00112753
2757 0.657396 0.00112277
3958 0.731995 0.00112365
3771 0.717863 0.0011211
4038 0.754321 0.00113638
4275 0.647291 0.00112208
4351 0.65629 0.00110106
1629 0.356145 0.00116261
1851 0.419827 0.00117131
29070 6.27542 0.00116804
2116 0.467108 0.0011479
21487 4.36503 0.00120123
4255 0.681774 0.00108602
2118 0.333797 0.00108334
2785 0.461801 0.00108788
1290 0.249193 0.00111715
1781 0.32786 0.00111422
22096 2.9033 0.0010527
3805 0.412615 0.00108568
3816 0.359019 0.00107627
41646 4.97575 0.00107617
3323 0.586491 0.0010887
3574 0.719097 0.00108965
2597 0.493994 0.00108869
2079 0.445639 0.00111487
1825 0.383577 0.00107327
2369 0.467996 0.00110305
2603 0.515553 0.00109705
2256 0.462544 0.0011255
17535 4.09422 0.0011854
2562 0.568523 0.00115608
9448 1.93273 0.00116654
2751 0.570939 0.00117162
3648 0.691243 0.0011756
3295 0.596984 0.00116963
2757 0.519827 0.00118097
2242 0.426406 0.00115838
12235 2.74737 0.00120409
1802 0.403785 0.00119754
2358 0.466348 0.00116465
2042 0.407187 0.00117918
2027 0.403946 0.0011579
2839 0.595261 0.00122335
1928 0.39651 0.00117418
2011 0.443635 0.00117687
1978 0.442345 0.00120409
1748 0.353496 0.00122145
1994 0.326218 0.00117106
2149 0.269214 0.00111664
3504 0.339194 0.00111111
4638 0.370569 0.00112193
5699 0.455416 0.0011344
50533 5.36667 0.00115472
2724 0.353246 0.00116099
3145 0.374822 0.00114779
3456 0.408227 0.0011548
3159 0.45518 0.00118814
2989 0.463066 0.00118433
2684 0.352217 0.00115224
3319 0.369491 0.0011531
4306 0.411258 0.0011456
3779 0.335494 0.00111978
2670 0.216941 0.00113153
36724 3.728 0.00112731
2807 0.389322 0.00111945
2979 0.420268 0.00113584
3081 0.42312 0.00114058
3411 0.399888 0.00115888
3901 0.405163 0.00117499
24458 2.32516 0.00113345
3927 0.339187 0.00116528
4172 0.313798 0.00116089
4357 0.303715 0.00113321
13662 0.932467 0.00113941
19262 1.28801 0.00114134
4139 0.321655 0.00115713
6703 0.501047 0.00115071
3080 0.192188 0.0011726
2832 0.166673 0.00113701
3702 0.226924 0.00113076
4401 0.304313 0.00118868
5576 0.381628 0.00115458
39044 2.66817 0.00112531
7125 0.536762 0.00114909
10144 0.863486 0.001175
12293 1.19105 0.0011941
9432 1.13726 0.00123683
10263 1.53689 0.00124929
8626 1.34573 0.00124618
12909 1.93412 0.00121952
13028 1.92521 0.00120072
12105 1.78439 0.00120533
11733 1.87326 0.00118754
2745 0.386896 0.00107839
31158 2.97315 0.00107629
3584 0.276927 0.00109525
2545 0.212997 0.00107141
3736 0.330095 0.0010602
3308 0.294796 0.00107736
21145 2.07973 0.00104202
6429 0.765577 0.00105091
5095 0.557338 0.0010654
3127 0.269831 0.0010813
11614 0.95345 0.0010787
2692 0.229939 0.00108448
19268 1.65715 0.00112766
2834 0.237605 0.00111633
3401 0.277373 0.00110355
3942 0.33263 0.00110345
17129 1.57045 0.00108724
6762 0.706147 0.00113769
8158 0.909563 0.00116894
1970 0.225102 0.00118732
1982 0.23183 0.00120862
12471 1.42768 0.00120675
2209 0.231966 0.00122438
2393 0.227088 0.00121073
3071 0.274081 0.00118525
3935 0.318433 0.00114932
2798 0.225157 0.00115808
3548 0.306893 0.00117659
4262 0.39895 0.00119596
5072 0.494394 0.00119851
5231 0.508778 0.00119555
4039 0.400215 0.00115886
3658 0.417492 0.00117965
4208 0.505928 0.00118077
18412 2.18495 0.00120264
3001 0.358003 0.00120439
2244 0.280241 0.00114503
2555 0.358098 0.00118604
3276 0.44556 0.00119013
3743 0.492993 0.00120479
3527 0.447109 0.00121242
3347 0.40932 0.00120731
3400 0.407076 0.00119251
3958 0.485497 0.00117
11418 1.48281 0.0011723
14133 1.70148 0.00111495
2291 0.304991 0.00109608
9221 1.36166 0.00112758
1860 0.324542 0.00117054
2305 0.451346 0.00118418
2896 0.51979 0.00117111
3664 0.62707 0.00118161
4931 0.725119 0.00118228
5137 0.674449 0.00117775
5061 0.612367 0.0011757
6128 0.648565 0.00117153
47098 4.86326 0.00119961
6913 0.709682 0.00120983
5559 0.529878 0.00119748
4842 0.463049 0.00119493
5100 0.492369 0.00116609
4736 0.388706 0.00112555
10163 0.751211 0.00109065
4783 0.358927 0.00111952
5457 0.36632 0.00111828
6757 0.444761 0.00114126
7414 0.464298 0.00114031
52421 3.11409 0.00106255
5793 0.360678 0.00107372
6996 0.465295 0.00108836
6270 0.445118 0.00109085
3895 0.26738 0.00110488
5019 0.314081 0.00108873
4937 0.303536 0.00108249
5938 0.365342 0.00106775
6055 0.381297 0.0010754
5742 0.406365 0.00108798
28620 2.41542 0.00111529
2647 0.224263 0.00110983
2792 0.208067 0.00109628
4378 0.293379 0.00108656
56745 3.85138 0.00107807
13802 1.06751 0.001139
2981 0.216515 0.00114524
2905 0.211797 0.00111957
3273 0.270453 0.00114132
2990 0.257516 0.00114269
2873 0.256989 0.00112432
15784 1.60328 0.00113773
12542 1.54668 0.00118563
1951 0.243687 0.00117227
2398 0.300941 0.00119973
13280 1.68261 0.00119999
2974 0.357662 0.00115719
15104 1.85043 0.00118495
3537 0.391508 0.0011544
16434 1.76437 0.00114603
7822 0.908824 0.00115317
2933 0.343635 0.0011372
13904 1.80547 0.00117246
2059 0.235492 0.00115736
2501 0.276133 0.00117837
2912 0.367523 0.00119919
3574 0.425707 0.00120151
4659 0.505035 0.00119472
5132 0.532438 0.00116137
5601 0.589488 0.00115971
6510 0.610626 0.00115548
7323 0.60802 0.00117993
6492 0.466935 0.00114685
8231 0.592683 0.00109978
5346 0.389781 0.00109077
5435 0.344145 0.00105326
6078 0.373409 0.00104809
9666 0.601535 0.00104144
5852 0.358694 0.00106022
6879 0.431753 0.00106564
6510 0.459729 0.00105226
10646 0.880965 0.00105041
6318 0.594031 0.00106716
4182 0.45299 0.00108559
3658 0.443994 0.00107676
12702 1.80689 0.00115644
3049 0.474214 0.0011473
9865 1.85655 0.001139
9673 2.16518 0.00117701
5030 0.933932 0.0011659
2646 0.414624 0.00115589
2280 0.31111 0.00115281
2362 0.291959 0.00113062
13667 1.61329 0.00107973
15663 1.58919 0.00106979
11931 0.960224 0.00106922
6221 0.4185 0.00107987
8429 0.514634 0.00108718
5727 0.31515 0.000968379
4371 0.260242 0.000940087
4225 0.256721 0.000952209
3951 0.219154 0.00094946
4426 0.226678 0.000951766
4933 0.231086 0.000967235
4654 0.20285 0.000961861
5465 0.217218 0.000944222
7587 0.358114 0.00112955
7866 0.355741 0.00109115
8239 0.366311 0.00110899
7613 0.359764 0.00109099
7890 0.370841 0.0010794
8830 0.416286 0.00110637
8811 0.457304 0.00108297
7248 0.405769 0.00107082
7056 0.405187 0.00109111
6518 0.373442 0.00109536
6454 0.357142 0.00109782
7107 0.40816 0.00111163
7090 0.430284 0.00111484
43449 2.83802 0.00107844
4314 0.3578 0.00115776
4618 0.379763 0.00116194
5412 0.424546 0.00116194
5522 0.446658 0.0011763
5973 0.468826 0.00116911
5696 0.409979 0.00113758
7183 0.445545 0.00110512
10639 0.534873 0.00110489
12758 0.538762 0.00109023
13804 0.571318 0.00108748
11248 0.507008 0.00108548
12430 0.610906 0.00107336
9918 0.597572 0.00107666
7555 0.655447 0.00109127
2679 0.375885 0.00109082
2437 0.48699 0.00109614
2564 0.50886 0.00110551
2485 0.524835 0.00114728
1718 0.366274 0.00110032
1637 0.357634 0.00115318
1841 0.392048 0.0011353
1776 0.354143 0.00111223
2308 0.445417 0.00111716
2850 0.52449 0.00114306
2760 0.434886 0.00111572
3332 0.493675 0.00114371
4525 0.600347 0.00112798
4917 0.641525 0.00112784
6678 0.861221 0.00114461
9612 1.21265 0.00114053
11178 1.51783 0.00116563
11876 1.63044 0.00117366
8005 1.24383 0.00117505
7433 1.33213 0.00118291
9354 1.59098 0.00118017
11557 1.71407 0.00117665
9276 1.22093 0.00115138
62988 8.62481 0.00113473
6278 0.92846 0.00114671
6543 0.795381 0.00113693
7523 0.719438 0.00111462
23359 2.05707 0.00109237
8173 0.739908 0.00112107
7235 0.685456 0.0011114
9291 1.0746 0.00112098
4835 0.705213 0.00113184
4410 0.746416 0.00111014
3273 0.625557 0.00112461
4403 0.947173 0.00117226
5154 1.18165 0.00117928
6255 1.33914 0.00120211
6607 1.35526 0.00122481
4811 1.03113 0.00123093
5275 1.02094 0.00111434
7589 1.48243 0.0011599
10337 2.04114 0.00122907
11648 2.09076 0.00122174
10434 1.59533 0.00116211
20621 3.02562 0.00119283
13859 2.09731 0.00116251
3412 0.624065 0.00120612
15591 3.25821 0.00122416
3525 0.710322 0.00120419
3655 0.655366 0.00117903
4348 0.701744 0.00113339
2027 0.439571 0.00117893
2717 0.718001 0.00118621
4369 0.912078 0.00118206
3646 0.687053 0.00117222
6193 1.19923 0.00116946
1787 0.354425 0.00112791
6178 1.39116 0.00119534
1024 0.21799 0.00116678
2125 0.393032 0.00114331
1231 0.206589 0.00115188
1488 0.230424 0.00116368
1548 0.233514 0.00115714
1828 0.304254 0.00118863
1846 0.293694 0.0011345
1755 0.272265 0.00113262
2051 0.32041 0.00113969
2366 0.372271 0.00113387
2289 0.380425 0.00111503
1936 0.361918 0.00118572
9981 2.729 0.00120615
4834 1.51791 0.00118849
1497 0.349311 0.00115546
1958 0.470565 0.00122189
1271 0.28525 0.00116604
1911 0.416213 0.00118495
1857 0.413653 0.00115736
1904 0.459099 0.00114697
1473 0.361959 0.00115996
1919 0.45091 0.00116892
6563 1.9471 0.00122024
802 0.333831 0.00117103
917 0.401327 0.00118342
1035 0.404991 0.0011942
1159 0.439185 0.00116898
960 0.414632 0.00116748
932 0.444987 0.00116706
1095 0.515135 0.00118996
1154 0.528759 0.001216
1183 0.398551 0.0011853
2462 0.719909 0.00119057
8299 2.9013 0.00123935
1258 0.435377 0.00119419
1390 0.427552 0.00114368
1458 0.461034 0.00118254
1526 0.487433 0.00119454
1611 0.50197 0.00118601
1507 0.470295 0.0012109
1331 0.412883 0.0011671
1273 0.414338 0.00118717
1255 0.430657 0.00119449
1451 0.539877 0.00122893
1468 0.539433 0.0012218
1360 0.507275 0.0012267
1376 0.498261 0.00119681
1580 0.603122 0.00121373
1122 0.415727 0.00119107
1195 0.390043 0.00118968
1375 0.398775 0.00121056
1663 0.420232 0.00122188
6122 1.30903 0.00120182
2105 0.405097 0.00122488
9110 1.69095 0.001234
2224 0.398199 0.0012059
12438 2.1714 0.0012388
4649 0.751878 0.00121385
2582 0.380306 0.00119905
2559 0.370537 0.00121556
2566 0.37981 0.00120006
2482 0.400139 0.00122109
2376 0.405695 0.00120621
2539 0.459786 0.00118251
3055 0.553378 0.00117474
3623 0.616898 0.00116703
4308 0.74531 0.00117896
7294 1.3718 0.00117605
1719 0.353291 0.00117638
8917 1.81584 0.00119224
4594 0.847877 0.00117685
5995 1.03787 0.00119407
1507 0.24347 0.00117495
1461 0.229529 0.00118075
1806 0.276598 0.00118225
2015 0.290645 0.00117617
1671 0.221936 0.00118414
1526 0.1943 0.00121098
1783 0.226458 0.00119142
1731 0.230373 0.00118359
2073 0.275171 0.00121368
10458 1.29413 0.0011503
2100 0.266513 0.00118238
9227 1.09129 0.00120809
2612 0.274382 0.00118623
7364 0.78699 0.00119797
8974 1.0402 0.00119682
2525 0.315024 0.00120856
2730 0.346986 0.00118817
2531 0.327521 0.00117679
2413 0.314511 0.00114314
12042 1.94974 0.00123248
5628 1.06555 0.00118612
1198 0.233982 0.00117466
5653 1.05051 0.00117326
9060 1.87354 0.00115408
1785 0.453352 0.00115648
9283 2.26081 0.00113077
8088 2.04645 0.00111444
3443 1.0817 0.00116339
4065 1.51735 0.00118987
6124 2.72219 0.00114476
1138 0.503346 0.00114779
1273 0.535417 0.00115128
1564 0.58804 0.00112584
2293 0.701769 0.00110522
749 0.270488 0.00104122
2024 0.870089 0.00102194
1198 0.631748 0.00117572
1834 0.905069 0.00118134
2723 1.0655 0.00119688
6555 2.01478 0.00115852
3628 0.964066 0.00107696
7448 1.77483 0.00108529
701 0.174647 0.00118056
3083 0.859642 0.00110636
1015 0.304511 0.00114591
919 0.264533 0.0011306
1263 0.298689 0.00112793
2002 0.494403 0.00114017
561 0.165692 0.00115727
3703 0.988677 0.00114982
5853 1.35684 0.00114275
8204 1.82927 0.0011469
2800 0.620494 0.00117438
1361 0.292412 0.00118298
10740 2.03192 0.00118323
10247 1.42718 0.00116859
2062 0.23878 0.00115194
7239 0.749462 0.0011556
9377 0.906487 0.00115308
2089 0.224283 0.00120371
8467 0.967813 0.00116281
1566 0.193105 0.00120265
3009 0.374618 0.00121423
14351 1.29222 0.00110761
10693 0.681693 0.0011259
3043 0.179984 0.00112608
26012 1.48524 0.00106139
18561 1.15048 0.00110266
18267 1.20664 0.00108104
2330 0.162813 0.00112728
2309 0.153 0.00108519
2150 0.13347 0.00107325
19060 1.06631 0.00109682
21167 1.11068 0.00108631
3469 0.181349 0.00111484
4652 0.213409 0.0010893
6471 0.277102 0.00109965
5546 0.242086 0.00109791
5562 0.248919 0.00108991
5576 0.26865 0.00110948
4670 0.263158 0.00112321
38961 2.57487 0.00112322
3968 0.285561 0.00110598
29849 2.50339 0.00111905
4301 0.440076 0.00112153
4179 0.532413 0.00113664
6738 0.93769 0.0011527
9496 1.24748 0.00113703
9613 1.34899 0.00114746
3001 0.4032 0.00114734
21016 2.46636 0.0011046
15381 1.84374 0.00118864
9655 0.971607 0.00114467
11208 1.10203 0.00118555
1300 0.141184 0.00118941
1489 0.166554 0.00116172
1961 0.192464 0.00114979
12111 1.08812 0.00117857
1939 0.172072 0.00118162
3587 0.318952 0.0011422
4584 0.420312 0.00113285
1903 0.169379 0.00113584
13310 1.08488 0.00108827
14977 1.11175 0.00107242
2242 0.150433 0.00107705
19980 1.07426 0.00103051
3536 0.139575 0.00103307
35647 1.26978 0.00102058
17606 0.770019 0.00108267
2712 0.128677 0.00110002
25127 1.31538 0.00106661
3025 0.179768 0.00109342
25848 1.56414 0.00107568
27276 1.75023 0.00102184
24667 1.71238 0.00102253
2969 0.198027 0.00105213
8013 0.461253 0.00103008
35072 2.10204 0.00101867
15340 1.09087 0.00107052
1525 0.121255 0.00107792
1356 0.118267 0.00108288
1464 0.137481 0.00109423
1372 0.130015 0.00107842
1764 0.160784 0.00107312
11764 0.989349 0.00106579
5014 0.432632 0.00106893
2498 0.212175 0.00106493
31668 2.22354 0.00103253
1431 0.102205 0.00109353
16199 1.28377 0.00112501
11915 1.0251 0.00113873
1837 0.144942 0.00113767
1930 0.13697 0.00115859
8749 0.610354 0.00110888
2944 0.200447 0.0011089
2994 0.19312 0.00110927
3167 0.205081 0.00111122
27955 1.62779 0.00109298
7009 0.38583 0.0011112
1643 0.0994014 0.00114944
13719 0.894388 0.00110206
12547 0.765304 0.00111151
13890 0.741324 0.0011014
2419 0.145014 0.0010991
1946 0.132598 0.00114177
15121 1.06848 0.00112799
1964 0.156884 0.00112591
4743 0.398963 0.00112548
3063 0.244468 0.00113883
3308 0.261674 0.00113513
2862 0.236882 0.00114352
17519 1.45812 0.0011434
21031 1.77621 0.00111977
16890 1.44519 0.00112953
2356 0.184888 0.00113044
9279 0.658576 0.0011363
16825 1.12012 0.00112616
3428 0.221681 0.00113975
3280 0.205977 0.00112067
3624 0.231839 0.00110163
4241 0.267226 0.00108789
43338 3.00102 0.00105917
21561 1.66022 0.00104681
1491 0.139078 0.00115958
10181 1.40584 0.00112649
9730 1.43631 0.00111909
1403 0.167209 0.00111107
1756 0.209422 0.00111759
1913 0.230548 0.00118809
2152 0.256083 0.00117123
2282 0.300635 0.0011901
7301 0.984527 0.00116824
8765 1.3397 0.00116245
1093 0.193606 0.00120482
2428 0.394856 0.00120687
4471 0.641493 0.00120378
1557 0.227402 0.00121088
1536 0.236404 0.00117666
1532 0.229344 0.00118101
725 0.122544 0.00115733
753 0.149018 0.00112324
2044 0.408727 0.00114628
12100 1.98279 0.00114992
2660 0.341016 0.00114927
2462 0.299787 0.00113843
12641 2.08696 0.00119433
4521 0.800338 0.00116334
1799 0.257605 0.00114088
2563 0.26793 0.00111316
4323 0.417049 0.00114691
1961 0.209657 0.00117097
1776 0.175173 0.00117136
1897 0.154542 0.001165
2003 0.128498 0.00113817
11881 0.697121 0.00114873
2426 0.133532 0.00114243
2440 0.124748 0.00114694
2669 0.125129 0.00113024
2585 0.108889 0.00108852
2916 0.124059 0.00112854
2834 0.1196 0.00113068
3870 0.149232 0.00112306
4828 0.167223 0.00111
5558 0.181804 0.00111354
6520 0.198797 0.00111447
7816 0.21915 0.00111686
9609 0.239796 0.00110018
12301 0.272054 0.00109701
15812 0.311882 0.00108374
19474 0.357073 0.00108677
25963 0.431354 0.00108644
27604 0.429439 0.00107594
24847 0.405564 0.00108857
25425 0.434873 0.00109816
28516 0.476456 0.00109666
26878 0.455542 0.00110347
26595 0.495587 0.00110449
25513 0.49157 0.00110058
32993 0.609772 0.00109729
31602 0.589326 0.00109057
36175 0.707453 0.00108745
40001 0.822965 0.00108076
42847 1.00457 0.00106197
49271 1.22154 0.00104487
38089 0.946244 0.000981113
35500 1.03973 0.000983366
28405 0.952257 0.000975543
22032 0.87133 0.000982381
16642 0.911473 0.00110805
36004 2.41445 0.00104054
7484 0.579151 0.00104569
1472 0.134673 0.00107327
4589 0.432184 0.0011081
26832 2.13464 0.00107322
28255 2.20838 0.00109313
4842 0.349299 0.00109113
8703 0.542017 0.00110776
11410 0.494186 0.00105544
12958 0.379259 0.000979477
30916 0.694155 0.000979374
7617 0.149212 0.000994324
70630 1.26047 0.000940708
118991 2.25868 0.000947144
18485 0.368431 0.000941336
133104 2.64021 0.000960843
63996 1.24349 0.000946799
132749 2.75327 0.000976541
19999 0.412798 0.000944497
196368 4.42854 0.00100235
20923 0.571716 0.001061
48771 1.5984 0.00105619
6921 0.318466 0.00106043
7752 0.47265 0.00115204
50839 2.69677 0.00112747
23398 1.21566 0.00112581
10460 0.569792 0.00116075
10792 0.596979 0.00117122
30826 1.80714 0.00113506
7416 0.46401 0.00115311
6522 0.413832 0.00111496
7246 0.488807 0.00112405
36874 2.66586 0.00116093
5107 0.364924 0.0011609
7042 0.429454 0.00113881
9911 0.500896 0.00109622
14811 0.671721 0.00109329
11250 0.545028 0.00111608
31006 1.60535 0.00118088
28092 1.31836 0.0011781
3804 0.177537 0.00118457
36082 1.64244 0.0011446
15033 0.679395 0.00113391
4645 0.205324 0.0011361
6727 0.292886 0.00113621
7836 0.339501 0.00111168
8651 0.382925 0.001115
10710 0.466439 0.00110142
11876 0.504674 0.00109599
11664 0.518312 0.00110553
62446 3.5007 0.00121242
5248 0.310575 0.00115091
3985 0.241291 0.00116134
5261 0.335306 0.00119095
4290 0.288898 0.00119212
3630 0.244458 0.0011562
3493 0.248047 0.00116116
3948 0.280335 0.00116834
4525 0.299694 0.00115444
5242 0.341372 0.00115715
4537 0.292408 0.00115617
3609 0.252679 0.00117569
2937 0.22172 0.0011874
2704 0.201172 0.00118018
2851 0.210042 0.00119828
3254 0.234158 0.00118324
3500 0.237812 0.00116304
3506 0.227477 0.00113849
3667 0.231352 0.00112412
3906 0.244913 0.00112042
3505 0.231584 0.00112024
3763 0.258672 0.0011317
4336 0.298205 0.00111803
4925 0.318747 0.00108742
5236 0.332724 0.00108632
5531 0.366733 0.00107506
5834 0.413768 0.00109443
5598 0.403039 0.00107492
5653 0.418192 0.00110676
6189 0.457883 0.001087
6189 0.467038 0.0010808
6122 0.482295 0.00107753
5890 0.479086 0.00110577
6040 0.465819 0.00110834
5940 0.450122 0.00111069
5749 0.437261 0.00110954
5946 0.458667 0.00113056
5974 0.454726 0.00113324
6295 0.43451 0.00110558
6489 0.424419 0.00113542
6645 0.427961 0.00113604
7185 0.471724 0.00114563
6903 0.43653 0.00111444
7609 0.474024 0.00110956
7683 0.481621 0.00111439
7994 0.473074 0.00111904
8334 0.463215 0.001132
7996 0.434375 0.00112956
55163 2.93215 0.00110186
8199 0.422043 0.00112046
9385 0.44844 0.00112109
9856 0.458726 0.00113237
10322 0.487497 0.00112667
10613 0.504208 0.00112668
11317 0.514304 0.00111835
11730 0.508851 0.00111756
14440 0.583981 0.00108675
17867 0.663257 0.00108469
17356 0.643319 0.00109238
19860 0.795433 0.00109652
23444 0.960899 0.00109765
25832 1.01716 0.00109351
26576 1.05489 0.00108715
20327 0.899961 0.00107542
19591 0.905343 0.00106536
18466 0.983696 0.00106499
20729 1.20385 0.00104468
22448 1.26288 0.00103814
178586 11.5516 0.00102385
12268 0.890018 0.00104612
19210 1.50842 0.00106575
48504 4.8473 0.00108398
8826 0.886739 0.00105994
7888 0.710722 0.00107476
46391 4.31134 0.00104553
2403 0.278986 0.00113502
9863 1.07225 0.00116917
23766 2.43025 0.00116597
19371 2.34533 0.00116838
7531 1.0046 0.001149
2937 0.436319 0.00114593
11429 1.78086 0.00114508
12253 1.93812 0.00115415
11512 1.60818 0.00112129
3779 0.448497 0.00112747
3752 0.407615 0.00107284
26861 2.70511 0.00113329
5497 0.444508 0.00109883
4552 0.414863 0.00113781
8922 1.09118 0.00120631
3138 0.414919 0.00117696
3125 0.385933 0.00114491
3440 0.370814 0.00114424
5715 0.523569 0.00114841
6124 0.485416 0.0011279
15781 1.1449 0.00109358
4618 0.326776 0.00113385
5032 0.318336 0.00113894
5994 0.348377 0.00112518
68180 3.6067 0.00108053
9080 0.459061 0.00110595
10023 0.46533 0.00108622
7402 0.351266 0.0010754
15040 0.789957 0.00105955
8767 0.453292 0.00107778
10897 0.49331 0.00106286
13608 0.580566 0.00107513
15267 0.625462 0.00108123
16207 0.682845 0.0010934
42974 2.09438 0.00107345
2838 0.206907 0.00112955
17014 1.57961 0.00116539
2472 0.216141 0.00116141
12612 1.0787 0.00121292
3225 0.268804 0.00114903
3307 0.290911 0.00114034
3376 0.308926 0.00113644
3247 0.305901 0.00111476
4533 0.441082 0.00113213
36767 3.37416 0.00114324
24369 2.24638 0.00110192
23693 2.60751 0.00116995
19981 2.36922 0.00112734
2637 0.347178 0.0011453
3765 0.425183 0.00113769
5135 0.487724 0.0011392
5860 0.507595 0.00113695
33161 2.80625 0.00108626
4111 0.401255 0.0011209
10437 0.963111 0.00111428
4689 0.37685 0.00111599
4903 0.440217 0.00111199
4674 0.496743 0.00112703
6278 0.597265 0.00111528
9508 0.772302 0.00110917
13120 0.928621 0.00110858
15531 0.955743 0.00109795
13078 0.746473 0.00107337
17457 0.855817 0.00105556
26819 1.04838 0.00104948
28258 1.0797 0.0010452
17129 0.654197 0.000980376
4324 0.183218 0.00098819
5060 0.264809 0.00109896
7175 0.337047 0.00108553
11056 0.412934 0.00107706
28061 0.905022 0.00107176
9025 0.275804 0.00109734
9821 0.276615 0.00111229
11228 0.296462 0.00110859
10928 0.287187 0.00111182
11539 0.297348 0.00110419
10154 0.26635 0.00111843
10163 0.276135 0.00110904
12160 0.331278 0.0010954
8308 0.240506 0.00113005
8656 0.253465 0.00112592
8565 0.247743 0.00110678
8272 0.258746 0.00111747
8656 0.297974 0.00113534
9235 0.308814 0.00111972
11013 0.349989 0.00110662
11693 0.372253 0.00110894
22233 0.701848 0.00109607
13463 0.445037 0.00111167
14905 0.496356 0.00112162
16367 0.533667 0.0011078
16743 0.555771 0.00110513
17769 0.597934 0.00110326
20256 0.670775 0.00110003
22163 0.695209 0.00109453
24104 0.734189 0.00108778
25243 0.750426 0.00108457
27042 0.778894 0.00108425
29252 0.82649 0.00108291
31790 0.882194 0.00107864
32880 0.892825 0.00107581
34047 0.921073 0.00107523
35948 0.982521 0.0010762
36464 0.984439 0.00107254
37711 1.04134 0.00107571
39056 1.08033 0.00107619
40862 1.09789 0.00107301
40974 1.13299 0.00107038
41432 1.14338 0.00106724
42260 1.14923 0.00106611
43436 1.20881 0.00106805
44091 1.22483 0.00107025
44231 1.22209 0.00106895
44584 1.2364 0.00106653
44475 1.24033 0.00106667
44545 1.24708 0.00106941
44228 1.27955 0.00107415
42824 1.28152 0.00107192
42489 1.27173 0.00107534
41710 1.24708 0.00107742
40518 1.22982 0.00107742
41318 1.24516 0.00107831
42251 1.25086 0.00108023
41130 1.23846 0.00108538
40565 1.25623 0.00108306
41293 1.28658 0.00108236
42085 1.32074 0.00108759
41427 1.31973 0.00109264
41192 1.3077 0.00109425
40611 1.2851 0.00109017
38631 1.25158 0.00108788
38803 1.23107 0.00108368
38372 1.21505 0.00108423
38934 1.27225 0.00109316
40803 1.30938 0.00108604
40392 1.3188 0.00108429
39817 1.32169 0.00108606
38996 1.31604 0.0010864
39363 1.34769 0.00108792
39864 1.34787 0.00108356
39619 1.35844 0.00108404
37790 1.32523 0.00108114
35261 1.27568 0.00107937
35916 1.31475 0.00108345
34092 1.24557 0.00108115
31447 1.18992 0.00107847
28707 1.12887 0.00108819
29402 1.14005 0.0010801
26577 1.06897 0.00108577
23713 1.02391 0.00109896
18460 0.84639 0.00108994
17605 0.852592 0.00109199
17156 0.828671 0.00109349
16641 0.805374 0.00109402
15911 0.800133 0.00110645
17270 0.849116 0.00110276
16219 0.757575 0.00109125
9769 0.490118 0.00108831
8948 0.472798 0.00110345
8925 0.470814 0.00107566
6827 0.393412 0.00109414
5492 0.334412 0.00112793
5737 0.347782 0.00113616
16625 0.976572 0.00113077
5207 0.308372 0.00114368
5522 0.323331 0.00113153
5855 0.345723 0.00115771
5924 0.349871 0.00115242
