0 0.000318 0.025482 100.000000 7.692307
0 0.000233 0.033201 200.000000 7.782101
0 0.000204 0.038986 300.000000 7.772021
0 0.000229 0.042362 400.000000 8.130081
0 0.000287 0.055652 500.000000 8.000000
0 0.000229 0.065314 600.000000 7.947020
0 0.000211 0.075902 700.000000 8.495146
0 0.000165 0.069210 800.000000 8.501594
10 0.000345 0.025530 100.000000 8.196721
10 0.000229 0.034007 200.000000 8.000000
10 0.000205 0.038932 300.000000 7.936508
10 0.000232 0.041897 400.000000 8.264462
10 0.000280 0.054933 500.000000 7.961783
10 0.000232 0.064896 600.000000 8.032128
10 0.000212 0.075911 700.000000 8.578431
10 0.000172 0.068718 800.000000 8.574491
20 0.000373 0.027331 100.000000 8.620689
20 0.000207 0.035908 200.000000 8.130081
20 0.000197 0.038985 300.000000 8.064516
20 0.000237 0.040637 400.000000 8.385744
20 0.000266 0.053284 500.000000 7.911392
20 0.000230 0.063613 600.000000 8.108109
20 0.000212 0.075046 700.000000 8.663366
20 0.000182 0.067582 800.000000 8.629990
30 0.000346 0.030232 100.000000 8.928572
30 0.000197 0.037265 200.000000 8.230453
30 0.000193 0.038618 300.000000 8.130081
30 0.000238 0.039166 400.000000 8.456659
30 0.000256 0.051747 500.000000 7.861635
30 0.000232 0.062095 600.000000 8.174387
30 0.000210 0.073946 700.000000 8.728180
30 0.000186 0.065551 800.000000 8.648648
40 0.000358 0.035598 100.000000 9.009009
40 0.000251 0.042049 200.000000 8.230453
40 0.000201 0.042582 300.000000 8.174387
40 0.000236 0.043157 400.000000 8.510638
40 0.000248 0.055384 500.000000 7.836991
40 0.000237 0.066311 600.000000 8.230453
40 0.000213 0.078529 700.000000 8.771930
40 0.000190 0.067502 800.000000 8.519702
50 0.000344 0.033862 100.000000 9.090909
50 0.000225 0.037847 200.000000 8.163265
50 0.000170 0.037577 300.000000 8.174387
50 0.000256 0.038513 400.000000 8.528785
50 0.000236 0.051203 500.000000 7.824726
50 0.000228 0.062217 600.000000 8.275862
50 0.000205 0.074280 700.000000 8.793970
50 0.000192 0.062018 800.000000 8.281573
60 0.000209 0.025790 100.000000 9.090909
60 0.000202 0.027255 200.000000 8.130081
60 0.000150 0.027204 300.000000 8.196721
60 0.000278 0.030997 400.000000 8.510638
60 0.000224 0.044720 500.000000 7.836991
60 0.000213 0.054632 600.000000 8.321775
60 0.000193 0.065880 700.000000 8.760951
60 0.000187 0.053749 800.000000 8.255934
70 0.000153 0.017183 100.000000 9.174312
70 0.000179 0.018193 200.000000 8.130081
70 0.000118 0.019879 300.000000 8.241758
70 0.000260 0.027063 400.000000 8.474576
70 0.000201 0.040017 500.000000 7.861635
70 0.000199 0.049448 600.000000 8.368201
70 0.000198 0.059328 700.000000 8.695652
70 0.000221 0.047282 800.000000 8.255934
80 0.000184 0.015142 100.000000 9.174312
80 0.000191 0.016718 200.000000 8.097166
80 0.000107 0.018836 300.000000 8.264462
80 0.000250 0.027608 400.000000 8.456659
80 0.000198 0.039640 500.000000 7.886436
80 0.000196 0.049300 600.000000 8.426967
80 0.000194 0.057627 700.000000 8.663366
80 0.000213 0.045465 800.000000 8.255934
90 0.000223 0.020077 100.000000 8.928572
90 0.000181 0.020417 200.000000 8.000000
90 0.000130 0.022486 300.000000 8.241758
90 0.000255 0.032448 400.000000 8.403361
90 0.000211 0.044028 500.000000 7.898894
90 0.000204 0.054563 600.000000 8.462624
90 0.000181 0.060261 700.000000 8.631319
90 0.000220 0.047359 800.000000 8.255934
100 0.000458 0.015261 100.000000 8.620689
100 0.000163 0.019331 200.000000 7.905138
100 0.000139 0.022138 300.000000 8.219178
100 0.000283 0.036051 400.000000 8.333333
100 0.000219 0.045854 500.000000 7.911392
100 0.000204 0.055756 600.000000 8.498584
100 0.000164 0.057955 700.000000 8.610086
100 0.000218 0.046080 800.000000 8.247422
110 0.000300 0.014773 100.000000 8.333333
110 0.000196 0.019560 200.000000 7.843137
110 0.000177 0.023204 300.000000 8.219178
110 0.000264 0.038896 400.000000 8.281573
110 0.000224 0.047771 500.000000 7.923930
110 0.000206 0.057359 600.000000 8.547009
110 0.000159 0.056756 700.000000 8.610086
110 0.000220 0.045464 800.000000 8.247422
120 0.000252 0.018457 100.000000 8.000000
120 0.000212 0.019683 200.000000 7.812500
120 0.000223 0.022365 300.000000 8.241758
120 0.000292 0.038238 400.000000 8.230453
120 0.000231 0.046811 500.000000 7.949126
120 0.000209 0.057126 600.000000 8.583691
120 0.000160 0.054727 700.000000 8.620689
120 0.000242 0.044347 800.000000 8.238929
130 0.000272 0.015462 100.000000 7.751938
130 0.000213 0.017271 200.000000 7.782101
130 0.000256 0.021273 300.000000 8.264462
130 0.000293 0.037968 400.000000 7.968128
130 0.000222 0.044596 500.000000 7.987220
130 0.000198 0.054290 600.000000 8.633094
130 0.000166 0.050220 700.000000 8.620689
130 0.000248 0.041236 800.000000 8.213552
140 0.000373 0.013122 100.000000 7.575758
140 0.000192 0.017957 200.000000 7.751938
140 0.000265 0.023143 300.000000 8.287292
140 0.000253 0.039439 400.000000 7.619048
140 0.000217 0.046115 500.000000 8.025682
140 0.000194 0.055402 600.000000 8.683068
140 0.000170 0.049178 700.000000 8.599508
140 0.000256 0.040068 800.000000 8.113590
150 0.000496 0.019441 100.000000 7.462687
150 0.000186 0.023198 200.000000 7.751938
150 0.000283 0.029180 300.000000 8.310249
150 0.000241 0.044799 400.000000 7.561437
150 0.000220 0.052948 500.000000 8.064516
150 0.000195 0.062686 600.000000 8.708273
150 0.000172 0.052864 700.000000 8.413462
160 0.000569 0.020193 100.000000 7.352941
160 0.000163 0.024274 200.000000 7.751938
160 0.000303 0.031639 300.000000 8.310249
160 0.000237 0.046661 400.000000 7.547170
160 0.000220 0.054724 500.000000 8.116883
160 0.000192 0.064343 600.000000 8.720930
160 0.000182 0.051995 700.000000 8.158508
170 0.000412 0.018805 100.000000 7.246377
170 0.000186 0.021259 200.000000 7.782101
170 0.000346 0.030077 300.000000 8.287292
170 0.000240 0.044360 400.000000 7.561437
170 0.000225 0.051604 500.000000 8.169934
170 0.000201 0.061614 600.000000 8.670520
170 0.000206 0.049101 700.000000 8.130081
180 0.000350 0.017622 100.000000 7.194244
180 0.000159 0.020143 200.000000 7.812500
180 0.000325 0.030864 300.000000 8.241758
180 0.000231 0.043713 400.000000 7.575758
180 0.000220 0.051281 500.000000 8.223684
180 0.000222 0.060421 600.000000 8.595988
180 0.000240 0.047254 700.000000 8.130081
190 0.000404 0.022338 100.000000 7.194244
190 0.000225 0.025694 200.000000 7.843137
190 0.000347 0.038704 300.000000 8.219178
190 0.000231 0.045594 400.000000 7.619048
190 0.000211 0.048451 500.000000 8.291874
190 0.000216 0.053716 600.000000 8.571428
190 0.000239 0.042656 700.000000 8.139535
200 0.000280 0.010770 100.000000 7.194244
200 0.000129 0.011674 200.000000 7.874016
200 0.000278 0.022979 300.000000 8.219178
200 0.000226 0.035806 400.000000 7.648183
200 0.000215 0.047511 500.000000 8.347245
200 0.000185 0.054446 600.000000 8.571428
200 0.000237 0.042237 700.000000 8.149011
210 0.000468 0.010240 100.000000 7.194244
210 0.000323 0.016516 200.000000 7.968128
210 0.000355 0.032145 300.000000 8.219178
210 0.000286 0.034881 400.000000 7.707129
210 0.000236 0.040964 500.000000 8.417508
210 0.000234 0.046709 600.000000 8.583691
210 0.000279 0.039282 700.000000 8.168028
220 0.000232 0.006824 100.000000 7.299270
220 0.000158 0.007961 200.000000 8.032128
220 0.000288 0.026842 300.000000 8.219178
220 0.000231 0.032070 400.000000 7.751938
220 0.000209 0.041272 500.000000 8.503402
220 0.000151 0.044663 600.000000 8.608321
220 0.000237 0.036519 700.000000 8.196721
230 0.000296 0.009498 100.000000 7.352941
230 0.000237 0.011541 200.000000 8.130081
230 0.000312 0.030838 300.000000 8.241758
230 0.000250 0.034813 400.000000 7.812500
230 0.000222 0.044476 500.000000 8.576329
230 0.000182 0.046095 600.000000 8.645534
230 0.000256 0.038259 700.000000 8.225616
240 0.000406 0.009280 100.000000 7.462687
240 0.000304 0.011044 200.000000 8.264462
240 0.000365 0.030934 300.000000 8.264462
240 0.000271 0.036940 400.000000 7.889546
240 0.000240 0.048978 500.000000 8.665511
240 0.000200 0.049632 600.000000 8.695652
240 0.000282 0.041140 700.000000 8.244994
250 0.000365 0.009408 100.000000 7.633588
250 0.000305 0.011592 200.000000 8.403361
250 0.000384 0.031704 300.000000 8.241758
250 0.000280 0.037885 400.000000 7.968128
250 0.000242 0.050941 500.000000 8.741259
250 0.000194 0.049638 600.000000 8.746356
250 0.000288 0.041121 700.000000 8.274232
260 0.000437 0.011401 100.000000 7.751938
260 0.000368 0.012926 200.000000 8.510638
260 0.000394 0.034012 300.000000 7.853403
260 0.000300 0.042882 400.000000 8.032128
260 0.000254 0.057232 500.000000 8.833922
260 0.000218 0.053783 600.000000 8.771930
260 0.000300 0.044362 700.000000 8.264462
270 0.000456 0.013087 100.000000 7.874016
270 0.000393 0.012995 200.000000 8.620689
270 0.000376 0.034453 300.000000 7.633588
270 0.000313 0.045353 400.000000 8.113590
270 0.000266 0.061271 500.000000 8.912656
270 0.000240 0.055669 600.000000 8.784773
270 0.000327 0.045940 700.000000 8.196721
280 0.000512 0.006414 100.000000 7.936508
280 0.000338 0.002923 200.000000 8.733624
280 0.000345 0.024473 300.000000 7.575758
280 0.000304 0.037550 400.000000 8.196721
280 0.000256 0.055386 500.000000 8.976661
280 0.000242 0.049818 600.000000 8.670520
290 0.000459 0.010405 100.000000 8.064516
290 0.000377 0.002949 200.000000 8.810573
290 0.000336 0.024412 300.000000 7.575758
290 0.000299 0.040138 400.000000 8.264462
290 0.000253 0.058079 500.000000 9.025270
290 0.000241 0.049841 600.000000 8.321775
300 0.000494 0.011417 100.000000 8.196721
300 0.000461 0.006656 200.000000 8.888889
300 0.000367 0.029007 300.000000 7.614213
300 0.000319 0.045962 400.000000 8.350731
300 0.000275 0.064179 500.000000 9.041592
300 0.000268 0.052974 600.000000 8.275862
310 0.000449 0.010848 100.000000 8.333333
310 0.000485 0.012612 200.000000 8.849558
310 0.000348 0.033966 300.000000 7.653061
310 0.000307 0.050216 400.000000 8.438819
310 0.000282 0.067130 500.000000 8.976661
310 0.000294 0.052958 600.000000 8.275862
320 0.000384 0.007751 100.000000 8.403361
320 0.000437 0.016183 200.000000 8.810573
320 0.000340 0.034980 300.000000 7.692307
320 0.000299 0.050947 400.000000 8.528785
320 0.000307 0.066268 500.000000 8.896797
320 0.000313 0.051121 600.000000 8.287292
330 0.000381 0.009741 100.000000 8.547009
330 0.000392 0.015453 200.000000 8.810573
330 0.000327 0.033014 300.000000 7.751938
330 0.000285 0.050335 400.000000 8.602151
330 0.000256 0.062477 500.000000 8.880995
330 0.000299 0.047736 600.000000 8.310249
340 0.000391 0.018093 100.000000 8.620689
340 0.000389 0.021565 200.000000 8.771930
340 0.000352 0.039596 300.000000 7.812500
340 0.000296 0.058265 400.000000 8.695652
340 0.000269 0.066983 500.000000 8.896797
340 0.000303 0.050193 600.000000 8.321775
350 0.000273 0.017086 100.000000 8.771930
350 0.000414 0.024744 200.000000 8.733624
350 0.000339 0.040622 300.000000 7.853403
350 0.000279 0.057662 400.000000 8.791209
350 0.000224 0.062391 500.000000 8.896797
350 0.000294 0.047123 600.000000 8.344924
360 0.000218 0.012287 100.000000 8.928572
360 0.000349 0.025913 200.000000 8.733624
360 0.000329 0.039402 300.000000 7.915567
360 0.000274 0.055758 400.000000 8.869180
360 0.000196 0.057409 500.000000 8.928572
360 0.000290 0.044187 600.000000 8.356546
370 0.000273 0.012440 100.000000 9.090909
370 0.000407 0.028588 200.000000 8.658009
370 0.000313 0.041619 300.000000 7.978724
370 0.000272 0.056989 400.000000 8.968610
370 0.000205 0.055592 500.000000 8.960573
370 0.000302 0.042770 600.000000 8.368201
380 0.000297 0.007865 100.000000 9.174312
380 0.000437 0.030459 200.000000 8.510638
380 0.000301 0.041029 300.000000 8.042895
380 0.000255 0.054962 400.000000 9.049774
380 0.000186 0.051024 500.000000 8.976661
380 0.000290 0.039565 600.000000 8.379889
390 0.000385 0.006655 100.000000 9.345795
390 0.000383 0.032207 200.000000 7.692307
390 0.000292 0.042227 300.000000 8.130081
390 0.000247 0.055671 400.000000 9.153318
390 0.000200 0.049521 500.000000 8.992805
390 0.000298 0.038420 600.000000 8.321775
400 0.000464 0.008315 100.000000 9.523809
400 0.000369 0.034834 200.000000 7.407407
400 0.000305 0.045961 300.000000 8.196721
400 0.000252 0.059937 400.000000 9.216590
400 0.000223 0.050662 500.000000 8.944544
400 0.000308 0.039567 600.000000 8.064516
410 0.000549 0.015492 100.000000 9.615385
410 0.000338 0.039528 200.000000 7.326007
410 0.000292 0.050068 300.000000 8.287292
410 0.000239 0.062712 400.000000 9.280743
410 0.000209 0.050089 500.000000 8.445946
420 0.000672 0.024870 100.000000 9.523809
420 0.000381 0.047557 200.000000 7.299270
420 0.000327 0.058204 300.000000 8.379889
420 0.000258 0.071185 400.000000 9.237875
420 0.000239 0.053556 500.000000 8.278146
430 0.000744 0.031131 100.000000 9.259259
430 0.000373 0.050472 200.000000 7.326007
430 0.000323 0.060808 300.000000 8.450705
430 0.000287 0.072508 400.000000 9.090909
430 0.000295 0.052698 500.000000 8.250825
440 0.000740 0.036734 100.000000 9.090909
440 0.000373 0.051521 200.000000 7.352941
440 0.000322 0.062234 300.000000 8.547009
440 0.000293 0.071486 400.000000 8.968610
440 0.000305 0.051141 500.000000 8.237232
450 0.000757 0.044681 100.000000 8.928572
450 0.000355 0.054592 200.000000 7.380074
450 0.000310 0.063028 300.000000 8.645534
450 0.000227 0.067286 400.000000 8.928572
450 0.000289 0.047583 500.000000 8.237232
460 0.000815 0.053885 100.000000 8.620689
460 0.000410 0.057342 200.000000 7.434944
460 0.000320 0.066731 300.000000 8.720930
460 0.000255 0.066657 400.000000 8.908686
460 0.000306 0.047476 500.000000 8.237232
470 0.000513 0.049551 100.000000 8.474576
470 0.000429 0.052700 200.000000 7.462687
470 0.000330 0.065350 300.000000 8.823529
470 0.000198 0.063126 400.000000 8.908686
470 0.000309 0.045736 500.000000 8.237232
480 0.000598 0.036490 100.000000 8.196721
480 0.000404 0.044118 200.000000 7.490637
480 0.000318 0.059901 300.000000 8.902077
480 0.000228 0.055711 400.000000 8.908686
480 0.000334 0.040960 500.000000 8.223684
490 0.000650 0.032148 100.000000 7.518797
490 0.000401 0.044935 200.000000 7.547170
490 0.000305 0.061107 300.000000 8.982036
490 0.000240 0.052683 400.000000 8.888889
490 0.000331 0.038303 500.000000 8.183306
500 0.000520 0.030630 100.000000 6.134969
500 0.000403 0.048486 200.000000 7.604563
500 0.000306 0.064612 300.000000 9.063444
500 0.000270 0.051505 400.000000 8.830022
500 0.000350 0.037712 500.000000 8.012820
510 0.000646 0.038407 100.000000 5.917160
510 0.000474 0.062086 200.000000 7.692307
510 0.000345 0.079153 300.000000 9.118541
510 0.000318 0.058372 400.000000 8.438819
520 0.000620 0.039741 100.000000 5.847953
520 0.000455 0.062805 200.000000 7.782101
520 0.000322 0.076577 300.000000 9.118541
520 0.000290 0.051196 400.000000 8.000000
530 0.000593 0.039696 100.000000 5.917160
530 0.000443 0.061600 200.000000 7.936508
530 0.000329 0.073473 300.000000 9.063444
530 0.000291 0.045850 400.000000 7.984032
540 0.000648 0.044705 100.000000 6.024096
540 0.000452 0.066919 200.000000 8.097166
540 0.000380 0.077528 300.000000 8.955224
540 0.000370 0.047434 400.000000 8.016032
550 0.000645 0.038535 100.000000 6.134969
550 0.000416 0.061904 200.000000 8.264462
550 0.000366 0.070552 300.000000 8.902077
550 0.000366 0.044035 400.000000 8.032128
560 0.000771 0.047075 100.000000 6.250000
560 0.000456 0.071249 200.000000 8.438819
560 0.000355 0.076317 300.000000 8.902077
560 0.000400 0.048237 400.000000 8.064516
570 0.000829 0.046463 100.000000 6.369427
570 0.000438 0.069151 200.000000 8.620689
570 0.000390 0.070342 300.000000 8.928572
570 0.000390 0.045976 400.000000 8.097166
580 0.000874 0.063021 100.000000 6.535948
580 0.000478 0.078250 200.000000 8.810573
580 0.000327 0.069840 300.000000 8.982036
580 0.000376 0.041922 400.000000 8.146640
590 0.000429 0.027542 100.000000 6.666667
590 0.000265 0.038276 200.000000 9.009009
590 0.000177 0.035416 300.000000 9.036144
590 0.000279 0.025018 400.000000 8.179959
600 0.000496 0.037440 100.000000 6.849315
600 0.000308 0.046232 200.000000 9.216590
600 0.000227 0.038818 300.000000 9.118541
600 0.000319 0.026933 400.000000 8.213552
610 0.000503 0.038400 100.000000 7.092198
610 0.000308 0.044794 200.000000 9.478673
610 0.000227 0.034941 300.000000 9.230769
610 0.000298 0.024560 400.000000 8.264462
620 0.000423 0.034951 100.000000 7.407407
620 0.000255 0.039057 200.000000 9.852217
620 0.000231 0.029966 300.000000 9.404388
620 0.000293 0.023170 400.000000 8.333333
630 0.000423 0.033836 100.000000 7.936508
630 0.000250 0.039246 200.000000 10.256411
630 0.000235 0.030012 300.000000 9.615385
630 0.000300 0.023797 400.000000 8.438819
640 0.000376 0.031304 100.000000 8.547009
640 0.000231 0.037229 200.000000 10.752688
640 0.000231 0.029101 300.000000 9.868421
640 0.000291 0.024210 400.000000 8.565310
650 0.000359 0.029715 100.000000 9.174312
650 0.000222 0.037550 200.000000 11.235955
650 0.000243 0.030094 300.000000 10.101010
650 0.000312 0.025495 400.000000 8.658009
660 0.000326 0.028338 100.000000 9.803922
660 0.000217 0.036644 200.000000 11.764706
660 0.000244 0.029562 300.000000 10.309278
660 0.000315 0.025429 400.000000 8.658009
670 0.000342 0.030965 100.000000 10.416667
670 0.000228 0.039897 200.000000 12.195122
670 0.000251 0.031532 300.000000 10.309278
670 0.000324 0.027286 400.000000 8.179959
680 0.000312 0.031850 100.000000 10.989011
680 0.000204 0.040380 200.000000 12.500000
680 0.000222 0.031145 300.000000 9.554140
690 0.000300 0.028560 100.000000 11.494253
690 0.000181 0.037158 200.000000 12.578616
690 0.000212 0.029775 300.000000 9.063444
700 0.000309 0.030385 100.000000 11.904762
700 0.000235 0.038168 200.000000 12.048193
700 0.000257 0.029477 300.000000 8.982036
710 0.000284 0.029152 100.000000 12.345679
710 0.000293 0.036156 200.000000 11.494253
710 0.000309 0.027599 300.000000 8.928572
720 0.000289 0.026020 100.000000 12.820513
720 0.000170 0.031552 200.000000 11.173184
720 0.000303 0.025595 300.000000 8.875740
730 0.000227 0.017051 100.000000 13.333333
730 0.000138 0.023705 200.000000 10.989011
730 0.000298 0.024851 300.000000 8.849558
740 0.000145 0.015509 100.000000 13.698630
740 0.000187 0.022287 200.000000 10.928962
740 0.000318 0.026240 300.000000 8.797654
750 0.000192 0.015594 100.000000 14.084507
750 0.000188 0.022730 200.000000 10.810811
750 0.000326 0.026295 300.000000 8.695652
760 0.000151 0.018781 100.000000 14.285714
760 0.000247 0.024424 200.000000 10.526316
760 0.000366 0.026702 300.000000 8.356546
770 0.000120 0.021408 100.000000 14.084507
770 0.000251 0.026440 200.000000 8.771930
780 0.000238 0.020959 100.000000 12.500000
780 0.000270 0.031272 200.000000 8.000000
790 0.000579 0.025347 100.000000 10.416667
790 0.000410 0.032036 200.000000 7.782101
800 0.000454 0.028108 100.000000 9.523809
800 0.000435 0.035940 200.000000 7.604563
810 0.000458 0.028004 100.000000 9.009009
810 0.000472 0.038258 200.000000 7.434944
820 0.000506 0.034148 100.000000 8.620689
820 0.000519 0.042427 200.000000 7.246377
830 0.000569 0.035967 100.000000 8.064516
830 0.000564 0.039449 200.000000 6.756757
840 0.000509 0.038311 100.000000 6.097561
850 0.000365 0.035219 100.000000 5.780347
860 0.000383 0.032867 100.000000 5.847953
870 0.000365 0.028337 100.000000 5.988024
880 0.000387 0.016967 100.000000 6.097561
890 0.000475 0.015357 100.000000 6.211180
900 0.000529 0.016933 100.000000 6.250000
910 0.000597 0.018382 100.000000 6.289308
920 0.000731 0.011180 100.000000 6.289308
930 0.000823 0.008712 100.000000 6.250000
940 0.000873 0.006018 100.000000 6.134969
950 0.000846 0.009506 100.000000 5.813953
960 0.000913 0.013094 100.000000 4.807693
