1 0 0 0 0 1 0 0 0 0 1 0
0.99999 -0.00208642 -0.00395865 0.0479959 0.00206728 0.999986 -0.00483414 0.0232083 0.00396868 0.00482591 0.999981 0.858258
0.999971 -0.00550862 -0.00520523 0.0780076 0.00547622 0.999966 -0.00622015 0.0259486 0.00523932 0.00619146 0.999967 1.8023
0.999952 -0.00647873 -0.00732803 0.090665 0.0064639 0.999977 -0.00204567 0.0207084 0.00734111 0.0019982 0.999971 2.77512
0.999899 -0.00886761 -0.011138 0.123553 0.00891653 0.999951 0.00434989 0.0102319 0.0110989 -0.00444877 0.999929 3.7229
0.999824 -0.0132591 -0.0133174 0.12155 0.0133227 0.9999 0.00469421 0.0113327 0.0132538 -0.0048708 0.9999 4.69643
0.99974 -0.016363 -0.0158629 0.121127 0.0163968 0.999864 0.00200223 0.0173099 0.015828 -0.00226182 0.999872 5.70698
0.999739 -0.0166057 -0.0157036 0.0956452 0.0165676 0.99986 -0.00255052 0.0323646 0.0157438 0.00228968 0.999873 6.62811
0.999755 -0.0161544 -0.0151364 0.0572581 0.0160949 0.999862 -0.00404482 0.0439793 0.0151997 0.00380021 0.999877 7.58849
0.999736 -0.0162189 -0.0162598 0.0352145 0.0161617 0.999863 -0.0036451 0.0663788 0.0163167 0.00338135 0.999861 8.53169
0.999712 -0.0154444 -0.0183918 0.0293788 0.0154197 0.99988 -0.00148665 0.074274 0.0184126 0.00120262 0.99983 9.47349
0.999703 -0.0152606 -0.0190107 0.00550988 0.0152532 0.999883 -0.000535973 0.0788477 0.0190167 0.00024584 0.999819 10.4284
0.999713 -0.0152694 -0.018481 -0.0223222 0.015265 0.999883 -0.000383473 0.080335 0.0184847 0.000101251 0.999829 11.3561
0.999716 -0.0149436 -0.0185847 -0.0503707 0.0149408 0.999888 -0.000291031 0.0747912 0.018587 1.32784e-05 0.999827 12.2867
0.999694 -0.0156961 -0.0191348 -0.070293 0.0156641 0.999876 -0.00182378 0.0800943 0.019161 0.0015235 0.999815 13.2206
0.999655 -0.0161387 -0.0207393 -0.0922029 0.0160595 0.999863 -0.00397985 0.0813119 0.0208007 0.00364541 0.999777 14.2014
0.999602 -0.0171067 -0.0224311 -0.111405 0.0169887 0.999841 -0.0054429 0.0753001 0.0225206 0.00505966 0.999734 15.1287
0.999565 -0.0168958 -0.0241694 -0.134621 0.0167531 0.999841 -0.00609647 0.0703261 0.0242686 0.0056889 0.999689 16.0576
0.999544 -0.0151495 -0.0261314 -0.159277 0.0149676 0.999862 -0.00714174 0.0633396 0.026236 0.00674736 0.999633 16.9521
0.999524 -0.0134133 -0.0278021 -0.18564 0.0132146 0.999886 -0.00731926 0.0578372 0.0278971 0.00694838 0.999587 17.8433
0.999476 -0.0140503 -0.0291701 -0.213126 0.0138583 0.999881 -0.00677661 0.049999 0.0292618 0.00636881 0.999551 18.7402
0.999438 -0.013763 -0.0305717 -0.250542 0.0136032 0.999893 -0.00542984 0.0451432 0.0306431 0.00501091 0.999518 19.6646
0.999393 -0.013744 -0.0320296 -0.285791 0.0136005 0.999896 -0.00469297 0.0381504 0.0320908 0.00425449 0.999476 20.5571
0.999349 -0.0144162 -0.0330708 -0.324583 0.0142808 0.999889 -0.00432917 0.0152867 0.0331295 0.00385408 0.999444 21.446
0.999352 -0.0149598 -0.0327519 -0.387979 0.0148324 0.999881 -0.00412789 -0.00159277 0.0328097 0.00363942 0.999455 22.3505
0.999382 -0.0139827 -0.0322435 -0.457073 0.0138734 0.999897 -0.00361185 -0.0130611 0.0322906 0.00316229 0.999474 23.2091
0.999401 -0.0136298 -0.0318206 -0.503926 0.0135856 0.999906 -0.00160527 -0.0269792 0.0318395 0.00117201 0.999492 24.0805
0.999397 -0.0135285 -0.0319737 -0.540045 0.0135734 0.999907 0.0011877 -0.0343985 0.0319546 -0.00162098 0.999488 24.9466
0.999394 -0.0129462 -0.0323125 -0.57627 0.0130309 0.999912 0.00240956 -0.0317312 0.0322785 -0.00282916 0.999475 25.8126
0.999322 -0.0129248 -0.0344788 -0.586842 0.0129912 0.999914 0.001704 -0.0397781 0.0344538 -0.00215077 0.999404 26.6751
0.999262 -0.0115623 -0.0366423 -0.606509 0.0115508 0.999933 -0.000523867 -0.0444297 0.0366459 0.000100228 0.999328 27.5103
0.999223 -0.0112121 -0.0377882 -0.642095 0.0111361 0.999935 -0.00222094 -0.0455211 0.0378106 0.0017984 0.999283 28.3338
0.999182 -0.010299 -0.0391041 -0.668814 0.0102037 0.999944 -0.00263743 -0.0446643 0.0391291 0.00223627 0.999232 29.1626
0.999133 -0.00995833 -0.040439 -0.705362 0.0098326 0.999946 -0.00330703 -0.0504155 0.0404698 0.00290654 0.999177 29.9618
0.999044 -0.00987393 -0.0425822 -0.736106 0.00972589 0.999946 -0.00368267 -0.0652871 0.0426163 0.003265 0.999086 30.7576
0.998971 -0.00928422 -0.0443991 -0.773888 0.00919533 0.999955 -0.00220614 -0.0995488 0.0444176 0.00179561 0.999011 31.5374
0.998826 -0.0105362 -0.0472848 -0.791408 0.0105134 0.999944 -0.000732127 -0.104478 0.0472899 0.000234143 0.998881 32.3167
0.99877 -0.0104429 -0.0484676 -0.853021 0.01053 0.999943 0.00154257 -0.106761 0.0484488 -0.00205104 0.998824 33.0639
0.998716 -0.00881009 -0.0498933 -0.908699 0.0089743 0.999955 0.00306805 -0.106803 0.0498641 -0.00351187 0.99875 33.8297
0.998671 -0.00834068 -0.0508678 -0.965783 0.00851145 0.999959 0.00314124 -0.0990188 0.0508395 -0.00357003 0.9987 34.5699
0.998617 -0.00566381 -0.0522737 -1.01444 0.00578617 0.999981 0.00218951 -0.0932068 0.0522603 -0.00248895 0.99863 35.3278
0.998569 -0.00364047 -0.053356 -1.07379 0.00370111 0.999992 0.00103746 -0.0865568 0.0533518 -0.00123345 0.998575 36.0443
0.998532 -0.00323406 -0.0540769 -1.13394 0.00334542 0.999992 0.00196863 -0.0790617 0.0540701 -0.00214665 0.998535 36.7602
0.998538 -0.00136336 -0.0540501 -1.19574 0.00154972 0.999993 0.00340581 -0.0698008 0.054045 -0.00348459 0.998532 37.4753
0.998599 0.00274546 -0.0528452 -1.26872 -0.00258414 0.999992 0.0031207 -0.0603848 0.0528533 -0.00297977 0.998598 38.1543
0.998653 0.00569498 -0.0515826 -1.30991 -0.00566731 0.999983 0.000682505 -0.0547569 0.0515856 -0.000389254 0.998668 38.8477
0.998722 0.00715716 -0.0500325 -1.3416 -0.00728154 0.999971 -0.00230452 -0.0557555 0.0500145 0.00266588 0.998745 39.5363
0.998832 0.00751888 -0.0477343 -1.37582 -0.00772707 0.999961 -0.00417861 -0.0557335 0.047701 0.00454258 0.998851 40.2104
0.998941 0.00868851 -0.0451833 -1.3909 -0.00885958 0.999954 -0.00358754 -0.0494783 0.0451501 0.00398405 0.998972 40.8969
0.999019 0.0133252 -0.0422447 -1.41827 -0.0133828 0.99991 -0.00108182 -0.0485824 0.0422265 0.0016461 0.999107 41.5593
0.999101 0.0175269 -0.0386002 -1.44997 -0.0174545 0.999845 0.00221211 -0.0498279 0.038633 -0.00153637 0.999252 42.1781
0.999167 0.0229641 -0.0337479 -1.48401 -0.0228793 0.999734 0.00289602 -0.0432777 0.0338054 -0.00212148 0.999426 42.8064
0.999243 0.0267969 -0.0282246 -1.50299 -0.02672 0.999638 0.00309654 -0.0427294 0.0282973 -0.00234003 0.999597 43.4074
0.999282 0.0307782 -0.0221252 -1.51773 -0.0306776 0.999517 0.00487214 -0.0356015 0.0222645 -0.00418989 0.999743 43.9671
0.999268 0.0350924 -0.0152741 -1.53647 -0.0350183 0.999373 0.00508987 -0.0119686 0.0154432 -0.00455127 0.99987 44.515
0.999229 0.0385342 -0.00751335 -1.55638 -0.0385049 0.99925 0.00400019 0.00248901 0.00766187 -0.00370781 0.999964 45.0537
0.999166 0.0408251 -0.0010682 -1.54269 -0.0408205 0.999158 0.00403643 0.000543343 0.0012321 -0.00398946 0.999991 45.5671
0.998953 0.0452082 0.00707683 -1.55809 -0.0452337 0.99897 0.00349278 0.00436541 -0.00691162 -0.00380924 0.999969 46.1026
0.998724 0.0485082 0.0140631 -1.5456 -0.0485229 0.998821 0.000706597 0.00401754 -0.0140122 -0.00138808 0.999901 46.5853
0.99846 0.0507359 0.0224482 -1.54617 -0.0506947 0.998711 -0.00240117 0.00739057 -0.0225411 0.00125946 0.999745 47.0653
0.998251 0.0509001 0.0300837 -1.53222 -0.0508401 0.998703 -0.00275548 0.00713461 -0.0301849 0.0012212 0.999544 47.48
0.998008 0.0501198 0.0383159 -1.52307 -0.0500889 0.998743 -0.00176622 0.0109115 -0.0383562 -0.0001565 0.999264 47.8808
0.997613 0.0515079 0.0459909 -1.50282 -0.0514997 0.998672 -0.00136518 0.0170131 -0.0460001 -0.00100659 0.998941 48.2619
0.996897 0.0555567 0.0557774 -1.51794 -0.0555416 0.998454 -0.00182001 0.0339621 -0.0557922 -0.0012836 0.998442 48.6169
0.996126 0.0594115 0.064837 -1.52452 -0.0593049 0.998233 -0.00356785 0.0608792 -0.0649344 -0.000291123 0.99789 48.912
0.995171 0.0630304 0.0752528 -1.54494 -0.0628819 0.998011 -0.00434269 0.0840866 -0.0753768 -0.000410323 0.997155 49.256
0.994422 0.0620466 0.0852976 -1.54199 -0.0619209 0.998072 -0.00412064 0.0918385 -0.0853889 -0.00118405 0.996347 49.5032
0.993348 0.0612706 0.0975017 -1.56137 -0.0610115 0.998121 -0.00563915 0.0766352 -0.0976639 -0.000347091 0.995219 49.7775
0.992622 0.0593034 0.105757 -1.38083 -0.0585551 0.998232 -0.0101694 0.0746235 -0.106173 0.00390172 0.99434 49.8916
0.991008 0.0603091 0.119439 -1.35755 -0.05904 0.998155 -0.0141388 0.0702806 -0.120071 0.00696003 0.992741 50.1498
0.988931 0.061915 0.134846 -1.31448 -0.0602483 0.998048 -0.0164097 0.0675639 -0.135599 0.00810378 0.990731 50.3848
0.98652 0.0633401 0.150888 -1.26281 -0.061353 0.997957 -0.0177932 0.0663681 -0.151707 0.0082959 0.988391 50.6114
0.983758 0.0641029 0.167668 -1.20765 -0.0617934 0.997908 -0.0189613 0.0651423 -0.168533 0.00829258 0.985661 50.8424
0.980573 0.063046 0.185747 -1.15629 -0.0603494 0.997974 -0.0201413 0.0567885 -0.186641 0.00854033 0.982391 51.0491
0.976826 0.0622873 0.204775 -1.08438 -0.0593906 0.998029 -0.0202676 0.045898 -0.205634 0.00763616 0.978599 51.2386
0.972453 0.0621966 0.224649 -1.00546 -0.0588865 0.998035 -0.0214113 0.0370898 -0.225539 0.00759265 0.974205 51.4336
0.967398 0.0636707 0.245129 -0.909538 -0.0596498 0.997935 -0.0238006 0.0408553 -0.246138 0.00840276 0.969198 51.6754
0.961393 0.0652958 0.267321 -0.809824 -0.0605964 0.997828 -0.0258005 0.0351392 -0.268425 0.0086057 0.963262 51.8839
0.954269 0.0665137 0.291458 -0.7051 -0.0612935 0.997754 -0.0270154 0.0328491 -0.292601 0.00791547 0.956202 52.1182
0.945951 0.0692616 0.31683 -0.601133 -0.0636772 0.997578 -0.0279595 0.0266589 -0.317999 0.00627349 0.94807 52.3215
0.93656 0.0710261 0.343236 -0.477193 -0.0650086 0.997462 -0.029022 0.0210149 -0.344426 0.00486754 0.938801 52.5311
0.92588 0.0715615 0.37098 -0.339385 -0.0649583 0.997428 -0.0302817 0.0109505 -0.372193 0.00393896 0.928147 52.749
0.914006 0.0692043 0.399756 -0.161768 -0.0614795 0.99759 -0.032132 -0.00245214 -0.401017 0.00479203 0.916058 52.9765
0.900057 0.0654921 0.430824 0.0515069 -0.0562238 0.997831 -0.0342262 -0.0247611 -0.432131 0.00658293 0.901787 53.2256
0.883954 0.0639944 0.463174 0.287655 -0.0524572 0.997908 -0.0377629 -0.0479398 -0.464622 0.00908387 0.885463 53.4648
0.865673 0.0651414 0.496353 0.529383 -0.0509411 0.997813 -0.0421084 -0.0711551 -0.498011 0.0111673 0.867099 53.7255
0.845207 0.0666016 0.530273 0.777703 -0.0497958 0.997702 -0.0459401 -0.0937807 -0.532114 0.0124236 0.846582 53.9651
0.822495 0.0690319 0.564569 1.04945 -0.0503086 0.997546 -0.0486814 -0.119096 -0.566544 0.0116376 0.823949 54.1789
0.79686 0.0722484 0.599829 1.33925 -0.0522693 0.997345 -0.05069 -0.14953 -0.601899 0.00904027 0.798521 54.4304
0.768881 0.0761891 0.634836 1.66297 -0.0554366 0.997079 -0.0525213 -0.184185 -0.636984 0.00518948 0.77086 54.6876
0.737321 0.077051 0.671135 1.95692 -0.0549056 0.997022 -0.0541448 -0.215394 -0.673308 0.003073 0.739356 54.9096
0.701693 0.0741831 0.708608 2.2229 -0.0508067 0.997242 -0.054089 -0.24566 -0.710666 0.00195183 0.703527 55.1205
0.663452 0.0728359 0.744666 2.56921 -0.0477831 0.997343 -0.0549784 -0.268006 -0.746692 0.000893126 0.66517 55.3701
0.622038 0.0719717 0.779673 2.90727 -0.0454121 0.997406 -0.0558401 -0.299137 -0.781669 -0.000671999 0.623693 55.5907
0.576003 0.0715897 0.814307 3.26347 -0.0414701 0.997434 -0.0583552 -0.316066 -0.816395 -0.000156598 0.577494 55.8302
0.527702 0.0710143 0.846456 3.66 -0.0385281 0.997474 -0.0596647 -0.33297 -0.848556 -0.00112722 0.529105 56.0648
0.479419 0.0681306 0.874938 4.13213 -0.0364278 0.997667 -0.057727 -0.397015 -0.87683 -0.00419667 0.480783 56.2947
0.430311 0.0655626 0.900297 4.58319 -0.0365196 0.997806 -0.0552085 -0.434094 -0.901942 -0.00912168 0.431762 56.4788
0.381103 0.0650865 0.922239 5.04053 -0.0377341 0.997782 -0.0548248 -0.4452 -0.923763 -0.0139061 0.382714 56.6351
0.33237 0.0652614 0.940889 5.54851 -0.034647 0.997774 -0.0569679 -0.458939 -0.942513 -0.0136646 0.333892 56.7927
0.286587 0.0616316 0.95607 6.02018 -0.0233514 0.998081 -0.0573401 -0.492046 -0.95777 -0.00589267 0.287476 56.8677
0.243882 0.0545457 0.96827 6.51041 -0.00898598 0.998501 -0.0539853 -0.532842 -0.969764 0.00446517 0.244006 56.9164
0.202624 0.0530394 0.977819 7.04022 -0.000792796 0.99854 -0.053999 -0.566301 -0.979256 0.0101663 0.20237 56.9709
0.16502 0.05432 0.984793 7.60697 0.00349433 0.998443 -0.0556584 -0.575417 -0.986284 0.012626 0.164574 57.0418
0.132195 0.0550672 0.989693 8.10286 0.0119894 0.998293 -0.0571472 -0.599359 -0.991151 0.0194203 0.131309 57.077
0.10242 0.0533643 0.993309 8.62063 0.0193656 0.998263 -0.0556272 -0.626392 -0.994553 0.0249334 0.101209 57.1188
0.0774739 0.0514122 0.995668 9.20386 0.0268552 0.998199 -0.0536326 -0.651838 -0.996633 0.030894 0.0759538 57.1489
0.057419 0.0506199 0.997066 9.78329 0.0312917 0.998131 -0.052476 -0.667879 -0.99786 0.0342131 0.0557278 57.1658
0.0416104 0.0521738 0.997771 10.3645 0.034186 0.997976 -0.0536102 -0.690982 -0.998549 0.0363405 0.0397427 57.1685
0.0294648 0.0513932 0.998244 10.94 0.0349077 0.998015 -0.0524118 -0.725804 -0.998956 0.0363907 0.0276124 57.1429
0.0179583 0.052331 0.998469 11.5991 0.0357469 0.997957 -0.0529471 -0.747858 -0.9992 0.036643 0.0160511 57.1574
0.00933769 0.0553223 0.998425 12.2419 0.0401243 0.997643 -0.0556543 -0.770899 -0.999151 0.0405808 0.00709602 57.1469
0.00341618 0.0569983 0.998369 12.8751 0.0444257 0.997379 -0.0570939 -0.799755 -0.999007 0.0445483 0.000875143 57.1223
-0.000735156 0.0562887 0.998415 13.504 0.045038 0.997403 -0.0561985 -0.829037 -0.998985 0.0449253 -0.00326828 57.1029
-0.00451163 0.053541 0.998556 14.2135 0.0427243 0.997663 -0.0533002 -0.86152 -0.999077 0.0424222 -0.0067885 57.1169
-0.00708958 0.0465935 0.998889 14.9107 0.0408052 0.998095 -0.0462668 -0.886498 -0.999142 0.0404319 -0.00897724 57.1193
-0.00839731 0.0396094 0.99918 15.5559 0.0431659 0.998297 -0.0392116 -0.941459 -0.999033 0.0428013 -0.0100927 57.1117
-0.00792744 0.0365762 0.9993 16.2741 0.0463119 0.998271 -0.0361712 -0.970174 -0.998896 0.0459927 -0.00960756 57.0806
-0.00739468 0.0383429 0.999238 16.9832 0.0500803 0.998024 -0.0379258 -1.00356 -0.998718 0.0497617 -0.0093002 57.0586
-0.00683749 0.0448565 0.99897 17.7205 0.051285 0.997694 -0.0444482 -1.0339 -0.998661 0.0509283 -0.00912209 57.0566
-0.00509171 0.0525679 0.998605 18.4558 0.0518848 0.997285 -0.052234 -1.06036 -0.99864 0.0515465 -0.00780527 57.0558
-0.0035572 0.0531868 0.998578 19.1398 0.0534638 0.997166 -0.0529211 -1.09114 -0.998564 0.0531995 -0.00639059 57.0715
-0.00221901 0.0489493 0.998799 19.8945 0.0528277 0.997412 -0.048764 -1.11554 -0.998601 0.052656 -0.00479905 57.0814
-0.00166178 0.0425898 0.999091 20.637 0.052772 0.997703 -0.0424429 -1.15053 -0.998605 0.0526535 -0.00390541 57.1151
-0.000150361 0.0416528 0.999132 21.4374 0.0502147 0.997871 -0.0415927 -1.17698 -0.998739 0.0501649 -0.00224152 57.1383
0.0027008 0.0469164 0.998895 22.1264 0.0585597 0.997176 -0.046994 -1.2001 -0.99828 0.058622 -5.41368e-05 57.1265
0.00515309 0.0529104 0.998586 22.8441 0.0605915 0.996747 -0.0531257 -1.22306 -0.99815 0.0607796 0.00193051 57.1344
0.00765634 0.0530247 0.998564 23.6004 0.0552991 0.997042 -0.0533679 -1.26024 -0.998441 0.0556283 0.00470158 57.1546
0.0108084 0.0500233 0.99869 24.3663 0.051013 0.997419 -0.0505118 -1.28833 -0.99864 0.0514921 0.00822879 57.1734
0.0155137 0.0461235 0.998815 25.1108 0.0559653 0.997329 -0.0469241 -1.32936 -0.998312 0.056627 0.012891 57.1753
0.0195157 0.0468709 0.99871 25.7792 0.0605379 0.997012 -0.0479742 -1.36583 -0.997975 0.0613961 0.01662 57.1172
0.0222625 0.0510045 0.99845 26.6112 0.0599445 0.996832 -0.0522584 -1.41636 -0.997954 0.0610151 0.0191346 57.1711
0.0248096 0.0515403 0.998363 27.3795 0.0564194 0.997005 -0.0528723 -1.45548 -0.998099 0.0576388 0.0218276 57.2316
0.0283645 0.0505311 0.99832 28.2071 0.0564953 0.997043 -0.0520716 -1.5111 -0.998 0.0578774 0.0254259 57.2847
0.0332525 0.0467777 0.998352 28.8974 0.0609986 0.996946 -0.0487436 -1.54992 -0.997584 0.0625189 0.0302977 57.2516
0.0379755 0.047478 0.99815 29.6473 0.0656683 0.996592 -0.0499023 -1.58013 -0.997119 0.0674419 0.0347284 57.2427
0.0417157 0.0484664 0.997953 30.5326 0.0696903 0.996248 -0.0512967 -1.61569 -0.996696 0.0716876 0.0381817 57.3168
0.0419482 0.0490226 0.997916 31.3153 0.0695847 0.996226 -0.0518647 -1.6477 -0.996694 0.0716154 0.0383788 57.402
0.0425856 0.0480059 0.997939 32.1345 0.070262 0.996227 -0.050922 -1.6816 -0.996619 0.0722858 0.0390521 57.4919
0.0448148 0.0471637 0.997881 32.9484 0.0726303 0.996087 -0.0503407 -1.71911 -0.996352 0.0747325 0.041214 57.5523
0.0466108 0.0478254 0.997768 33.7658 0.0707916 0.996183 -0.0510565 -1.75929 -0.996402 0.0730134 0.0430473 57.6275
0.0486439 0.0495344 0.997587 34.5204 0.0680493 0.996284 -0.0527879 -1.79926 -0.996496 0.070453 0.0450925 57.6861
0.0556496 0.0490036 0.997247 35.3449 0.0705557 0.996104 -0.0528847 -1.83729 -0.995954 0.0733045 0.0519755 57.6614
0.0593105 0.0484921 0.997061 36.0624 0.0682946 0.996281 -0.0525168 -1.87862 -0.995901 0.0712088 0.0557784 57.6839
0.0640138 0.0489854 0.996746 36.8338 0.0668584 0.996339 -0.0532593 -1.90441 -0.995707 0.0700503 0.0605045 57.6993
0.0678045 0.0497395 0.996458 37.6362 0.0637762 0.996497 -0.0540812 -1.93685 -0.995658 0.0672173 0.064395 57.7453
0.0721641 0.0522425 0.996024 38.4156 0.0623867 0.996434 -0.0567842 -1.97284 -0.99544 0.0662365 0.0686477 57.785
0.0738426 0.0555954 0.995719 39.2495 0.0615016 0.99629 -0.0601883 -2.02033 -0.995372 0.0656828 0.0701495 57.8951
0.0772449 0.0579285 0.995328 39.9716 0.0612391 0.996149 -0.062729 -2.06207 -0.99513 0.0657985 0.0734001 57.931
0.079574 0.0602341 0.995007 40.7731 0.0547629 0.9964 -0.064698 -2.11001 -0.995324 0.0596378 0.075989 58.0196
0.0825488 0.0596607 0.994799 41.5473 0.0507494 0.996659 -0.0639834 -2.15495 -0.995294 0.0557673 0.0792454 58.0905
0.0862972 0.06023 0.994447 42.2986 0.0529034 0.996485 -0.0649443 -2.19987 -0.994864 0.0582142 0.0828076 58.1421
0.091014 0.0616947 0.993937 43.0916 0.0524551 0.996396 -0.0666507 -2.24337 -0.994467 0.0582032 0.0874499 58.2183
0.0939131 0.0625873 0.993611 43.8901 0.0488105 0.996531 -0.0673847 -2.29291 -0.994383 0.054827 0.0905326 58.3239
0.09838 0.0607421 0.993293 44.6713 0.0483624 0.996663 -0.0657383 -2.33517 -0.993973 0.0545054 0.0951142 58.4034
0.10394 0.0607012 0.992729 45.4427 0.0493737 0.996589 -0.0661067 -2.38648 -0.993357 0.0558859 0.100588 58.4647
0.110294 0.0651563 0.991761 46.2032 0.0453435 0.996479 -0.070509 -2.42608 -0.992864 0.0527467 0.106952 58.5473
0.113933 0.0728199 0.990816 47.0101 0.0443955 0.99594 -0.0783015 -2.49298 -0.992496 0.0529089 0.110237 58.6976
0.12104 0.0775451 0.989614 47.7804 0.0443389 0.995526 -0.0834315 -2.53914 -0.991657 0.053977 0.117061 58.7895
0.126564 0.0808534 0.988658 48.6152 0.0385252 0.995519 -0.0863464 -2.60037 -0.99121 0.0490166 0.122882 58.9464
0.1324 0.0796594 0.98799 49.4306 0.034503 0.99579 -0.0849121 -2.66023 -0.990596 0.0453311 0.129094 59.0864
0.13873 0.0773418 0.987306 50.2179 0.0353783 0.995921 -0.0829879 -2.7287 -0.989698 0.0464422 0.135428 59.2164
0.14524 0.0743318 0.9866 51.0228 0.0343656 0.996192 -0.0801136 -2.78803 -0.9888 0.0455409 0.142133 59.3514
0.153017 0.0683681 0.985856 51.8434 0.0320229 0.996736 -0.0740931 -2.86038 -0.987705 0.0429075 0.150328 59.4797
0.160047 0.0613668 0.9852 52.661 0.0289032 0.997346 -0.0668187 -2.91746 -0.986686 0.0391696 0.157849 59.6228
0.167473 0.0583271 0.98415 53.4772 0.0300031 0.997483 -0.0642231 -2.97768 -0.98542 0.0402832 0.165302 59.7672
0.174538 0.0598254 0.982831 54.2468 0.0290877 0.997403 -0.065878 -3.03858 -0.984221 0.0400866 0.172345 59.8949
0.180031 0.0650108 0.98151 55.0699 0.0292092 0.997019 -0.0713957 -3.112 -0.983227 0.0415226 0.177596 60.0678
0.185183 0.0681483 0.980338 55.9004 0.0270357 0.996861 -0.0744039 -3.18086 -0.982332 0.0402825 0.18276 60.244
0.190627 0.0706548 0.979117 56.6864 0.0255741 0.99671 -0.0769035 -3.24868 -0.98133 0.0396999 0.188193 60.3987
0.197225 0.0701408 0.977846 57.4662 0.0237535 0.996802 -0.0762915 -3.30914 -0.980071 0.0382738 0.194928 60.5403
0.203754 0.0669123 0.976733 58.2263 0.0281278 0.996849 -0.0741581 -3.36619 -0.978618 0.0425834 0.20123 60.673
0.210251 0.0588639 0.975874 59.0089 0.029716 0.997339 -0.066561 -3.44015 -0.977196 0.0429937 0.207943 60.8143
0.213345 0.0509329 0.975648 59.7913 0.0284388 0.997892 -0.0583129 -3.51652 -0.976563 0.040187 0.211447 60.9998
0.217848 0.0456358 0.974915 60.5705 0.0252195 0.998309 -0.0523662 -3.59108 -0.975657 0.0359947 0.216329 61.1724
0.222154 0.0449514 0.973975 61.2838 0.0238027 0.998388 -0.0515073 -3.64544 -0.974721 0.0346258 0.220726 61.3229
0.226003 0.0467884 0.973002 62.0375 0.0221096 0.998341 -0.0531424 -3.69 -0.973876 0.033523 0.224594 61.4856
0.228135 0.0499914 0.972345 62.7672 0.0182271 0.998286 -0.0556017 -3.74481 -0.973459 0.0304078 0.226833 61.6612
0.230938 0.0531967 0.971513 63.4575 0.0175994 0.998112 -0.0588368 -3.79617 -0.972809 0.0306857 0.229566 61.8123
0.234012 0.0585887 0.970467 64.1569 0.0169853 0.997783 -0.0643336 -3.83632 -0.972086 0.0315385 0.232498 61.9711
0.235789 0.060046 0.969948 64.8502 0.0182339 0.997639 -0.066193 -3.8826 -0.971633 0.0332935 0.234138 62.1398
0.235503 0.0602903 0.970002 65.5685 0.0153244 0.997719 -0.0657336 -3.92346 -0.971753 0.0303452 0.234042 62.3709
0.237462 0.0571105 0.969717 66.2085 0.0159966 0.997904 -0.0626879 -3.96669 -0.971265 0.0303982 0.236051 62.4886
0.238649 0.0544074 0.969581 66.8949 0.017027 0.99804 -0.0601955 -4.00585 -0.970957 0.0308746 0.237255 62.6565
0.239402 0.0530335 0.969471 67.5388 0.0187444 0.998068 -0.0592267 -4.04354 -0.970739 0.0323512 0.237946 62.7905
0.239164 0.052081 0.969581 68.1982 0.0188298 0.998123 -0.0582589 -4.08204 -0.970797 0.0321905 0.237735 62.9462
0.238981 0.0526618 0.969595 68.8236 0.0185743 0.998097 -0.0587879 -4.11994 -0.970847 0.0320587 0.237548 63.0781
0.237734 0.055285 0.969756 69.4642 0.0184045 0.997942 -0.0614038 -4.15785 -0.971156 0.0324457 0.236228 63.2423
0.235174 0.058369 0.970199 70.0577 0.0204335 0.997677 -0.0649753 -4.20441 -0.971739 0.0351051 0.233435 63.3778
0.232881 0.058508 0.970744 70.6646 0.0233211 0.997565 -0.0657193 -4.23756 -0.972226 0.0379436 0.230949 63.532
0.229824 0.056331 0.971601 71.2524 0.0237619 0.9977 -0.063465 -4.2854 -0.972942 0.0376729 0.227957 63.6873
0.226445 0.0531343 0.972574 71.8298 0.0224177 0.997961 -0.0597409 -4.33032 -0.973766 0.0353309 0.224793 63.8287
0.2236 0.0486494 0.973466 72.4025 0.0234865 0.998194 -0.05528 -4.37136 -0.974398 0.0352239 0.222054 63.9694
0.217813 0.0468221 0.974867 72.8966 0.0276496 0.998151 -0.0541181 -4.41289 -0.975599 0.0387424 0.216116 64.1194
0.215553 0.0476973 0.975327 73.4288 0.0313893 0.997951 -0.055741 -4.44725 -0.975988 0.04263 0.213615 64.2276
0.211227 0.050036 0.976156 73.9252 0.0349062 0.997665 -0.0586917 -4.47262 -0.976814 0.0464711 0.208987 64.3432
0.209537 0.0519557 0.97642 74.4569 0.034372 0.997578 -0.0604577 -4.49912 -0.977197 0.0462296 0.207243 64.4444
0.203932 0.0555062 0.97741 74.9544 0.0334874 0.997411 -0.063629 -4.52161 -0.978412 0.045707 0.201546 64.6063
0.202325 0.0540992 0.977823 75.5112 0.0352409 0.997423 -0.0624754 -4.55405 -0.978684 0.0470997 0.199897 64.7159
0.202402 0.0519004 0.977926 76.0721 0.0417109 0.99723 -0.0615579 -4.58988 -0.978414 0.0532497 0.199677 64.8289
0.204044 0.0495525 0.977707 76.6173 0.0470921 0.997064 -0.0603616 -4.62125 -0.977828 0.0583588 0.201112 64.9227
0.204291 0.049377 0.977664 77.1389 0.0489465 0.996961 -0.0605795 -4.65255 -0.977686 0.0602291 0.201254 65.0468
0.206842 0.0486066 0.977166 77.6988 0.0470963 0.997111 -0.0595679 -4.6891 -0.97724 0.0583421 0.203956 65.1888
0.21059 0.049689 0.976311 78.2634 0.0455472 0.997123 -0.0605729 -4.72526 -0.976513 0.0572243 0.207722 65.3653
0.215772 0.0489897 0.975214 78.7922 0.04593 0.997125 -0.0602527 -4.7569 -0.975363 0.0577925 0.212902 65.4896
0.221954 0.0491636 0.973817 79.38 0.0444926 0.997176 -0.0604838 -4.78796 -0.974042 0.0567523 0.21914 65.6752
0.229366 0.0455664 0.972273 79.9232 0.0475925 0.997183 -0.0579612 -4.81131 -0.972176 0.0595672 0.226551 65.8099
0.237344 0.0451076 0.970378 80.506 0.0453057 0.997319 -0.0574413 -4.84022 -0.970369 0.057597 0.234665 65.9895
0.245784 0.045354 0.968263 81.0655 0.0440641 0.997348 -0.0579017 -4.86892 -0.968323 0.056897 0.243134 66.1447
0.25464 0.0486885 0.96581 81.6677 0.0395014 0.997373 -0.0606945 -4.90544 -0.966229 0.0536061 0.252048 66.338
0.262953 0.0515027 0.963433 82.2384 0.0356757 0.997371 -0.0630541 -4.936 -0.964149 0.0509515 0.260425 66.5009
0.272157 0.0538396 0.960746 82.951 0.0326452 0.997341 -0.0651381 -4.98045 -0.961699 0.0490916 0.269676 66.825
0.282091 0.0549353 0.957814 83.532 0.0323198 0.997247 -0.0667158 -5.01561 -0.958843 0.0497763 0.279539 66.9811
0.290836 0.0559933 0.955133 84.1574 0.0286731 0.997326 -0.0671978 -5.05835 -0.956343 0.0469302 0.288453 67.2111
0.300501 0.0566764 0.952096 84.778 0.0279882 0.997278 -0.0681997 -5.09273 -0.953371 0.0471416 0.298097 67.4101
0.310548 0.0568952 0.948854 85.4404 0.0253239 0.997356 -0.0680918 -5.13001 -0.950221 0.0451745 0.308287 67.6543
0.320565 0.0516845 0.945816 86.1198 0.0265665 0.997626 -0.06352 -5.16987 -0.946854 0.0454893 0.318431 67.9227
0.33182 0.0446773 0.942284 86.7517 0.0307051 0.997836 -0.058124 -5.19867 -0.942843 0.0482197 0.329731 68.0894
0.341577 0.0406392 0.938975 87.4269 0.0328405 0.997937 -0.0551378 -5.23019 -0.93928 0.0496703 0.339538 68.3537
0.351149 0.0367533 0.935598 88.1392 0.0335725 0.998091 -0.0518088 -5.2631 -0.935718 0.049603 0.349246 68.6724
0.360116 0.0346168 0.932265 88.8203 0.039694 0.997837 -0.0523847 -5.28947 -0.932063 0.05587 0.357964 68.9244
0.368235 0.0305038 0.929232 89.5046 0.045766 0.997654 -0.050886 -5.30185 -0.928606 0.0612653 0.365975 69.1869
0.37473 0.0210835 0.926894 90.2051 0.0557122 0.997422 -0.0452115 -5.33081 -0.925459 0.0685815 0.37259 69.4501
0.38101 0.0176863 0.924402 90.9151 0.0606976 0.997181 -0.0440966 -5.34768 -0.922577 0.0729103 0.378863 69.7484
0.387321 0.0161775 0.921803 91.6169 0.0643754 0.99693 -0.0445451 -5.39643 -0.919695 0.0765948 0.385091 70.0411
0.395337 0.0221894 0.918268 92.4187 0.0666348 0.99638 -0.052765 -5.4316 -0.916116 0.0820486 0.392428 70.408
0.401895 0.0258261 0.915321 93.1274 0.0712373 0.99569 -0.0593724 -5.47067 -0.91291 0.0890666 0.398324 70.7129
0.406556 0.0283905 0.913185 93.8599 0.0689796 0.995709 -0.0616664 -5.5128 -0.911018 0.088062 0.402854 71.053
0.410293 0.0311472 0.911422 94.5631 0.0615236 0.996193 -0.0617402 -5.53891 -0.909876 0.0814056 0.406815 71.3906
0.413608 0.0335261 0.909838 95.3653 0.0547066 0.9966 -0.0615926 -5.63245 -0.90881 0.0752494 0.410368 71.8362
0.416049 0.0354778 0.90865 96.1343 0.0538972 0.996519 -0.0635869 -5.72185 -0.907744 0.075429 0.412689 72.2609
0.419674 0.0386676 0.906851 96.918 0.0501298 0.996579 -0.0656928 -5.81876 -0.906289 0.0730299 0.416301 72.6861
0.423173 0.0435043 0.905004 97.6245 0.0449834 0.996605 -0.0689416 -5.85592 -0.904932 0.0698844 0.41978 73.0312
0.427573 0.042991 0.902958 98.2946 0.0427167 0.996791 -0.067686 -5.90043 -0.902971 0.0675121 0.424365 73.3255
0.432417 0.0399839 0.900787 99.0033 0.0441652 0.996877 -0.0654504 -5.94845 -0.900592 0.0680853 0.429301 73.6642
0.43603 0.0380593 0.899127 99.6483 0.0434709 0.997047 -0.0632853 -5.98722 -0.898882 0.0666802 0.433088 73.951
0.440366 0.0377805 0.897023 100.314 0.0423309 0.997128 -0.0627778 -6.0301 -0.89682 0.065617 0.437503 74.2698
0.443692 0.0395841 0.895305 100.972 0.0399483 0.997156 -0.0638847 -6.08473 -0.895289 0.0641111 0.440849 74.6213
0.446347 0.0402856 0.893953 101.582 0.0405833 0.997046 -0.0651946 -6.12872 -0.893939 0.065379 0.443394 74.9161
0.447843 0.0382686 0.893293 102.224 0.0432736 0.996984 -0.0644056 -6.17231 -0.893065 0.0674997 0.444836 75.2654
0.449954 0.0370186 0.892284 102.831 0.0455609 0.996887 -0.0643334 -6.2162 -0.891889 0.0696004 0.446867 75.5635
0.451736 0.0366793 0.891398 103.451 0.0449432 0.996949 -0.0637986 -6.26037 -0.891019 0.0688824 0.448709 75.8854
0.45463 0.0358038 0.889961 104.029 0.046931 0.996839 -0.064078 -6.29944 -0.889443 0.0708986 0.451514 76.1502
0.457709 0.0374916 0.888312 104.61 0.0467985 0.996708 -0.0661799 -6.34089 -0.88787 0.0718628 0.454449 76.4381
0.460873 0.0373623 0.88668 105.184 0.0498999 0.996441 -0.0679241 -6.38289 -0.886062 0.0755496 0.457369 76.7154
0.464171 0.0365694 0.88499 105.766 0.051908 0.996306 -0.0683947 -6.42806 -0.884223 0.077685 0.460559 77.0272
0.467598 0.0345231 0.883267 106.329 0.0556428 0.996104 -0.0683906 -6.46849 -0.882188 0.0811268 0.463856 77.3131
0.471496 0.0330238 0.88125 106.867 0.0579423 0.995978 -0.0683241 -6.50656 -0.879963 0.0832762 0.467687 77.5792
0.474796 0.0323991 0.879499 107.413 0.0594709 0.995856 -0.0687908 -6.54951 -0.878084 0.0849662 0.470903 77.8967
0.47891 0.0315541 0.877297 107.91 0.0602596 0.995814 -0.0687123 -6.58389 -0.875793 0.0857726 0.475005 78.1258
0.482693 0.0311274 0.875236 108.434 0.0616868 0.995676 -0.0694312 -6.62394 -0.873614 0.0875046 0.478687 78.4101
0.486552 0.0326378 0.873042 108.942 0.0609222 0.9956 -0.0711719 -6.66585 -0.871525 0.0878165 0.482424 78.7077
0.490474 0.0326234 0.870845 109.448 0.0634079 0.995313 -0.0729986 -6.70792 -0.869146 0.0910224 0.486107 79.0027
0.49539 0.0359826 0.867925 109.943 0.0610742 0.995225 -0.0761199 -6.75096 -0.866521 0.0907169 0.490828 79.2791
0.501165 0.0416559 0.864349 110.44 0.0575735 0.995021 -0.0813357 -6.79721 -0.863435 0.0905262 0.496272 79.5748
0.507034 0.0485812 0.860556 110.918 0.0523455 0.99483 -0.0870031 -6.84262 -0.860335 0.0891597 0.50187 79.8806
0.512461 0.0546909 0.856968 111.358 0.0470922 0.994676 -0.0916402 -6.88992 -0.857419 0.0873185 0.507158 80.178
0.518433 0.0592138 0.853066 111.857 0.0434098 0.994489 -0.0954119 -6.94389 -0.854016 0.0864961 0.513006 80.5163
0.524178 0.0595161 0.849527 112.362 0.0390387 0.994825 -0.0937833 -6.99632 -0.850714 0.0823235 0.519143 80.8412
0.530054 0.0585466 0.845941 112.87 0.032789 0.995451 -0.0894393 -7.04871 -0.84733 0.0751453 0.525724 81.1772
0.536048 0.0561277 0.84232 113.378 0.0259739 0.996217 -0.0829123 -7.11436 -0.843788 0.0663233 0.532563 81.5216
0.541179 0.0545708 0.839135 113.894 0.0180086 0.99691 -0.0764456 -7.18916 -0.840715 0.0564824 0.538525 81.9023
0.547783 0.0524075 0.834978 114.391 0.0146836 0.997279 -0.0722275 -7.2488 -0.836492 0.0518255 0.545524 82.218
0.553869 0.0559356 0.830723 114.903 0.00918433 0.997268 -0.0732733 -7.29501 -0.832554 0.0482134 0.551843 82.5872
0.559778 0.0597416 0.826487 115.431 0.00523867 0.997121 -0.075624 -7.34356 -0.828626 0.0466623 0.557854 82.9857
0.566335 0.0628984 0.821772 115.955 0.00222812 0.996962 -0.0778431 -7.39624 -0.824172 0.0459162 0.564475 83.3403
0.572642 0.0648192 0.81724 116.506 -0.000242053 0.996881 -0.078898 -7.44881 -0.819806 0.0449824 0.570872 83.7487
0.579187 0.0652846 0.812577 117.051 -0.00342542 0.996973 -0.077658 -7.50681 -0.815188 0.0421951 0.577658 84.158
0.585657 0.0665846 0.80782 117.627 -0.00907532 0.997095 -0.0756063 -7.57043 -0.810508 0.0369481 0.584561 84.6253
0.593577 0.0640112 0.802228 118.173 -0.0105126 0.997362 -0.071803 -7.63779 -0.804709 0.034187 0.592685 84.9896
0.601186 0.0619086 0.796708 118.772 -0.0112551 0.99755 -0.0690223 -7.69335 -0.79903 0.0325282 0.600411 85.466
0.610601 0.061753 0.789527 119.396 -0.0112633 0.99753 -0.0693113 -7.73662 -0.791858 0.0334288 0.60979 85.9275
0.620425 0.0632667 0.781711 120.03 -0.0150754 0.997517 -0.0687679 -7.79109 -0.784121 0.0308806 0.619839 86.4115
0.629595 0.0635643 0.774319 120.627 -0.0161072 0.9975 -0.0687889 -7.84477 -0.776756 0.030837 0.629046 86.8705
0.636342 0.0639671 0.768751 121.217 -0.017493 0.997495 -0.0685208 -7.8913 -0.771209 0.0301549 0.635868 87.3895
0.640674 0.0628411 0.765238 121.801 -0.0170137 0.997561 -0.0676754 -7.93428 -0.767624 0.0303383 0.640182 87.9213
0.644267 0.0610871 0.762358 122.416 -0.015508 0.997642 -0.0668347 -7.9794 -0.764644 0.0312366 0.643696 88.4583
0.648289 0.0587371 0.759126 123.027 -0.0123196 0.997697 -0.0666758 -8.02411 -0.761295 0.033873 0.647521 88.9795
0.652047 0.054809 0.756195 123.685 -0.00661491 0.997755 -0.0666136 -8.06711 -0.75815 0.038433 0.650947 89.5534
0.655222 0.0475419 0.75394 124.301 0.00130323 0.997944 -0.0640611 -8.13756 -0.755436 0.0429567 0.653814 90.0916
0.658449 0.0409399 0.751512 124.94 0.0067206 0.998158 -0.0602649 -8.20225 -0.752596 0.0447319 0.656962 90.6572
0.660884 0.0355007 0.749649 125.569 0.0118342 0.998262 -0.0577073 -8.25433 -0.750396 0.0470092 0.659316 91.2237
0.663725 0.0338623 0.74721 126.197 0.0119456 0.998366 -0.0558553 -8.30492 -0.747882 0.0459984 0.662237 91.7931
0.665245 0.0347949 0.745815 126.816 0.0117142 0.998303 -0.0570233 -8.35383 -0.746534 0.0466711 0.663709 92.3913
0.668532 0.0393651 0.742642 127.472 0.00634645 0.998258 -0.0586278 -8.40094 -0.743657 0.0439076 0.667118 93.0141
0.671367 0.0425704 0.739902 128.139 0.00031054 0.998331 -0.0577212 -8.45046 -0.741125 0.0389818 0.670234 93.6635
0.67376 0.0389379 0.737924 128.772 0.00023005 0.998598 -0.0529031 -8.50583 -0.73895 0.0358137 0.672808 94.2443
0.677892 0.0356664 0.734296 129.437 -0.00298936 0.998946 -0.0457614 -8.55741 -0.735156 0.0288262 0.677286 94.855
0.681032 0.0298005 0.731648 130.076 -0.00253191 0.99926 -0.038344 -8.61182 -0.732249 0.0242609 0.680605 95.4602
0.685333 0.025246 0.727793 130.73 -0.000678813 0.999419 -0.0340293 -8.66312 -0.72823 0.0228272 0.684953 96.0961
0.689111 0.021592 0.724335 131.364 0.00540477 0.999374 -0.0349329 -8.70345 -0.724637 0.0279874 0.688563 96.7134
0.693838 0.0195419 0.719867 132.011 0.0149035 0.999026 -0.0414848 -8.72847 -0.719978 0.0395122 0.692872 97.2998
0.698325 0.0210574 0.715472 132.697 0.0206367 0.998558 -0.0495315 -8.76686 -0.715483 0.049354 0.696885 98.0104
0.703178 0.0215735 0.710687 133.367 0.0235736 0.998281 -0.0536284 -8.80779 -0.710623 0.0544637 0.701462 98.7012
0.708306 0.0183414 0.705668 134.019 0.0249661 0.998385 -0.0510091 -8.84594 -0.705465 0.0537478 0.706705 99.3557
0.713746 0.0126736 0.700291 134.706 0.0299985 0.998364 -0.0486432 -8.89168 -0.699762 0.0557264 0.712199 100.108
0.718617 0.00884229 0.695351 135.326 0.0353067 0.998164 -0.0491812 -8.92996 -0.69451 0.0598929 0.716986 100.675
0.723094 0.010762 0.690667 135.999 0.0372188 0.997817 -0.0545145 -8.98657 -0.689747 0.0651248 0.721116 101.432
0.726824 0.0117476 0.686724 136.644 0.0366812 0.997761 -0.0558918 -9.03457 -0.685844 0.0658133 0.724767 102.092
0.730188 0.00920081 0.683186 137.291 0.0387068 0.997745 -0.0548071 -9.08536 -0.68215 0.0664633 0.728186 102.79
0.732271 0.00310362 0.681007 137.926 0.0427329 0.997808 -0.0504974 -9.13225 -0.679671 0.0660792 0.730535 103.447
0.733353 -0.00112149 0.679849 138.58 0.0458628 0.997801 -0.0478265 -9.17856 -0.6783 0.0662534 0.731792 104.161
0.734593 -0.00577476 0.678484 139.244 0.0488955 0.997813 -0.0444467 -9.23134 -0.676744 0.065825 0.73327 104.838
0.734919 -0.00698258 0.67812 139.9 0.0488992 0.997888 -0.0427199 -9.28491 -0.676391 0.0645551 0.733709 105.57
0.734673 -0.00534574 0.678401 140.538 0.0441136 0.998228 -0.0399071 -9.37497 -0.676986 0.0592453 0.733608 106.273
0.734576 -0.00264499 0.678522 141.187 0.0402921 0.998396 -0.0397291 -9.45014 -0.677329 0.0565231 0.733506 106.976
0.733518 0.00124086 0.67967 141.821 0.0350629 0.998596 -0.0396642 -9.5083 -0.678765 0.0529255 0.732446 107.66
0.731486 0.00559904 0.681834 142.465 0.0298353 0.998744 -0.0402096 -9.56668 -0.681204 0.0497554 0.730402 108.354
0.729841 0.00846118 0.683566 143.125 0.0251531 0.998912 -0.0392207 -9.60944 -0.683155 0.0458186 0.728835 109.076
0.727824 0.00973676 0.685697 143.785 0.0227914 0.999002 -0.0383775 -9.65154 -0.685386 0.0435599 0.726876 109.773
0.72659 0.00811467 0.687024 144.447 0.023034 0.999079 -0.0361613 -9.68727 -0.686685 0.0420993 0.725735 110.432
0.72498 0.00630907 0.688742 145.108 0.0225372 0.999204 -0.0328763 -9.71841 -0.688401 0.0393569 0.724262 111.123
0.722562 0.00171875 0.691305 145.765 0.0272462 0.999147 -0.0309626 -9.74653 -0.690769 0.0412077 0.721901 111.789
0.719956 0.00593452 0.693995 146.409 0.0266159 0.99899 -0.0361545 -9.7719 -0.693509 0.0445009 0.719073 112.427
0.717805 0.0151348 0.696081 147.075 0.0219585 0.998773 -0.0443602 -9.80826 -0.695899 0.0471268 0.716592 113.104
0.715146 0.0221678 0.698625 147.763 0.0186918 0.998531 -0.050818 -9.83974 -0.698726 0.0494008 0.713683 113.838
0.713373 0.0204523 0.700487 148.387 0.0178126 0.99872 -0.0473004 -9.86308 -0.700559 0.0462202 0.712097 114.359
0.710527 0.0187538 0.703421 149.137 0.0147384 0.999027 -0.0415225 -9.9086 -0.703516 0.0398701 0.709561 115.14
0.707225 0.017068 0.706783 149.809 0.0124419 0.999251 -0.0365807 -9.94941 -0.706879 0.0346644 0.706485 115.816
0.703782 0.0167789 0.710219 150.484 0.0129002 0.999252 -0.036391 -9.98712 -0.710299 0.0347732 0.703041 116.508
0.702931 0.0142146 0.711117 151.18 0.0152637 0.999267 -0.0350627 -10.0236 -0.711095 0.0355009 0.7022 117.086
0.70156 0.0129257 0.712494 151.876 0.019721 0.999098 -0.0375438 -10.0478 -0.712337 0.0403902 0.700674 117.698
0.697945 0.0118533 0.716054 152.541 0.0233995 0.99895 -0.0393442 -10.0823 -0.715769 0.0442153 0.696936 118.327
0.694294 0.0117854 0.719595 153.213 0.0266395 0.998758 -0.0420606 -10.1151 -0.719198 0.048372 0.69312 118.956
0.690972 0.0118968 0.722784 153.89 0.0263737 0.998782 -0.0416528 -10.1481 -0.7224 0.0478434 0.689818 119.581
0.685844 0.0132021 0.727629 154.567 0.024318 0.99886 -0.041045 -10.186 -0.727342 0.0458448 0.684743 120.284
0.681654 0.0117492 0.731581 155.231 0.026477 0.998818 -0.0407114 -10.2098 -0.731195 0.0471211 0.680539 120.834
0.676792 0.014172 0.736038 155.92 0.0240198 0.998855 -0.041319 -10.2391 -0.735782 0.0456438 0.675679 121.442
0.671406 0.0210101 0.740793 156.631 0.0203603 0.998696 -0.0467781 -10.2725 -0.74081 0.0464897 0.670104 122.093
0.666341 0.0258168 0.745201 157.332 0.0183809 0.998526 -0.051029 -10.3045 -0.745421 0.0477001 0.664886 122.708
0.660839 0.0278487 0.750012 158.034 0.018665 0.998391 -0.0535173 -10.34 -0.750296 0.0493652 0.659257 123.318
0.653921 0.0226747 0.756224 158.724 0.0179677 0.998802 -0.0454854 -10.3682 -0.75635 0.0433313 0.652731 123.923
0.647277 0.0192736 0.762012 159.432 0.0116568 0.999311 -0.0351775 -10.4062 -0.762166 0.0316521 0.646608 124.551
0.640035 0.0145706 0.768208 160.133 0.0117633 0.999515 -0.0287586 -10.4379 -0.768256 0.027443 0.639555 125.147
0.63206 0.0169207 0.774735 160.887 0.00523801 0.999644 -0.0261064 -10.465 -0.774902 0.0205588 0.631748 125.841
0.625578 0.0179859 0.779955 161.638 0.00604964 0.999591 -0.0279032 -10.4983 -0.780138 0.022174 0.625214 126.333
0.620414 0.0174395 0.784082 162.377 0.0112244 0.999451 -0.0311115 -10.5345 -0.784195 0.0281027 0.619879 126.778
0.613634 0.0257564 0.789171 163.145 0.0120543 0.999044 -0.0419793 -10.5579 -0.789499 0.0352727 0.612738 127.369
0.606416 0.0269138 0.794693 163.974 0.0156434 0.998828 -0.0457646 -10.5772 -0.794994 0.040184 0.605285 128.031
0.598792 0.0221727 0.800599 164.707 0.0190376 0.998938 -0.0419048 -10.6156 -0.800679 0.0403336 0.597735 128.587
0.591738 0.0157306 0.805978 165.485 0.0237105 0.999036 -0.0369068 -10.6477 -0.805782 0.0409492 0.590795 129.122
0.585183 0.0145757 0.810771 166.289 0.0245264 0.999061 -0.035663 -10.6801 -0.81053 0.0407546 0.584277 129.69
0.57792 0.0163393 0.81593 167 0.0230837 0.99907 -0.0363571 -10.7082 -0.815767 0.0398461 0.577007 130.176
0.570459 0.0138541 0.82121 167.837 0.02794 0.99895 -0.0362615 -10.7438 -0.820851 0.0436302 0.569474 130.849
0.564146 0.00734276 0.825643 168.638 0.0337253 0.998919 -0.0319279 -10.778 -0.824986 0.045857 0.56329 131.452
0.558709 0.00455521 0.829352 169.382 0.0341391 0.999009 -0.0284857 -10.8115 -0.828661 0.0442285 0.558001 131.957
0.554176 0.00292909 0.832395 170.171 0.0329757 0.99913 -0.0254699 -10.8434 -0.831746 0.0415635 0.553599 132.508
0.54954 0.00469458 0.835455 170.981 0.0326337 0.999099 -0.0270799 -10.8721 -0.83483 0.0421454 0.548893 133.074
0.546294 0.0074456 0.837561 171.652 0.0336844 0.998954 -0.030851 -10.8876 -0.836916 0.0450664 0.545473 133.441
0.543766 0.013327 0.839132 172.406 0.033028 0.998758 -0.0372648 -10.9101 -0.838587 0.0479781 0.542651 133.923
0.540969 0.0160924 0.840889 173.208 0.0309485 0.998757 -0.0390239 -10.935 -0.840473 0.0471349 0.5398 134.472
0.538938 0.0114821 0.842268 173.938 0.0318931 0.99891 -0.034025 -10.9541 -0.841741 0.0451998 0.537986 134.908
0.537272 0.00332457 0.843403 174.698 0.0361062 0.998983 -0.0269388 -10.9713 -0.842636 0.0449254 0.536607 135.385
0.535529 -0.00139965 0.844516 175.421 0.0410855 0.998856 -0.0243981 -10.9869 -0.843517 0.0477632 0.534975 135.795
0.533769 -0.00358224 0.845624 176.169 0.047166 0.998559 -0.0255419 -11.0038 -0.844314 0.053518 0.533169 136.259
0.53341 -0.00127434 0.845856 176.876 0.0487228 0.998383 -0.0292214 -11.0236 -0.844452 0.0567994 0.532611 136.653
0.533099 0.00579326 0.846034 177.597 0.0457101 0.998317 -0.0356389 -11.0564 -0.844817 0.0576713 0.531938 137.093
0.532367 0.0135305 0.846406 178.293 0.0441453 0.998066 -0.0437213 -11.0936 -0.845362 0.0606406 0.530741 137.509
0.531076 0.0141921 0.847206 178.974 0.0482034 0.997733 -0.0469306 -11.1224 -0.845952 0.0657619 0.529189 137.913
0.529223 0.00820436 0.848444 179.654 0.0480072 0.99806 -0.0395962 -11.1453 -0.847124 0.0616866 0.527804 138.339
0.52578 -0.000259045 0.850621 180.282 0.0430646 0.998724 -0.0263149 -11.1711 -0.849529 0.0504674 0.525122 138.713
0.522953 -0.00412737 0.852352 180.959 0.0358615 0.999207 -0.0171642 -11.2066 -0.851607 0.0395426 0.522688 139.185
0.52158 -0.00185325 0.853201 181.637 0.0326608 0.999306 -0.0177959 -11.2428 -0.852577 0.0371481 0.52128 139.607
0.520212 -0.000278045 0.854037 182.274 0.0354494 0.999143 -0.0212679 -11.262 -0.853301 0.0413388 0.519777 139.956
0.518445 0.00162229 0.85511 182.924 0.0361693 0.99906 -0.0238247 -11.2849 -0.854346 0.0432804 0.5179 140.343
0.516778 0.000481577 0.85612 183.56 0.0355843 0.999122 -0.0220419 -11.3053 -0.85538 0.0418551 0.516308 140.707
0.515508 -0.000109061 0.856885 184.202 0.0344249 0.999193 -0.0205833 -11.3243 -0.856193 0.0401089 0.515098 141.08
0.514106 -0.00168567 0.857726 184.82 0.0348462 0.999211 -0.0189227 -11.3466 -0.857019 0.0396167 0.51376 141.449
0.511921 -0.0010498 0.859032 185.434 0.0360904 0.999141 -0.0202865 -11.3572 -0.858274 0.0413878 0.511521 141.813
0.508739 0.000100756 0.860921 186.034 0.0373999 0.999051 -0.0222177 -11.3723 -0.860108 0.0435013 0.508254 142.17
0.504429 0.00239694 0.86345 186.621 0.0366017 0.999036 -0.0241564 -11.3884 -0.862677 0.0437889 0.503857 142.536
0.499545 0.00405651 0.866279 187.18 0.0367341 0.998988 -0.0258611 -11.4085 -0.865508 0.0447407 0.498892 142.871
0.496186 0.00568441 0.868198 187.803 0.0369278 0.998933 -0.0276453 -11.4272 -0.86743 0.0457778 0.495448 143.204
0.490544 0.00762312 0.871384 188.398 0.0378316 0.99883 -0.0300355 -11.4549 -0.870595 0.0476995 0.489683 143.544
0.484728 0.0102857 0.874605 188.986 0.0391633 0.998671 -0.0334503 -11.4698 -0.873788 0.0504666 0.483682 143.849
0.478419 0.0121902 0.878047 189.587 0.0372893 0.998718 -0.0341834 -11.5013 -0.877339 0.0490956 0.477352 144.178
0.471904 0.0130001 0.881554 190.185 0.0332467 0.998916 -0.0325283 -11.5393 -0.881022 0.0446589 0.470962 144.53
0.466138 0.0138469 0.884604 190.821 0.029735 0.999065 -0.0313075 -11.5652 -0.884212 0.0408973 0.465292 144.848
0.460039 0.0141004 0.887787 191.45 0.0296341 0.999071 -0.0312241 -11.5906 -0.887404 0.040673 0.459195 145.162
0.452896 0.0172611 0.891397 192.079 0.028165 0.999034 -0.0336556 -11.6107 -0.891118 0.0403486 0.451974 145.491
0.446238 0.022414 0.894634 192.714 0.0254322 0.998963 -0.0377135 -11.619 -0.894552 0.0395816 0.445207 145.781
0.439459 0.025986 0.897887 193.398 0.0238162 0.998891 -0.040566 -11.6339 -0.897947 0.0392113 0.438354 146.11
0.432233 0.0286988 0.901306 194.053 0.0225495 0.998835 -0.0426184 -11.6543 -0.90148 0.038745 0.431083 146.421
0.425279 0.03101 0.904531 194.745 0.021865 0.998767 -0.044521 -11.679 -0.904798 0.0387114 0.424078 146.745
0.418005 0.0328841 0.90785 195.432 0.0205763 0.998743 -0.0456507 -11.71 -0.908211 0.0377624 0.416804 147.069
0.410562 0.0340183 0.911198 196.09 0.0235747 0.998572 -0.0479026 -11.73 -0.911528 0.0411482 0.409174 147.356
0.402006 0.0351707 0.914962 196.825 0.0226086 0.998574 -0.0483184 -11.7523 -0.915358 0.0401102 0.400638 147.704
0.393775 0.033008 0.918614 197.554 0.0231399 0.99868 -0.0458043 -11.7796 -0.918915 0.0392931 0.392493 148.033
0.385305 0.0305844 0.922283 198.276 0.0225928 0.998836 -0.0425619 -11.7988 -0.922513 0.0372361 0.384166 148.357
0.379061 0.0267232 0.924986 199.049 0.0226712 0.999013 -0.0381528 -11.8187 -0.925093 0.0354327 0.378082 148.681
0.372796 0.0241969 0.927598 199.798 0.0270148 0.998951 -0.0369155 -11.8227 -0.92752 0.0388207 0.371753 148.975
0.365587 0.019926 0.930564 200.536 0.0251593 0.999192 -0.0312799 -11.8359 -0.930437 0.0348478 0.364791 149.292
0.35907 0.0175091 0.933147 201.35 0.0259737 0.999247 -0.028744 -11.8179 -0.932949 0.0345583 0.358346 149.636
0.351594 0.0161211 0.936014 202.145 0.0329996 0.999015 -0.029602 -11.8271 -0.935571 0.0412959 0.350717 149.971
0.345583 0.0259175 0.938031 202.887 0.0314016 0.998737 -0.0391637 -11.8504 -0.937862 0.0429899 0.344334 150.226
0.34004 0.0373981 0.939667 203.716 0.0331017 0.998111 -0.051703 -11.8831 -0.939828 0.0486856 0.338161 150.545
0.335714 0.0458674 0.940847 204.6 0.03382 0.997581 -0.0607011 -11.9225 -0.941357 0.0521976 0.333351 150.846
0.333156 0.0363838 0.94217 205.449 0.048715 0.997254 -0.055737 -11.9912 -0.941612 0.064467 0.33047 151.03
0.327978 0.0279353 0.944272 206.361 0.0557032 0.997249 -0.0488504 -12.0455 -0.943041 0.0686209 0.325521 151.349
0.320303 0.0219893 0.94706 207.218 0.0611292 0.997165 -0.0438272 -12.0652 -0.945341 0.0719311 0.318052 151.703
0.315135 0.0276805 0.948644 208.074 0.058628 0.997095 -0.0485704 -12.1135 -0.947234 0.0709233 0.312598 152.01
0.311263 0.0366934 0.949616 209.053 0.0525135 0.997061 -0.0557397 -12.1644 -0.948871 0.0672174 0.308422 152.312
0.306403 0.0382353 0.951134 209.905 0.0545364 0.996844 -0.0576417 -12.1985 -0.950338 0.0695331 0.303352 152.603
0.300388 0.0323908 0.953267 210.823 0.0586672 0.996901 -0.0523605 -12.2228 -0.952011 0.071654 0.297558 152.926
0.294363 0.029932 0.955225 211.686 0.0540649 0.997385 -0.0479139 -12.2671 -0.954163 0.0657482 0.291976 153.202
0.288085 0.0317365 0.957079 212.591 0.0523983 0.997429 -0.0488468 -12.3042 -0.95617 0.0642214 0.285682 153.484
0.282467 0.0362647 0.958592 213.514 0.04946 0.997403 -0.0523075 -12.3483 -0.958001 0.0621871 0.279941 153.765
0.277771 0.0372676 0.959925 214.407 0.0495402 0.99736 -0.0530565 -12.3922 -0.959369 0.0622924 0.275192 153.984
0.275111 0.038009 0.960661 215.361 0.0508436 0.997242 -0.054017 -12.4139 -0.960067 0.0637041 0.272421 154.213
0.274206 0.0382677 0.96091 216.348 0.051009 0.99722 -0.0542699 -12.4286 -0.960317 0.0638961 0.271493 154.445
0.282261 0.043406 0.958356 217.261 0.051275 0.996863 -0.0602521 -12.3775 -0.957966 0.0661465 0.279151 154.545
0.281548 0.0421215 0.958623 218.236 0.0481806 0.997153 -0.0579654 -12.4648 -0.958336 0.0625071 0.278718 154.798
0.278591 0.0418628 0.959497 219.186 0.0421317 0.997553 -0.0557564 -12.5259 -0.959485 0.0559585 0.276147 155.087
0.277181 0.0398403 0.959992 220.197 0.0413431 0.997718 -0.0533432 -12.5717 -0.959927 0.0544747 0.274902 155.361
0.276357 0.0398272 0.96023 221.113 0.0340836 0.998104 -0.0512076 -12.6456 -0.96045 0.0468796 0.274476 155.621
0.275678 0.0437338 0.960255 222.094 0.0273299 0.998202 -0.0533084 -12.69 -0.960861 0.0409395 0.273988 155.887
0.274613 0.0455554 0.960475 223.033 0.0249542 0.998201 -0.0544796 -12.7369 -0.96123 0.0389287 0.272983 156.152
0.272965 0.0464457 0.960902 223.964 0.0216411 0.998282 -0.0544003 -12.7942 -0.96178 0.0356444 0.271493 156.419
0.271631 0.0459061 0.961306 224.92 0.0183613 0.99843 -0.0528674 -12.8485 -0.962226 0.0320112 0.270363 156.687
0.271013 0.0399394 0.961747 225.849 0.0241238 0.998541 -0.0482654 -12.8852 -0.962273 0.0362816 0.269655 156.939
0.267682 0.0402993 0.962665 226.799 0.0245182 0.998514 -0.0486178 -12.9101 -0.963195 0.0366169 0.266297 157.25
0.267526 0.0406046 0.962695 227.773 0.0247604 0.99849 -0.0489953 -12.9572 -0.963232 0.0369442 0.266118 157.493
0.266365 0.0483584 0.962659 228.765 0.0242544 0.998086 -0.0568494 -12.9876 -0.963567 0.0384914 0.264683 157.775
0.267105 0.0498627 0.962377 229.735 0.026454 0.997902 -0.0590458 -13.0307 -0.963304 0.0412301 0.265227 157.996
0.263984 0.0524593 0.9631 230.653 0.0219356 0.997933 -0.0603693 -13.0823 -0.964277 0.0370627 0.262289 158.265
0.261838 0.0491182 0.963862 231.607 0.0195636 0.998226 -0.0561842 -13.1286 -0.964913 0.0335678 0.260414 158.524
0.260267 0.0435345 0.964555 232.575 0.0197615 0.998531 -0.0504005 -13.1745 -0.965334 0.0321786 0.259025 158.765
0.258172 0.0396817 0.965284 233.571 0.0198032 0.998726 -0.0463532 -13.2126 -0.965896 0.0310827 0.257058 159.012
0.255332 0.0417817 0.965951 234.507 0.0163355 0.998734 -0.0475179 -13.2349 -0.966715 0.027912 0.254327 159.248
0.253502 0.0451126 0.966283 235.432 0.0140261 0.998633 -0.0503028 -13.2467 -0.967233 0.026305 0.252523 159.468
0.249066 0.046305 0.967379 236.359 0.0137343 0.998585 -0.051335 -13.2822 -0.968389 0.026072 0.248078 159.72
0.243518 0.0463428 0.968789 237.282 0.0131011 0.998607 -0.0510625 -13.3186 -0.969808 0.0251267 0.242573 159.966
0.238701 0.045985 0.970004 238.224 0.0125053 0.998647 -0.0504204 -13.352 -0.971012 0.0241655 0.237804 160.197
0.235052 0.0459297 0.970897 239.162 0.010911 0.998693 -0.0498864 -13.3888 -0.971921 0.0223193 0.234244 160.417
0.231056 0.0473526 0.971788 240.075 0.00910722 0.998663 -0.0508278 -13.4279 -0.972897 0.0205943 0.230317 160.638
0.227856 0.0487705 0.972473 241.005 0.00667728 0.99864 -0.0516475 -13.4654 -0.973672 0.0182616 0.227221 160.859
0.224865 0.0480536 0.973205 242.004 0.00447517 0.998719 -0.0503476 -13.5059 -0.974379 0.0156766 0.224363 161.088
0.221864 0.0492552 0.973833 242.918 0.000334366 0.998717 -0.0505902 -13.5467 -0.975077 0.0115497 0.221564 161.302
0.219966 0.0530464 0.974065 243.823 -0.00270417 0.998547 -0.0537692 -13.6028 -0.975504 0.00919325 0.21979 161.509
0.216938 0.0625264 0.974181 244.743 -0.00963025 0.998032 -0.0619129 -13.5728 -0.976137 0.00404959 0.217115 161.732
0.215855 0.0669393 0.974129 245.64 -0.0137295 0.997754 -0.0655207 -13.5895 -0.976329 0.000768586 0.21629 161.924
0.212136 0.0654639 0.975045 246.534 -0.0163342 0.997849 -0.0634414 -13.633 -0.977103 -0.00246845 0.21275 162.143
0.208008 0.063243 0.976081 247.459 -0.0167787 0.997989 -0.061087 -13.6757 -0.977983 -0.00367091 0.208652 162.359
0.204132 0.0613942 0.977017 248.382 -0.0177146 0.998097 -0.0590179 -13.7175 -0.978783 -0.00526015 0.204832 162.571
0.200106 0.0613339 0.977853 249.358 -0.0189515 0.998092 -0.0587253 -13.7649 -0.979591 -0.00678062 0.200888 162.773
0.194164 0.0620035 0.979008 250.237 -0.0193872 0.998045 -0.0593645 -13.8094 -0.980777 -0.00745388 0.194987 162.995
0.189488 0.065209 0.979716 251.186 -0.0216885 0.997824 -0.0622197 -13.8518 -0.981643 -0.00945879 0.190491 163.191
0.184677 0.0690077 0.980374 252.17 -0.0231409 0.997558 -0.0658583 -13.896 -0.982526 -0.0105243 0.185824 163.386
0.179286 0.0637233 0.981731 253.073 -0.0135109 0.997963 -0.0623096 -13.9468 -0.983704 -0.00209299 0.179783 163.551
0.175548 0.0583699 0.982739 253.991 -0.0127057 0.998289 -0.0570241 -14.0013 -0.984389 -0.00247606 0.17599 163.702
0.170008 0.0589114 0.983681 254.899 -0.0107807 0.99826 -0.0579216 -14.0558 -0.985384 -0.000757724 0.170348 163.862
0.164749 0.0716577 0.98373 255.79 -0.00911288 0.997423 -0.0711292 -14.1002 -0.986293 0.00275375 0.164978 164.022
0.160617 0.0822365 0.983585 256.705 -0.00719775 0.996591 -0.0821488 -14.1696 -0.98699 0.00611481 0.160662 164.138
0.154839 0.086637 0.984134 257.606 -0.007368 0.996218 -0.0865418 -14.223 -0.987912 0.00614889 0.154893 164.285
0.15063 0.0823911 0.985151 258.474 -0.010543 0.996595 -0.0817365 -14.2775 -0.988534 0.00192547 0.150987 164.384
0.146034 0.0762258 0.986339 259.386 -0.0122801 0.997087 -0.0752385 -14.3376 -0.989203 -0.00112501 0.146546 164.521
0.141169 0.0718047 0.987378 260.306 -0.0130529 0.997412 -0.0706684 -14.3962 -0.989899 -0.00291209 0.141742 164.656
0.13493 0.0720495 0.988232 261.218 -0.016414 0.997376 -0.0704752 -14.455 -0.990719 -0.00671171 0.13576 164.807
0.128436 0.0700735 0.989239 262.088 -0.0196225 0.997482 -0.06811 -14.5131 -0.991523 -0.0106637 0.129489 164.915
0.120683 0.0654952 0.990529 262.975 -0.0230026 0.997735 -0.0631693 -14.5711 -0.992424 -0.0151614 0.121917 165.049
0.112611 0.0617859 0.991717 263.841 -0.0255208 0.997913 -0.0592742 -14.6422 -0.993311 -0.0186346 0.113954 165.174
0.106229 0.0638084 0.992293 264.767 -0.020215 0.997868 -0.0620031 -14.6818 -0.994136 -0.0134728 0.107293 165.275
0.100067 0.0678066 0.992668 265.641 -0.0154212 0.997658 -0.0665931 -14.7171 -0.994861 -0.00864444 0.100879 165.364
0.0925206 0.0727963 0.993047 266.489 -0.0167038 0.997294 -0.0715517 -14.7149 -0.995571 -0.00996779 0.0934869 165.468
0.0856586 0.0724864 0.993685 267.289 -0.0188579 0.997286 -0.0711238 -14.7434 -0.996146 -0.0126465 0.0867938 165.556
0.0788949 0.0703945 0.994395 268.195 -0.0192135 0.997423 -0.0690847 -14.7892 -0.996698 -0.0136555 0.0800448 165.65
0.0729126 0.0705177 0.994843 269.085 -0.0175965 0.99743 -0.0694117 -14.8214 -0.997183 -0.0124449 0.0739668 165.702
0.0675371 0.0729808 0.995045 269.889 -0.0170591 0.997257 -0.0719855 -14.8828 -0.997571 -0.012113 0.0685976 165.75
0.0635945 0.0757971 0.995094 270.877 -0.0162728 0.997055 -0.0749068 -14.9525 -0.997843 -0.0114294 0.0646413 165.82
0.0606617 0.0781579 0.995094 271.789 -0.0139657 0.996896 -0.0774483 -14.9921 -0.998061 -0.00919916 0.0615656 165.869
0.0579491 0.0769835 0.995347 272.694 -0.00852932 0.997021 -0.0766166 -15.0522 -0.998283 -0.00404988 0.0584338 165.929
0.0561399 0.0744698 0.995642 273.552 -0.00701975 0.997217 -0.0741919 -15.1147 -0.998398 -0.00282413 0.0565071 165.964
0.0545073 0.07372 0.995789 274.477 -0.00522336 0.997276 -0.0735444 -15.1628 -0.9985 -0.00119276 0.0547445 166.008
0.0531438 0.073359 0.995889 275.39 -0.00387327 0.997303 -0.0732567 -15.2099 -0.998579 3.5689e-05 0.0532852 166.06
0.0525511 0.0746609 0.995824 276.293 -0.00134612 0.997203 -0.0746935 -15.2727 -0.998617 0.00258464 0.0525052 166.103
0.0524647 0.0761238 0.995718 277.172 0.000604776 0.997085 -0.0762604 -15.3345 -0.998622 0.00460308 0.0522664 166.142
0.0526245 0.0774168 0.99561 278.026 0.00399006 0.996963 -0.0777332 -15.402 -0.998606 0.00806314 0.0521565 166.177
0.0539826 0.0792779 0.99539 278.887 0.00428824 0.996813 -0.079624 -15.4461 -0.998533 0.00856671 0.0534712 166.208
0.0543715 0.0796394 0.99534 279.746 0.00447249 0.996782 -0.0799993 -15.5137 -0.998511 0.00880127 0.053841 166.263
0.0559595 0.0791497 0.995291 280.583 0.00640558 0.996801 -0.0796302 -15.5852 -0.998412 0.0108314 0.0552741 166.314
0.0572072 0.0786944 0.995256 281.434 0.00679889 0.996832 -0.07921 -15.6429 -0.998339 0.011298 0.0564916 166.372
0.0590664 0.0763891 0.995327 282.276 0.00769019 0.997001 -0.0769741 -15.7142 -0.998224 0.0122008 0.0583025 166.434
0.0620606 0.0728947 0.995407 283.127 0.00758999 0.997263 -0.073504 -15.7819 -0.998043 0.0121168 0.0613382 166.487
0.0651597 0.0710996 0.995339 283.983 0.00586181 0.997411 -0.0716316 -15.826 -0.997857 0.0105019 0.0645749 166.561
0.068153 0.0692363 0.99527 284.772 0.00376681 0.997561 -0.0696538 -15.881 -0.997668 0.00849603 0.0677267 166.624
0.0723265 0.0694346 0.994962 285.589 -0.00118242 0.997576 -0.0695313 -15.9379 -0.99738 0.00385241 0.072234 166.689
0.0761186 0.0707079 0.994589 286.362 -0.00334439 0.997492 -0.0706586 -15.9933 -0.997093 0.00205205 0.0761649 166.756
0.0801924 0.0703678 0.994293 287.119 -0.00318354 0.997515 -0.0703393 -16.046 -0.996774 0.00247522 0.0802178 166.82
0.0835292 0.0678133 0.994196 287.885 -0.00339573 0.997693 -0.0677667 -16.0969 -0.996499 0.00228438 0.0835674 166.891
0.0871151 0.0645986 0.994102 288.624 -0.00582338 0.997908 -0.0643358 -16.1503 -0.996181 -0.000184509 0.0873098 166.951
0.0907035 0.062936 0.993888 289.333 -0.00876196 0.99801 -0.0623977 -16.1992 -0.995839 -0.00304883 0.0910752 167.009
0.0950518 0.0634781 0.993447 290.086 -0.00805523 0.997978 -0.0629972 -16.2531 -0.99544 -0.00201454 0.0953717 167.08
0.0997617 0.0646409 0.99291 290.74 -0.00652826 0.997906 -0.0643105 -16.2895 -0.99499 -6.6345e-05 0.0999755 167.132
0.103764 0.0667025 0.992363 291.453 -0.00705749 0.99777 -0.0663283 -16.3318 -0.994577 -0.000121217 0.104004 167.199
0.108204 0.0700588 0.991657 292.131 -0.00933775 0.997538 -0.0694556 -16.3781 -0.994085 -0.00174458 0.108593 167.266
0.112674 0.0707451 0.991111 292.787 -0.01246 0.997481 -0.0697836 -16.4182 -0.993554 -0.00448658 0.113272 167.323
0.11586 0.072207 0.990638 293.454 -0.0171615 0.997348 -0.0706892 -16.4587 -0.993117 -0.00881086 0.116793 167.412
0.119052 0.0726046 0.99023 294.066 -0.0194794 0.997299 -0.0707812 -16.5071 -0.992697 -0.0108626 0.120146 167.494
0.122371 0.0724203 0.989839 294.684 -0.0220477 0.997283 -0.0702396 -16.5609 -0.992239 -0.0132285 0.123636 167.581
0.125989 0.0737099 0.98929 295.303 -0.023685 0.997172 -0.0712811 -16.6124 -0.991749 -0.0144509 0.127379 167.658
0.129353 0.0765905 0.988637 295.88 -0.026842 0.996915 -0.0737201 -16.6641 -0.991235 -0.0170012 0.13101 167.735
0.130544 0.075683 0.98855 296.455 -0.0311687 0.996899 -0.0722065 -16.7339 -0.990952 -0.0213858 0.132499 167.837
0.134771 0.0757385 0.987978 297.027 -0.0292508 0.996941 -0.0724357 -16.7568 -0.990445 -0.019137 0.136575 167.899
0.138309 0.0744434 0.987588 297.557 -0.0325744 0.99697 -0.0705889 -16.8257 -0.989853 -0.0224071 0.140316 167.966
0.142068 0.0758523 0.986947 298.093 -0.0309708 0.996909 -0.0721601 -16.8355 -0.989372 -0.0203151 0.143979 168.025
0.147126 0.0778581 0.986049 298.635 -0.0312996 0.996761 -0.0740341 -16.8503 -0.988622 -0.0199708 0.149087 168.08
0.150039 0.0794738 0.985481 299.156 -0.0311172 0.996647 -0.0756369 -16.88 -0.98819 -0.0193171 0.152009 168.168
0.153463 0.0807586 0.984849 299.678 -0.0301615 0.99657 -0.0770202 -16.9151 -0.987694 -0.0178849 0.155373 168.24
0.156935 0.0824846 0.984159 300.161 -0.03106 0.996422 -0.0785599 -16.9491 -0.98712 -0.0182393 0.158937 168.302
0.158949 0.0837788 0.983726 300.663 -0.0316485 0.99631 -0.0797371 -16.9822 -0.986779 -0.0184594 0.161015 168.381
0.16123 0.0853503 0.98322 301.169 -0.032337 0.996172 -0.0811723 -17.0188 -0.986387 -0.0187071 0.163373 168.466
0.163297 0.0866592 0.982764 301.667 -0.0333563 0.996047 -0.0822882 -17.0572 -0.986013 -0.0193441 0.165543 168.529
0.164497 0.0875464 0.982485 302.169 -0.0319811 0.996 -0.0833963 -17.0931 -0.985859 -0.0177027 0.16664 168.606
0.165445 0.0880324 0.982283 302.667 -0.0324606 0.995951 -0.0837904 -17.1294 -0.985684 -0.0180229 0.167634 168.664
0.164294 0.0878014 0.982497 303.175 -0.0337382 0.995945 -0.0833618 -17.1607 -0.985834 -0.0194519 0.166591 168.766
0.163841 0.0870493 0.982639 303.681 -0.034321 0.995996 -0.0825103 -17.192 -0.985889 -0.0202067 0.166173 168.839
0.163363 0.0878352 0.982649 304.182 -0.0327137 0.99596 -0.0835868 -17.2286 -0.986023 -0.0184912 0.165577 168.898
0.163032 0.0908565 0.982429 304.693 -0.0299164 0.995745 -0.0871238 -17.2676 -0.986167 -0.0151869 0.165057 168.958
0.161596 0.0948308 0.982291 305.244 -0.0246933 0.995446 -0.0920388 -17.311 -0.986548 -0.00938305 0.163202 169.045
0.160873 0.0995363 0.981944 305.79 -0.0219176 0.995013 -0.0972707 -17.35 -0.986731 -0.00587374 0.162253 169.116
0.15957 0.102839 0.981816 306.338 -0.0231876 0.994672 -0.100417 -17.3885 -0.986914 -0.00674254 0.161105 169.192
0.158605 0.103387 0.981915 306.905 -0.0234234 0.994613 -0.100941 -17.4279 -0.987064 -0.00699011 0.160174 169.27
0.157578 0.100503 0.982379 307.452 -0.0185691 0.99493 -0.0988083 -17.4776 -0.987331 -0.002672 0.158646 169.347
0.156306 0.0954916 0.983082 307.998 -0.00904077 0.995409 -0.0952519 -17.527 -0.987667 0.00600052 0.156452 169.423
0.153659 0.0948783 0.983559 308.616 -0.00825618 0.995465 -0.0947373 -17.5741 -0.988089 0.00643671 0.153746 169.524
0.151127 0.0982598 0.983619 309.235 -0.0127451 0.995155 -0.0974543 -17.6216 -0.988432 0.00219153 0.151648 169.61
0.149382 0.100055 0.983705 309.833 -0.0144953 0.994978 -0.0990006 -17.6705 -0.988673 0.00052971 0.150083 169.695
0.148496 0.0983479 0.984011 310.477 -0.0100076 0.995138 -0.0979501 -17.7142 -0.988862 0.00469747 0.148759 169.769
0.148038 0.0967553 0.984238 311.092 -0.00432607 0.995253 -0.0971878 -17.7602 -0.988972 0.0101296 0.147755 169.844
0.145065 0.0966987 0.984686 311.735 -0.00311464 0.995249 -0.0972775 -17.8212 -0.989417 0.0110446 0.144678 169.959
0.14235 0.0986161 0.984892 312.408 -0.0067246 0.995095 -0.098666 -17.8597 -0.989793 0.00742199 0.142315 170.054
0.140524 0.101255 0.984886 313.107 -0.00835198 0.994839 -0.101087 -17.9117 -0.990042 0.0059793 0.140645 170.154
0.139195 0.104659 0.984719 313.808 -0.00979455 0.994493 -0.104313 -17.9644 -0.990216 0.00487491 0.139454 170.251
0.136684 0.107099 0.984809 314.563 -0.00915761 0.994229 -0.106853 -18.0265 -0.990572 0.00558652 0.136877 170.375
0.134604 0.105898 0.985225 315.253 -0.0116222 0.99437 -0.105293 -18.0925 -0.990831 0.00272229 0.135078 170.476
0.13295 0.106339 0.985402 315.999 -0.015075 0.994326 -0.105269 -18.1521 -0.991008 -0.0008595 0.1338 170.571
0.131157 0.107587 0.985507 316.724 -0.0158027 0.994191 -0.106433 -18.2186 -0.991235 -0.00161435 0.132096 170.662
0.129656 0.112015 0.985212 317.473 -0.0118365 0.993699 -0.111423 -18.2999 -0.991488 0.00278503 0.130166 170.763
0.127456 0.117481 0.984863 318.256 -0.0100722 0.993059 -0.117155 -18.3807 -0.991793 0.00501227 0.127755 170.885
0.125652 0.120952 0.984674 319.037 -0.0100672 0.992641 -0.120647 -18.4607 -0.992023 0.00524644 0.125946 170.999
0.1251 0.118426 0.985051 319.78 -0.00615848 0.992921 -0.118591 -18.5386 -0.992125 0.0087692 0.124944 171.078
0.125233 0.112273 0.985755 320.552 -0.000570349 0.993581 -0.113092 -18.6195 -0.992127 0.0136006 0.124494 171.145
0.125066 0.109116 0.98613 321.29 0.00329465 0.993879 -0.110392 -18.6982 -0.992143 0.0170552 0.123942 171.197
0.122254 0.10907 0.986488 322.086 0.00507695 0.993858 -0.110514 -18.7916 -0.992486 0.0185192 0.12095 171.324
0.120306 0.110324 0.986588 322.89 0.00644828 0.993695 -0.111905 -18.8749 -0.992716 0.0198246 0.118837 171.449
0.119768 0.111111 0.986565 323.698 0.00844813 0.993564 -0.112926 -18.9582 -0.992766 0.0218594 0.118059 171.553
0.119143 0.109765 0.986792 324.492 0.00855114 0.993717 -0.111568 -19.0536 -0.99284 0.0217307 0.117457 171.657
0.119601 0.107391 0.986997 325.299 0.00814072 0.99399 -0.109139 -19.1557 -0.992788 0.021088 0.118009 171.759
0.120143 0.106398 0.987039 326.081 0.00918581 0.994075 -0.108275 -19.227 -0.992714 0.0220752 0.118454 171.864
0.121303 0.105813 0.98696 326.948 0.0108817 0.994097 -0.107916 -19.3053 -0.992556 0.0238303 0.119436 171.976
0.121745 0.104175 0.98708 327.708 0.0113257 0.994263 -0.106331 -19.3726 -0.992497 0.0241246 0.119867 172.095
0.121709 0.103064 0.987201 328.628 0.0128443 0.994344 -0.105394 -19.459 -0.992482 0.0255073 0.119698 172.257
0.12631 0.101648 0.98677 329.429 0.0142537 0.994444 -0.104263 -19.5381 -0.991888 0.0272346 0.124161 172.318
0.124865 0.100932 0.987027 330.327 0.0148202 0.994508 -0.103572 -19.6283 -0.992063 0.0275604 0.122684 172.497
0.127798 0.101074 0.986637 331.217 0.0158899 0.994454 -0.103933 -19.7114 -0.991673 0.02896 0.125484 172.611
0.131726 0.0997771 0.986253 332.058 0.0187454 0.99449 -0.103114 -19.7902 -0.991109 0.0320705 0.12913 172.687
0.134588 0.0984456 0.986 332.945 0.0201501 0.994572 -0.102052 -19.8661 -0.990697 0.033603 0.131875 172.808
0.136633 0.0979509 0.985768 333.926 0.0213061 0.994576 -0.10178 -19.9504 -0.990392 0.0349093 0.133806 173.002
0.140739 0.0987946 0.985106 334.77 0.0219855 0.994448 -0.102873 -20.0297 -0.989803 0.0361363 0.137786 173.082
0.144809 0.0991615 0.984479 335.665 0.0230144 0.994355 -0.103542 -20.1108 -0.989192 0.037651 0.141711 173.206
0.148689 0.10034 0.983781 336.575 0.0229918 0.994216 -0.10488 -20.1926 -0.988617 0.0382134 0.145523 173.341
0.152988 0.101806 0.982971 337.468 0.0206314 0.99413 -0.106174 -20.2746 -0.988013 0.0365233 0.14999 173.467
0.158765 0.102314 0.982002 338.335 0.0195633 0.994092 -0.106737 -20.3653 -0.987123 0.0361573 0.155826 173.562
0.159875 0.103027 0.981747 339.299 0.0163552 0.994122 -0.106989 -20.4527 -0.987002 0.0331616 0.157251 173.736
0.161548 0.102116 0.981568 340.227 0.0160207 0.994226 -0.10607 -20.5367 -0.986735 0.0328608 0.15898 173.898
0.163353 0.100141 0.981473 341.179 0.0159351 0.994434 -0.104116 -20.619 -0.986439 0.0326476 0.160849 174.059
0.16448 0.0973111 0.981569 342.128 0.0168951 0.994695 -0.101444 -20.7117 -0.986236 0.0332692 0.161964 174.217
0.165134 0.0961996 0.981569 343.04 0.0199908 0.994698 -0.10085 -20.8063 -0.986068 0.0362761 0.162336 174.381
0.165981 0.0985738 0.981191 343.986 0.0218001 0.994378 -0.103587 -20.8935 -0.985888 0.0385835 0.1629 174.533
0.166781 0.0980921 0.981103 344.906 0.0214714 0.994438 -0.103076 -20.9773 -0.98576 0.0382567 0.163748 174.679
0.165975 0.0963482 0.981413 345.839 0.0197876 0.994686 -0.100998 -21.0728 -0.985931 0.0361829 0.163187 174.859
0.164764 0.0946389 0.981783 346.756 0.0180177 0.994928 -0.0989301 -21.1618 -0.986168 0.0339896 0.162224 175.036
0.1652 0.0961264 0.981565 347.705 0.0166439 0.994822 -0.100226 -21.2517 -0.98612 0.0328944 0.162746 175.195
0.165571 0.09683 0.981434 348.657 0.0163551 0.994758 -0.100904 -21.3411 -0.986062 0.0327582 0.16312 175.355
0.167468 0.0974375 0.981051 349.568 0.0159059 0.994704 -0.101509 -21.4277 -0.985749 0.032604 0.165032 175.464
0.169091 0.0979772 0.980719 350.494 0.0148659 0.994677 -0.101935 -21.5213 -0.985488 0.0318156 0.166735 175.606
0.171013 0.0984636 0.980337 351.423 0.0151657 0.99461 -0.102543 -21.6149 -0.985152 0.0324037 0.168599 175.75
0.174279 0.097624 0.979846 352.309 0.0153985 0.994678 -0.101841 -21.7093 -0.984576 0.0328369 0.171849 175.847
0.176976 0.0952389 0.979597 353.252 0.0165944 0.994873 -0.0997224 -21.8027 -0.984075 0.0339042 0.174489 176.001
0.17894 0.0959852 0.979168 354.16 0.0157878 0.994818 -0.100405 -21.8923 -0.983733 0.0334253 0.176498 176.158
0.181168 0.0980872 0.978549 355.021 0.0168697 0.994554 -0.102815 -21.977 -0.983307 0.0351346 0.178528 176.262
0.182804 0.099489 0.978103 356.008 0.0195596 0.994298 -0.104792 -22.0627 -0.982954 0.0382878 0.179817 176.445
0.184589 0.0959055 0.978126 356.897 0.0218885 0.994576 -0.101649 -22.1407 -0.982572 0.040173 0.181489 176.592
0.186281 0.0928184 0.978103 357.82 0.0238905 0.994802 -0.0989533 -22.2276 -0.982206 0.0418005 0.183096 176.769
0.189645 0.093999 0.977344 358.698 0.028638 0.99445 -0.101202 -22.3142 -0.981435 0.0471816 0.185901 176.906
0.19426 0.0988019 0.975963 359.622 0.034521 0.993606 -0.10746 -22.3975 -0.980342 0.0545663 0.189608 177.064
0.199416 0.10167 0.974627 360.544 0.0370477 0.993106 -0.111178 -22.4841 -0.979214 0.0582784 0.194275 177.227
0.202411 0.100706 0.97411 361.421 0.0411367 0.992943 -0.111201 -22.5788 -0.978436 0.0625801 0.196841 177.41
0.206722 0.100651 0.97321 362.287 0.0424355 0.992833 -0.111695 -22.666 -0.977479 0.0643884 0.20097 177.562
0.207048 0.103035 0.972891 363.226 0.0430625 0.992512 -0.114278 -22.7613 -0.977382 0.0655562 0.201061 177.822
0.209535 0.103049 0.972357 364.077 0.0426826 0.992516 -0.114383 -22.8565 -0.976869 0.0654701 0.20357 177.991
0.213185 0.0998222 0.9719 365.016 0.0422724 0.992889 -0.111251 -22.9534 -0.976097 0.0648016 0.207451 178.205
0.218859 0.0959322 0.97103 365.902 0.0401876 0.993421 -0.107203 -23.0458 -0.974928 0.0624858 0.213565 178.37
0.221201 0.0947795 0.970612 366.794 0.0379215 0.993674 -0.105674 -23.1442 -0.97449 0.0601824 0.216209 178.604
0.22758 0.094216 0.969192 367.695 0.036351 0.993789 -0.105143 -23.2324 -0.973081 0.0591596 0.222742 178.79
0.234172 0.0934855 0.967691 368.577 0.0358037 0.993858 -0.104678 -23.3146 -0.971535 0.0591597 0.229388 178.986
0.239781 0.0932688 0.966337 369.469 0.0361901 0.99382 -0.104902 -23.4141 -0.970152 0.0601253 0.234925 179.242
0.248225 0.094331 0.964099 370.32 0.0346805 0.993741 -0.106161 -23.5078 -0.968081 0.0597873 0.243401 179.421
0.256785 0.0957145 0.961718 371.216 0.0307819 0.993766 -0.107123 -23.599 -0.965978 0.0571113 0.252239 179.64
0.265167 0.0967982 0.959332 372.112 0.0282065 0.99374 -0.108067 -23.6949 -0.96379 0.0557153 0.260778 179.933
0.273108 0.0972061 0.957061 373.005 0.0260716 0.993765 -0.108374 -23.7911 -0.96163 0.05455 0.268872 180.233
0.282569 0.0974886 0.954281 373.889 0.0242574 0.993774 -0.108706 -23.8834 -0.95894 0.0538655 0.278447 180.496
0.292359 0.0971805 0.951359 374.813 0.0233643 0.993797 -0.108696 -23.9829 -0.956023 0.0540061 0.288276 180.769
0.301627 0.0971745 0.948462 375.68 0.0212303 0.993858 -0.108578 -24.0835 -0.95319 0.0528861 0.297712 181.034
0.309088 0.0970925 0.946065 376.594 0.0194575 0.993918 -0.108361 -24.1781 -0.950834 0.0519011 0.30532 181.35
0.316001 0.0974143 0.943745 377.498 0.0172125 0.993959 -0.108361 -24.2675 -0.948602 0.0504865 0.312417 181.651
0.321719 0.0977793 0.941774 378.352 0.0157486 0.99396 -0.108578 -24.3624 -0.946704 0.0497632 0.318237 181.946
0.32695 0.0986678 0.939878 379.226 0.0136821 0.993933 -0.109102 -24.4604 -0.944942 0.0485305 0.323618 182.253
0.331912 0.0984201 0.938163 380.129 0.0128366 0.993975 -0.108817 -24.5501 -0.943223 0.0481606 0.32865 182.564
0.336748 0.0989055 0.936387 381.029 0.0112905 0.993969 -0.109048 -24.6362 -0.941527 0.0472941 0.333602 182.879
0.341935 0.0990802 0.934487 381.896 0.0105463 0.993955 -0.109245 -24.7221 -0.939664 0.0472101 0.338825 183.184
0.347046 0.0991854 0.93259 382.788 0.0108923 0.993895 -0.109759 -24.8185 -0.937785 0.0482496 0.343848 183.498
0.351646 0.0988027 0.930905 383.672 0.0104659 0.993934 -0.109446 -24.9109 -0.936075 0.0482291 0.34848 183.832
0.356019 0.0979601 0.929331 384.536 0.00934307 0.994064 -0.108363 -25.0005 -0.934432 0.0472622 0.352992 184.169
0.360404 0.0968476 0.927756 385.422 0.00849434 0.99421 -0.107085 -25.0901 -0.932758 0.0464745 0.357496 184.516
0.365517 0.0949663 0.925949 386.284 0.00771994 0.994435 -0.105038 -25.1829 -0.930773 0.0455415 0.362751 184.846
0.370459 0.0931563 0.924167 387.144 0.00581168 0.994703 -0.102596 -25.2763 -0.928831 0.0433787 0.367956 185.182
0.374859 0.0920266 0.922504 388.036 0.00509515 0.994838 -0.101313 -25.3564 -0.927068 0.0426785 0.372456 185.548
0.379611 0.092732 0.920488 388.901 0.00460522 0.994759 -0.102114 -25.4364 -0.925135 0.0430026 0.377196 185.898
0.384602 0.0953133 0.918149 389.743 0.00226117 0.994551 -0.104192 -25.5338 -0.92308 0.0421487 0.382293 186.247
0.389297 0.0992449 0.915751 390.626 -0.00108251 0.994224 -0.10729 -25.6144 -0.921112 0.0407762 0.387157 186.609
0.393997 0.100338 0.91362 391.535 -0.00265547 0.99414 -0.108036 -25.6952 -0.919108 0.0401397 0.391956 186.977
0.397573 0.097403 0.912387 392.34 -0.00643939 0.994618 -0.103376 -25.7824 -0.917548 0.0352244 0.396062 187.35
0.400171 0.095452 0.911457 393.144 -0.0103065 0.994963 -0.0996725 -25.8664 -0.916383 0.0304921 0.399141 187.726
0.402308 0.0972631 0.910324 393.982 -0.0149332 0.994902 -0.0997006 -25.9554 -0.915382 0.0265163 0.401711 188.097
0.404529 0.101975 0.908823 394.879 -0.0179832 0.994455 -0.103579 -26.0501 -0.914348 0.0255572 0.404121 188.462
0.405596 0.106328 0.907848 395.665 -0.0209536 0.994028 -0.10706 -26.1461 -0.913812 0.0244004 0.405403 188.825
0.407118 0.106576 0.907138 396.498 -0.0226512 0.994038 -0.10662 -26.2388 -0.913095 0.0228591 0.407106 189.192
0.409839 0.102006 0.906438 397.343 -0.0254848 0.994617 -0.100406 -26.3439 -0.911802 0.0180501 0.410234 189.525
0.410655 0.0983693 0.90647 398.126 -0.0293059 0.99507 -0.0947081 -26.4389 -0.91132 0.0123274 0.411515 189.891
0.410776 0.0966896 0.906596 398.914 -0.0321132 0.995275 -0.0915973 -26.5248 -0.91117 0.00851222 0.411942 190.265
0.410979 0.0961477 0.906562 399.681 -0.0327437 0.995335 -0.0907191 -26.6055 -0.911056 0.0075994 0.412212 190.622
0.41105 0.0966086 0.906481 400.473 -0.0331865 0.995292 -0.0910254 -26.6865 -0.911008 0.00733302 0.412322 190.982
0.411165 0.0966103 0.906428 401.295 -0.0338713 0.995297 -0.0907183 -26.7702 -0.910931 0.00659823 0.412505 191.347
0.410779 0.0919834 0.907084 402.055 -0.0295127 0.995714 -0.0876063 -26.844 -0.911257 0.00921624 0.411735 191.716
0.410889 0.0895468 0.907278 402.889 -0.0286401 0.995938 -0.0853272 -26.9221 -0.911235 0.00907541 0.411786 192.074
0.411164 0.0912156 0.906987 403.649 -0.029487 0.995788 -0.0867794 -27.0086 -0.911084 0.00893616 0.412123 192.415
0.411429 0.0953702 0.90644 404.406 -0.0305227 0.995391 -0.0908754 -27.0774 -0.91093 0.00972179 0.412445 192.772
0.411375 0.0989238 0.906083 405.202 -0.0312907 0.995036 -0.0944294 -27.1536 -0.910929 0.0104939 0.41243 193.136
0.410991 0.097657 0.906395 406.034 -0.0332855 0.995187 -0.0921312 -27.2346 -0.911031 0.00769521 0.412265 193.499
0.410487 0.0943713 0.906971 406.844 -0.0340169 0.995519 -0.0881895 -27.3075 -0.911231 0.00534827 0.41186 193.874
0.409401 0.0942829 0.907471 407.565 -0.0370405 0.99554 -0.0867227 -27.3777 -0.911602 0.00189109 0.411069 194.263
0.408668 0.0953143 0.907694 408.396 -0.0381773 0.995443 -0.0873406 -27.4533 -0.911884 0.00103995 0.410446 194.647
0.408832 0.0976048 0.907376 409.21 -0.0376884 0.995218 -0.0900731 -27.5258 -0.911831 0.00262714 0.410557 195.02
0.408592 0.0986701 0.907369 410.023 -0.0387331 0.995115 -0.0907705 -27.5966 -0.911894 0.00194285 0.41042 195.398
0.408409 0.0974383 0.907585 410.852 -0.0401213 0.995238 -0.0887947 -27.6676 -0.911917 -0.000148942 0.410375 195.781
0.408597 0.0947579 0.907784 411.686 -0.0402727 0.995496 -0.0857871 -27.7347 -0.911826 -0.00150664 0.410574 196.165
0.408688 0.0948492 0.907733 412.517 -0.0403391 0.995487 -0.0858571 -27.802 -0.911782 -0.00152838 0.410672 196.548
0.408882 0.0952235 0.907607 413.33 -0.0380648 0.995452 -0.0872919 -27.8641 -0.911793 0.00114415 0.410648 196.937
0.408708 0.095145 0.907694 414.183 -0.0367472 0.995457 -0.0877986 -27.9272 -0.911925 0.00252868 0.410349 197.335
0.409356 0.0938641 0.907535 415.022 -0.0364732 0.995579 -0.0865189 -27.9901 -0.911645 0.00231629 0.410972 197.73
0.410412 0.0923262 0.907216 415.891 -0.0317181 0.995701 -0.0869828 -28.0674 -0.911348 0.00692354 0.411577 198.12
0.410734 0.0902576 0.907278 416.697 -0.0286762 0.995871 -0.0860894 -28.1427 -0.911304 0.00934249 0.411628 198.515
0.410829 0.0877102 0.907485 417.568 -0.0316284 0.99613 -0.0819598 -28.2183 -0.911163 0.00496917 0.412015 198.911
0.410637 0.0829097 0.908023 418.393 -0.0357504 0.996552 -0.074826 -28.2956 -0.911097 -0.00173593 0.412187 199.305
0.411728 0.0788188 0.907893 419.262 -0.037207 0.996872 -0.0696706 -28.3723 -0.910546 -0.00509466 0.413375 199.682
0.413484 0.0793583 0.907048 420.138 -0.0367608 0.996834 -0.0704565 -28.4494 -0.909769 -0.00421127 0.415094 200.046
0.413318 0.0814678 0.906937 420.934 -0.0363614 0.996668 -0.0729576 -28.5098 -0.90986 -0.00282293 0.414905 200.448
0.413772 0.0832891 0.906564 421.787 -0.0361327 0.99652 -0.0750625 -28.5694 -0.909663 -0.00169793 0.415343 200.85
0.414473 0.0817836 0.90638 422.691 -0.0351392 0.996646 -0.0738601 -28.6316 -0.909382 -0.00123651 0.415959 201.246
0.414825 0.0790288 0.906464 423.492 -0.0341297 0.996868 -0.0712921 -28.6935 -0.909261 -0.00136368 0.416224 201.638
0.414526 0.0780224 0.906688 424.284 -0.0357081 0.996942 -0.0694641 -28.752 -0.909336 -0.00358146 0.416046 202.034
0.414067 0.0788522 0.906826 425.123 -0.0372444 0.99687 -0.0696761 -28.8167 -0.909484 -0.00492372 0.41571 202.42
0.413261 0.078677 0.907209 425.896 -0.0384814 0.996876 -0.0689243 -28.8776 -0.909799 -0.00642702 0.414999 202.802
0.412332 0.0769279 0.907781 426.72 -0.0379482 0.99701 -0.067253 -28.9375 -0.910242 -0.00671818 0.414021 203.181
0.411341 0.0740927 0.908467 427.508 -0.0369815 0.997223 -0.0645872 -28.995 -0.910731 -0.00702922 0.41294 203.554
0.409722 0.0723371 0.909339 428.309 -0.0382651 0.997333 -0.0620961 -29.0569 -0.911407 -0.00935396 0.411399 203.92
0.407713 0.0715056 0.910307 429.028 -0.0375426 0.997395 -0.0615321 -29.1144 -0.912338 -0.00908797 0.409337 204.281
0.405882 0.0729541 0.91101 429.738 -0.0364834 0.997304 -0.0636105 -29.1647 -0.913197 -0.00741852 0.407451 204.625
0.404385 0.0766186 0.911375 430.528 -0.0369282 0.997036 -0.0674351 -29.2287 -0.913843 -0.00638578 0.406018 204.969
0.403162 0.0822364 0.911427 431.256 -0.0399619 0.996582 -0.0722433 -29.2896 -0.914255 -0.0072967 0.405073 205.297
0.402329 0.0861332 0.911436 432.012 -0.0411223 0.996256 -0.075997 -29.3515 -0.914571 -0.00690464 0.404367 205.62
0.401799 0.086735 0.911613 432.758 -0.041009 0.996206 -0.0767091 -29.4163 -0.914809 -0.00656279 0.403833 205.944
0.400233 0.0832999 0.912621 433.517 -0.0427987 0.996469 -0.0721841 -29.4748 -0.915413 -0.0101687 0.402386 206.279
0.399044 0.0795465 0.913476 434.278 -0.0436411 0.996745 -0.0677338 -29.5291 -0.915892 -0.0128365 0.401218 206.61
0.398579 0.0778341 0.913827 434.988 -0.0427962 0.996881 -0.0662424 -29.5815 -0.916135 -0.0127056 0.400669 206.919
0.397831 0.077618 0.914171 435.736 -0.0406189 0.996924 -0.066968 -29.6397 -0.916559 -0.0104908 0.399762 207.245
0.395319 0.0796514 0.915085 436.458 -0.0411301 0.996765 -0.0689931 -29.6848 -0.917622 -0.0103634 0.397319 207.605
0.392917 0.0811945 0.915984 437.169 -0.0412896 0.996643 -0.0706333 -29.7286 -0.918646 -0.0100677 0.394952 207.959
0.391721 0.082061 0.916419 437.893 -0.0402388 0.996586 -0.07204 -29.7714 -0.919204 -0.0086561 0.393687 208.286
0.391484 0.0832288 0.916415 438.587 -0.0397267 0.996497 -0.0735315 -29.819 -0.919326 -0.00761982 0.393421 208.597
0.392082 0.0846887 0.916025 439.328 -0.0386711 0.996387 -0.0755665 -29.8627 -0.919117 -0.00579548 0.393942 208.901
0.393122 0.0879632 0.915271 440.039 -0.0416553 0.996091 -0.0778395 -29.899 -0.918542 -0.00752554 0.395252 209.191
0.39299 0.0875253 0.915369 440.772 -0.040995 0.996134 -0.0776481 -29.9571 -0.918628 -0.0070107 0.395061 209.51
0.393895 0.0871267 0.915019 441.496 -0.0417463 0.996162 -0.0768827 -30.0087 -0.918207 -0.00791511 0.396022 209.817
0.393385 0.0859262 0.915351 442.218 -0.0414696 0.996264 -0.0757 -30.0586 -0.918438 -0.0081802 0.39548 210.147
0.394756 0.0846873 0.914876 442.923 -0.0407781 0.996373 -0.0746364 -30.1041 -0.91788 -0.00784388 0.396779 210.457
0.395851 0.0848085 0.914392 443.612 -0.0420388 0.996352 -0.0742115 -30.1404 -0.917352 -0.00906335 0.397974 210.761
0.396764 0.0849065 0.913987 444.309 -0.0425917 0.996339 -0.0740681 -30.1821 -0.916932 -0.00954077 0.39893 211.078
0.39766 0.0862985 0.913467 444.987 -0.0440036 0.996211 -0.07496 -30.2299 -0.916476 -0.0103873 0.399953 211.38
0.397308 0.0881414 0.913444 445.66 -0.0456555 0.996039 -0.0762535 -30.2804 -0.916548 -0.0114077 0.39976 211.713
0.398583 0.0887854 0.912826 446.302 -0.0451767 0.995992 -0.0771485 -30.3223 -0.916018 -0.0104885 0.400998 211.995
0.39957 0.0881191 0.912459 446.965 -0.0450105 0.99605 -0.0764819 -30.3836 -0.915596 -0.0105104 0.40196 212.321
0.400613 0.0861592 0.912189 447.597 -0.0443725 0.996221 -0.0746093 -30.4439 -0.915172 -0.0105868 0.402924 212.63
0.401141 0.0824915 0.912296 448.218 -0.0417602 0.996544 -0.0717477 -30.5153 -0.915063 -0.0093168 0.403202 212.938
0.400748 0.0868431 0.912065 448.878 -0.0478292 0.996119 -0.0738314 -30.5166 -0.914939 -0.0140357 0.403348 213.269
0.400194 0.0897702 0.912024 449.47 -0.0512497 0.995821 -0.0755305 -30.531 -0.914996 -0.0165142 0.403125 213.58
0.400756 0.0901838 0.911737 450.077 -0.0512239 0.995788 -0.0759825 -30.5737 -0.914751 -0.0162524 0.40369 213.861
0.402132 0.0896269 0.911186 450.693 -0.0501535 0.995855 -0.0758215 -30.6202 -0.914207 -0.0152091 0.404962 214.132
0.403347 0.0886483 0.910744 451.309 -0.0485881 0.995963 -0.0754251 -30.6664 -0.913756 -0.0138289 0.406028 214.403
0.404569 0.088917 0.910176 451.924 -0.0485727 0.995942 -0.0757059 -30.713 -0.913216 -0.0135815 0.407249 214.674
0.405764 0.0896306 0.909574 452.533 -0.049592 0.995869 -0.0760115 -30.7586 -0.912631 -0.014265 0.408535 214.946
0.406514 0.090188 0.909184 453.1 -0.0501955 0.995814 -0.0763385 -30.8016 -0.912264 -0.0146044 0.409341 215.209
0.407085 0.0906893 0.908878 453.652 -0.0506836 0.995764 -0.0766582 -30.8381 -0.911982 -0.014859 0.409959 215.463
0.407949 0.0907519 0.908485 454.213 -0.0509113 0.995756 -0.0766089 -30.8797 -0.911584 -0.0149998 0.41084 215.713
0.408121 0.0903493 0.908448 454.728 -0.0520638 0.995771 -0.0756447 -30.9238 -0.911442 -0.0164252 0.411101 215.96
0.408098 0.0896745 0.908525 455.247 -0.0530047 0.995809 -0.0744811 -30.9667 -0.911398 -0.0177606 0.411143 216.207
0.408243 0.0888211 0.908544 455.755 -0.0533849 0.995871 -0.0733709 -31.0074 -0.911311 -0.0185495 0.411301 216.449
0.408702 0.0882041 0.908397 456.268 -0.0524753 0.995939 -0.0730953 -31.0452 -0.911158 -0.0177943 0.411673 216.687
0.409114 0.0888271 0.908151 456.752 -0.0514909 0.995908 -0.0742149 -31.087 -0.911029 -0.0163993 0.412016 216.903
0.409651 0.091971 0.907596 457.244 -0.052652 0.995626 -0.077127 -31.1252 -0.910721 -0.0161917 0.412704 217.13
0.409515 0.0945802 0.907389 457.658 -0.053541 0.995385 -0.079589 -31.1677 -0.91073 -0.0159898 0.412691 217.323
0.410128 0.096157 0.906947 458.128 -0.0537531 0.995242 -0.0812113 -31.2076 -0.910442 -0.0154443 0.413347 217.544
0.410235 0.0968614 0.906823 458.553 -0.0520893 0.995205 -0.0827377 -31.2412 -0.910491 -0.013294 0.413315 217.738
0.410314 0.0965915 0.906816 458.978 -0.0510049 0.995245 -0.0829326 -31.2747 -0.910517 -0.0122238 0.413291 217.932
0.409378 0.0954044 0.907365 459.404 -0.0508704 0.995353 -0.0817051 -31.3076 -0.910945 -0.0127098 0.412331 218.126
0.407896 0.0945413 0.908122 459.818 -0.0522315 0.995408 -0.0801683 -31.3417 -0.911533 -0.0147324 0.410963 218.323
0.405605 0.0935987 0.909245 460.156 -0.0521957 0.995487 -0.0791931 -31.3802 -0.912557 -0.0153376 0.408662 218.494
0.403864 0.0926238 0.91012 460.529 -0.0520908 0.995571 -0.0782056 -31.4204 -0.913335 -0.0158246 0.406902 218.673
0.402127 0.0925932 0.910892 460.938 -0.0517013 0.995578 -0.0783778 -31.4393 -0.914123 -0.0155766 0.405137 218.881
0.400547 0.0923972 0.911607 461.267 -0.0518958 0.995589 -0.0781076 -31.4688 -0.914805 -0.0160229 0.403577 219.029
0.399533 0.0912182 0.912171 461.598 -0.0512984 0.995698 -0.0771027 -31.5019 -0.915282 -0.015988 0.402496 219.157
0.398546 0.0899687 0.912726 461.924 -0.0502485 0.99582 -0.0762186 -31.531 -0.91577 -0.0154866 0.401403 219.286
0.39735 0.0892383 0.91332 462.237 -0.0495688 0.99589 -0.0757411 -31.5599 -0.916327 -0.0151766 0.400142 219.413
0.396212 0.0888415 0.913853 462.551 -0.0499982 0.995914 -0.0751424 -31.5886 -0.916797 -0.0159188 0.399037 219.539
0.394357 0.0888702 0.914652 462.802 -0.0513603 0.995884 -0.0746192 -31.6155 -0.917521 -0.0175503 0.3973 219.657
0.392697 0.0889002 0.915363 463.06 -0.0526148 0.995854 -0.074146 -31.6458 -0.918162 -0.0190449 0.395748 219.775
0.391314 0.0882263 0.91602 463.32 -0.0515792 0.995927 -0.0738889 -31.6741 -0.91881 -0.018334 0.394273 219.882
0.390006 0.0883684 0.916564 463.583 -0.0505254 0.995934 -0.0745222 -31.702 -0.919425 -0.0172458 0.392887 219.993
0.389066 0.0893064 0.916873 463.842 -0.0499005 0.995867 -0.0758265 -31.7285 -0.919857 -0.016251 0.391916 220.105
0.388067 0.0895281 0.917274 464.099 -0.0496415 0.995852 -0.0761964 -31.7545 -0.920293 -0.0159656 0.390904 220.217
0.386976 0.0890589 0.917781 464.334 -0.0498409 0.995886 -0.0756234 -31.7753 -0.920742 -0.0164787 0.389824 220.333
0.386634 0.0888977 0.91794 464.574 -0.0508222 0.99588 -0.07504 -31.7937 -0.920832 -0.0176389 0.389561 220.451
0.38681 0.0890823 0.917848 464.814 -0.0517963 0.995846 -0.0748243 -31.8125 -0.920703 -0.0185984 0.389819 220.573
0.387195 0.0890743 0.917686 465.05 -0.0530142 0.995822 -0.0742909 -31.8312 -0.920472 -0.0198855 0.390302 220.693
0.388417 0.0895936 0.917119 465.252 -0.0543183 0.995753 -0.0742711 -31.8419 -0.919881 -0.0209683 0.391636 220.771
0.389797 0.089807 0.916513 465.459 -0.0550553 0.995721 -0.0741538 -31.8626 -0.919253 -0.0215541 0.393076 220.883
0.392567 0.0898248 0.915328 465.702 -0.054736 0.995733 -0.0742405 -31.8806 -0.918093 -0.0209572 0.39581 221.025
0.396598 0.0894945 0.913621 465.897 -0.0542357 0.995778 -0.0739993 -31.8947 -0.916389 -0.020203 0.399779 221.14
0.402745 0.0903809 0.91084 466.143 -0.0553824 0.995691 -0.0743126 -31.9136 -0.913635 -0.0205156 0.406018 221.286
0.410842 0.0913849 0.907116 466.366 -0.0570251 0.995587 -0.0744708 -31.9278 -0.909921 -0.0211328 0.414243 221.407
0.420624 0.0925385 0.902505 466.624 -0.0579712 0.995488 -0.0750549 -31.9422 -0.905381 -0.0207495 0.424093 221.55
0.431409 0.0928826 0.897364 466.881 -0.0579342 0.995481 -0.0751869 -31.9583 -0.900294 -0.0195519 0.434843 221.7
0.444274 0.0932603 0.891025 467.116 -0.0596833 0.995434 -0.0744302 -31.9721 -0.893901 -0.0201121 0.447814 221.84
0.458627 0.0949551 0.883543 467.381 -0.06247 0.995255 -0.0745347 -31.9902 -0.88643 -0.0210114 0.462385 222.02
0.474679 0.0965723 0.874846 467.668 -0.0661702 0.99506 -0.07394 -32.0143 -0.877668 -0.0227912 0.478727 222.228
0.492105 0.0983711 0.864962 467.914 -0.0677031 0.994906 -0.0746316 -32.0365 -0.867899 -0.0218342 0.49626 222.4
0.509496 0.100814 0.854549 468.159 -0.0688027 0.994702 -0.0763276 -32.0529 -0.857718 -0.0199068 0.513735 222.584
0.527186 0.102021 0.843605 468.412 -0.0698383 0.994605 -0.0766389 -32.0755 -0.846875 -0.0185132 0.531469 222.792
0.544948 0.105093 0.83186 468.636 -0.0754321 0.994231 -0.0761917 -32.0924 -0.83507 -0.0212286 0.549734 222.982
0.557365 0.10971 0.822989 468.916 -0.0807673 0.99369 -0.0777665 -32.1112 -0.82633 -0.0231265 0.562711 223.23
0.562518 0.115243 0.818716 469.15 -0.0874272 0.992973 -0.0797036 -32.1245 -0.822149 -0.0267435 0.568643 223.411
0.561182 0.117288 0.819342 469.384 -0.0897804 0.992689 -0.0806112 -32.1391 -0.822809 -0.0283236 0.567612 223.594
0.55603 0.118639 0.822653 469.606 -0.0911522 0.99249 -0.081523 -32.1562 -0.826149 -0.0296576 0.562671 223.767
0.547232 0.119347 0.82843 469.848 -0.0908513 0.992399 -0.082956 -32.173 -0.832036 -0.029868 0.553918 223.916
0.534672 0.118672 0.836687 470.082 -0.0876305 0.992534 -0.0847779 -32.1925 -0.840504 -0.0279911 0.541082 224.053
0.520629 0.117865 0.84561 470.323 -0.0837155 0.992695 -0.0868249 -32.2148 -0.849669 -0.0255873 0.526695 224.177
0.503892 0.116037 0.855939 470.571 -0.0784102 0.992984 -0.0884566 -32.2376 -0.860201 -0.022542 0.509457 224.3
0.484385 0.115328 0.867222 470.806 -0.0754713 0.993081 -0.0899121 -32.2622 -0.871594 -0.0218984 0.48974 224.415
0.464228 0.115251 0.878187 471.052 -0.0739699 0.993074 -0.0912267 -32.2892 -0.882622 -0.0226097 0.46954 224.528
0.444484 0.114841 0.888396 471.307 -0.0733428 0.993079 -0.0916784 -32.3183 -0.892779 -0.024408 0.449833 224.629
0.425803 0.113872 0.897623 471.579 -0.0719255 0.993165 -0.0918743 -32.3479 -0.901952 -0.0254418 0.431085 224.729
0.40875 0.112574 0.905678 471.834 -0.067435 0.993371 -0.0930405 -32.374 -0.910152 -0.0230443 0.413634 224.809
0.392575 0.111306 0.912962 472.096 -0.0616384 0.993597 -0.0946324 -32.4006 -0.917652 -0.0191234 0.396924 224.904
0.377481 0.110294 0.919427 472.36 -0.0578472 0.993746 -0.0954599 -32.4268 -0.924209 -0.0171522 0.381503 224.999
0.364786 0.110293 0.924538 472.621 -0.0576044 0.993726 -0.095819 -32.4519 -0.929308 -0.0183042 0.368852 225.084
0.354881 0.108826 0.928557 472.889 -0.0567268 0.993874 -0.0948018 -32.4748 -0.933189 -0.0190309 0.358882 225.177
0.345682 0.106174 0.932327 473.137 -0.0551451 0.994155 -0.0927691 -32.4976 -0.93673 -0.0193448 0.349518 225.265
0.338262 0.104894 0.935189 473.371 -0.0533685 0.994303 -0.0922215 -32.5163 -0.939537 -0.0187148 0.341934 225.36
0.335695 0.105043 0.936097 473.598 -0.0524205 0.994301 -0.0927763 -32.5358 -0.940511 -0.0179263 0.33929 225.449
0.33816 0.105604 0.935146 473.822 -0.0524034 0.99425 -0.093329 -32.5549 -0.939628 -0.017445 0.341751 225.536
0.344101 0.104667 0.933082 474.029 -0.0509874 0.994379 -0.0927409 -32.5726 -0.937547 -0.0156633 0.347506 225.621
0.352781 0.103327 0.929985 474.222 -0.0490983 0.994554 -0.0918765 -32.5857 -0.934417 -0.0132485 0.355935 225.71
0.36375 0.10306 0.92578 474.412 -0.0509233 0.99457 -0.0907099 -32.599 -0.930104 -0.0141483 0.367024 225.807
0.376531 0.105067 0.920428 474.599 -0.0569058 0.99429 -0.0902202 -32.6201 -0.924655 -0.0184073 0.380362 225.912
0.389224 0.107997 0.914792 474.769 -0.062452 0.993907 -0.0907662 -32.6303 -0.919023 -0.0218024 0.393599 226.018
0.402092 0.108154 0.909191 474.918 -0.0658517 0.993839 -0.0891004 -32.6476 -0.913228 -0.0240453 0.406739 226.117
0.415285 0.106454 0.903443 475.057 -0.0681525 0.993974 -0.0857945 -32.6573 -0.907134 -0.0259429 0.42004 226.211
0.429182 0.104372 0.897169 475.187 -0.0669788 0.994239 -0.0836242 -32.6687 -0.900731 -0.0242014 0.433703 226.294
0.443595 0.102972 0.890294 475.304 -0.0576987 0.994593 -0.0862876 -32.6815 -0.894368 -0.0130922 0.44714 226.367
0.459259 0.105682 0.881995 475.417 -0.0540093 0.994378 -0.0910255 -32.6909 -0.886659 -0.00583181 0.462387 226.435
0.473178 0.108195 0.874299 475.514 -0.056354 0.99411 -0.0925231 -32.6959 -0.879163 -0.00549052 0.47649 226.522
0.486287 0.110175 0.866827 475.62 -0.064712 0.993831 -0.0900152 -32.7046 -0.8714 -0.0123211 0.490419 226.615
0.498897 0.110703 0.859563 475.711 -0.0715479 0.993679 -0.0864492 -32.7119 -0.863702 -0.0183708 0.503667 226.702
0.511388 0.110483 0.85222 475.8 -0.0739508 0.993675 -0.084447 -32.7153 -0.856162 -0.0198373 0.516326 226.776
0.522345 0.109671 0.845654 475.878 -0.0745833 0.993766 -0.0828107 -32.7206 -0.849466 -0.0198161 0.52727 226.848
0.533807 0.109081 0.838543 475.956 -0.0737457 0.993867 -0.082341 -32.7177 -0.842385 -0.0178849 0.538579 226.911
0.544161 0.108811 0.831897 476.031 -0.0742104 0.993905 -0.0814601 -32.7205 -0.835692 -0.0174082 0.548921 226.982
0.554223 0.107101 0.825451 476.105 -0.0744979 0.994085 -0.0789622 -32.7365 -0.829027 -0.0177318 0.558926 227.047
0.562937 0.105168 0.819783 476.168 -0.0739126 0.994298 -0.0768018 -32.7379 -0.823188 -0.017358 0.567502 227.107
0.569964 0.105407 0.814882 476.227 -0.0751294 0.994264 -0.0760625 -32.7439 -0.818227 -0.0178688 0.574617 227.161
0.576493 0.109954 0.809672 476.274 -0.0818974 0.993685 -0.0766326 -32.7483 -0.812987 -0.0221321 0.58186 227.229
0.584573 0.116302 0.802964 476.314 -0.0921672 0.992781 -0.076696 -32.7691 -0.806089 -0.0291727 0.591075 227.292
0.589894 0.121667 0.798264 476.348 -0.0988578 0.992023 -0.0781469 -32.7675 -0.801406 -0.0328164 0.597219 227.345
0.59462 0.120884 0.794869 476.388 -0.0982624 0.992143 -0.0773791 -32.7689 -0.79798 -0.0320948 0.601828 227.383
0.600579 0.116003 0.791107 476.425 -0.0944129 0.992782 -0.0739009 -32.7739 -0.793972 -0.0303076 0.607198 227.414
0.605399 0.11099 0.788147 476.465 -0.0889957 0.993454 -0.0715421 -32.7733 -0.790931 -0.0268304 0.611317 227.445
0.60876 0.109159 0.78581 476.495 -0.0886517 0.99364 -0.0693516 -32.7807 -0.788385 -0.0274451 0.614569 227.479
0.613424 0.110769 0.781949 476.525 -0.0922859 0.993381 -0.0683239 -32.7819 -0.784343 -0.0302516 0.619588 227.522
0.617707 0.114029 0.778099 476.548 -0.0976895 0.992889 -0.0679542 -32.7818 -0.780317 -0.0340366 0.624457 227.553
0.620413 0.116394 0.775592 476.575 -0.100513 0.992566 -0.068553 -32.7822 -0.777807 -0.0354263 0.627503 227.59
