0 0.000771 0.016437 100.000000 12.195122
0 0.000402 0.019624 200.000000 15.503876
0 0.000341 0.024357 300.000000 17.543859
0 0.000232 0.026731 400.000000 19.138756
0 0.000232 0.032111 500.000000 20.408163
0 0.000227 0.043599 600.000000 21.276596
0 0.000217 0.054300 700.000000 21.875000
0 0.000197 0.063520 800.000000 22.346369
10 0.000630 0.029871 100.000000 12.987013
10 0.000384 0.037381 200.000000 16.129032
10 0.000335 0.043757 300.000000 18.181818
10 0.000234 0.047442 400.000000 19.704433
10 0.000261 0.054155 500.000000 20.920502
10 0.000266 0.066841 600.000000 21.739130
10 0.000238 0.077857 700.000000 22.292994
10 0.000222 0.087053 800.000000 22.792023
20 0.000519 0.034937 100.000000 13.888889
20 0.000367 0.044465 200.000000 16.949152
20 0.000325 0.052043 300.000000 18.867924
20 0.000232 0.056218 400.000000 20.408163
20 0.000285 0.065424 500.000000 21.459227
20 0.000273 0.078992 600.000000 22.222221
20 0.000247 0.089675 700.000000 22.801304
20 0.000232 0.099935 800.000000 23.188406
30 0.000396 0.029934 100.000000 14.925373
30 0.000314 0.040084 200.000000 17.857143
30 0.000295 0.048290 300.000000 19.607843
30 0.000212 0.053109 400.000000 21.052631
30 0.000276 0.063367 500.000000 22.123894
30 0.000263 0.077353 600.000000 22.813688
30 0.000237 0.088718 700.000000 23.255814
30 0.000227 0.099227 800.000000 23.598820
40 0.000289 0.027034 100.000000 16.129032
40 0.000270 0.037848 200.000000 18.867924
40 0.000248 0.047183 300.000000 20.408163
40 0.000209 0.052949 400.000000 21.739130
40 0.000279 0.065058 500.000000 22.727272
40 0.000253 0.079527 600.000000 23.346304
40 0.000235 0.091072 700.000000 23.728813
40 0.000232 0.101925 800.000000 24.024025
50 0.000255 0.021175 100.000000 17.241379
50 0.000251 0.032438 200.000000 19.801981
50 0.000212 0.041722 300.000000 21.276596
50 0.000198 0.048519 400.000000 22.471910
50 0.000274 0.062931 500.000000 23.255814
50 0.000249 0.077435 600.000000 23.809525
50 0.000229 0.088468 700.000000 24.221453
50 0.000233 0.099635 800.000000 24.464832
60 0.000253 0.017820 100.000000 18.518518
60 0.000224 0.029888 200.000000 20.618557
60 0.000188 0.039204 300.000000 21.897810
60 0.000214 0.046336 400.000000 23.121387
60 0.000276 0.062168 500.000000 23.809525
60 0.000245 0.076512 600.000000 24.291498
60 0.000230 0.088049 700.000000 24.561403
60 0.000230 0.098857 800.000000 24.844721
70 0.000232 0.020465 100.000000 19.230770
70 0.000223 0.031897 200.000000 21.276596
70 0.000183 0.040076 300.000000 22.727272
70 0.000259 0.049372 400.000000 23.668638
70 0.000277 0.065571 500.000000 24.271845
70 0.000245 0.079415 600.000000 24.691359
70 0.000230 0.090714 700.000000 24.911032
70 0.000230 0.101670 800.000000 25.157232
80 0.000221 0.020661 100.000000 20.408163
80 0.000243 0.032687 200.000000 21.978022
80 0.000173 0.040408 300.000000 23.255814
80 0.000270 0.051081 400.000000 24.242424
80 0.000273 0.067590 500.000000 24.752476
80 0.000242 0.081499 600.000000 25.000000
80 0.000231 0.092008 700.000000 25.270758
80 0.000229 0.103689 800.000000 25.396826
90 0.000276 0.023770 100.000000 21.276596
90 0.000252 0.034993 200.000000 22.471910
90 0.000171 0.041408 300.000000 23.809525
90 0.000289 0.053784 400.000000 24.691359
90 0.000275 0.070540 500.000000 25.125628
90 0.000242 0.083546 600.000000 25.316456
90 0.000231 0.094680 700.000000 25.454546
90 0.000234 0.105657 800.000000 25.641026
100 0.000268 0.027143 100.000000 21.739130
100 0.000247 0.036044 200.000000 23.255814
100 0.000200 0.042057 300.000000 24.390244
100 0.000301 0.057190 400.000000 25.000000
100 0.000263 0.073247 500.000000 25.380711
100 0.000239 0.085313 600.000000 25.531916
100 0.000238 0.095727 700.000000 25.735294
100 0.000233 0.107427 800.000000 25.806452
110 0.000203 0.020360 100.000000 22.222221
110 0.000167 0.028288 200.000000 23.809525
110 0.000185 0.035659 300.000000 24.793388
110 0.000300 0.053255 400.000000 25.316456
110 0.000251 0.068775 500.000000 25.641026
110 0.000230 0.079782 600.000000 25.862068
110 0.000236 0.091161 700.000000 25.925926
110 0.000223 0.102494 800.000000 25.974026
120 0.000224 0.022221 100.000000 22.727272
120 0.000164 0.029199 200.000000 24.390244
120 0.000275 0.039113 300.000000 25.210085
120 0.000295 0.057204 400.000000 25.641026
120 0.000251 0.071691 500.000000 25.906736
120 0.000234 0.082876 600.000000 25.974026
120 0.000234 0.093791 700.000000 26.119404
120 0.000228 0.104888 800.000000 26.143791
130 0.000267 0.020607 100.000000 23.255814
130 0.000133 0.026268 200.000000 24.691359
130 0.000280 0.039130 300.000000 25.641026
130 0.000293 0.057431 400.000000 25.974026
130 0.000240 0.071405 500.000000 26.041666
130 0.000230 0.081631 600.000000 26.200872
130 0.000230 0.093264 700.000000 26.217228
130 0.000221 0.103468 800.000000 26.315790
140 0.000267 0.022288 100.000000 23.809525
140 0.000153 0.027852 200.000000 25.316456
140 0.000327 0.045459 300.000000 25.862068
140 0.000282 0.063522 400.000000 26.143791
140 0.000243 0.076163 500.000000 26.178011
140 0.000233 0.086482 600.000000 26.315790
140 0.000236 0.098152 700.000000 26.315790
140 0.000222 0.107920 800.000000 26.402639
150 0.000146 0.018818 100.000000 23.809525
150 0.000177 0.025341 200.000000 25.641026
150 0.000330 0.045165 300.000000 26.086956
150 0.000268 0.062047 400.000000 26.315790
150 0.000238 0.073813 500.000000 26.315790
150 0.000244 0.084268 600.000000 26.431719
150 0.000225 0.095661 700.000000 26.415094
150 0.000216 0.105012 800.000000 26.490067
160 0.000128 0.017464 100.000000 25.000000
160 0.000326 0.028852 200.000000 25.974026
160 0.000328 0.049950 300.000000 26.315790
160 0.000266 0.065447 400.000000 26.490067
160 0.000242 0.076367 500.000000 26.455027
160 0.000243 0.087068 600.000000 26.548672
160 0.000232 0.097941 700.000000 26.515152
160 0.000221 0.107332 800.000000 26.578074
170 0.000168 0.015779 100.000000 25.641026
170 0.000363 0.034769 200.000000 26.315790
170 0.000340 0.055662 300.000000 26.548672
170 0.000260 0.069415 400.000000 26.666666
170 0.000249 0.079897 500.000000 26.595745
170 0.000244 0.090639 600.000000 26.666666
170 0.000231 0.101232 700.000000 26.615969
170 0.000223 0.110270 800.000000 26.666666
180 0.000201 0.017062 100.000000 26.315790
180 0.000416 0.040483 200.000000 26.666666
180 0.000317 0.060032 300.000000 26.785715
180 0.000259 0.072486 400.000000 26.666666
180 0.000248 0.082106 500.000000 26.737968
180 0.000246 0.093460 600.000000 26.666666
180 0.000221 0.102753 700.000000 26.717558
180 0.000215 0.111394 800.000000 26.755854
190 0.000264 0.023679 100.000000 26.315790
190 0.000452 0.049214 200.000000 26.666666
190 0.000323 0.066900 300.000000 26.785715
190 0.000271 0.077720 400.000000 26.666666
190 0.000273 0.087460 500.000000 26.737968
190 0.000245 0.098471 600.000000 26.666666
190 0.000231 0.107331 700.000000 26.717558
190 0.000216 0.115822 800.000000 26.755854
200 0.000562 0.034055 100.000000 26.315790
200 0.000448 0.058186 200.000000 26.666666
200 0.000318 0.072919 300.000000 26.785715
200 0.000279 0.082194 400.000000 26.666666
200 0.000268 0.092007 500.000000 26.737968
200 0.000254 0.102321 600.000000 26.666666
200 0.000237 0.110999 700.000000 26.717558
200 0.000235 0.119206 800.000000 26.755854
210 0.000605 0.048296 100.000000 26.315790
210 0.000460 0.067644 200.000000 26.666666
210 0.000314 0.078321 300.000000 26.785715
210 0.000285 0.086776 400.000000 26.666666
210 0.000274 0.097248 500.000000 26.595745
210 0.000253 0.106280 600.000000 26.666666
210 0.000243 0.114540 700.000000 26.717558
210 0.000237 0.122874 800.000000 26.755854
220 0.000684 0.055462 100.000000 26.315790
220 0.000405 0.070701 200.000000 26.666666
220 0.000302 0.078789 300.000000 26.548672
220 0.000287 0.086898 400.000000 26.490067
220 0.000269 0.096456 500.000000 26.595745
220 0.000248 0.105300 600.000000 26.548672
220 0.000229 0.112887 700.000000 26.717558
220 0.000242 0.121961 800.000000 26.666666
230 0.000667 0.055155 100.000000 26.315790
230 0.000358 0.067615 200.000000 26.315790
230 0.000280 0.072560 300.000000 26.548672
230 0.000277 0.080907 400.000000 26.490067
230 0.000247 0.089671 500.000000 26.595745
230 0.000228 0.097519 600.000000 26.666666
230 0.000225 0.105560 700.000000 26.615969
230 0.000228 0.114676 800.000000 26.578074
240 0.000368 0.037441 100.000000 25.641026
240 0.000234 0.043754 200.000000 26.315790
240 0.000201 0.048603 300.000000 26.315790
240 0.000210 0.056937 400.000000 26.490067
240 0.000205 0.065927 500.000000 26.455027
240 0.000195 0.073617 600.000000 26.548672
240 0.000195 0.081529 700.000000 26.615969
240 0.000200 0.090564 800.000000 26.578074
250 0.000250 0.027594 100.000000 25.641026
250 0.000169 0.030539 200.000000 26.315790
250 0.000157 0.035475 300.000000 26.315790
250 0.000180 0.044297 400.000000 26.490067
250 0.000179 0.052977 500.000000 26.455027
250 0.000171 0.060902 600.000000 26.548672
250 0.000180 0.069419 700.000000 26.615969
250 0.000199 0.079236 800.000000 26.490067
260 0.000190 0.023941 100.000000 25.641026
260 0.000154 0.025925 200.000000 26.315790
260 0.000168 0.031768 300.000000 26.315790
260 0.000170 0.040937 400.000000 26.490067
260 0.000174 0.048453 500.000000 26.455027
260 0.000155 0.056023 600.000000 26.548672
260 0.000185 0.064469 700.000000 26.615969
260 0.000191 0.075000 800.000000 26.402639
270 0.000174 0.019241 100.000000 25.641026
270 0.000129 0.019134 200.000000 26.315790
270 0.000152 0.026666 300.000000 26.315790
270 0.000163 0.035472 400.000000 26.490067
270 0.000163 0.043674 500.000000 26.455027
270 0.000174 0.051952 600.000000 26.548672
270 0.000178 0.061229 700.000000 26.515152
270 0.000189 0.071558 800.000000 26.402639
280 0.000205 0.017883 100.000000 25.641026
280 0.000128 0.020007 200.000000 25.974026
280 0.000157 0.029180 300.000000 26.315790
280 0.000172 0.038144 400.000000 26.315790
280 0.000174 0.045946 500.000000 26.455027
280 0.000174 0.054709 600.000000 26.548672
280 0.000193 0.064009 700.000000 26.515152
280 0.000220 0.075499 800.000000 26.315790
290 0.000087 0.015758 100.000000 25.641026
290 0.000140 0.021252 200.000000 25.974026
290 0.000176 0.031792 300.000000 26.315790
290 0.000164 0.040324 400.000000 26.315790
290 0.000160 0.048440 500.000000 26.455027
290 0.000184 0.057489 600.000000 26.548672
290 0.000194 0.067617 700.000000 26.415094
290 0.000234 0.079698 800.000000 26.315790
300 0.000143 0.018801 100.000000 25.641026
300 0.000211 0.026726 200.000000 25.974026
300 0.000175 0.037079 300.000000 26.315790
300 0.000179 0.045081 400.000000 26.315790
300 0.000164 0.053152 500.000000 26.455027
300 0.000193 0.062521 600.000000 26.548672
300 0.000201 0.072786 700.000000 26.415094
300 0.000242 0.086205 800.000000 26.315790
310 0.000170 0.015541 100.000000 25.641026
310 0.000197 0.026866 200.000000 25.974026
310 0.000191 0.036546 300.000000 26.315790
310 0.000185 0.045000 400.000000 26.490067
310 0.000195 0.053595 500.000000 26.595745
310 0.000193 0.063719 600.000000 26.431719
310 0.000202 0.074316 700.000000 26.315790
310 0.000249 0.088351 800.000000 26.315790
320 0.000270 0.019593 100.000000 25.641026
320 0.000233 0.032779 200.000000 25.974026
320 0.000198 0.042008 300.000000 26.315790
320 0.000204 0.050284 400.000000 26.490067
320 0.000198 0.059524 500.000000 26.595745
320 0.000215 0.069565 600.000000 26.431719
320 0.000246 0.080927 700.000000 26.315790
320 0.000262 0.095761 800.000000 26.315790
330 0.000221 0.021701 100.000000 25.641026
330 0.000221 0.035347 200.000000 25.974026
330 0.000201 0.042700 300.000000 26.315790
330 0.000183 0.051318 400.000000 26.490067
330 0.000207 0.060487 500.000000 26.595745
330 0.000213 0.071239 600.000000 26.315790
330 0.000259 0.084054 700.000000 26.217228
330 0.000267 0.098919 800.000000 26.315790
340 0.000291 0.022037 100.000000 25.641026
340 0.000204 0.033718 200.000000 25.974026
340 0.000196 0.041596 300.000000 26.315790
340 0.000179 0.049800 400.000000 26.490067
340 0.000206 0.060098 500.000000 26.455027
340 0.000216 0.070122 600.000000 26.315790
340 0.000257 0.084218 700.000000 26.217228
340 0.000269 0.099567 800.000000 26.315790
350 0.000266 0.025758 100.000000 25.641026
350 0.000226 0.034666 200.000000 25.974026
350 0.000204 0.041603 300.000000 26.548672
350 0.000205 0.050790 400.000000 26.490067
350 0.000205 0.060030 500.000000 26.455027
350 0.000222 0.070650 600.000000 26.315790
350 0.000267 0.086315 700.000000 26.217228
350 0.000272 0.102131 800.000000 26.315790
360 0.000252 0.028241 100.000000 25.641026
360 0.000230 0.034358 200.000000 25.974026
360 0.000197 0.042086 300.000000 26.315790
360 0.000200 0.051671 400.000000 26.490067
360 0.000225 0.061210 500.000000 26.315790
360 0.000268 0.073106 600.000000 26.200872
360 0.000274 0.088887 700.000000 26.217228
360 0.000272 0.104143 800.000000 26.402639
370 0.000220 0.027443 100.000000 25.641026
370 0.000233 0.029936 200.000000 25.974026
370 0.000164 0.039132 300.000000 26.548672
370 0.000216 0.049432 400.000000 26.490067
370 0.000211 0.058857 500.000000 26.315790
370 0.000261 0.072157 600.000000 26.200872
370 0.000273 0.087607 700.000000 26.315790
370 0.000273 0.103736 800.000000 26.402639
380 0.000192 0.021828 100.000000 25.641026
380 0.000207 0.026799 200.000000 26.315790
380 0.000194 0.036282 300.000000 26.548672
380 0.000194 0.045596 400.000000 26.490067
380 0.000207 0.054719 500.000000 26.315790
380 0.000261 0.069563 600.000000 26.200872
380 0.000272 0.085463 700.000000 26.315790
380 0.000269 0.101479 800.000000 26.402639
390 0.000299 0.020899 100.000000 25.641026
390 0.000241 0.031062 200.000000 26.315790
390 0.000210 0.042126 300.000000 26.548672
390 0.000214 0.050495 400.000000 26.315790
390 0.000246 0.060393 500.000000 26.178011
390 0.000276 0.075600 600.000000 26.200872
390 0.000280 0.091521 700.000000 26.315790
390 0.000276 0.106416 800.000000 26.490067
400 0.000298 0.018123 100.000000 25.641026
400 0.000183 0.029608 200.000000 26.315790
400 0.000193 0.040745 300.000000 26.548672
400 0.000221 0.048181 400.000000 26.315790
400 0.000278 0.060249 500.000000 26.178011
400 0.000279 0.076518 600.000000 26.200872
400 0.000277 0.092981 700.000000 26.315790
400 0.000267 0.107664 800.000000 26.490067
410 0.000272 0.016432 100.000000 25.641026
410 0.000172 0.031023 200.000000 26.315790
410 0.000211 0.041931 300.000000 26.315790
410 0.000215 0.049815 400.000000 26.143791
410 0.000278 0.064093 500.000000 26.041666
410 0.000286 0.080284 600.000000 26.200872
410 0.000285 0.096116 700.000000 26.415094
410 0.000278 0.111356 800.000000 26.490067
420 0.000219 0.023469 100.000000 25.641026
420 0.000213 0.036024 200.000000 26.315790
420 0.000202 0.042334 300.000000 26.315790
420 0.000218 0.050533 400.000000 26.143791
420 0.000282 0.066503 500.000000 26.041666
420 0.000290 0.083183 600.000000 26.200872
420 0.000285 0.098911 700.000000 26.415094
420 0.000280 0.113757 800.000000 26.490067
430 0.000231 0.026356 100.000000 26.315790
430 0.000201 0.039029 200.000000 26.315790
430 0.000226 0.042199 300.000000 26.315790
430 0.000273 0.051642 400.000000 26.143791
430 0.000297 0.069233 500.000000 26.041666
430 0.000298 0.085564 600.000000 26.315790
430 0.000287 0.101923 700.000000 26.415094
430 0.000280 0.116355 800.000000 26.490067
440 0.000305 0.036138 100.000000 26.315790
440 0.000248 0.044782 200.000000 26.315790
440 0.000250 0.049657 300.000000 26.086956
440 0.000319 0.062353 400.000000 25.974026
440 0.000317 0.079063 500.000000 26.178011
440 0.000313 0.096430 600.000000 26.315790
440 0.000300 0.112232 700.000000 26.415094
440 0.000298 0.126997 800.000000 26.402639
450 0.000148 0.037537 100.000000 26.315790
450 0.000229 0.042442 200.000000 26.315790
450 0.000241 0.047359 300.000000 26.086956
450 0.000316 0.062840 400.000000 25.974026
450 0.000323 0.080386 500.000000 26.178011
450 0.000314 0.098085 600.000000 26.315790
450 0.000301 0.113515 700.000000 26.415094
450 0.000299 0.127945 800.000000 26.402639
460 0.000223 0.036209 100.000000 25.641026
460 0.000238 0.037675 200.000000 25.974026
460 0.000240 0.046465 300.000000 25.862068
460 0.000331 0.065348 400.000000 25.806452
460 0.000323 0.083902 500.000000 26.041666
460 0.000315 0.100604 600.000000 26.315790
460 0.000299 0.115657 700.000000 26.415094
460 0.000300 0.130961 800.000000 26.229507
470 0.000206 0.042372 100.000000 25.641026
470 0.000271 0.037961 200.000000 25.974026
470 0.000331 0.049738 300.000000 25.641026
470 0.000346 0.069165 400.000000 25.806452
470 0.000333 0.086994 500.000000 26.178011
470 0.000310 0.103959 600.000000 26.315790
470 0.000309 0.119309 700.000000 26.315790
470 0.000300 0.133399 800.000000 26.229507
480 0.000331 0.039377 100.000000 25.641026
480 0.000303 0.043824 200.000000 25.641026
480 0.000380 0.060090 300.000000 25.641026
480 0.000369 0.080325 400.000000 25.806452
480 0.000351 0.098259 500.000000 26.178011
480 0.000330 0.114602 600.000000 26.315790
480 0.000326 0.129662 700.000000 26.315790
480 0.000311 0.144599 800.000000 26.058632
490 0.000363 0.039746 100.000000 25.641026
490 0.000319 0.047945 200.000000 25.316456
490 0.000385 0.066319 300.000000 25.641026
490 0.000383 0.086079 400.000000 25.974026
490 0.000358 0.104537 500.000000 26.178011
490 0.000337 0.120004 600.000000 26.315790
490 0.000325 0.135017 700.000000 26.217228
490 0.000320 0.148838 800.000000 25.974026
500 0.000306 0.027815 100.000000 25.000000
500 0.000289 0.039465 200.000000 25.316456
500 0.000378 0.060964 300.000000 25.641026
500 0.000361 0.080955 400.000000 25.974026
500 0.000342 0.098901 500.000000 26.178011
500 0.000316 0.113677 600.000000 26.315790
500 0.000320 0.128762 700.000000 26.119404
500 0.000527 0.142134 800.000000 25.806452
510 0.000401 0.030286 100.000000 25.000000
510 0.000444 0.047235 200.000000 25.000000
510 0.000401 0.068414 300.000000 25.641026
510 0.000372 0.088215 400.000000 25.974026
510 0.000334 0.105023 500.000000 26.178011
510 0.000341 0.120104 600.000000 26.200872
510 0.000319 0.134397 700.000000 26.022305
510 0.000718 0.148812 800.000000 25.641026
520 0.000273 0.028177 100.000000 24.390244
520 0.000406 0.046298 200.000000 25.000000
520 0.000395 0.066744 300.000000 25.641026
520 0.000359 0.085918 400.000000 25.974026
520 0.000331 0.100505 500.000000 26.315790
520 0.000325 0.115756 600.000000 26.200872
520 0.000312 0.129051 700.000000 26.022305
520 0.000745 0.151995 800.000000 25.477707
530 0.000283 0.028458 100.000000 24.390244
530 0.000428 0.051058 200.000000 25.316456
530 0.000403 0.072020 300.000000 25.862068
530 0.000363 0.090417 400.000000 26.143791
530 0.000340 0.105292 500.000000 26.315790
530 0.000322 0.119721 600.000000 26.200872
530 0.000326 0.133859 700.000000 25.830257
530 0.000823 0.166863 800.000000 25.396826
540 0.000457 0.030745 100.000000 24.390244
540 0.000450 0.056244 200.000000 25.316456
540 0.000406 0.076403 300.000000 25.862068
540 0.000365 0.092566 400.000000 26.315790
540 0.000332 0.107446 500.000000 26.315790
540 0.000331 0.121982 600.000000 26.086956
540 0.000685 0.135200 700.000000 25.735294
540 0.000842 0.182386 800.000000 25.157232
550 0.000545 0.028702 100.000000 24.390244
550 0.000413 0.051322 200.000000 25.641026
550 0.000367 0.070415 300.000000 26.086956
550 0.000324 0.086147 400.000000 26.315790
550 0.000325 0.100422 500.000000 26.315790
550 0.000308 0.114240 600.000000 26.086956
550 0.000788 0.132389 700.000000 25.641026
550 0.000830 0.189865 800.000000 24.922119
560 0.000546 0.040784 100.000000 25.000000
560 0.000456 0.062397 200.000000 25.641026
560 0.000391 0.079547 300.000000 26.315790
560 0.000348 0.094068 400.000000 26.490067
560 0.000339 0.108577 500.000000 26.315790
560 0.000323 0.121452 600.000000 26.086956
560 0.000817 0.150182 700.000000 25.547445
560 0.000858 0.209657 800.000000 24.464832
570 0.000577 0.049147 100.000000 25.000000
570 0.000466 0.067965 200.000000 25.974026
570 0.000395 0.084673 300.000000 26.315790
570 0.000356 0.097988 400.000000 26.490067
570 0.000333 0.111329 500.000000 26.315790
570 0.000336 0.124001 600.000000 25.974026
570 0.000909 0.170254 700.000000 25.362318
570 0.000887 0.223882 800.000000 24.024025
580 0.000460 0.039509 100.000000 25.000000
580 0.000384 0.054825 200.000000 26.315790
580 0.000336 0.070044 300.000000 26.548672
580 0.000303 0.082410 400.000000 26.666666
580 0.000310 0.096049 500.000000 26.315790
580 0.000758 0.110285 600.000000 25.751074
580 0.000901 0.175909 700.000000 25.089605
580 0.000887 0.220158 800.000000 23.529411
590 0.000303 0.024828 100.000000 25.641026
590 0.000293 0.040894 200.000000 26.315790
590 0.000257 0.054465 300.000000 26.548672
590 0.000276 0.067404 400.000000 26.490067
590 0.000271 0.080398 500.000000 26.178011
590 0.000842 0.107513 600.000000 25.641026
590 0.000877 0.180492 700.000000 24.734982
590 0.000878 0.209502 800.000000 22.988506
600 0.000364 0.031403 100.000000 25.641026
600 0.000320 0.046243 200.000000 26.666666
600 0.000288 0.059082 300.000000 26.785715
600 0.000292 0.072485 400.000000 26.490067
600 0.000287 0.084869 500.000000 26.178011
600 0.000851 0.136740 600.000000 25.423729
600 0.000911 0.198794 700.000000 24.221453
600 0.000881 0.204870 800.000000 22.535212
610 0.000362 0.031446 100.000000 26.315790
610 0.000304 0.046432 200.000000 26.666666
610 0.000283 0.058350 300.000000 26.785715
610 0.000282 0.071107 400.000000 26.490067
610 0.000307 0.084324 500.000000 25.906736
610 0.000991 0.164620 600.000000 25.210085
610 0.000940 0.212192 700.000000 23.648649
610 0.000867 0.188856 800.000000 22.160666
620 0.000323 0.027259 100.000000 26.315790
620 0.000267 0.041070 200.000000 26.666666
620 0.000258 0.052486 300.000000 26.785715
620 0.000276 0.065968 400.000000 26.315790
620 0.000872 0.084314 500.000000 25.641026
620 0.000981 0.177341 600.000000 24.896265
620 0.000954 0.217319 700.000000 23.026316
620 0.000839 0.167717 800.000000 21.798365
630 0.000303 0.028377 100.000000 26.315790
630 0.000262 0.040515 200.000000 26.666666
630 0.000279 0.052863 300.000000 26.548672
630 0.000273 0.065963 400.000000 26.143791
630 0.000972 0.112710 500.000000 25.380711
630 0.000979 0.194099 600.000000 24.390244
630 0.000964 0.217401 700.000000 22.508039
630 0.000816 0.151169 800.000000 21.447721
640 0.000277 0.026781 100.000000 26.315790
640 0.000251 0.037653 200.000000 26.666666
640 0.000271 0.050591 300.000000 26.315790
640 0.000277 0.063817 400.000000 25.806452
640 0.000971 0.152912 500.000000 25.125628
640 0.001014 0.210125 600.000000 23.715416
640 0.000951 0.206354 700.000000 21.943573
640 0.000794 0.135904 800.000000 21.052631
650 0.000284 0.029362 100.000000 26.315790
650 0.000246 0.039221 200.000000 26.666666
650 0.000279 0.052392 300.000000 26.086956
650 0.000259 0.065752 400.000000 25.477707
650 0.001123 0.186913 500.000000 24.752476
650 0.001048 0.226814 600.000000 22.988506
650 0.000937 0.190629 700.000000 21.472393
650 0.000763 0.123467 800.000000 20.618557
660 0.000226 0.024578 100.000000 26.315790
660 0.000263 0.036037 200.000000 26.315790
660 0.000275 0.049991 300.000000 25.862068
660 0.001079 0.088079 400.000000 25.157232
660 0.001118 0.202993 500.000000 24.271845
660 0.001071 0.233584 600.000000 22.222221
660 0.000908 0.171605 700.000000 21.021021
660 0.000716 0.113484 800.000000 20.151133
670 0.000237 0.023479 100.000000 26.315790
670 0.000273 0.036584 200.000000 25.974026
670 0.000272 0.049832 300.000000 25.641026
670 0.001155 0.139597 400.000000 24.844721
670 0.001128 0.221003 500.000000 23.584906
670 0.001077 0.230509 600.000000 21.582733
670 0.000882 0.156072 700.000000 20.648968
670 0.000685 0.107679 800.000000 19.704433
680 0.000248 0.023156 100.000000 26.315790
680 0.000261 0.036603 200.000000 25.641026
680 0.000304 0.050312 300.000000 25.210085
680 0.001239 0.203162 400.000000 24.390244
680 0.001175 0.241248 500.000000 22.727272
680 0.001059 0.218295 600.000000 21.052631
680 0.000856 0.143840 700.000000 20.231215
680 0.000680 0.105420 800.000000 19.323671
690 0.000209 0.022926 100.000000 25.641026
690 0.000295 0.037206 200.000000 25.316456
690 0.001039 0.056831 300.000000 24.793388
690 0.001329 0.227374 400.000000 23.952095
690 0.001219 0.255642 500.000000 21.929825
690 0.001036 0.199263 600.000000 20.547945
690 0.000817 0.132121 700.000000 19.774012
700 0.000366 0.032044 100.000000 25.000000
700 0.000312 0.046577 200.000000 25.000000
700 0.001423 0.123739 300.000000 24.390244
700 0.001347 0.249174 400.000000 23.391813
700 0.001253 0.265933 500.000000 21.186441
700 0.001017 0.184889 600.000000 20.134228
700 0.000783 0.124611 700.000000 19.230770
710 0.000339 0.028306 100.000000 25.000000
710 0.000323 0.043941 200.000000 24.691359
710 0.001443 0.203093 300.000000 24.000000
710 0.001378 0.268009 400.000000 22.598869
710 0.001243 0.257856 500.000000 20.576132
710 0.000986 0.170258 600.000000 19.736841
710 0.000745 0.121128 700.000000 18.817204
720 0.000330 0.027610 100.000000 24.390244
720 0.000395 0.043014 200.000000 24.390244
720 0.001704 0.275554 300.000000 23.622047
720 0.001431 0.289818 400.000000 21.621622
720 0.001220 0.241446 500.000000 20.000000
720 0.000952 0.158443 600.000000 19.292604
720 0.000741 0.119044 700.000000 18.469658
730 0.000359 0.032373 100.000000 24.390244
730 0.001740 0.078553 200.000000 23.809525
730 0.001708 0.298387 300.000000 23.076923
730 0.001477 0.306122 400.000000 20.833334
730 0.001193 0.224109 500.000000 19.531250
730 0.000907 0.149599 600.000000 18.808777
740 0.000317 0.035489 100.000000 23.809525
740 0.002033 0.188405 200.000000 23.529411
740 0.001688 0.319641 300.000000 22.388060
740 0.001487 0.310621 400.000000 20.100502
740 0.001151 0.209475 500.000000 19.157087
740 0.000849 0.144968 600.000000 18.348623
750 0.000343 0.036722 100.000000 23.809525
750 0.002002 0.316547 200.000000 22.988506
750 0.001747 0.343147 300.000000 21.428572
750 0.001476 0.302699 400.000000 19.417477
750 0.001120 0.196920 500.000000 18.796993
750 0.000818 0.141419 600.000000 17.964071
760 0.000527 0.038568 100.000000 23.255814
760 0.002413 0.411245 200.000000 22.727272
760 0.001819 0.367544 300.000000 20.547945
760 0.001458 0.284881 400.000000 18.867924
760 0.001085 0.183766 500.000000 18.315018
760 0.000822 0.137883 600.000000 17.647058
770 0.003161 0.119347 100.000000 22.727272
770 0.002402 0.432450 200.000000 21.978022
770 0.001864 0.384130 300.000000 19.607843
770 0.001418 0.265210 400.000000 18.518518
770 0.001031 0.173611 500.000000 17.857143
780 0.003811 0.348096 100.000000 22.222221
780 0.002403 0.456805 200.000000 21.276596
780 0.001901 0.390495 300.000000 18.867924
780 0.001380 0.247736 400.000000 18.099548
780 0.000973 0.167294 500.000000 17.421602
790 0.003706 0.578887 100.000000 21.739130
790 0.002479 0.483768 200.000000 20.202021
790 0.001884 0.378730 300.000000 18.181818
790 0.001342 0.230764 400.000000 17.777779
790 0.000935 0.161795 500.000000 17.064846
800 0.004359 0.769193 100.000000 21.739130
800 0.002558 0.511687 200.000000 19.230770
800 0.001839 0.350816 300.000000 17.751480
800 0.001287 0.209032 400.000000 17.391304
800 0.000924 0.156319 500.000000 16.778524
810 0.002263 0.755554 100.000000 21.276596
810 0.001533 0.421143 200.000000 18.348623
810 0.001083 0.264368 300.000000 17.341040
810 0.000703 0.179134 400.000000 17.021276
820 0.001290 0.551337 100.000000 20.000000
820 0.001067 0.289417 200.000000 17.543859
820 0.000683 0.175101 300.000000 17.045454
820 0.000374 0.126595 400.000000 16.597511
830 0.001139 0.340412 100.000000 18.867924
830 0.000955 0.176418 200.000000 16.949152
830 0.000558 0.101041 300.000000 16.759777
830 0.000260 0.077618 400.000000 16.194332
840 0.001375 0.150944 100.000000 17.543859
840 0.000935 0.075803 200.000000 16.260162
840 0.000547 0.023512 300.000000 16.393442
840 0.000253 0.029884 400.000000 15.936255
850 0.000693 0.034973 100.000000 16.666666
850 0.000612 0.029676 200.000000 15.873015
850 0.000392 0.015496 300.000000 16.042780
860 0.000830 0.038197 100.000000 15.625000
860 0.000582 0.026025 200.000000 15.748032
860 0.000381 0.013107 300.000000 15.706806
870 0.000936 0.040498 100.000000 15.151515
870 0.000547 0.020387 200.000000 15.625000
870 0.000326 0.009629 300.000000 15.463918
880 0.000984 0.041888 100.000000 14.925373
880 0.000527 0.022098 200.000000 15.625000
880 0.000318 0.012437 300.000000 15.306123
890 0.000914 0.042590 100.000000 14.925373
890 0.000530 0.032022 200.000000 15.625000
890 0.000345 0.011192 300.000000 15.306123
900 0.000859 0.041071 100.000000 14.925373
900 0.000563 0.036525 200.000000 15.625000
900 0.000334 0.009259 300.000000 15.306123
910 0.000827 0.041738 100.000000 14.925373
910 0.000566 0.042258 200.000000 15.625000
920 0.000727 0.040514 100.000000 15.384615
920 0.000581 0.045977 200.000000 15.625000
930 0.000699 0.039987 100.000000 15.625000
930 0.000602 0.044057 200.000000 15.503876
940 0.000617 0.038590 100.000000 15.873015
940 0.000598 0.041570 200.000000 15.384615
950 0.000533 0.037845 100.000000 16.129032
950 0.000554 0.037480 200.000000 15.384615
960 0.000525 0.037257 100.000000 16.129032
960 0.000521 0.031305 200.000000 15.384615
970 0.000553 0.038862 100.000000 16.129032
970 0.000467 0.028228 200.000000 15.384615
980 0.000638 0.038477 100.000000 15.625000
990 0.000750 0.038284 100.000000 15.151515
1000 0.000715 0.030970 100.000000 14.705882
1010 0.000710 0.028838 100.000000 14.492754
1020 0.000679 0.026867 100.000000 14.285714
1030 0.000554 0.026296 100.000000 14.492754
