0 0.000413 0.043022 100.000000 13.513514
0 0.000273 0.051389 200.000000 13.605442
0 0.000231 0.057460 300.000000 14.084507
10 0.000396 0.039317 100.000000 13.513514
10 0.000250 0.046546 200.000000 13.698630
10 0.000222 0.051945 300.000000 14.218010
20 0.000314 0.031954 100.000000 13.513514
20 0.000212 0.038917 200.000000 13.793103
20 0.000205 0.043880 300.000000 14.354067
30 0.000221 0.023184 100.000000 13.513514
30 0.000139 0.030242 200.000000 13.793103
30 0.000207 0.035555 300.000000 14.423077
40 0.000242 0.021004 100.000000 13.333333
40 0.000110 0.026664 200.000000 13.888889
40 0.000211 0.033421 300.000000 14.492754
50 0.000183 0.022407 100.000000 13.333333
50 0.000109 0.027988 200.000000 13.986014
50 0.000234 0.036435 300.000000 14.563107
60 0.000204 0.024581 100.000000 13.333333
60 0.000124 0.028754 200.000000 14.084507
60 0.000256 0.039472 300.000000 14.634147
70 0.000221 0.023713 100.000000 13.333333
70 0.000140 0.027604 200.000000 14.184397
80 0.000225 0.023071 100.000000 13.513514
80 0.000157 0.027296 200.000000 14.388489
90 0.000154 0.020685 100.000000 13.698630
90 0.000149 0.024684 200.000000 14.492754
100 0.000121 0.020620 100.000000 13.888889
100 0.000210 0.024639 200.000000 14.705882
110 0.000127 0.017667 100.000000 14.084507
110 0.000195 0.023408 200.000000 14.925373
120 0.000077 0.018255 100.000000 14.285714
120 0.000243 0.026148 200.000000 15.037594
130 0.000205 0.016064 100.000000 14.492754
130 0.000295 0.026791 200.000000 15.267176
140 0.000279 0.018504 100.000000 14.705882
140 0.000334 0.032476 200.000000 15.384615
150 0.000342 0.017152 100.000000 14.925373
160 0.000262 0.016113 100.000000 15.151515
170 0.000295 0.020107 100.000000 15.384615
180 0.000424 0.028666 100.000000 15.384615
190 0.000489 0.037314 100.000000 15.625000
200 0.000560 0.044145 100.000000 15.625000
