0 0.000673 0.027403 100.000000 5.780347
0 0.000855 0.068989 200.000000 6.329114
0 0.000477 0.049719 300.000000 6.711410
0 0.000271 0.012094 400.000000 6.908463
0 0.000275 0.006610 500.000000 6.289308
0 0.000220 0.021441 600.000000 6.734007
10 0.000612 0.026388 100.000000 6.060606
10 0.000819 0.066302 200.000000 6.430868
10 0.000451 0.048650 300.000000 6.833713
10 0.000261 0.012210 400.000000 7.005254
10 0.000270 0.006003 500.000000 6.361323
10 0.000208 0.020897 600.000000 6.795017
20 0.000760 0.041063 100.000000 6.369427
20 0.000916 0.071742 200.000000 6.451613
20 0.000452 0.060209 300.000000 6.944445
20 0.000286 0.021531 400.000000 7.104796
20 0.000311 0.004324 500.000000 6.426735
20 0.000230 0.019412 600.000000 6.841505
30 0.000751 0.038966 100.000000 6.622517
30 0.000876 0.073818 200.000000 6.514658
30 0.000491 0.057545 300.000000 7.025761
30 0.000285 0.017970 400.000000 7.207207
30 0.000300 0.004576 500.000000 6.493506
30 0.000226 0.020860 600.000000 6.880734
40 0.000811 0.045117 100.000000 6.849315
40 0.000849 0.078010 200.000000 6.557377
40 0.000546 0.060982 300.000000 7.058824
40 0.000307 0.019819 400.000000 7.285975
40 0.000315 0.004932 500.000000 6.553080
40 0.000210 0.021386 600.000000 6.888634
50 0.000713 0.038868 100.000000 6.993007
50 0.000822 0.070120 200.000000 6.600660
50 0.000497 0.052859 300.000000 7.042253
50 0.000277 0.016587 400.000000 7.352941
50 0.000292 0.005919 500.000000 6.596306
50 0.000176 0.020584 600.000000 6.880734
60 0.000722 0.034247 100.000000 7.092198
60 0.000746 0.061972 200.000000 6.622517
60 0.000462 0.047169 300.000000 6.976744
60 0.000262 0.017382 400.000000 7.393715
60 0.000284 0.005874 500.000000 6.631300
60 0.000178 0.018733 600.000000 6.872852
70 0.000770 0.040200 100.000000 7.142857
70 0.000748 0.066655 200.000000 6.644518
70 0.000467 0.042884 300.000000 6.928406
70 0.000270 0.013329 400.000000 7.421150
70 0.000289 0.008924 500.000000 6.657790
70 0.000197 0.019538 600.000000 6.864988
80 0.000788 0.033155 100.000000 7.142857
80 0.000691 0.055513 200.000000 6.688963
80 0.000419 0.031563 300.000000 6.912442
80 0.000237 0.009621 400.000000 7.434944
80 0.000261 0.010611 500.000000 6.675568
80 0.000169 0.017708 600.000000 6.857143
90 0.000597 0.026830 100.000000 7.142857
90 0.000601 0.045750 200.000000 6.711410
90 0.000337 0.023585 300.000000 6.928406
90 0.000178 0.008003 400.000000 7.421150
90 0.000237 0.011111 500.000000 6.702413
90 0.000166 0.016008 600.000000 6.841505
100 0.000648 0.026910 100.000000 7.092198
100 0.000580 0.040441 200.000000 6.756757
100 0.000281 0.018000 300.000000 6.960557
100 0.000151 0.005998 400.000000 7.259528
100 0.000211 0.012543 500.000000 6.720430
100 0.000140 0.015043 600.000000 6.825939
110 0.000790 0.031460 100.000000 7.092198
110 0.000578 0.041478 200.000000 6.802721
110 0.000299 0.016921 300.000000 6.976744
110 0.000214 0.006605 400.000000 6.201550
110 0.000209 0.013999 500.000000 6.747638
110 0.000140 0.014997 600.000000 6.795017
120 0.000728 0.023634 100.000000 7.142857
120 0.000511 0.035664 200.000000 6.872852
120 0.000234 0.014643 300.000000 7.025761
120 0.000248 0.008041 400.000000 6.201550
120 0.000200 0.013161 500.000000 6.784261
120 0.000134 0.014200 600.000000 6.764374
130 0.000907 0.047159 100.000000 7.352941
130 0.000587 0.039253 200.000000 6.993007
130 0.000240 0.009914 300.000000 7.092198
130 0.000225 0.005052 400.000000 6.240250
130 0.000193 0.016684 500.000000 6.830601
130 0.000155 0.013241 600.000000 6.703911
140 0.000876 0.045366 100.000000 7.575758
140 0.000512 0.024644 200.000000 7.142857
140 0.000204 0.000931 300.000000 7.177033
140 0.000151 0.008543 400.000000 6.289308
140 0.000145 0.014730 500.000000 6.887053
140 0.000128 0.010080 600.000000 6.637168
150 0.000981 0.049010 100.000000 7.692307
150 0.000464 0.025184 200.000000 7.220217
150 0.000176 0.001018 300.000000 7.246377
150 0.000151 0.008107 400.000000 6.339144
150 0.000147 0.015129 500.000000 6.925208
150 0.000140 0.009955 600.000000 6.578948
160 0.000964 0.050652 100.000000 7.692307
160 0.000475 0.026194 200.000000 7.272727
160 0.000150 0.001611 300.000000 7.299270
160 0.000170 0.006878 400.000000 6.379585
160 0.000150 0.015206 500.000000 6.954103
160 0.000112 0.009932 600.000000 6.514658
170 0.001116 0.063975 100.000000 7.142857
170 0.000436 0.025810 200.000000 7.272727
170 0.000162 0.001129 300.000000 7.352941
170 0.000188 0.009409 400.000000 6.410256
170 0.000136 0.016695 500.000000 6.954103
180 0.001216 0.067150 100.000000 6.329114
180 0.000439 0.025727 200.000000 7.194244
180 0.000163 0.001778 300.000000 7.389163
180 0.000195 0.010223 400.000000 6.451613
180 0.000130 0.017353 500.000000 6.915629
190 0.001065 0.056349 100.000000 6.172840
190 0.000434 0.026165 200.000000 7.042253
190 0.000152 0.003052 300.000000 7.444169
190 0.000197 0.007522 400.000000 6.482982
190 0.000098 0.016054 500.000000 6.849315
200 0.000995 0.049608 100.000000 6.134969
200 0.000381 0.017782 200.000000 6.849315
200 0.000117 0.000719 300.000000 7.462687
200 0.000180 0.008315 400.000000 6.514658
200 0.000081 0.014424 500.000000 6.811989
210 0.000798 0.041101 100.000000 6.172840
210 0.000335 0.017819 200.000000 6.779661
210 0.000123 0.006260 300.000000 7.481297
210 0.000184 0.006202 400.000000 6.535948
210 0.000118 0.012410 500.000000 6.793478
220 0.000639 0.028443 100.000000 6.211180
220 0.000243 0.013949 200.000000 6.779661
220 0.000111 0.011189 300.000000 7.500000
220 0.000161 0.006319 400.000000 6.557377
220 0.000113 0.009413 500.000000 6.784261
230 0.000601 0.028913 100.000000 6.289308
230 0.000202 0.014739 200.000000 6.802721
230 0.000084 0.013581 300.000000 7.500000
230 0.000167 0.006429 400.000000 6.589786
230 0.000126 0.009405 500.000000 6.775068
240 0.000532 0.021151 100.000000 6.410256
240 0.000122 0.010555 200.000000 6.849315
240 0.000090 0.013734 300.000000 7.263923
240 0.000152 0.007514 400.000000 6.622517
240 0.000099 0.008836 500.000000 6.756757
250 0.000371 0.018275 100.000000 6.493506
250 0.000088 0.013950 200.000000 6.896552
250 0.000159 0.021468 300.000000 5.940594
250 0.000171 0.011219 400.000000 6.655574
250 0.000109 0.008738 500.000000 6.729475
260 0.000278 0.018853 100.000000 6.578948
260 0.000081 0.017257 200.000000 6.920415
260 0.000187 0.025805 300.000000 5.917160
260 0.000160 0.013914 400.000000 6.688963
260 0.000105 0.009041 500.000000 6.666667
270 0.000381 0.025800 100.000000 6.666667
270 0.000159 0.023772 200.000000 6.944445
270 0.000221 0.030742 300.000000 5.928854
270 0.000164 0.016069 400.000000 6.711410
270 0.000120 0.009344 500.000000 6.476684
280 0.000314 0.025354 100.000000 6.756757
280 0.000247 0.028399 200.000000 7.017544
280 0.000251 0.036056 300.000000 5.964215
280 0.000184 0.021654 400.000000 6.745363
280 0.000129 0.011039 500.000000 6.361323
290 0.000266 0.022482 100.000000 6.849315
290 0.000287 0.029498 200.000000 7.092198
290 0.000254 0.036103 300.000000 6.024096
290 0.000184 0.023794 400.000000 6.779661
290 0.000128 0.011991 500.000000 6.297229
300 0.000246 0.018379 100.000000 7.042253
300 0.000345 0.032770 200.000000 7.246377
300 0.000262 0.040074 300.000000 6.097561
300 0.000182 0.029120 400.000000 6.825939
310 0.000319 0.014883 100.000000 7.352941
310 0.000339 0.032164 200.000000 7.434944
310 0.000255 0.039572 300.000000 6.198347
310 0.000182 0.030351 400.000000 6.896552
320 0.000480 0.035512 100.000000 7.751938
320 0.000372 0.045128 200.000000 7.662835
320 0.000303 0.046822 300.000000 6.302521
320 0.000228 0.031066 400.000000 6.980803
330 0.000628 0.031953 100.000000 8.130081
330 0.000452 0.051211 200.000000 7.905138
330 0.000321 0.054644 300.000000 6.410256
330 0.000258 0.040107 400.000000 7.042253
340 0.000299 0.031812 100.000000 8.264462
340 0.000354 0.042098 200.000000 8.097166
340 0.000276 0.042256 300.000000 6.493506
340 0.000208 0.028721 400.000000 7.054674
350 0.000313 0.033816 100.000000 8.064516
350 0.000371 0.046290 200.000000 8.230453
350 0.000297 0.043935 300.000000 6.564551
350 0.000266 0.029675 400.000000 7.029877
360 0.000327 0.032891 100.000000 7.692307
360 0.000391 0.047132 200.000000 8.298756
360 0.000267 0.041444 300.000000 6.622517
360 0.000242 0.026518 400.000000 6.980803
370 0.000379 0.026471 100.000000 7.462687
370 0.000332 0.041881 200.000000 8.333333
370 0.000234 0.034498 300.000000 6.637168
370 0.000228 0.021562 400.000000 6.956522
380 0.000408 0.032975 100.000000 7.352941
380 0.000349 0.050006 200.000000 8.298756
380 0.000243 0.036541 300.000000 6.666667
380 0.000239 0.021166 400.000000 6.920415
390 0.000389 0.032767 100.000000 7.299270
390 0.000338 0.050662 200.000000 8.163265
390 0.000232 0.034462 300.000000 6.666667
390 0.000215 0.019481 400.000000 6.872852
400 0.000362 0.030833 100.000000 7.299270
400 0.000340 0.049302 200.000000 5.714286
400 0.000267 0.032108 300.000000 6.681514
400 0.000188 0.018152 400.000000 6.802721
410 0.000369 0.029350 100.000000 7.246377
410 0.000283 0.045492 200.000000 5.617978
410 0.000215 0.029158 300.000000 6.696429
410 0.000151 0.016371 400.000000 6.677796
420 0.000549 0.031572 100.000000 7.194244
420 0.000300 0.045214 200.000000 5.602241
420 0.000184 0.031797 300.000000 6.711410
420 0.000126 0.018007 400.000000 6.369427
430 0.000534 0.028715 100.000000 7.246377
430 0.000276 0.039461 200.000000 5.633803
430 0.000176 0.029102 300.000000 6.726458
430 0.000107 0.016662 400.000000 6.211180
440 0.000507 0.031424 100.000000 7.352941
440 0.000282 0.037884 200.000000 5.681818
440 0.000170 0.027607 300.000000 6.726458
450 0.000313 0.017298 100.000000 7.575758
450 0.000245 0.023288 200.000000 5.763689
450 0.000161 0.018476 300.000000 6.726458
460 0.000459 0.032427 100.000000 7.874016
460 0.000274 0.033719 200.000000 5.847953
460 0.000186 0.023843 300.000000 6.711410
470 0.000527 0.042568 100.000000 8.196721
470 0.000308 0.039654 200.000000 5.952381
470 0.000274 0.027548 300.000000 6.711410
480 0.000525 0.041912 100.000000 8.547009
480 0.000306 0.035993 200.000000 6.060606
480 0.000264 0.023325 300.000000 6.726458
490 0.000502 0.039212 100.000000 8.928572
490 0.000252 0.032216 200.000000 6.172840
490 0.000225 0.020888 300.000000 6.756757
500 0.000368 0.031800 100.000000 9.259259
500 0.000220 0.025353 200.000000 6.250000
500 0.000208 0.017184 300.000000 6.772009
510 0.000395 0.035003 100.000000 9.433962
510 0.000173 0.029292 200.000000 6.309148
510 0.000193 0.021367 300.000000 6.772009
520 0.000373 0.033474 100.000000 9.345795
520 0.000181 0.022938 200.000000 6.349206
520 0.000195 0.015727 300.000000 6.741573
530 0.000318 0.029040 100.000000 8.196721
530 0.000227 0.015362 200.000000 6.369427
530 0.000144 0.012870 300.000000 6.666667
540 0.000393 0.039860 100.000000 4.587156
540 0.000309 0.014619 200.000000 6.410256
540 0.000156 0.011716 300.000000 6.593407
550 0.000435 0.028169 100.000000 4.545455
550 0.000251 0.013362 200.000000 6.430868
550 0.000151 0.016214 300.000000 6.396588
560 0.000520 0.017455 100.000000 4.566210
560 0.000299 0.018726 200.000000 6.472492
560 0.000173 0.019007 300.000000 6.048387
570 0.000474 0.012871 100.000000 4.587156
570 0.000254 0.018295 200.000000 6.451613
570 0.000114 0.015009 300.000000 5.847953
580 0.000454 0.012491 100.000000 4.608295
580 0.000179 0.016933 200.000000 6.349206
590 0.000403 0.013101 100.000000 4.651163
590 0.000188 0.015641 200.000000 6.134969
600 0.000384 0.013377 100.000000 4.672897
600 0.000106 0.015633 200.000000 5.988024
610 0.000391 0.013019 100.000000 4.694836
610 0.000149 0.014205 200.000000 5.934718
620 0.000363 0.014190 100.000000 4.739336
620 0.000146 0.013909 200.000000 5.899705
630 0.000456 0.025859 100.000000 4.807693
630 0.000185 0.022150 200.000000 5.899705
640 0.000552 0.035806 100.000000 4.950495
640 0.000212 0.029597 200.000000 5.952381
650 0.000486 0.029227 100.000000 5.154639
650 0.000153 0.022039 200.000000 6.060606
660 0.000411 0.023673 100.000000 5.405406
660 0.000128 0.017538 200.000000 6.230530
670 0.000407 0.022101 100.000000 5.714286
670 0.000116 0.015337 200.000000 6.430868
680 0.000411 0.022004 100.000000 6.060606
680 0.000114 0.014917 200.000000 6.644518
690 0.000431 0.024423 100.000000 6.451613
690 0.000124 0.016939 200.000000 6.849315
700 0.000427 0.023462 100.000000 6.896552
700 0.000118 0.015800 200.000000 7.092198
710 0.000430 0.023497 100.000000 7.407407
710 0.000118 0.015483 200.000000 7.352941
720 0.000410 0.021152 100.000000 8.000000
720 0.000106 0.013170 200.000000 7.633588
730 0.000384 0.018867 100.000000 8.695652
730 0.000099 0.011878 200.000000 7.936508
740 0.000298 0.013024 100.000000 9.345795
740 0.000073 0.009162 200.000000 8.163265
750 0.000263 0.011570 100.000000 10.101010
750 0.000073 0.008050 200.000000 8.333333
760 0.000148 0.013635 100.000000 10.526316
760 0.000141 0.010307 200.000000 8.333333
770 0.000106 0.002569 100.000000 10.869565
770 0.000073 0.005190 200.000000 7.843137
780 0.000148 0.003774 100.000000 10.869565
780 0.000168 0.009177 200.000000 7.067138
790 0.000107 0.017010 100.000000 10.526316
800 0.000214 0.017873 100.000000 9.433962
810 0.000411 0.018501 100.000000 8.403361
820 0.000350 0.014744 100.000000 8.000000
830 0.000386 0.011490 100.000000 7.692307
840 0.000268 0.009099 100.000000 7.352941
850 0.000279 0.018927 100.000000 6.944445
860 0.000149 0.008551 100.000000 6.134969
870 0.000284 0.010529 100.000000 5.208333
880 0.000437 0.015294 100.000000 4.807693
