0 0.000810 0.059690 100.000000 9.009009
0 0.000734 0.055586 200.000000 7.604563
0 0.000662 0.075248 300.000000 7.142857
0 0.000771 0.073854 400.000000 6.884682
0 0.000558 0.025697 500.000000 7.267442
0 0.000374 0.011401 600.000000 7.263923
0 0.000317 0.028343 700.000000 7.179487
0 0.000315 0.038755 800.000000 7.299270
10 0.000803 0.048160 100.000000 8.849558
10 0.000703 0.053781 200.000000 7.722008
10 0.000743 0.079694 300.000000 7.075472
10 0.000760 0.069300 400.000000 6.932409
10 0.000554 0.020653 500.000000 7.309941
10 0.000349 0.009964 600.000000 7.281553
10 0.000300 0.024753 700.000000 7.194244
10 0.000313 0.037123 800.000000 7.326007
20 0.001029 0.057067 100.000000 8.196721
20 0.000735 0.058650 200.000000 7.782101
20 0.000798 0.085367 300.000000 7.025761
20 0.000761 0.066915 400.000000 6.956522
20 0.000544 0.019421 500.000000 7.342144
20 0.000359 0.010404 600.000000 7.290401
20 0.000311 0.026049 700.000000 7.201646
20 0.000336 0.038794 800.000000 7.346189
30 0.001069 0.040458 100.000000 7.751938
30 0.000688 0.054406 200.000000 7.751938
30 0.000794 0.084307 300.000000 7.009346
30 0.000732 0.055670 400.000000 6.968641
30 0.000505 0.011235 500.000000 7.363770
30 0.000327 0.007655 600.000000 7.290401
30 0.000284 0.020624 700.000000 7.179487
30 0.000340 0.034921 800.000000 7.352941
40 0.000958 0.033816 100.000000 7.518797
40 0.000675 0.048946 200.000000 7.692307
40 0.000723 0.078194 300.000000 6.993007
40 0.000680 0.043293 400.000000 6.956522
40 0.000477 0.007257 500.000000 7.363770
40 0.000328 0.008561 600.000000 7.263923
40 0.000275 0.018801 700.000000 7.142857
40 0.000329 0.032607 800.000000 7.346189
50 0.000960 0.038286 100.000000 7.407407
50 0.000726 0.054729 200.000000 7.575758
50 0.000702 0.082904 300.000000 6.960557
50 0.000668 0.039009 400.000000 6.932409
50 0.000464 0.007412 500.000000 7.363770
50 0.000357 0.010955 600.000000 7.177033
50 0.000299 0.021323 700.000000 7.106599
50 0.000351 0.035367 800.000000 7.326007
60 0.000864 0.038201 100.000000 7.246377
60 0.000828 0.059933 200.000000 7.407407
60 0.000699 0.087196 300.000000 6.928406
60 0.000644 0.033188 400.000000 6.908463
60 0.000464 0.008787 500.000000 7.342144
60 0.000368 0.012592 600.000000 7.042253
60 0.000313 0.021951 700.000000 7.092198
60 0.000353 0.037158 800.000000 7.299270
70 0.000820 0.039500 100.000000 6.944445
70 0.000890 0.071073 200.000000 7.220217
70 0.000792 0.095694 300.000000 6.849315
70 0.000630 0.028020 400.000000 6.896552
70 0.000470 0.012577 500.000000 7.320644
70 0.000360 0.010436 600.000000 6.984866
70 0.000319 0.021766 700.000000 7.092198
70 0.000354 0.039774 800.000000 7.239819
80 0.000899 0.040323 100.000000 6.711410
80 0.000755 0.075956 200.000000 6.968641
80 0.000874 0.094399 300.000000 6.607930
80 0.000621 0.021107 400.000000 6.884682
80 0.000445 0.016513 500.000000 7.267442
80 0.000335 0.010685 600.000000 6.952491
80 0.000321 0.022391 700.000000 7.085020
80 0.000353 0.040408 800.000000 7.098492
90 0.000922 0.044777 100.000000 6.535948
90 0.000793 0.082553 200.000000 6.711410
90 0.000877 0.084778 300.000000 6.382979
90 0.000620 0.015118 400.000000 6.872852
90 0.000392 0.020160 500.000000 7.153076
90 0.000298 0.009940 600.000000 6.928406
90 0.000314 0.023013 700.000000 7.077857
90 0.000353 0.039201 800.000000 7.042253
100 0.001055 0.055125 100.000000 6.451613
100 0.000934 0.094153 200.000000 6.557377
100 0.000923 0.079956 300.000000 6.342494
100 0.000624 0.012396 400.000000 6.884682
100 0.000345 0.020525 500.000000 6.993007
100 0.000293 0.010058 600.000000 6.920415
100 0.000301 0.025379 700.000000 7.077857
100 0.000370 0.038433 800.000000 7.017544
110 0.000904 0.048409 100.000000 6.535948
110 0.000888 0.088907 200.000000 6.430868
110 0.000885 0.064024 300.000000 6.369427
110 0.000561 0.006629 400.000000 6.920415
110 0.000309 0.021327 500.000000 6.973501
110 0.000252 0.007773 600.000000 6.928406
110 0.000276 0.021835 700.000000 7.092198
110 0.000332 0.031806 800.000000 7.023705
120 0.000928 0.056374 100.000000 6.756757
120 0.001048 0.098105 200.000000 6.389776
120 0.000877 0.061533 300.000000 6.423983
120 0.000565 0.006472 400.000000 6.980803
120 0.000285 0.022214 500.000000 7.012623
120 0.000242 0.007561 600.000000 6.960557
120 0.000279 0.022052 700.000000 7.135576
120 0.000336 0.031427 800.000000 7.054674
130 0.001020 0.068639 100.000000 6.993007
130 0.001140 0.109721 200.000000 6.451613
130 0.000888 0.062336 300.000000 6.507592
130 0.000548 0.007097 400.000000 7.054674
130 0.000289 0.023328 500.000000 7.062147
130 0.000246 0.007321 600.000000 7.001167
130 0.000293 0.022973 700.000000 7.179487
130 0.000345 0.032130 800.000000 7.092198
140 0.000863 0.058176 100.000000 7.299270
140 0.001100 0.098977 200.000000 6.535948
140 0.000825 0.049888 300.000000 6.593407
140 0.000512 0.009728 400.000000 7.142857
140 0.000251 0.024268 500.000000 7.122507
140 0.000217 0.005308 600.000000 7.042253
140 0.000279 0.018257 700.000000 7.223942
140 0.000333 0.026320 800.000000 7.123775
150 0.000823 0.051213 100.000000 7.575758
150 0.001017 0.090563 200.000000 6.622517
150 0.000782 0.039646 300.000000 6.681514
150 0.000470 0.014306 400.000000 7.207207
150 0.000227 0.025316 500.000000 7.163324
150 0.000189 0.006462 600.000000 7.075472
150 0.000269 0.014808 700.000000 7.268951
150 0.000318 0.021933 800.000000 7.155635
160 0.000891 0.051348 100.000000 7.751938
160 0.001034 0.086631 200.000000 6.666667
160 0.000742 0.030297 300.000000 6.726458
160 0.000433 0.018614 400.000000 7.272727
160 0.000197 0.026769 500.000000 7.194244
160 0.000179 0.008233 600.000000 7.083825
160 0.000269 0.012904 700.000000 7.291667
160 0.000308 0.018667 800.000000 7.168459
170 0.001046 0.061203 100.000000 7.751938
170 0.001016 0.090244 200.000000 6.711410
170 0.000746 0.027688 300.000000 6.756757
170 0.000440 0.020660 400.000000 7.299270
170 0.000216 0.024992 500.000000 7.204611
170 0.000199 0.006195 600.000000 7.067138
170 0.000281 0.015727 700.000000 7.306890
170 0.000305 0.018432 800.000000 7.149240
180 0.001019 0.063271 100.000000 7.692307
180 0.000934 0.086716 200.000000 6.734007
180 0.000721 0.021116 300.000000 6.756757
180 0.000417 0.022768 400.000000 7.326007
180 0.000234 0.021394 500.000000 7.153076
180 0.000216 0.004356 600.000000 7.050529
180 0.000290 0.017617 700.000000 7.306890
180 0.000284 0.015728 800.000000 7.104796
190 0.000992 0.062826 100.000000 7.575758
190 0.000869 0.079922 200.000000 6.756757
190 0.000662 0.013158 300.000000 6.772009
190 0.000399 0.025775 400.000000 7.339449
190 0.000249 0.018918 500.000000 7.052186
190 0.000226 0.004080 600.000000 7.050529
190 0.000292 0.017327 700.000000 7.306890
190 0.000272 0.011600 800.000000 7.073386
200 0.001046 0.066940 100.000000 7.518797
200 0.000866 0.080034 200.000000 6.779661
200 0.000627 0.009474 300.000000 6.802721
200 0.000396 0.027506 400.000000 7.366483
200 0.000271 0.016302 500.000000 6.983240
200 0.000232 0.003576 600.000000 7.067138
200 0.000292 0.019242 700.000000 7.299270
200 0.000269 0.009532 800.000000 7.073386
210 0.001035 0.063349 100.000000 7.407407
210 0.000862 0.073211 200.000000 6.756757
210 0.000590 0.005536 300.000000 6.849315
210 0.000379 0.029179 400.000000 7.393715
210 0.000274 0.015116 500.000000 6.973501
210 0.000236 0.003639 600.000000 7.092198
210 0.000287 0.018611 700.000000 7.276507
210 0.000260 0.006023 800.000000 7.079646
220 0.000938 0.062744 100.000000 7.299270
220 0.000829 0.070148 200.000000 6.666667
220 0.000569 0.006386 300.000000 6.896552
220 0.000365 0.029699 400.000000 7.407407
220 0.000267 0.013223 500.000000 6.983240
220 0.000238 0.003916 600.000000 7.117438
220 0.000301 0.019221 700.000000 7.209063
220 0.000253 0.003874 800.000000 7.098492
230 0.000771 0.056950 100.000000 7.142857
230 0.000929 0.059019 200.000000 6.493506
230 0.000531 0.010057 300.000000 6.944445
230 0.000333 0.030227 400.000000 7.393715
230 0.000233 0.012020 500.000000 6.993007
230 0.000227 0.003434 600.000000 7.142857
230 0.000279 0.017354 700.000000 7.142857
230 0.000238 0.001545 800.000000 7.117438
240 0.000814 0.057017 100.000000 6.849315
240 0.000903 0.046861 200.000000 6.309148
240 0.000521 0.014094 300.000000 6.976744
240 0.000277 0.030712 400.000000 7.339449
240 0.000207 0.011408 500.000000 7.002801
240 0.000211 0.003102 600.000000 7.159904
240 0.000269 0.015424 700.000000 7.113821
240 0.000223 0.002392 800.000000 7.130125
250 0.000956 0.058089 100.000000 6.711410
250 0.000899 0.038485 200.000000 6.269592
250 0.000507 0.016635 300.000000 7.009346
250 0.000192 0.029546 400.000000 7.168459
250 0.000198 0.009971 500.000000 7.012623
250 0.000200 0.003920 600.000000 7.177033
250 0.000289 0.014311 700.000000 7.099391
250 0.000217 0.003791 800.000000 7.136485
260 0.001099 0.063395 100.000000 6.369427
260 0.000899 0.027317 200.000000 6.250000
260 0.000471 0.020900 300.000000 7.025761
260 0.000211 0.028742 400.000000 7.079646
260 0.000168 0.011202 500.000000 7.002801
260 0.000186 0.004038 600.000000 7.185629
260 0.000269 0.011548 700.000000 7.092198
260 0.000203 0.005902 800.000000 7.142857
270 0.001366 0.061573 100.000000 5.952381
270 0.000848 0.017740 200.000000 6.269592
270 0.000433 0.023906 300.000000 7.042253
270 0.000211 0.026170 400.000000 7.054674
270 0.000162 0.011269 500.000000 6.983240
270 0.000194 0.004378 600.000000 7.194244
270 0.000254 0.009054 700.000000 7.092198
270 0.000186 0.007778 800.000000 7.149240
280 0.001237 0.055829 100.000000 5.813953
280 0.000807 0.010017 200.000000 6.269592
280 0.000412 0.025043 300.000000 7.075472
280 0.000212 0.022170 400.000000 7.054674
280 0.000161 0.010008 500.000000 6.973501
280 0.000219 0.004325 600.000000 7.202881
280 0.000259 0.006954 700.000000 7.092198
280 0.000169 0.009089 800.000000 7.162041
290 0.001168 0.047285 100.000000 5.813953
290 0.000756 0.005557 200.000000 6.289308
290 0.000394 0.024102 300.000000 7.109005
290 0.000235 0.016246 400.000000 7.054674
290 0.000175 0.007567 500.000000 6.954103
290 0.000231 0.004697 600.000000 7.211538
290 0.000251 0.005543 700.000000 7.085020
290 0.000165 0.009893 800.000000 7.174888
300 0.000891 0.031963 100.000000 5.882353
300 0.000666 0.006602 200.000000 6.309148
300 0.000360 0.020742 300.000000 7.142857
300 0.000280 0.009227 400.000000 7.054674
300 0.000179 0.005191 500.000000 6.925208
300 0.000228 0.004768 600.000000 7.228916
300 0.000211 0.005189 700.000000 7.056452
300 0.000158 0.010332 800.000000 7.194244
310 0.000843 0.033362 100.000000 5.952381
310 0.000660 0.009788 200.000000 6.349206
310 0.000338 0.022692 300.000000 7.194244
310 0.000277 0.008931 400.000000 7.005254
310 0.000187 0.005764 500.000000 6.925208
310 0.000235 0.005065 600.000000 7.237636
310 0.000202 0.005551 700.000000 7.014028
310 0.000159 0.011221 800.000000 7.213706
320 0.000846 0.024104 100.000000 6.024096
320 0.000527 0.020518 200.000000 6.389776
320 0.000264 0.028434 300.000000 7.228916
320 0.000282 0.012530 400.000000 6.908463
320 0.000164 0.011813 500.000000 6.934813
320 0.000209 0.006432 600.000000 7.246377
320 0.000181 0.007733 700.000000 7.000000
320 0.000137 0.013645 800.000000 7.239819
330 0.000775 0.016772 100.000000 6.097561
330 0.000447 0.024738 200.000000 6.451613
330 0.000236 0.028006 300.000000 7.281553
330 0.000269 0.011579 400.000000 6.849315
330 0.000159 0.012744 500.000000 6.963789
330 0.000198 0.007367 600.000000 7.255139
330 0.000171 0.009184 700.000000 7.000000
330 0.000124 0.014273 800.000000 7.259528
340 0.000764 0.009061 100.000000 6.134969
340 0.000374 0.028910 200.000000 6.535948
340 0.000211 0.027918 300.000000 7.334963
340 0.000266 0.012213 400.000000 6.837607
340 0.000134 0.014459 500.000000 7.002801
340 0.000172 0.008672 600.000000 7.246377
340 0.000164 0.010714 700.000000 7.021063
340 0.000107 0.014829 800.000000 7.292616
350 0.000703 0.012026 100.000000 6.097561
350 0.000399 0.027005 200.000000 6.622517
350 0.000267 0.024919 300.000000 7.389163
350 0.000288 0.009104 400.000000 6.872852
350 0.000159 0.011694 500.000000 7.042253
350 0.000198 0.007063 600.000000 7.211538
350 0.000166 0.010447 700.000000 7.042253
350 0.000108 0.014190 800.000000 7.319304
360 0.000947 0.029145 100.000000 6.024096
360 0.000521 0.018911 200.000000 6.711410
360 0.000352 0.018789 300.000000 7.425743
360 0.000346 0.005789 400.000000 6.908463
360 0.000218 0.004138 500.000000 7.092198
360 0.000239 0.006538 600.000000 7.142857
360 0.000191 0.008223 700.000000 7.070707
360 0.000131 0.012295 800.000000 7.352941
370 0.001123 0.027140 100.000000 5.882353
370 0.000528 0.020028 200.000000 6.825939
370 0.000338 0.018975 300.000000 7.462687
370 0.000319 0.005967 400.000000 6.944445
370 0.000220 0.004328 500.000000 7.142857
370 0.000226 0.006775 600.000000 7.125891
370 0.000192 0.008562 700.000000 7.106599
370 0.000137 0.012546 800.000000 7.393715
380 0.001225 0.025989 100.000000 5.780347
380 0.000569 0.016875 200.000000 6.944445
380 0.000334 0.014623 300.000000 7.481297
380 0.000329 0.007559 400.000000 7.005254
380 0.000219 0.002614 500.000000 7.183908
380 0.000230 0.007163 600.000000 7.134364
380 0.000192 0.008171 700.000000 7.142857
380 0.000139 0.011660 800.000000 7.434944
390 0.001092 0.019220 100.000000 5.780347
390 0.000606 0.012979 200.000000 7.042253
390 0.000312 0.008161 300.000000 7.425743
390 0.000335 0.010869 400.000000 7.042253
390 0.000227 0.002721 500.000000 7.235890
390 0.000236 0.006487 600.000000 7.151371
390 0.000182 0.008166 700.000000 7.172131
390 0.000141 0.010477 800.000000 7.469655
400 0.001105 0.012353 100.000000 5.847953
400 0.000564 0.010067 200.000000 7.168459
400 0.000335 0.008141 300.000000 7.299270
400 0.000358 0.013811 400.000000 7.079646
400 0.000213 0.003221 500.000000 7.278020
400 0.000229 0.005954 600.000000 7.168459
400 0.000175 0.008134 700.000000 7.201646
400 0.000145 0.009843 800.000000 7.504691
410 0.001128 0.007813 100.000000 5.988024
410 0.000558 0.009794 200.000000 7.272727
410 0.000383 0.010783 300.000000 7.299270
410 0.000345 0.013356 400.000000 7.130125
410 0.000202 0.003087 500.000000 7.320644
410 0.000223 0.005911 600.000000 7.194244
410 0.000172 0.008403 700.000000 7.238883
410 0.000142 0.009897 800.000000 7.547170
420 0.001255 0.017173 100.000000 6.172840
420 0.000636 0.010257 200.000000 7.434944
420 0.000489 0.021788 300.000000 7.371007
420 0.000380 0.021730 400.000000 7.194244
420 0.000238 0.007257 500.000000 7.385524
420 0.000220 0.005556 600.000000 7.237636
420 0.000184 0.006283 700.000000 7.276507
420 0.000171 0.009494 800.000000 7.590133
430 0.001247 0.023493 100.000000 6.410256
430 0.000672 0.021342 200.000000 7.633588
430 0.000568 0.037468 300.000000 7.444169
430 0.000419 0.029738 400.000000 7.259528
430 0.000262 0.010324 500.000000 7.451565
430 0.000220 0.005277 600.000000 7.281553
430 0.000194 0.004697 700.000000 7.322176
430 0.000182 0.010868 800.000000 7.640879
440 0.001115 0.019113 100.000000 6.622517
440 0.000621 0.028367 200.000000 7.782101
440 0.000594 0.047747 300.000000 7.518797
440 0.000426 0.030620 400.000000 7.299270
440 0.000275 0.008180 500.000000 7.507507
440 0.000194 0.005653 600.000000 7.326007
440 0.000181 0.004661 700.000000 7.368421
440 0.000183 0.012501 800.000000 7.684918
450 0.001080 0.016748 100.000000 6.711410
450 0.000590 0.027804 200.000000 7.874016
450 0.000560 0.047852 300.000000 7.556675
450 0.000403 0.026472 400.000000 7.312614
450 0.000285 0.006017 500.000000 7.541478
450 0.000193 0.006572 600.000000 7.343941
450 0.000176 0.005261 700.000000 7.391764
450 0.000177 0.013018 800.000000 7.707129
460 0.000984 0.015483 100.000000 6.756757
460 0.000573 0.030158 200.000000 7.936508
460 0.000567 0.051060 300.000000 7.556675
460 0.000386 0.023175 400.000000 7.285975
460 0.000272 0.004380 500.000000 7.564297
460 0.000185 0.008156 600.000000 7.334963
460 0.000166 0.005668 700.000000 7.415254
460 0.000188 0.014031 800.000000 7.722008
470 0.001022 0.014484 100.000000 6.756757
470 0.000562 0.027797 200.000000 7.968128
470 0.000566 0.050060 300.000000 7.518797
470 0.000354 0.018988 400.000000 7.233273
470 0.000273 0.004363 500.000000 7.552870
470 0.000164 0.008970 600.000000 7.272727
470 0.000180 0.006525 700.000000 7.423118
470 0.000181 0.014414 800.000000 7.707129
480 0.000934 0.013945 100.000000 6.756757
480 0.000534 0.025664 200.000000 8.000000
480 0.000576 0.048365 300.000000 7.352941
480 0.000350 0.013421 400.000000 7.194244
480 0.000277 0.004218 500.000000 7.541478
480 0.000163 0.009625 600.000000 7.202881
480 0.000175 0.007592 700.000000 7.438895
480 0.000143 0.015023 800.000000 7.670182
490 0.000882 0.015432 100.000000 6.756757
490 0.000543 0.024932 200.000000 8.000000
490 0.000575 0.045182 300.000000 7.142857
490 0.000347 0.009401 400.000000 7.194244
490 0.000277 0.005000 500.000000 7.530120
490 0.000169 0.009722 600.000000 7.168459
490 0.000177 0.008444 700.000000 7.446808
490 0.000185 0.015648 800.000000 7.490637
500 0.000661 0.016417 100.000000 6.896552
500 0.000503 0.028141 200.000000 8.064516
500 0.000566 0.041246 300.000000 7.075472
500 0.000297 0.006050 400.000000 7.233273
500 0.000228 0.006659 500.000000 7.507507
500 0.000166 0.009950 600.000000 7.168459
500 0.000160 0.008682 700.000000 7.470651
500 0.000175 0.016887 800.000000 7.462687
510 0.000590 0.018603 100.000000 7.092198
510 0.000515 0.035483 200.000000 8.163265
510 0.000565 0.040518 300.000000 7.125891
510 0.000287 0.004021 400.000000 7.285975
510 0.000199 0.008399 500.000000 7.473842
510 0.000148 0.009845 600.000000 7.202881
510 0.000147 0.008668 700.000000 7.510730
510 0.000171 0.018672 800.000000 7.483630
520 0.000603 0.018650 100.000000 7.352941
520 0.000511 0.034522 200.000000 8.298756
520 0.000550 0.035950 300.000000 7.194244
520 0.000280 0.002609 400.000000 7.366483
520 0.000188 0.008926 500.000000 7.429420
520 0.000145 0.009943 600.000000 7.255139
520 0.000145 0.009043 700.000000 7.559395
520 0.000176 0.018990 800.000000 7.511737
530 0.000764 0.034638 100.000000 7.692307
530 0.000596 0.057764 200.000000 8.438819
530 0.000601 0.049955 300.000000 7.281553
530 0.000321 0.006856 400.000000 7.448790
530 0.000160 0.008938 500.000000 7.407407
530 0.000154 0.008498 600.000000 7.299270
530 0.000172 0.009642 700.000000 7.616975
530 0.000201 0.024158 800.000000 7.554296
540 0.000843 0.049686 100.000000 8.064516
540 0.000617 0.073397 200.000000 8.583691
540 0.000627 0.055832 300.000000 7.389163
540 0.000336 0.007973 400.000000 7.532957
540 0.000165 0.010175 500.000000 7.429420
540 0.000163 0.007627 600.000000 7.352941
540 0.000185 0.011864 700.000000 7.667032
540 0.000219 0.028505 800.000000 7.597341
550 0.000692 0.047026 100.000000 8.474576
550 0.000538 0.071057 200.000000 8.695652
550 0.000582 0.046942 300.000000 7.481297
550 0.000295 0.003370 400.000000 7.619048
550 0.000126 0.012210 500.000000 7.462687
550 0.000140 0.007613 600.000000 7.407407
550 0.000172 0.011245 700.000000 7.726269
550 0.000210 0.027746 800.000000 7.640879
560 0.000686 0.041331 100.000000 8.849558
560 0.000559 0.064974 200.000000 8.620689
560 0.000548 0.038540 300.000000 7.556675
560 0.000259 0.002215 400.000000 7.692307
560 0.000122 0.012693 500.000000 7.485030
560 0.000132 0.007848 600.000000 7.453416
560 0.000162 0.010820 700.000000 7.777778
560 0.000202 0.026512 800.000000 7.677543
570 0.000562 0.040373 100.000000 9.090909
570 0.000677 0.063835 200.000000 8.264462
570 0.000541 0.029214 300.000000 7.594937
570 0.000236 0.006752 400.000000 7.722008
570 0.000091 0.014191 500.000000 7.485030
570 0.000117 0.007662 600.000000 7.481297
570 0.000152 0.010504 700.000000 7.812500
570 0.000199 0.026056 800.000000 7.707129
580 0.000606 0.045213 100.000000 9.259259
580 0.000745 0.065359 200.000000 8.097166
580 0.000523 0.022906 300.000000 7.575758
580 0.000232 0.010483 400.000000 7.736944
580 0.000071 0.014994 500.000000 7.473842
580 0.000111 0.007168 600.000000 7.490637
580 0.000160 0.010698 700.000000 7.829978
580 0.000203 0.026718 800.000000 7.722008
590 0.000576 0.044407 100.000000 9.345795
590 0.000766 0.059884 200.000000 8.032128
590 0.000485 0.015356 300.000000 7.537688
590 0.000199 0.012967 400.000000 7.751938
590 0.000080 0.014577 500.000000 7.473842
590 0.000118 0.006967 600.000000 7.500000
590 0.000152 0.010949 700.000000 7.856341
590 0.000203 0.027086 800.000000 7.729469
600 0.000527 0.044272 100.000000 9.433962
600 0.000719 0.056200 200.000000 8.000000
600 0.000465 0.009227 300.000000 7.481297
600 0.000177 0.015271 400.000000 7.751938
600 0.000085 0.014444 500.000000 7.462687
600 0.000125 0.006841 600.000000 7.509387
600 0.000150 0.011496 700.000000 7.865169
600 0.000209 0.027586 800.000000 7.744434
610 0.000551 0.046537 100.000000 9.523809
610 0.000709 0.054954 200.000000 7.968128
610 0.000430 0.005851 300.000000 7.425743
610 0.000145 0.016029 400.000000 7.766990
610 0.000091 0.014243 500.000000 7.418397
610 0.000120 0.006746 600.000000 7.528231
610 0.000160 0.012414 700.000000 7.856341
610 0.000211 0.028533 800.000000 7.759457
620 0.000531 0.044263 100.000000 9.615385
620 0.000694 0.050530 200.000000 7.874016
620 0.000372 0.003747 300.000000 7.352941
620 0.000117 0.016837 400.000000 7.766990
620 0.000101 0.013507 500.000000 7.331378
620 0.000116 0.006920 600.000000 7.537688
620 0.000155 0.012766 700.000000 7.838746
620 0.000218 0.028749 800.000000 7.774539
630 0.000532 0.041728 100.000000 9.615385
630 0.000725 0.045145 200.000000 7.518797
630 0.000322 0.006206 300.000000 7.334963
630 0.000130 0.016837 400.000000 7.736944
630 0.000098 0.012732 500.000000 7.256894
630 0.000110 0.007266 600.000000 7.556675
630 0.000163 0.013051 700.000000 7.751938
630 0.000216 0.028930 800.000000 7.782101
640 0.000459 0.034982 100.000000 9.615385
640 0.000641 0.034189 200.000000 7.220217
640 0.000281 0.009763 300.000000 7.317073
640 0.000116 0.015680 400.000000 7.692307
640 0.000106 0.011628 500.000000 7.225433
640 0.000105 0.007774 600.000000 7.566204
640 0.000165 0.013221 700.000000 7.559395
640 0.000207 0.028016 800.000000 7.797271
650 0.000559 0.038294 100.000000 9.433962
650 0.000637 0.027371 200.000000 7.092198
650 0.000232 0.011707 300.000000 7.334963
650 0.000112 0.015362 400.000000 7.547170
650 0.000120 0.011488 500.000000 7.215007
650 0.000108 0.007998 600.000000 7.575758
650 0.000161 0.014550 700.000000 7.526882
650 0.000213 0.029736 800.000000 7.804878
660 0.000480 0.037767 100.000000 9.174312
660 0.000580 0.017501 200.000000 7.042253
660 0.000197 0.015287 300.000000 7.334963
660 0.000110 0.015028 400.000000 7.285975
660 0.000120 0.010986 500.000000 7.215007
660 0.000110 0.008315 600.000000 7.585335
660 0.000166 0.015108 700.000000 7.518797
660 0.000214 0.030446 800.000000 7.812500
670 0.000593 0.040914 100.000000 8.403361
670 0.000559 0.009135 200.000000 6.993007
670 0.000156 0.018636 300.000000 7.334963
670 0.000121 0.015560 400.000000 7.194244
670 0.000115 0.011153 500.000000 7.204611
670 0.000118 0.008848 600.000000 7.604563
670 0.000171 0.016578 700.000000 7.518797
670 0.000220 0.032521 800.000000 7.820137
680 0.000893 0.037475 100.000000 7.407407
680 0.000549 0.003112 200.000000 6.968641
680 0.000159 0.020479 300.000000 7.334963
680 0.000164 0.014633 400.000000 7.142857
680 0.000120 0.010809 500.000000 7.204611
680 0.000115 0.009557 600.000000 7.614213
680 0.000169 0.017528 700.000000 7.526882
680 0.000226 0.033316 800.000000 7.835455
690 0.001010 0.028980 100.000000 7.042253
690 0.000506 0.007055 200.000000 6.896552
690 0.000126 0.019893 300.000000 7.317073
690 0.000173 0.012793 400.000000 7.117438
690 0.000119 0.010264 500.000000 7.194244
690 0.000114 0.010279 600.000000 7.633588
690 0.000161 0.018052 700.000000 7.534984
690 0.000219 0.033489 800.000000 7.843137
700 0.000929 0.029420 100.000000 6.944445
700 0.000463 0.010453 200.000000 6.802721
700 0.000099 0.019910 300.000000 7.317073
700 0.000200 0.012386 400.000000 7.092198
700 0.000117 0.010529 500.000000 7.204611
700 0.000113 0.010806 600.000000 7.643312
700 0.000175 0.019218 700.000000 7.543103
700 0.000227 0.034982 800.000000 7.858546
710 0.000902 0.024749 100.000000 6.849315
710 0.000380 0.014208 200.000000 6.711410
710 0.000100 0.018764 300.000000 7.299270
710 0.000216 0.011711 400.000000 7.054674
710 0.000118 0.010206 500.000000 7.204611
710 0.000111 0.011672 600.000000 7.633588
710 0.000176 0.020283 700.000000 7.543103
710 0.000224 0.035863 800.000000 7.858546
720 0.000866 0.025755 100.000000 6.666667
720 0.000312 0.016382 200.000000 6.578948
720 0.000120 0.017374 300.000000 7.281553
720 0.000215 0.011349 400.000000 6.944445
720 0.000118 0.010311 500.000000 7.215007
720 0.000118 0.012373 600.000000 7.604563
720 0.000189 0.021465 700.000000 7.551240
720 0.000229 0.037205 800.000000 7.858546
730 0.000908 0.021656 100.000000 6.211180
730 0.000254 0.017731 200.000000 6.514658
730 0.000178 0.015234 300.000000 7.246377
730 0.000217 0.010919 400.000000 6.837607
730 0.000121 0.009767 500.000000 7.225433
730 0.000134 0.013292 600.000000 7.537688
730 0.000189 0.022494 700.000000 7.559395
730 0.000224 0.037581 800.000000 7.858546
740 0.000834 0.014479 100.000000 5.780347
740 0.000218 0.020456 200.000000 6.514658
740 0.000180 0.014668 300.000000 7.194244
740 0.000215 0.009875 400.000000 6.791172
740 0.000116 0.010235 500.000000 7.235890
740 0.000141 0.013904 600.000000 7.299270
740 0.000189 0.023339 700.000000 7.575758
740 0.000229 0.038806 800.000000 7.850834
750 0.000794 0.003298 100.000000 5.649717
750 0.000130 0.023019 200.000000 6.535948
750 0.000192 0.014300 300.000000 7.109005
750 0.000220 0.009044 400.000000 6.779661
750 0.000116 0.010508 500.000000 7.256894
750 0.000153 0.014595 600.000000 7.263923
750 0.000194 0.024302 700.000000 7.592191
750 0.000230 0.039947 800.000000 7.850834
760 0.000709 0.008241 100.000000 5.649717
760 0.000104 0.021639 200.000000 6.578948
760 0.000266 0.012646 300.000000 6.896552
760 0.000236 0.007480 400.000000 6.802721
760 0.000124 0.010534 500.000000 7.288630
760 0.000148 0.015285 600.000000 7.272727
760 0.000194 0.024615 700.000000 7.616975
760 0.000222 0.039735 800.000000 7.843137
770 0.000701 0.008232 100.000000 5.714286
770 0.000104 0.021235 200.000000 6.666667
770 0.000279 0.013251 300.000000 6.787330
770 0.000222 0.007867 400.000000 6.837607
770 0.000117 0.011178 500.000000 7.331378
770 0.000145 0.015922 600.000000 7.299270
770 0.000194 0.026000 700.000000 7.650273
770 0.000236 0.041584 800.000000 7.835455
780 0.000672 0.007086 100.000000 5.813953
780 0.000110 0.018786 200.000000 6.756757
780 0.000298 0.015145 300.000000 6.802721
780 0.000219 0.008078 400.000000 6.884682
780 0.000120 0.011446 500.000000 7.385524
780 0.000141 0.016682 600.000000 7.334963
780 0.000192 0.027025 700.000000 7.692307
780 0.000243 0.042441 800.000000 7.835455
790 0.000558 0.009732 100.000000 5.988024
790 0.000178 0.013859 200.000000 6.896552
790 0.000364 0.024421 300.000000 6.849315
790 0.000249 0.007384 400.000000 6.956522
790 0.000129 0.010464 500.000000 7.462687
790 0.000128 0.017393 600.000000 7.389163
790 0.000172 0.026741 700.000000 7.751938
790 0.000236 0.040818 800.000000 7.820137
800 0.000598 0.017620 100.000000 6.211180
800 0.000210 0.015653 200.000000 7.042253
800 0.000429 0.030017 300.000000 6.928406
800 0.000265 0.007343 400.000000 7.042253
800 0.000136 0.010713 500.000000 7.541478
800 0.000120 0.017850 600.000000 7.453416
800 0.000161 0.026285 700.000000 7.812500
800 0.000242 0.039309 800.000000 7.812500
810 0.000433 0.022976 100.000000 6.451613
810 0.000244 0.022755 200.000000 7.194244
810 0.000487 0.039036 300.000000 7.009346
810 0.000284 0.011171 400.000000 7.117438
810 0.000135 0.011894 500.000000 7.621951
810 0.000093 0.017604 600.000000 7.518797
810 0.000138 0.023529 700.000000 7.865169
810 0.000234 0.034030 800.000000 7.797271
820 0.000296 0.009553 100.000000 6.578948
820 0.000220 0.017056 200.000000 7.326007
820 0.000457 0.035085 300.000000 7.075472
820 0.000267 0.009787 400.000000 7.168459
820 0.000121 0.012404 500.000000 7.692307
820 0.000101 0.018082 600.000000 7.566204
820 0.000150 0.024417 700.000000 7.918552
820 0.000229 0.035573 800.000000 7.766990
830 0.000097 0.020538 100.000000 6.666667
830 0.000363 0.038680 200.000000 7.407407
830 0.000532 0.054631 300.000000 7.109005
830 0.000310 0.017275 400.000000 7.207207
830 0.000160 0.012193 500.000000 7.739938
830 0.000102 0.019498 600.000000 7.604563
830 0.000131 0.024922 700.000000 7.954545
830 0.000188 0.032869 800.000000 7.759457
840 0.000129 0.019977 100.000000 6.622517
840 0.000392 0.040485 200.000000 7.462687
840 0.000566 0.053008 300.000000 7.109005
840 0.000305 0.015164 400.000000 7.246377
840 0.000159 0.012999 500.000000 7.776050
840 0.000110 0.020320 600.000000 7.633588
840 0.000143 0.025989 700.000000 7.981756
840 0.000194 0.033623 800.000000 7.759457
850 0.000105 0.018398 100.000000 6.535948
850 0.000463 0.040846 200.000000 7.490637
850 0.000560 0.049552 300.000000 7.109005
850 0.000278 0.012936 400.000000 7.272727
850 0.000145 0.014457 500.000000 7.788162
850 0.000110 0.020770 600.000000 7.653061
850 0.000152 0.026024 700.000000 8.009153
850 0.000190 0.033377 800.000000 7.774539
860 0.000197 0.016760 100.000000 6.451613
860 0.000492 0.042883 200.000000 7.518797
860 0.000546 0.048821 300.000000 7.058824
860 0.000267 0.012607 400.000000 7.299270
860 0.000133 0.015434 500.000000 7.800312
860 0.000111 0.021128 600.000000 7.672634
860 0.000148 0.026279 700.000000 8.027523
860 0.000189 0.033393 800.000000 7.797271
870 0.000317 0.018876 100.000000 6.410256
870 0.000525 0.046996 200.000000 7.575758
870 0.000526 0.048775 300.000000 7.009346
870 0.000265 0.012535 400.000000 7.352941
870 0.000132 0.016069 500.000000 7.812500
870 0.000117 0.021419 600.000000 7.712082
870 0.000159 0.026528 700.000000 8.055236
870 0.000195 0.033186 800.000000 7.835455
880 0.000329 0.017624 100.000000 6.578948
880 0.000509 0.046224 200.000000 7.722008
880 0.000510 0.045585 300.000000 7.009346
880 0.000257 0.012291 400.000000 7.421150
880 0.000152 0.016551 500.000000 7.836991
880 0.000116 0.021311 600.000000 7.772021
880 0.000164 0.026686 700.000000 8.101851
880 0.000197 0.033469 800.000000 7.881773
890 0.000450 0.029347 100.000000 6.802721
890 0.000598 0.061007 200.000000 7.843137
890 0.000547 0.055579 300.000000 7.042253
890 0.000291 0.014604 400.000000 7.504691
890 0.000185 0.016332 500.000000 7.849294
890 0.000142 0.022653 600.000000 7.832898
890 0.000168 0.028391 700.000000 8.149011
890 0.000200 0.034760 800.000000 7.928642
900 0.000511 0.031713 100.000000 7.042253
900 0.000609 0.064090 200.000000 8.000000
900 0.000546 0.055370 300.000000 7.109005
900 0.000276 0.015425 400.000000 7.604563
900 0.000170 0.016392 500.000000 7.776050
900 0.000141 0.022219 600.000000 7.894737
900 0.000173 0.027673 700.000000 8.206330
900 0.000200 0.034118 800.000000 7.984032
910 0.000408 0.023941 100.000000 7.352941
910 0.000547 0.056858 200.000000 8.163265
910 0.000509 0.046998 300.000000 7.177033
910 0.000252 0.013500 400.000000 7.692307
910 0.000145 0.016491 500.000000 7.704160
910 0.000148 0.021733 600.000000 7.957560
910 0.000183 0.028010 700.000000 8.254717
910 0.000211 0.035226 800.000000 8.032128
920 0.000526 0.024462 100.000000 7.575758
920 0.000546 0.058288 200.000000 8.196721
920 0.000496 0.043164 300.000000 7.228916
920 0.000238 0.012964 400.000000 7.751938
920 0.000155 0.016816 500.000000 7.692307
920 0.000158 0.021771 600.000000 8.010681
920 0.000182 0.028549 700.000000 8.293839
920 0.000221 0.035865 800.000000 8.072654
930 0.000591 0.031887 100.000000 7.751938
930 0.000637 0.067002 200.000000 8.000000
930 0.000507 0.042585 300.000000 7.263923
930 0.000251 0.013289 400.000000 7.812500
930 0.000167 0.017438 500.000000 7.692307
930 0.000161 0.022322 600.000000 8.053691
930 0.000174 0.029210 700.000000 8.303678
930 0.000221 0.036035 800.000000 8.105370
940 0.000627 0.035956 100.000000 7.874016
940 0.000752 0.071670 200.000000 7.547170
940 0.000492 0.037387 300.000000 7.281553
940 0.000236 0.012673 400.000000 7.858546
940 0.000154 0.018779 500.000000 7.704160
940 0.000169 0.023872 600.000000 8.086253
940 0.000186 0.031323 700.000000 8.284023
940 0.000215 0.037511 800.000000 8.121827
950 0.000645 0.038758 100.000000 7.936508
950 0.000740 0.072221 200.000000 7.380074
950 0.000461 0.029091 300.000000 7.317073
950 0.000216 0.012853 400.000000 7.905138
950 0.000134 0.020197 500.000000 7.727975
950 0.000148 0.024832 600.000000 8.108109
950 0.000199 0.032228 700.000000 8.225616
950 0.000209 0.036748 800.000000 8.146640
960 0.000735 0.052492 100.000000 8.064516
960 0.000852 0.081361 200.000000 7.326007
960 0.000475 0.026962 300.000000 7.334963
960 0.000223 0.014173 400.000000 7.936508
960 0.000124 0.022036 500.000000 7.751938
960 0.000137 0.025451 600.000000 8.141112
960 0.000210 0.031507 700.000000 8.083141
960 0.000192 0.033590 800.000000 8.163265
970 0.000724 0.054179 100.000000 8.130081
970 0.000828 0.075265 200.000000 7.299270
970 0.000444 0.020579 300.000000 7.352941
970 0.000206 0.015556 400.000000 8.000000
970 0.000119 0.023068 500.000000 7.776050
970 0.000143 0.026363 600.000000 8.174387
970 0.000222 0.033380 700.000000 7.954545
970 0.000199 0.034554 800.000000 8.188332
980 0.000705 0.054293 100.000000 8.264462
980 0.000776 0.068562 200.000000 7.299270
980 0.000395 0.015781 300.000000 7.389163
980 0.000185 0.017084 400.000000 8.048289
980 0.000107 0.023550 500.000000 7.812500
980 0.000149 0.026827 600.000000 8.207934
980 0.000211 0.034131 700.000000 7.927520
980 0.000204 0.035266 800.000000 8.213552
990 0.000735 0.053793 100.000000 8.403361
990 0.000807 0.063392 200.000000 7.352941
990 0.000372 0.013334 300.000000 7.444169
990 0.000170 0.018012 400.000000 8.097166
990 0.000120 0.023790 500.000000 7.849294
990 0.000167 0.027824 600.000000 8.253095
990 0.000226 0.035829 700.000000 7.945517
990 0.000215 0.037650 800.000000 8.238929
1000 0.000827 0.055970 100.000000 8.620689
1000 0.000808 0.059969 200.000000 7.380074
1000 0.000344 0.011706 300.000000 7.500000
1000 0.000162 0.019167 400.000000 8.146640
1000 0.000128 0.024336 500.000000 7.898894
1000 0.000183 0.028532 600.000000 8.298756
1000 0.000220 0.036415 700.000000 7.972665
1000 0.000215 0.038275 800.000000 8.264462
1010 0.000843 0.053555 100.000000 8.849558
1010 0.000764 0.052047 200.000000 7.380074
1010 0.000317 0.010309 300.000000 7.575758
1010 0.000147 0.020046 400.000000 8.196721
1010 0.000129 0.024523 500.000000 7.949126
1010 0.000177 0.029818 600.000000 8.333333
1010 0.000224 0.037790 700.000000 8.018328
1010 0.000217 0.039615 800.000000 8.290155
1020 0.000802 0.047091 100.000000 9.090909
1020 0.000665 0.042621 200.000000 7.352941
1020 0.000276 0.010890 300.000000 7.653061
1020 0.000127 0.020090 400.000000 8.230453
1020 0.000141 0.024195 500.000000 8.000000
1020 0.000200 0.031606 600.000000 8.379889
1020 0.000249 0.040373 700.000000 8.055236
1020 0.000223 0.042185 800.000000 8.324662
1030 0.000772 0.045032 100.000000 9.174312
1030 0.000607 0.037636 200.000000 7.220217
1030 0.000251 0.011866 300.000000 7.731959
1030 0.000135 0.019975 400.000000 8.213552
1030 0.000157 0.025021 500.000000 8.038586
1030 0.000222 0.034877 600.000000 8.415147
1030 0.000258 0.044244 700.000000 8.092485
1030 0.000234 0.047033 800.000000 8.342023
1040 0.000777 0.048084 100.000000 9.174312
1040 0.000571 0.036179 200.000000 7.092198
1040 0.000220 0.012955 300.000000 7.772021
1040 0.000151 0.020034 400.000000 7.968128
1040 0.000188 0.026592 500.000000 8.064516
1040 0.000239 0.038553 600.000000 8.415147
1040 0.000274 0.047969 700.000000 8.120649
1040 0.000250 0.052037 800.000000 8.350731
1050 0.000664 0.049523 100.000000 8.849558
1050 0.000527 0.028535 200.000000 7.042253
1050 0.000196 0.014237 300.000000 7.792208
1050 0.000164 0.020490 400.000000 7.707129
1050 0.000207 0.028005 500.000000 8.090615
1050 0.000251 0.041949 600.000000 8.403361
1050 0.000288 0.050428 700.000000 8.139535
1050 0.000255 0.053633 800.000000 8.359457
1060 0.000767 0.046295 100.000000 7.812500
1060 0.000473 0.020141 200.000000 6.993007
1060 0.000178 0.015569 300.000000 7.812500
1060 0.000181 0.022012 400.000000 7.648183
1060 0.000239 0.032418 500.000000 8.103727
1060 0.000271 0.049445 600.000000 8.368201
1060 0.000311 0.056769 700.000000 8.139535
1060 0.000282 0.058133 800.000000 8.359457
1070 0.000833 0.047210 100.000000 6.944445
1070 0.000417 0.015690 200.000000 6.993007
1070 0.000154 0.016875 300.000000 7.832898
1070 0.000183 0.023412 400.000000 7.648183
1070 0.000250 0.035918 500.000000 8.116883
1070 0.000299 0.054191 600.000000 8.310249
1070 0.000312 0.060200 700.000000 8.158508
1070 0.000293 0.059818 800.000000 8.368201
1080 0.000970 0.045625 100.000000 6.666667
1080 0.000369 0.011344 200.000000 6.993007
1080 0.000139 0.018095 300.000000 7.874016
1080 0.000190 0.024819 400.000000 7.648183
1080 0.000263 0.038631 500.000000 8.130081
1080 0.000337 0.058195 600.000000 8.141112
1080 0.000314 0.061341 700.000000 8.168028
1080 0.000284 0.058739 800.000000 8.385744
1090 0.000939 0.037929 100.000000 6.535948
1090 0.000328 0.009967 200.000000 6.993007
1090 0.000125 0.019537 300.000000 7.915567
1090 0.000190 0.026584 400.000000 7.662835
1090 0.000277 0.041689 500.000000 8.156607
1090 0.000372 0.061938 600.000000 7.926024
1090 0.000316 0.061849 700.000000 8.177570
1090 0.000260 0.056793 800.000000 8.394544
1100 0.000851 0.033532 100.000000 6.493506
1100 0.000275 0.011823 200.000000 6.993007
1100 0.000126 0.020396 300.000000 7.936508
1100 0.000210 0.028090 400.000000 7.677543
1100 0.000285 0.044465 500.000000 8.183306
1100 0.000354 0.063477 600.000000 7.863696
1100 0.000323 0.063100 700.000000 8.187135
1100 0.000245 0.056651 800.000000 8.403361
1110 0.000921 0.037580 100.000000 6.451613
1110 0.000254 0.014050 200.000000 6.993007
1110 0.000162 0.022228 300.000000 7.978724
1110 0.000265 0.034135 400.000000 7.707129
1110 0.000338 0.054079 500.000000 8.196721
1110 0.000372 0.072724 600.000000 7.853403
1110 0.000346 0.074657 700.000000 8.196721
1110 0.000263 0.067851 800.000000 8.394544
1120 0.000824 0.034942 100.000000 6.329114
1120 0.000261 0.016716 200.000000 7.042253
1120 0.000190 0.026629 300.000000 7.957560
1120 0.000313 0.041937 400.000000 7.722008
1120 0.000366 0.064217 500.000000 8.223684
1120 0.000397 0.081911 600.000000 7.874016
1120 0.000364 0.083935 700.000000 8.206330
1120 0.000271 0.074513 800.000000 8.324662
1130 0.000832 0.035528 100.000000 6.060606
1130 0.000250 0.019683 200.000000 7.067138
1130 0.000240 0.030589 300.000000 7.936508
1130 0.000356 0.048305 400.000000 7.751938
1130 0.000398 0.072092 500.000000 8.237232
1130 0.000417 0.088197 600.000000 7.894737
1130 0.000365 0.090192 700.000000 8.206330
1130 0.000311 0.077012 800.000000 8.179959
1140 0.000816 0.035815 100.000000 5.847953
1140 0.000250 0.023109 200.000000 7.142857
1140 0.000341 0.035288 300.000000 7.874016
1140 0.000393 0.055613 400.000000 7.782101
1140 0.000420 0.080548 500.000000 8.250825
1140 0.000432 0.094790 600.000000 7.926024
1140 0.000381 0.096838 700.000000 8.225616
1140 0.000325 0.079622 800.000000 8.154943
1150 0.000697 0.035989 100.000000 5.747127
1150 0.000267 0.027196 200.000000 7.194244
1150 0.000393 0.040233 300.000000 7.500000
1150 0.000415 0.062360 400.000000 7.827789
1150 0.000440 0.087939 500.000000 8.278146
1150 0.000444 0.100797 600.000000 7.957560
1150 0.000393 0.102274 700.000000 8.244994
1150 0.000332 0.081469 800.000000 8.163265
1160 0.000583 0.027760 100.000000 5.780347
1160 0.000238 0.024205 200.000000 7.299270
1160 0.000375 0.037814 300.000000 7.352941
1160 0.000406 0.060110 400.000000 7.874016
1160 0.000426 0.085818 500.000000 8.291874
1160 0.000441 0.095942 600.000000 8.000000
1160 0.000379 0.096005 700.000000 8.274232
1160 0.000319 0.073350 800.000000 8.179959
1170 0.000476 0.024489 100.000000 5.917160
1170 0.000288 0.030072 200.000000 7.434944
1170 0.000410 0.047654 300.000000 7.389163
1170 0.000436 0.071651 400.000000 7.968128
1170 0.000452 0.098890 500.000000 8.347245
1170 0.000465 0.105847 600.000000 8.064516
1170 0.000400 0.102680 700.000000 8.323424
1170 0.000324 0.076493 800.000000 8.230453
1180 0.000495 0.027470 100.000000 6.097561
1180 0.000327 0.034843 200.000000 7.604563
1180 0.000415 0.053130 300.000000 7.500000
1180 0.000463 0.078392 400.000000 8.064516
1180 0.000465 0.105740 500.000000 8.417508
1180 0.000481 0.111493 600.000000 8.130081
1180 0.000422 0.107008 700.000000 8.383233
1180 0.000336 0.078840 800.000000 8.281573
1190 0.000472 0.030136 100.000000 6.369427
1190 0.000356 0.039329 200.000000 7.843137
1190 0.000451 0.059492 300.000000 7.614213
1190 0.000483 0.085167 400.000000 8.196721
1190 0.000477 0.113300 500.000000 8.503402
1190 0.000493 0.117684 600.000000 8.207934
1190 0.000431 0.111579 700.000000 8.454106
1190 0.000345 0.081303 800.000000 8.342023
1200 0.000375 0.025384 100.000000 6.666667
1200 0.000424 0.042993 200.000000 8.064516
1200 0.000459 0.066249 300.000000 7.731959
1200 0.000506 0.093224 400.000000 8.316009
1200 0.000499 0.121769 500.000000 8.576329
1200 0.000490 0.122291 600.000000 8.287292
1200 0.000436 0.112397 700.000000 8.526188
1200 0.000346 0.080052 800.000000 8.412198
1210 0.000319 0.021143 100.000000 6.896552
1210 0.000380 0.041309 200.000000 8.264462
1210 0.000454 0.065059 300.000000 7.853403
1210 0.000491 0.092861 400.000000 8.421053
1210 0.000511 0.121524 500.000000 8.605852
1210 0.000489 0.119469 600.000000 8.368201
1210 0.000433 0.108008 700.000000 8.588957
1210 0.000334 0.075091 800.000000 8.465609
1220 0.000285 0.020185 100.000000 7.092198
1220 0.000407 0.043117 200.000000 8.438819
1220 0.000459 0.068060 300.000000 7.936508
1220 0.000498 0.096262 400.000000 8.510638
1220 0.000529 0.124942 500.000000 8.591065
1220 0.000488 0.120274 600.000000 8.426967
1220 0.000433 0.106763 700.000000 8.641975
1220 0.000337 0.072764 800.000000 8.519702
1230 0.000412 0.030791 100.000000 7.246377
1230 0.000472 0.056253 200.000000 8.620689
1230 0.000515 0.082655 300.000000 8.021390
1230 0.000545 0.112035 400.000000 8.583691
1230 0.000596 0.140963 500.000000 8.460237
1230 0.000513 0.131925 600.000000 8.474576
1230 0.000441 0.115187 700.000000 8.695652
1230 0.000359 0.076982 800.000000 8.556149
1240 0.000460 0.034006 100.000000 7.407407
1240 0.000487 0.060290 200.000000 8.733624
1240 0.000514 0.086383 300.000000 8.086253
1240 0.000558 0.115745 400.000000 8.658009
1240 0.000614 0.144139 500.000000 8.278146
1240 0.000514 0.133427 600.000000 8.510638
1240 0.000423 0.115435 700.000000 8.728180
1240 0.000359 0.075360 800.000000 8.592911
1250 0.000469 0.029698 100.000000 7.462687
1250 0.000478 0.056870 200.000000 8.849558
1250 0.000497 0.082737 300.000000 8.152174
1250 0.000541 0.112788 400.000000 8.714597
1250 0.000587 0.138121 500.000000 8.196721
1250 0.000506 0.126632 600.000000 8.534851
1250 0.000387 0.107250 700.000000 8.750000
1250 0.000342 0.067258 800.000000 8.629990
1260 0.000568 0.038262 100.000000 7.575758
1260 0.000528 0.067325 200.000000 8.968610
1260 0.000546 0.094829 300.000000 8.196721
1260 0.000578 0.125497 400.000000 8.752735
1260 0.000606 0.146421 500.000000 8.183306
1260 0.000523 0.132844 600.000000 8.559201
1260 0.000387 0.109830 700.000000 8.760951
1260 0.000344 0.066304 800.000000 8.648648
1270 0.000711 0.049104 100.000000 7.692307
1270 0.000567 0.076882 200.000000 9.049774
1270 0.000592 0.104958 300.000000 8.241758
1270 0.000609 0.135163 400.000000 8.810573
1270 0.000604 0.152365 500.000000 8.223684
1270 0.000531 0.138941 600.000000 8.583691
1270 0.000391 0.113434 700.000000 8.739077
1270 0.000352 0.067242 800.000000 8.686211
1280 0.000689 0.050499 100.000000 7.936508
1280 0.000592 0.078154 200.000000 9.132421
1280 0.000600 0.106036 300.000000 8.333333
1280 0.000598 0.136237 400.000000 8.888889
1280 0.000592 0.150379 500.000000 8.278146
1280 0.000519 0.137128 600.000000 8.633094
1280 0.000394 0.109878 700.000000 8.674102
1280 0.000345 0.063292 800.000000 8.724100
1290 0.000624 0.044408 100.000000 8.264462
1290 0.000554 0.071800 200.000000 9.259259
1290 0.000586 0.099954 300.000000 8.450705
1290 0.000590 0.130369 400.000000 8.968610
1290 0.000590 0.141464 500.000000 8.347245
1290 0.000494 0.128490 600.000000 8.683068
1290 0.000382 0.100016 700.000000 8.599508
1290 0.000322 0.055822 800.000000 8.771930
1300 0.000647 0.045145 100.000000 8.620689
1300 0.000541 0.071888 200.000000 9.389671
1300 0.000593 0.100157 300.000000 8.595988
1300 0.000596 0.130395 400.000000 9.070294
1300 0.000576 0.137959 500.000000 8.431704
1300 0.000481 0.123659 600.000000 8.746356
1300 0.000377 0.092655 700.000000 8.599508
1300 0.000304 0.050577 800.000000 8.830022
1310 0.000658 0.049892 100.000000 9.090909
1310 0.000555 0.076512 200.000000 9.478673
1310 0.000620 0.105747 300.000000 8.720930
1310 0.000599 0.135613 400.000000 9.174312
1310 0.000588 0.140627 500.000000 8.517887
1310 0.000489 0.126197 600.000000 8.810573
1310 0.000390 0.092739 700.000000 8.631319
1310 0.000310 0.050268 800.000000 8.879024
1320 0.000616 0.042137 100.000000 9.433962
1320 0.000622 0.068049 200.000000 9.009009
1320 0.000592 0.097650 300.000000 8.849558
1320 0.000576 0.128187 400.000000 9.237875
1320 0.000569 0.132200 500.000000 8.591065
1320 0.000475 0.120424 600.000000 8.862629
1320 0.000380 0.087618 700.000000 8.663366
1320 0.000298 0.046585 800.000000 8.928572
1330 0.000541 0.039830 100.000000 9.708738
1330 0.000588 0.066245 200.000000 8.510638
1330 0.000588 0.096058 300.000000 8.928572
1330 0.000584 0.126299 400.000000 9.280743
1330 0.000566 0.128111 500.000000 8.650519
1330 0.000467 0.116710 600.000000 8.888889
1330 0.000362 0.083045 700.000000 8.684863
1330 0.000290 0.043264 800.000000 8.958567
1340 0.000579 0.042887 100.000000 9.900990
1340 0.000606 0.069995 200.000000 8.403361
1340 0.000599 0.099646 300.000000 8.982036
1340 0.000582 0.130211 400.000000 9.259259
1340 0.000570 0.128049 500.000000 8.680555
1340 0.000479 0.115183 600.000000 8.915304
1340 0.000358 0.079989 700.000000 8.706468
1340 0.000286 0.041224 800.000000 8.988764
1350 0.000641 0.045360 100.000000 10.101010
1350 0.000602 0.072930 200.000000 8.368201
1350 0.000619 0.102590 300.000000 9.036144
1350 0.000596 0.132734 400.000000 9.195402
1350 0.000554 0.127331 500.000000 8.695652
1350 0.000479 0.112462 600.000000 8.928572
1350 0.000367 0.075969 700.000000 8.728180
1350 0.000280 0.038259 800.000000 8.998875
1360 0.000616 0.046760 100.000000 10.204082
1360 0.000592 0.073096 200.000000 8.403361
1360 0.000606 0.103847 300.000000 9.063444
1360 0.000619 0.133438 400.000000 9.009009
1360 0.000547 0.124676 500.000000 8.726004
1360 0.000475 0.108122 600.000000 8.955224
1360 0.000362 0.070486 700.000000 8.750000
1360 0.000270 0.034693 800.000000 9.019166
1370 0.000577 0.046262 100.000000 10.526316
1370 0.000580 0.073304 200.000000 8.438819
1370 0.000618 0.104213 300.000000 9.118541
1370 0.000693 0.133591 400.000000 8.639309
1370 0.000541 0.121641 500.000000 8.741259
1370 0.000444 0.103629 600.000000 8.968610
1370 0.000362 0.064721 700.000000 8.771930
1370 0.000255 0.030874 800.000000 9.029346
1380 0.000602 0.046644 100.000000 10.638298
1380 0.000567 0.072713 200.000000 8.474576
1380 0.000608 0.103823 300.000000 9.174312
1380 0.000650 0.130557 400.000000 8.385744
1380 0.000536 0.117989 500.000000 8.756567
1380 0.000402 0.099025 600.000000 8.982036
1380 0.000347 0.058866 700.000000 8.793970
1380 0.000238 0.027202 800.000000 9.039548
1390 0.000499 0.040263 100.000000 10.869565
1390 0.000545 0.067771 200.000000 8.474576
1390 0.000599 0.098554 300.000000 9.202454
1390 0.000622 0.120547 400.000000 8.333333
1390 0.000518 0.109351 500.000000 8.771930
1390 0.000362 0.090218 600.000000 8.982036
1390 0.000326 0.050315 700.000000 8.816121
1390 0.000220 0.021874 800.000000 9.039548
1400 0.000479 0.037938 100.000000 10.752688
1400 0.000545 0.065385 200.000000 8.510638
1400 0.000589 0.096370 300.000000 9.230769
1400 0.000591 0.113613 400.000000 8.333333
1400 0.000497 0.102825 500.000000 8.771930
1400 0.000340 0.082115 600.000000 8.902077
1400 0.000309 0.042285 700.000000 8.827238
1400 0.000205 0.017111 800.000000 9.029346
1410 0.000496 0.038558 100.000000 10.416667
1410 0.000596 0.067196 200.000000 8.510638
1410 0.000600 0.099083 300.000000 9.202454
1410 0.000592 0.112542 400.000000 8.350731
1410 0.000481 0.104817 500.000000 8.756567
1410 0.000368 0.082241 600.000000 8.633094
1410 0.000303 0.041189 700.000000 8.838384
1410 0.000191 0.017212 800.000000 8.958567
1420 0.000701 0.041248 100.000000 9.615385
1420 0.000665 0.072315 200.000000 8.510638
1420 0.000618 0.103869 300.000000 9.174312
1420 0.000594 0.113260 400.000000 8.368201
1420 0.000482 0.106647 500.000000 8.741259
1420 0.000374 0.079521 600.000000 8.534851
1420 0.000300 0.038948 700.000000 8.838384
1420 0.000201 0.016561 800.000000 8.048289
1430 0.000729 0.039533 100.000000 7.575758
1430 0.000641 0.071326 200.000000 8.510638
1430 0.000607 0.102458 300.000000 9.118541
1430 0.000586 0.108184 400.000000 8.385744
1430 0.000465 0.101872 500.000000 8.726004
1430 0.000363 0.072360 600.000000 8.510638
1430 0.000284 0.034484 700.000000 8.849558
1430 0.000211 0.013879 800.000000 7.976072
1440 0.000635 0.040561 100.000000 7.194244
1440 0.000632 0.071647 200.000000 8.510638
1440 0.000586 0.102317 300.000000 9.036144
1440 0.000577 0.102694 400.000000 8.385744
1440 0.000473 0.093589 500.000000 8.710801
1440 0.000347 0.062718 600.000000 8.510638
1440 0.000257 0.028198 700.000000 8.849558
1440 0.000169 0.010321 800.000000 7.960199
1450 0.000614 0.039351 100.000000 7.092198
1450 0.000614 0.071548 200.000000 8.510638
1450 0.000602 0.101531 300.000000 8.849558
1450 0.000549 0.097979 400.000000 8.385744
1450 0.000460 0.086985 500.000000 8.710801
1450 0.000338 0.055476 600.000000 8.522727
1450 0.000242 0.023714 700.000000 8.849558
1450 0.000176 0.008121 800.000000 7.960199
1460 0.000612 0.042695 100.000000 6.993007
1460 0.000622 0.074638 200.000000 8.510638
1460 0.000675 0.105005 300.000000 8.379889
1460 0.000540 0.096067 400.000000 8.385744
1460 0.000441 0.082647 500.000000 8.710801
1460 0.000343 0.049243 600.000000 8.522727
1460 0.000231 0.019956 700.000000 8.838384
1460 0.000158 0.006354 800.000000 7.960199
1470 0.000576 0.043376 100.000000 6.944445
1470 0.000636 0.075993 200.000000 8.510638
1470 0.000707 0.104354 300.000000 7.853403
1470 0.000529 0.093908 400.000000 8.368201
1470 0.000391 0.079553 500.000000 8.695652
1470 0.000327 0.044196 600.000000 8.522727
1470 0.000211 0.017424 700.000000 8.827238
1470 0.000155 0.005377 800.000000 7.960199
1480 0.000617 0.045262 100.000000 6.896552
1480 0.000667 0.078145 200.000000 8.510638
1480 0.000668 0.101472 300.000000 7.712082
1480 0.000532 0.092558 400.000000 8.350731
1480 0.000351 0.077226 500.000000 8.665511
1480 0.000322 0.039949 600.000000 8.534851
1480 0.000197 0.015365 700.000000 8.816121
1480 0.000146 0.004724 800.000000 7.952286
1490 0.000693 0.047907 100.000000 6.944445
1490 0.000687 0.080964 200.000000 8.547009
1490 0.000636 0.099729 300.000000 7.731959
1490 0.000522 0.092395 400.000000 8.350731
1490 0.000340 0.075731 500.000000 8.605852
1490 0.000313 0.036382 600.000000 8.547009
1490 0.000197 0.014032 700.000000 8.805032
1490 0.000142 0.004435 800.000000 7.960199
1500 0.000754 0.044768 100.000000 7.042253
1500 0.000660 0.078552 200.000000 8.620689
1500 0.000621 0.096435 300.000000 7.772021
1500 0.000503 0.093943 400.000000 8.385744
1500 0.000403 0.078048 500.000000 8.417508
1500 0.000321 0.036963 600.000000 8.583691
1500 0.000191 0.016192 700.000000 8.793970
1500 0.000151 0.004895 800.000000 7.976072
1510 0.000728 0.049129 100.000000 7.194244
1510 0.000665 0.080914 200.000000 8.695652
1510 0.000610 0.091252 300.000000 7.853403
1510 0.000472 0.084160 400.000000 8.421053
1510 0.000359 0.063381 500.000000 8.305648
1510 0.000271 0.026887 600.000000 8.633094
1510 0.000134 0.009651 700.000000 8.728180
1510 0.000119 0.004912 800.000000 8.000000
1520 0.000765 0.055022 100.000000 7.462687
1520 0.000645 0.085283 200.000000 8.849558
1520 0.000614 0.087518 300.000000 7.957560
1520 0.000457 0.074632 400.000000 8.492569
1520 0.000332 0.049121 500.000000 8.319468
1520 0.000242 0.017219 600.000000 8.683068
1520 0.000131 0.004333 700.000000 7.856341
1520 0.000105 0.006105 800.000000 8.032128
1530 0.000671 0.045022 100.000000 7.874016
1530 0.000575 0.075062 200.000000 9.090909
1530 0.000574 0.078297 300.000000 8.108109
1530 0.000429 0.069055 400.000000 8.602151
1530 0.000313 0.045711 500.000000 8.389262
1530 0.000233 0.016102 600.000000 8.771930
1530 0.000143 0.004980 700.000000 7.865169
1530 0.000096 0.005997 800.000000 8.080808
1540 0.000549 0.037416 100.000000 8.403361
1540 0.000528 0.065694 200.000000 9.433962
1540 0.000535 0.070035 300.000000 8.287292
1540 0.000403 0.063107 400.000000 8.752735
1540 0.000297 0.042126 500.000000 8.503402
1540 0.000217 0.014809 600.000000 8.875740
1540 0.000148 0.005669 700.000000 7.918552
1540 0.000093 0.005827 800.000000 8.146640
1550 0.000539 0.036212 100.000000 9.009009
1550 0.000542 0.065622 200.000000 9.756098
1550 0.000528 0.069371 300.000000 8.474576
1550 0.000403 0.062946 400.000000 8.908686
1550 0.000297 0.041580 500.000000 8.605852
1550 0.000209 0.014536 600.000000 8.982036
1550 0.000149 0.005239 700.000000 7.972665
1550 0.000095 0.005991 800.000000 8.213552
1560 0.000496 0.028312 100.000000 9.615385
1560 0.000523 0.059458 200.000000 10.050251
1560 0.000524 0.065604 300.000000 8.645534
1560 0.000388 0.063006 400.000000 9.029346
1560 0.000300 0.043258 500.000000 8.710801
1560 0.000217 0.016339 600.000000 9.077156
1560 0.000154 0.006805 700.000000 8.027523
1560 0.000087 0.006058 800.000000 8.273009
1570 0.000513 0.033780 100.000000 10.000000
1570 0.000521 0.064398 200.000000 10.204082
1570 0.000537 0.066134 300.000000 8.771930
1570 0.000398 0.060992 400.000000 9.111617
1570 0.000295 0.039355 500.000000 8.771930
1570 0.000205 0.013926 600.000000 9.146341
1570 0.000129 0.005463 700.000000 8.055236
1570 0.000087 0.006530 800.000000 8.307373
1580 0.000606 0.040406 100.000000 10.416667
1580 0.000568 0.071279 200.000000 10.256411
1580 0.000557 0.069322 300.000000 8.849558
1580 0.000423 0.062153 400.000000 9.174312
1580 0.000305 0.038283 500.000000 8.818342
1580 0.000195 0.013210 600.000000 9.188361
1580 0.000127 0.005093 700.000000 8.073818
1580 0.000089 0.006873 800.000000 8.342023
1590 0.000627 0.043525 100.000000 10.526316
1590 0.000600 0.072797 200.000000 10.050251
1590 0.000531 0.069824 300.000000 8.902077
1590 0.000428 0.062695 400.000000 9.216590
1590 0.000305 0.037936 500.000000 8.865249
1590 0.000195 0.013758 600.000000 9.216590
1590 0.000149 0.005410 700.000000 8.092485
1590 0.000088 0.007041 800.000000 8.359457
1600 0.000639 0.049020 100.000000 10.752688
1600 0.000684 0.079063 200.000000 9.389671
1600 0.000523 0.068678 300.000000 8.928572
1600 0.000416 0.057982 400.000000 9.237875
1600 0.000308 0.031489 500.000000 8.880995
1600 0.000172 0.010023 600.000000 9.230769
1600 0.000124 0.004723 700.000000 8.111239
1600 0.000079 0.007625 800.000000 8.368201
1610 0.000718 0.055294 100.000000 10.752688
1610 0.000780 0.082712 200.000000 8.474576
1610 0.000523 0.069228 300.000000 8.928572
1610 0.000359 0.057340 400.000000 9.237875
1610 0.000300 0.028915 500.000000 8.912656
1610 0.000166 0.009011 600.000000 9.230769
1610 0.000120 0.004939 700.000000 8.111239
1610 0.000076 0.007939 800.000000 8.368201
1620 0.000679 0.050767 100.000000 10.869565
1620 0.000691 0.073792 200.000000 8.163265
1620 0.000506 0.065966 300.000000 8.928572
1620 0.000308 0.056120 400.000000 9.237875
1620 0.000285 0.027009 500.000000 8.928572
1620 0.000154 0.010108 600.000000 9.230769
1620 0.000122 0.005109 700.000000 8.111239
1620 0.000070 0.008118 800.000000 8.359457
1630 0.000714 0.054420 100.000000 10.869565
1630 0.000643 0.069229 200.000000 8.130081
1630 0.000482 0.057500 300.000000 8.928572
1630 0.000269 0.044533 400.000000 9.153318
1630 0.000250 0.016726 500.000000 8.944544
1630 0.000128 0.004727 600.000000 9.202454
1630 0.000082 0.006289 700.000000 8.111239
1630 0.000079 0.008332 800.000000 8.359457
1640 0.000600 0.050505 100.000000 10.869565
1640 0.000591 0.061956 200.000000 8.163265
1640 0.000436 0.056350 300.000000 8.902077
1640 0.000317 0.044808 400.000000 8.849558
1640 0.000249 0.016353 500.000000 8.944544
1640 0.000116 0.007240 600.000000 9.146341
1640 0.000086 0.005855 700.000000 8.111239
1640 0.000073 0.008311 800.000000 8.368201
1650 0.000621 0.046942 100.000000 10.752688
1650 0.000569 0.054119 200.000000 8.163265
1650 0.000385 0.050615 300.000000 8.875740
1650 0.000303 0.037613 400.000000 8.547009
1650 0.000213 0.012891 500.000000 8.960573
1650 0.000122 0.007675 600.000000 8.862629
1650 0.000059 0.006211 700.000000 8.101851
1650 0.000065 0.008632 800.000000 8.368201
1660 0.000564 0.042592 100.000000 10.526316
1660 0.000528 0.046783 200.000000 8.196721
1660 0.000369 0.045579 300.000000 8.823529
1660 0.000282 0.031774 400.000000 8.492569
1660 0.000193 0.010865 500.000000 8.960573
1660 0.000149 0.008214 600.000000 7.812500
1660 0.000067 0.006347 700.000000 8.101851
1660 0.000072 0.008826 800.000000 8.359457
1670 0.000555 0.045073 100.000000 10.204082
1670 0.000546 0.042870 200.000000 8.196721
1670 0.000361 0.039919 300.000000 8.797654
1670 0.000263 0.024899 400.000000 8.474576
1670 0.000169 0.007918 500.000000 8.960573
1670 0.000127 0.006912 600.000000 7.782101
1670 0.000060 0.006786 700.000000 8.101851
1670 0.000089 0.009519 800.000000 8.342023
1680 0.000569 0.040561 100.000000 9.708738
1680 0.000465 0.034312 200.000000 8.196721
1680 0.000352 0.030883 300.000000 8.797654
1680 0.000250 0.017470 400.000000 8.492569
1680 0.000127 0.005510 500.000000 8.960573
1680 0.000138 0.006273 600.000000 7.772021
1680 0.000056 0.006978 700.000000 8.101851
1680 0.000093 0.010439 800.000000 8.324662
1690 0.000668 0.045009 100.000000 8.620689
1690 0.000463 0.037865 200.000000 8.196721
1690 0.000370 0.034932 300.000000 8.797654
1690 0.000277 0.019646 400.000000 8.492569
1690 0.000128 0.008308 500.000000 8.960573
1690 0.000143 0.006853 600.000000 7.782101
1690 0.000052 0.007089 700.000000 8.101851
1690 0.000098 0.010805 800.000000 8.324662
1700 0.000924 0.043802 100.000000 6.993007
1700 0.000432 0.033523 200.000000 8.163265
1700 0.000271 0.031389 300.000000 8.771930
1700 0.000254 0.016347 400.000000 8.510638
1700 0.000124 0.008905 500.000000 8.944544
1700 0.000124 0.007316 600.000000 7.772021
1700 0.000058 0.007695 700.000000 8.092485
1700 0.000108 0.012601 800.000000 8.324662
1710 0.000804 0.039087 100.000000 6.493506
1710 0.000436 0.027076 200.000000 8.163265
1710 0.000189 0.023677 300.000000 8.746356
1710 0.000214 0.009271 400.000000 8.510638
1710 0.000101 0.006340 500.000000 8.928572
1710 0.000116 0.006419 600.000000 7.772021
1710 0.000061 0.008232 700.000000 8.083141
1710 0.000126 0.014686 800.000000 8.324662
1720 0.000648 0.027502 100.000000 6.410256
1720 0.000378 0.021083 200.000000 8.130081
1720 0.000143 0.019845 300.000000 8.670520
1720 0.000198 0.007426 400.000000 8.528785
1720 0.000106 0.008323 500.000000 8.912656
1720 0.000111 0.007226 600.000000 7.772021
1720 0.000066 0.009487 700.000000 8.073818
1720 0.000120 0.017496 800.000000 8.324662
1730 0.000622 0.026931 100.000000 6.451613
1730 0.000353 0.023900 200.000000 8.097166
1730 0.000249 0.022357 300.000000 8.310249
1730 0.000216 0.007954 400.000000 8.547009
1730 0.000120 0.010523 500.000000 8.849558
1730 0.000107 0.007726 600.000000 7.761966
1730 0.000073 0.010396 700.000000 8.083141
1730 0.000136 0.018950 800.000000 8.307373
1740 0.000514 0.018535 100.000000 6.535948
1740 0.000260 0.021418 200.000000 8.097166
1740 0.000277 0.022337 300.000000 8.000000
1740 0.000201 0.010706 400.000000 8.565310
1740 0.000169 0.016590 500.000000 8.635578
1740 0.000117 0.010390 600.000000 7.772021
1740 0.000085 0.013010 700.000000 8.092485
1740 0.000126 0.022178 800.000000 8.307373
1750 0.000587 0.018636 100.000000 6.622517
1750 0.000294 0.021823 200.000000 8.130081
1750 0.000235 0.019198 300.000000 7.957560
1750 0.000202 0.008432 400.000000 8.602151
1750 0.000199 0.014721 500.000000 7.429420
1750 0.000103 0.008940 600.000000 7.782101
1750 0.000088 0.012523 700.000000 8.101851
1750 0.000151 0.022468 800.000000 8.316009
1760 0.000511 0.015094 100.000000 6.711410
1760 0.000259 0.021609 200.000000 8.163265
1760 0.000278 0.020182 300.000000 7.957560
1760 0.000192 0.012600 400.000000 8.639309
1760 0.000183 0.018859 500.000000 7.407407
1760 0.000115 0.012020 600.000000 7.792208
1760 0.000092 0.015251 700.000000 8.111239
1760 0.000159 0.025560 800.000000 8.333333
1770 0.000582 0.032301 100.000000 6.849315
1770 0.000409 0.043454 200.000000 8.230453
1770 0.000389 0.037697 300.000000 8.021390
1770 0.000232 0.024923 400.000000 8.695652
1770 0.000245 0.026035 500.000000 7.418397
1770 0.000138 0.014060 600.000000 7.822686
1770 0.000075 0.014503 700.000000 8.120649
1770 0.000135 0.022645 800.000000 8.359457
1780 0.000559 0.033070 100.000000 6.993007
1780 0.000424 0.042424 200.000000 8.333333
1780 0.000389 0.035007 300.000000 8.108109
1780 0.000218 0.024558 400.000000 8.752735
1780 0.000255 0.024662 500.000000 7.462687
1780 0.000134 0.013782 600.000000 7.863696
1780 0.000076 0.015127 700.000000 8.149011
1780 0.000138 0.024060 800.000000 8.394544
1790 0.000437 0.027496 100.000000 7.246377
1790 0.000387 0.037001 200.000000 8.510638
1790 0.000366 0.032093 300.000000 8.219178
1790 0.000219 0.026226 400.000000 8.849558
1790 0.000259 0.026463 500.000000 7.507507
1790 0.000135 0.016779 600.000000 7.915567
1790 0.000095 0.018731 700.000000 8.187135
1790 0.000148 0.028507 800.000000 8.438819
1800 0.000331 0.019882 100.000000 7.575758
1800 0.000335 0.029543 200.000000 8.733624
1800 0.000347 0.027437 300.000000 8.356546
1800 0.000200 0.025808 400.000000 8.948545
1800 0.000252 0.026549 500.000000 7.575758
1800 0.000136 0.018574 600.000000 7.968128
1800 0.000107 0.021612 700.000000 8.235294
1800 0.000162 0.032499 800.000000 8.483563
1810 0.000298 0.024758 100.000000 7.936508
1810 0.000342 0.036099 200.000000 8.968610
1810 0.000367 0.032969 300.000000 8.522727
1810 0.000215 0.031533 400.000000 9.090909
1810 0.000265 0.030472 500.000000 7.656968
1810 0.000147 0.021046 600.000000 8.042895
1810 0.000104 0.023060 700.000000 8.303678
1810 0.000156 0.033319 800.000000 8.547009
1820 0.000414 0.040237 100.000000 8.474576
1820 0.000406 0.054948 200.000000 9.259259
1820 0.000443 0.049246 300.000000 8.695652
1820 0.000274 0.046588 400.000000 9.237875
1820 0.000295 0.041587 500.000000 7.739938
1820 0.000178 0.027359 600.000000 8.119080
1820 0.000106 0.026190 700.000000 8.373206
1820 0.000141 0.034085 800.000000 8.620689
1830 0.000442 0.041141 100.000000 9.009009
1830 0.000424 0.057837 200.000000 9.615385
1830 0.000461 0.054496 300.000000 8.902077
1830 0.000313 0.054472 400.000000 9.411765
1830 0.000321 0.048766 500.000000 7.836991
1830 0.000204 0.033270 600.000000 8.207934
1830 0.000123 0.031293 700.000000 8.454106
1830 0.000146 0.038937 800.000000 8.686211
1840 0.000393 0.040424 100.000000 9.615385
1840 0.000406 0.056355 200.000000 9.950249
1840 0.000443 0.051307 300.000000 9.090909
1840 0.000302 0.051654 400.000000 9.569378
1840 0.000301 0.045220 500.000000 7.923930
1840 0.000193 0.031084 600.000000 8.275862
1840 0.000124 0.030264 700.000000 8.526188
1840 0.000144 0.038607 800.000000 8.752735
1850 0.000314 0.033476 100.000000 10.204082
1850 0.000367 0.049764 200.000000 10.256411
1850 0.000412 0.046188 300.000000 9.287926
1850 0.000298 0.049438 400.000000 9.708738
1850 0.000296 0.043258 500.000000 8.000000
1850 0.000180 0.031382 600.000000 8.344924
1850 0.000136 0.032143 700.000000 8.599508
1850 0.000160 0.041492 800.000000 8.820287
1860 0.000279 0.032220 100.000000 10.638298
1860 0.000324 0.046719 200.000000 10.471204
1860 0.000378 0.040644 300.000000 9.433962
1860 0.000277 0.044718 400.000000 9.803922
1860 0.000285 0.037565 500.000000 8.064516
1860 0.000174 0.028218 600.000000 8.403361
1860 0.000130 0.030806 700.000000 8.652658
1870 0.000272 0.033081 100.000000 10.869565
1870 0.000325 0.048159 200.000000 10.526316
1870 0.000379 0.040985 300.000000 9.523809
1870 0.000291 0.047581 400.000000 9.828010
1870 0.000272 0.037689 500.000000 8.090615
1870 0.000155 0.029412 600.000000 8.426967
1870 0.000129 0.033004 700.000000 8.674102
1880 0.000255 0.030836 100.000000 10.869565
1880 0.000345 0.045621 200.000000 10.101010
1880 0.000378 0.036480 300.000000 9.523809
1880 0.000290 0.045597 400.000000 9.779951
1880 0.000251 0.033775 500.000000 8.077544
1880 0.000142 0.028292 600.000000 8.426967
1880 0.000131 0.033779 700.000000 8.663366
1890 0.000306 0.031573 100.000000 10.526316
1890 0.000507 0.046540 200.000000 9.009009
1890 0.000365 0.036923 300.000000 9.523809
1890 0.000332 0.049195 400.000000 9.501187
1890 0.000242 0.033623 500.000000 8.064516
1890 0.000155 0.029963 600.000000 8.415147
1890 0.000150 0.036636 700.000000 8.631319
1900 0.000334 0.030039 100.000000 10.309278
1900 0.000410 0.041978 200.000000 8.771930
1900 0.000370 0.036643 300.000000 9.523809
1900 0.000365 0.050570 400.000000 7.648183
1900 0.000229 0.033843 500.000000 8.038586
1900 0.000164 0.032078 600.000000 8.403361
1900 0.000179 0.040251 700.000000 8.620689
1910 0.000324 0.026471 100.000000 10.204082
1910 0.000494 0.038371 200.000000 8.733624
1910 0.000338 0.039355 300.000000 9.493670
1910 0.000347 0.051030 400.000000 7.561437
1910 0.000234 0.036419 500.000000 8.038586
1910 0.000162 0.036208 600.000000 8.379889
1910 0.000199 0.046015 700.000000 8.610086
1920 0.000403 0.025699 100.000000 10.101010
1920 0.000530 0.036172 200.000000 8.733624
1920 0.000313 0.041332 300.000000 9.493670
1920 0.000378 0.049970 400.000000 7.561437
1920 0.000231 0.037469 500.000000 8.038586
1920 0.000172 0.039164 600.000000 8.356546
1920 0.000213 0.050369 700.000000 8.620689
1930 0.000394 0.025074 100.000000 10.101010
1930 0.000479 0.032780 200.000000 8.733624
1930 0.000290 0.039634 300.000000 9.493670
1930 0.000356 0.044344 400.000000 7.561437
1930 0.000213 0.035025 500.000000 8.038586
1930 0.000177 0.038832 600.000000 8.344924
1930 0.000220 0.051787 700.000000 8.620689
1940 0.000407 0.033276 100.000000 10.204082
1940 0.000486 0.036444 200.000000 8.771930
1940 0.000312 0.043985 300.000000 9.493670
1940 0.000330 0.043842 400.000000 7.561437
1940 0.000218 0.035031 500.000000 8.038586
1940 0.000177 0.039312 600.000000 8.356546
1940 0.000217 0.052607 700.000000 8.631319
1950 0.000483 0.038449 100.000000 10.101010
1950 0.000472 0.038839 200.000000 8.849558
1950 0.000350 0.049403 300.000000 9.493670
1950 0.000348 0.045220 400.000000 7.575758
1950 0.000217 0.037432 500.000000 8.038586
1950 0.000180 0.042733 600.000000 8.368201
1950 0.000220 0.056742 700.000000 8.631319
1960 0.000533 0.042091 100.000000 10.000000
1960 0.000477 0.041101 200.000000 8.888889
1960 0.000365 0.054081 300.000000 9.493670
1960 0.000334 0.045842 400.000000 7.575758
1960 0.000200 0.039296 500.000000 8.038586
1960 0.000187 0.045855 600.000000 8.368201
1970 0.000615 0.042408 100.000000 9.433962
1970 0.000485 0.039454 200.000000 8.928572
1970 0.000381 0.055001 300.000000 9.433962
1970 0.000320 0.043580 400.000000 7.575758
1970 0.000198 0.039285 500.000000 8.051530
1970 0.000190 0.047330 600.000000 8.368201
1980 0.000819 0.043433 100.000000 8.000000
1980 0.000462 0.035589 200.000000 9.009009
1980 0.000365 0.052619 300.000000 9.287926
1980 0.000299 0.038618 400.000000 7.590133
1980 0.000196 0.036994 500.000000 8.064516
1980 0.000206 0.046738 600.000000 8.356546
1990 0.000555 0.034064 100.000000 7.575758
1990 0.000419 0.033241 200.000000 9.049774
1990 0.000406 0.052812 300.000000 7.109005
1990 0.000268 0.038571 400.000000 7.590133
1990 0.000200 0.040011 500.000000 8.077544
1990 0.000221 0.051847 600.000000 8.368201
2000 0.000694 0.032611 100.000000 7.518797
2000 0.000411 0.035374 200.000000 9.090909
2000 0.000388 0.053635 300.000000 6.976744
2000 0.000263 0.039954 400.000000 7.604563
2000 0.000217 0.042924 500.000000 8.077544
2000 0.000269 0.056189 600.000000 8.368201
2010 0.000738 0.029086 100.000000 7.518797
2010 0.000361 0.037913 200.000000 9.132421
2010 0.000423 0.053256 300.000000 6.944445
2010 0.000278 0.043256 400.000000 7.619048
2010 0.000228 0.048570 500.000000 8.064516
2010 0.000289 0.063804 600.000000 8.379889
2020 0.000644 0.031001 100.000000 7.575758
2020 0.000371 0.045132 200.000000 9.174312
2020 0.000447 0.057374 300.000000 6.944445
2020 0.000283 0.049950 400.000000 7.619048
2020 0.000257 0.057077 500.000000 8.051530
2020 0.000305 0.073871 600.000000 8.391608
2030 0.000656 0.035354 100.000000 7.633588
2030 0.000406 0.051562 200.000000 9.132421
2030 0.000439 0.058659 300.000000 6.944445
2030 0.000298 0.053536 400.000000 7.619048
2030 0.000275 0.062315 500.000000 8.038586
2030 0.000321 0.079866 600.000000 8.403361
2040 0.000537 0.024013 100.000000 7.692307
2040 0.000350 0.038992 200.000000 9.132421
2040 0.000343 0.043061 300.000000 6.944445
2040 0.000256 0.041479 400.000000 7.619048
2040 0.000264 0.052821 500.000000 8.051530
2040 0.000301 0.072124 600.000000 8.403361
2050 0.000501 0.011389 100.000000 7.751938
2050 0.000296 0.026572 200.000000 9.132421
2050 0.000308 0.028853 300.000000 6.960557
2050 0.000215 0.030733 400.000000 7.619048
2050 0.000251 0.044233 500.000000 8.064516
2060 0.000496 0.008821 100.000000 7.936508
2060 0.000305 0.025056 200.000000 9.174312
2060 0.000282 0.025165 300.000000 6.993007
2060 0.000177 0.028837 400.000000 7.633588
2060 0.000239 0.043424 500.000000 8.090615
2070 0.000477 0.008780 100.000000 8.196721
2070 0.000274 0.023418 200.000000 9.302325
2070 0.000257 0.023549 300.000000 7.058824
2070 0.000191 0.029081 400.000000 7.707129
2070 0.000249 0.045132 500.000000 8.130081
2080 0.000475 0.009774 100.000000 8.620689
2080 0.000295 0.022371 200.000000 9.478673
2080 0.000241 0.022795 300.000000 7.142857
2080 0.000195 0.029788 400.000000 7.797271
2080 0.000264 0.047055 500.000000 8.196721
2090 0.000274 0.019567 100.000000 9.259259
2090 0.000368 0.039208 200.000000 9.756098
2090 0.000297 0.041388 300.000000 7.263923
2090 0.000286 0.051554 400.000000 7.905138
2090 0.000339 0.070843 500.000000 8.291874
2100 0.000221 0.018901 100.000000 9.900990
2100 0.000405 0.038059 200.000000 9.950249
2100 0.000308 0.042549 300.000000 7.389163
2100 0.000295 0.055200 400.000000 8.016032
2100 0.000355 0.075782 500.000000 8.389262
2110 0.000235 0.017485 100.000000 10.526316
2110 0.000484 0.037451 200.000000 9.950249
2110 0.000304 0.042140 300.000000 7.500000
2110 0.000308 0.056309 400.000000 8.113590
2110 0.000352 0.077870 500.000000 8.460237
2120 0.000343 0.023651 100.000000 10.989011
2120 0.000448 0.046031 200.000000 6.872852
2120 0.000319 0.043731 300.000000 7.556675
2120 0.000284 0.055122 400.000000 8.179959
2120 0.000336 0.075078 500.000000 8.517887
2130 0.000308 0.022207 100.000000 11.235955
2130 0.000365 0.043318 200.000000 6.688963
2130 0.000309 0.044941 300.000000 7.594937
2130 0.000329 0.059649 400.000000 8.196721
2130 0.000401 0.082000 500.000000 8.532423
2140 0.000264 0.020325 100.000000 11.363636
2140 0.000405 0.039235 200.000000 6.644518
2140 0.000298 0.045555 300.000000 7.614213
2140 0.000350 0.062822 400.000000 8.179959
2140 0.000424 0.087127 500.000000 8.547009
2150 0.000433 0.025862 100.000000 11.363636
2150 0.000426 0.043173 200.000000 6.622517
2150 0.000307 0.050984 300.000000 7.614213
2150 0.000372 0.069774 400.000000 8.146640
2150 0.000438 0.095207 500.000000 8.547009
2160 0.000553 0.032116 100.000000 11.235955
2160 0.000437 0.046740 200.000000 6.622517
2160 0.000362 0.057061 300.000000 7.594937
2160 0.000413 0.077033 400.000000 8.130081
2160 0.000458 0.103223 500.000000 8.547009
2170 0.000541 0.036522 100.000000 11.111111
2170 0.000409 0.048180 200.000000 6.600660
2170 0.000377 0.058386 300.000000 7.575758
2170 0.000428 0.079127 400.000000 8.130081
2170 0.000448 0.105308 500.000000 8.547009
2180 0.000575 0.036340 100.000000 10.869565
2180 0.000392 0.045526 200.000000 6.578948
2180 0.000356 0.057498 300.000000 7.537688
2180 0.000411 0.079821 400.000000 8.113590
2190 0.000582 0.040432 100.000000 10.526316
2190 0.000406 0.046552 200.000000 6.557377
2190 0.000372 0.060372 300.000000 7.518797
2190 0.000412 0.083493 400.000000 8.097166
2200 0.000677 0.037446 100.000000 9.900990
2200 0.000391 0.044069 200.000000 6.535948
2200 0.000382 0.061183 300.000000 7.518797
2200 0.000446 0.085988 400.000000 8.064516
2210 0.000587 0.038704 100.000000 4.926108
2210 0.000403 0.041307 200.000000 6.514658
2210 0.000370 0.059564 300.000000 7.518797
2210 0.000441 0.085669 400.000000 8.032128
2220 0.000398 0.036966 100.000000 4.694836
2220 0.000347 0.039429 200.000000 6.493506
2220 0.000394 0.058349 300.000000 7.481297
2220 0.000483 0.085279 400.000000 8.016032
2230 0.000612 0.032122 100.000000 4.651163
2230 0.000269 0.032397 200.000000 6.493506
2230 0.000377 0.051114 300.000000 7.444169
2230 0.000465 0.077825 400.000000 8.032128
2240 0.000561 0.028341 100.000000 4.651163
2240 0.000250 0.031157 200.000000 6.493506
2240 0.000407 0.051645 300.000000 7.407407
2240 0.000469 0.079134 400.000000 8.032128
2250 0.000516 0.023412 100.000000 4.651163
2250 0.000276 0.028146 200.000000 6.514658
2250 0.000412 0.049555 300.000000 7.425743
2250 0.000464 0.077706 400.000000 8.048289
2260 0.000343 0.019652 100.000000 4.672897
2260 0.000300 0.029839 200.000000 6.493506
2260 0.000452 0.053677 300.000000 7.444169
2260 0.000470 0.083022 400.000000 8.048289
2270 0.000284 0.014627 100.000000 4.672897
2270 0.000284 0.027397 200.000000 6.493506
2270 0.000432 0.053692 300.000000 7.444169
2280 0.000304 0.012344 100.000000 4.716981
2280 0.000327 0.029690 200.000000 6.514658
2280 0.000424 0.056732 300.000000 7.481297
2290 0.000187 0.007688 100.000000 4.761905
2290 0.000345 0.028480 200.000000 6.578948
2290 0.000461 0.057206 300.000000 7.500000
2300 0.000115 0.005253 100.000000 4.854369
2300 0.000325 0.021119 200.000000 6.688963
2300 0.000449 0.050706 300.000000 7.556675
2310 0.000099 0.008781 100.000000 5.000000
2310 0.000374 0.019429 200.000000 6.825939
2310 0.000469 0.049775 300.000000 7.672634
2320 0.000298 0.007213 100.000000 5.181347
2320 0.000418 0.033244 200.000000 7.017544
2320 0.000504 0.064238 300.000000 7.812500
2330 0.000335 0.007416 100.000000 5.434783
2330 0.000423 0.033442 200.000000 7.246377
2330 0.000519 0.064676 300.000000 8.000000
2340 0.000335 0.011333 100.000000 5.747127
2340 0.000427 0.035776 200.000000 7.518797
2340 0.000523 0.066994 300.000000 8.219178
2350 0.000336 0.010857 100.000000 6.097561
2350 0.000427 0.035654 200.000000 7.812500
2350 0.000523 0.066889 300.000000 8.450705
2360 0.000325 0.009192 100.000000 6.493506
2360 0.000419 0.034821 200.000000 8.130081
2360 0.000517 0.066003 300.000000 8.695652
2370 0.000326 0.009314 100.000000 6.944445
2370 0.000424 0.035332 200.000000 8.438819
2370 0.000518 0.066093 300.000000 8.955224
2380 0.000327 0.008845 100.000000 7.462687
2380 0.000424 0.035102 200.000000 8.810573
2380 0.000517 0.065856 300.000000 9.230769
2390 0.000328 0.008698 100.000000 8.064516
2390 0.000425 0.034963 200.000000 9.216590
2390 0.000518 0.065739 300.000000 9.523809
2400 0.000385 0.009528 100.000000 8.771930
2400 0.000453 0.035387 200.000000 9.661836
2400 0.000536 0.066367 300.000000 9.836065
2410 0.000450 0.015980 100.000000 9.345795
2410 0.000459 0.042801 200.000000 10.050251
2410 0.000545 0.073821 300.000000 10.101010
2420 0.000606 0.036657 100.000000 9.900990
2420 0.000596 0.064120 200.000000 10.362695
2420 0.000640 0.095201 300.000000 10.309278
2430 0.000537 0.034137 100.000000 10.309278
2430 0.000566 0.061123 200.000000 10.526316
2430 0.000648 0.092113 300.000000 10.452962
2440 0.000434 0.029288 100.000000 10.526316
2440 0.000615 0.055800 200.000000 10.582010
2440 0.000657 0.087746 300.000000 10.526316
2450 0.000538 0.041886 100.000000 10.638298
2450 0.000677 0.070509 200.000000 10.471204
2450 0.000705 0.102172 300.000000 10.563380
2460 0.000644 0.045280 100.000000 10.638298
2460 0.000734 0.074150 200.000000 10.471204
2460 0.000713 0.106478 300.000000 10.563380
2470 0.000581 0.039592 100.000000 10.526316
2470 0.000701 0.069873 200.000000 10.471204
2470 0.000664 0.102027 300.000000 10.563380
2480 0.000675 0.046080 100.000000 10.416667
2480 0.000745 0.077336 200.000000 10.526316
2490 0.000648 0.042315 100.000000 10.416667
2490 0.000685 0.074247 200.000000 10.526316
2500 0.000717 0.040465 100.000000 10.526316
2500 0.000697 0.073111 200.000000 10.471204
2510 0.000623 0.040058 100.000000 10.638298
2510 0.000640 0.072609 200.000000 10.416667
2520 0.000575 0.034071 100.000000 10.638298
2520 0.000680 0.066846 200.000000 10.416667
2530 0.000748 0.042893 100.000000 10.416667
2530 0.000733 0.076576 200.000000 10.416667
2540 0.000745 0.050247 100.000000 10.204082
2540 0.000786 0.084324 200.000000 10.416667
2550 0.000888 0.052268 100.000000 10.101010
2550 0.000780 0.086526 200.000000 10.416667
2560 0.000867 0.048618 100.000000 10.204082
2560 0.000758 0.082468 200.000000 10.471204
2570 0.000828 0.043898 100.000000 10.309278
2570 0.000631 0.076665 200.000000 10.526316
2580 0.000802 0.057641 100.000000 10.416667
2590 0.000709 0.047790 100.000000 10.309278
2600 0.000699 0.049133 100.000000 10.101010
2610 0.000772 0.051215 100.000000 10.000000
2620 0.000776 0.048162 100.000000 10.101010
2630 0.000751 0.044951 100.000000 10.309278
2640 0.000775 0.049991 100.000000 10.526316
2650 0.000681 0.045824 100.000000 10.638298
2660 0.000587 0.043330 100.000000 10.638298
