1 0.000810648 0.00103151 6.20679e-05 -0.000806 0.999991 -0.00444167 -0.00215443 -0.0010349 0.0044409 0.999991 0.986336
0.999996 -0.00266991 0.000529534 0.00624334 0.00267021 0.999995 -0.000780386 0.00368821 -0.000527618 0.000781745 0.999999 0.954612
0.999999 -0.00176509 0.00013635 -0.00136481 0.00176455 0.999992 0.00389253 0.0064755 -0.000143084 -0.00389227 0.999994 0.969774
0.999993 -0.00299174 -0.00188514 0.0200097 0.00300235 0.999978 0.00580342 0.00313008 0.00186764 -0.00580902 0.999981 0.961902
0.999995 -0.00317754 -0.00138003 -0.0005046 0.00317794 0.999995 6.40405e-05 -0.00155195 0.00137991 -6.84687e-05 0.999999 0.969226
0.999995 -0.00253995 -0.00171271 0.00648477 0.00253507 0.999993 -0.00265102 0.000686337 0.00171936 0.00264671 0.999995 0.966354
1 -0.000803078 -0.00115618 0.00442856 0.000799671 0.999994 -0.00326644 -0.00285754 0.00115893 0.00326547 0.999994 0.942908
0.999999 0.000115774 -0.00105144 -0.0029428 -0.000116674 1 -0.000481138 0.00324064 0.00105126 0.000481302 0.999999 0.943292
0.999999 0.000264304 -0.00171583 0.00029537 -0.000260856 0.999999 0.00178771 0.0035075 0.00171646 -0.00178728 0.999997 0.945548
0.999997 0.000112809 -0.00177646 0.00921858 -0.000108107 0.999996 0.00286005 0.00171386 0.0017766 -0.00285989 0.999994 0.957028
0.999999 -0.000452218 -0.00177619 0.00395424 0.000455286 0.999999 0.0015609 0.00153559 0.00177563 -0.00156165 0.999997 0.954387
0.999998 -0.00137398 -0.000855791 0.0038592 0.00137432 0.999999 0.000793717 9.60967e-06 0.000854546 -0.000794991 0.999999 0.935883
1 -0.000507232 -0.00110834 0.000417932 0.000507633 1 5.71645e-05 0.00138517 0.00110848 -5.76315e-05 1 0.92827
0.999999 -0.000315243 -0.000770618 -0.00029889 0.000313757 0.999999 -0.00154266 0.00145192 0.00077097 0.0015423 0.999998 0.923039
0.999999 -0.000465854 -0.00177486 -0.00321403 0.000462535 0.999998 -0.00205621 0.00258159 0.00177596 0.00205547 0.999997 0.936987
0.999997 -0.00112279 -0.00198014 0.00400749 0.00111978 0.999999 -0.00135786 0.00111718 0.00198153 0.00135552 0.999997 0.932857
0.999998 3.31376e-05 -0.00226409 0.0036597 -3.48681e-05 1 -0.000912908 0.0016249 0.00226419 0.000913144 0.999997 0.932749
0.999996 0.00141449 -0.00217886 0.00302609 -0.00141719 0.999999 -0.00108183 0.00314905 0.00217723 0.00108477 0.999997 0.91686
0.999996 0.00148433 -0.00252706 0.00171382 -0.00148425 0.999999 -8.51361e-05 0.00444067 0.00252705 8.90403e-05 0.999997 0.913399
0.999997 -0.000609791 -0.00231164 0.00731155 0.000611612 1 0.000912437 -0.000142958 0.00231095 -0.000913972 0.999997 0.90681
0.999999 0.000407441 -0.0015158 -0.00435632 -0.000404701 0.999999 0.00161036 -0.00193325 0.00151662 -0.00160964 0.999998 0.9227
0.999999 0.000256361 -0.0014637 -0.00438951 -0.00025474 0.999999 0.00133395 -0.00755325 0.00146383 -0.00133366 0.999998 0.898323
0.999999 -0.000934218 -0.00165101 -0.00325254 0.000935294 1 0.000424483 -0.00673378 0.00165083 -0.000425973 0.999998 0.896782
0.999999 -2.91604e-05 -0.00153869 -0.00573027 2.87749e-05 1 4.21527e-05 -0.00580148 0.00153855 -4.22436e-05 0.999999 0.899227
1 7.73538e-05 -0.000660027 -0.0123018 -7.6396e-05 1 0.000801893 -0.00369406 0.00066022 -0.000801825 0.999999 0.881872
0.999999 -5.87618e-05 -0.000979902 -0.0070534 6.03475e-05 0.999998 0.00205861 -0.000556987 0.000979658 -0.00205868 0.999998 0.880258
1 -0.00125164 -0.00122577 0.00191782 0.00125533 0.999996 0.00264777 0.000638293 0.00122255 -0.00264927 0.999996 0.871167
0.999998 0.00033403 -0.00127892 0.00383013 -0.000332503 0.999998 0.00156249 -0.00310704 0.00127934 -0.00156209 0.999998 0.864423
1 0.000644329 -0.00142501 0.00388301 -0.000645205 1 -0.000956903 -0.00441875 0.00142451 0.000957873 0.999999 0.857621
0.999994 0.00160813 -0.00268506 0.0134828 -0.0016149 0.999996 -0.0023832 -0.00365163 0.00268111 0.00238743 0.999994 0.836915
0.999999 0.000519693 -0.00197417 0.00801809 -0.000522382 0.999999 -0.00155005 -0.00145144 0.00197344 0.00155116 0.999997 0.821836
0.999997 0.00121454 -0.00149914 0.00412485 -0.00121533 0.999999 -0.00027283 -0.000236428 0.00149877 0.000274489 0.999999 0.823698
1 0.000210835 -0.00104691 -0.00609778 -0.000210826 1 -0.000314067 -0.00300493 0.00104699 0.000314448 0.999999 0.798506
0.999998 0.000303083 -0.0016105 -0.00701147 -0.000304647 1 -0.00075759 -0.00427555 0.00161022 0.000757976 0.999999 0.795469
0.999999 -0.0001565 -0.00171654 -0.011217 0.000156781 1 -0.000103554 0.00262667 0.00171665 0.000103336 0.999998 0.776876
0.999997 -5.38526e-05 -0.00216556 0.00117247 5.51353e-05 1 0.00081828 0.00768289 0.0021654 -0.000818414 0.999998 0.789553
0.999999 -0.000144491 -0.00147372 -0.0128235 0.000148128 0.999997 0.00216426 0.00157371 0.00147346 -0.00216448 0.999995 0.756127
0.999996 0.00117594 -0.00240824 0.00099084 -0.00117347 0.999999 0.00122811 0.00168316 0.00240967 -0.00122524 0.999997 0.765528
0.999997 0.00150888 -0.00208744 0.000334827 -0.00150833 0.999999 3.37489e-05 0.00250652 0.00208746 -3.06706e-05 0.999997 0.753639
0.999994 0.00259647 -0.00228024 -0.000858532 -0.00259857 0.999996 -0.000656599 -0.000955666 0.00227852 0.000662638 0.999999 0.746924
0.999997 0.00160267 -0.00182774 -0.00741365 -0.00160283 0.999999 -0.000390606 -0.00383988 0.00182715 0.000393335 0.999997 0.724043
0.999999 0.000388895 -0.00150444 -0.00530006 -0.000387341 0.999999 0.00133799 -0.000175245 0.00150496 -0.00133719 1 0.718154
0.999999 0.00113616 -0.000608357 -0.0102527 -0.0011345 0.999998 0.00191229 0.000207107 0.000610534 -0.00191181 0.999996 0.716758
0.999996 0.00288018 0.000184161 -0.0102863 -0.00288073 0.999996 0.000367368 -0.000425406 -0.000183188 -0.000367767 1 0.701382
0.999993 0.00320949 0.00135905 -0.00814564 -0.00320624 0.999993 -0.00206693 -0.00181707 -0.00136558 0.00206245 0.999995 0.694392
0.999998 0.00171888 0.00174661 0.000699396 -0.00171404 0.999993 -0.00303686 -0.00159269 -0.00175188 0.00303396 0.999996 0.693237
0.999997 0.000575026 0.00205449 -0.00150667 -0.000570851 0.999999 -0.00183956 0.00323999 -0.00205548 0.00183828 0.999995 0.667214
0.999996 0.001177 0.00275034 0.00821982 -0.0011789 0.999998 0.000550147 0.00771889 -0.00274976 -0.000553254 0.999998 0.683266
0.999985 0.00453423 0.00278304 0.00333375 -0.00454073 0.999988 0.00247188 0.00267806 -0.00277166 -0.00248461 0.999992 0.666821
0.999983 0.00403071 0.00440229 -0.0182716 -0.00404681 0.999984 0.00355492 -0.00274104 -0.00438807 -0.00357257 0.999986 0.621393
0.999977 0.00507199 0.00431947 -0.00185821 -0.00507528 0.999988 0.000848146 0.0020793 -0.00431499 -0.000870158 0.999989 0.63093
0.999975 0.00363263 0.00622658 -0.0146049 -0.00363373 0.999993 9.68016e-05 0.00531174 -0.00622634 -0.000119323 0.999983 0.602935
0.999968 0.00401162 0.0067921 -0.0185094 -0.00402493 0.99999 0.00201233 0.00110469 -0.00678376 -0.00203969 0.999973 0.573154
0.999963 0.0046261 0.00735938 -0.011797 -0.00463693 0.999988 0.00140058 -0.000955609 -0.00735299 -0.0014346 0.999974 0.569631
0.999959 0.00369331 0.00825814 -0.0172569 -0.00368955 0.999993 -0.000416385 4.73698e-05 -0.00825945 0.000385838 0.999964 0.546796
0.99997 0.00314927 0.00717392 0.00203427 -0.00315387 0.999995 0.000566795 -0.0069537 -0.00717235 -0.000589387 0.999976 0.525339
0.999962 0.00426614 0.00750984 -0.00354841 -0.0042644 0.999991 -0.00018478 0.000660629 -0.00751025 0.00015278 0.999969 0.531299
0.999966 0.00391464 0.00728898 0.00557173 -0.00389228 0.999986 -0.00315452 0.00945289 -0.00730164 0.00312604 0.99997 0.498891
0.999963 0.00231818 0.00822698 0.00187347 -0.00229273 0.999993 -0.00303533 0.00435699 -0.00823357 0.0030164 0.999959 0.469018
0.999971 0.000448087 0.00768891 0.00997806 -0.000450855 0.999999 0.000303566 -0.000296065 -0.00768918 -0.000307098 0.999973 0.42448
0.999971 -0.000418557 0.00760494 0.0135467 0.000407132 0.999999 0.0015543 0.00144697 -0.00760517 -0.00155113 0.999967 0.39556
0.99997 0.00153224 0.00751883 0.0100483 -0.00153763 0.999998 0.000656843 0.00941632 -0.00751822 -0.000668357 0.999974 0.404323
0.999957 0.00327469 0.00884147 0.00548807 -0.00328131 0.999995 0.000779596 -0.00422563 -0.00883855 -0.000808653 0.999959 0.336648
0.999952 0.00451722 0.00854351 0.0111894 -0.00451922 0.999989 0.000165732 -0.00140252 -0.00854299 -0.000204146 0.999966 0.313043
0.999956 0.00366655 0.00886359 0.00527231 -0.0036669 0.999994 7.22712e-05 0.0100913 -0.00886293 -0.000104933 0.999959 0.317135
0.999957 -0.00078757 0.00911806 0.00916508 0.000780683 0.999999 0.000718449 0.00919032 -0.00911895 -0.000711143 0.99996 0.306557
0.999944 -0.0013674 0.0107921 0.0114973 0.00138487 0.999999 -0.00157677 0.00308496 -0.0107896 0.00159148 0.99994 0.293566
0.999923 -0.000964335 0.0120357 0.0249286 0.000996603 0.999992 -0.00270472 -0.0255487 -0.0120334 0.00271669 0.999923 0.27199
0.999916 0.000787408 0.0132099 0.020589 -0.000755184 1 -0.00241472 -0.0152459 -0.0132115 0.00240436 0.999912 0.274507
0.999878 0.00126817 0.0153131 0.015521 -0.00125293 0.999996 -0.00103002 -0.00120508 -0.0153146 0.00101088 0.999881 0.27657
0.999871 0.00145807 0.0161916 0.0146114 -0.00145511 1 -0.000172248 0.000524142 -0.0161916 0.000148513 0.999869 0.262549
0.999848 0.000381732 0.017248 0.0141795 -0.000376884 0.999997 -0.0003031 0.00311474 -0.0172484 0.000296643 0.999851 0.276076
0.999831 -0.000649903 0.0184982 0.0160987 0.000656764 1 -0.00034832 0.00869122 -0.0184977 0.000360309 0.999828 0.270916
0.999801 -0.000659895 0.0198262 0.0209124 0.000640661 0.999996 0.000962642 -0.00251824 -0.0198271 -0.000949654 0.999805 0.249445
0.999797 0.000256433 0.0202624 0.031356 -0.000271437 1 0.000749667 -0.0103547 -0.020262 -0.000755099 0.999794 0.222395
0.999747 0.00191734 0.0223226 0.0031179 -0.0018888 0.999995 -0.00131209 0.0109906 -0.0223252 0.00126963 0.999753 0.281431
0.999711 0.00104805 0.0240404 0.0120862 -0.00101897 1 -0.00121033 0.00957677 -0.0240416 0.00118544 0.999706 0.281461
0.999665 0.00118087 0.0258391 0.0161838 -0.00119869 0.999997 0.000663448 -0.00166707 -0.0258385 -0.000694138 0.99967 0.268947
0.999627 0.00303089 0.0271467 0.0210961 -0.00306086 0.999997 0.00107596 -0.00252939 -0.0271432 -0.00115865 0.999627 0.275308
0.999575 0.00214448 0.0290521 0.0254351 -0.00217414 0.999995 0.000978193 -0.00139092 -0.0290499 -0.0010409 0.999581 0.277729
0.999539 0.00107756 0.0303459 0.0365816 -0.00110343 1 0.000846362 -0.000449135 -0.030345 -0.000879501 0.999535 0.282296
0.999495 -0.00195115 0.0316928 0.0617837 0.00194887 0.999996 8.76269e-05 0.00196566 -0.0316929 -2.58077e-05 0.999501 0.289342
0.999385 -0.00334567 0.034928 0.0633307 0.00336816 0.999996 -0.000571356 0.00261323 -0.0349258 0.000688583 0.999387 0.286232
0.999298 -0.00231535 0.0373882 0.0647483 0.00238205 0.999993 -0.00175135 0.00110651 -0.0373841 0.0018392 0.999302 0.28821
0.99925 0.00107739 0.0387125 0.0687734 -0.000977961 0.999998 -0.00257397 0.00015975 -0.038715 0.00253418 0.999244 0.299204
0.999202 0.0010901 0.0399316 0.0783144 -0.00101747 0.999996 -0.00185176 -0.00175936 -0.0399337 0.00180966 0.999204 0.309406
0.999111 0.00274513 0.042087 0.0804637 -0.00271273 0.999998 -0.00081417 -0.000118626 -0.0420889 0.000699222 0.999111 0.315131
0.999045 0.00447424 0.0434528 0.0817176 -0.00447868 0.999988 -7.7904e-06 0.00157287 -0.0434524 -0.000186923 0.999057 0.324122
0.998987 0.00575368 0.0446265 0.091504 -0.00575875 0.999985 -1.91593e-06 0.00621886 -0.0446257 -0.000255036 0.999002 0.35698
0.99887 0.00214913 0.0474722 0.0779698 -0.0021722 0.999996 0.000422935 0.00633282 -0.0474712 -0.000525614 0.998875 0.346707
0.998729 -0.00155739 0.0503654 0.0841945 0.00145083 0.999998 0.00216189 0.00532251 -0.0503685 -0.00208601 0.998727 0.362991
0.998706 0.00023228 0.0508653 0.0852186 -0.000310167 0.999997 0.00151356 0.004668 -0.0508648 -0.00152743 0.998706 0.36896
0.99864 0.000852597 0.0521169 0.0837786 -0.000921793 1 0.00131227 0.0046213 -0.0521159 -0.00135847 0.998638 0.365938
0.998456 0.000124085 0.0555777 0.0790861 -0.000132952 0.999998 0.000146777 0.00265195 -0.0555776 -0.000154038 0.998458 0.418653
0.998379 4.91786e-05 0.0568732 0.0598304 -0.000128649 1 0.00140283 0.00593804 -0.0568732 -0.00140779 0.998377 0.476147
0.998452 0.000817867 0.0556756 0.0539061 -0.000989231 0.999994 0.00304026 0.00728102 -0.0556727 -0.0030907 0.99845 0.458123
0.998469 0.00299069 0.0551706 0.052535 -0.00320907 0.999989 0.00387926 0.00610925 -0.0551584 -0.00405027 0.998465 0.474689
0.998549 0.00544074 0.0536799 0.0482228 -0.0055898 0.99998 0.00261701 0.00957788 -0.0536646 -0.00291334 0.998562 0.473608
0.998598 0.000692303 0.0528163 0.0395994 -0.000679126 1 -0.000260052 0.0134613 -0.0528166 0.000224032 0.998596 0.533357
0.99884 -0.00847192 0.047565 0.100876 0.0084156 0.999962 0.00137562 0.00299186 -0.047575 -0.000973989 0.998877 0.463369
0.998939 -0.0103459 0.0447082 0.0961601 0.0101672 0.99994 0.00423115 -0.00313332 -0.0447491 -0.00377189 0.998981 0.484699
0.999113 -0.00608307 0.0418559 0.0827192 0.00607228 0.999981 0.000373259 -0.0019271 -0.0418576 -0.000119125 0.999135 0.530197
0.999287 -0.000453384 0.0375463 0.0524305 0.000504362 1 -0.00133473 0.00280279 -0.0375456 0.00135309 0.999283 0.577816
0.999494 -0.00623995 0.0314544 0.081857 0.00627126 0.999979 -0.000912835 -0.00263088 -0.0314483 0.00110929 0.999516 0.52531
0.999594 -0.00528381 0.0277221 0.0719453 0.00524741 0.999986 0.00140285 -0.000921409 -0.027729 -0.0012565 0.999604 0.548908
0.999685 -0.00516203 0.0249161 0.0377722 0.00512595 0.999986 0.00148122 0.0022039 -0.0249238 -0.00135342 0.999701 0.604769
0.99979 -0.00311824 0.0198266 0.0306226 0.00310441 0.999995 0.000769129 0.00735504 -0.0198284 -0.000707035 0.999792 0.595201
0.999885 -0.00159946 0.0156516 0.0279272 0.00162415 0.999997 -0.00161263 0.00489872 -0.0156495 0.00163742 0.999888 0.595545
0.999922 0.000258856 0.0118129 0.040296 -0.000255934 1 -0.000180205 0.00772192 -0.0118125 0.000177602 0.999919 0.604276
0.999941 -9.15669e-05 0.0116338 0.00534175 0.000100878 0.999999 -0.000854721 0.00472625 -0.0116342 0.000855496 0.999943 0.649186
0.999947 -0.00429664 0.00842254 0.0260299 0.00432281 0.999987 -0.00301792 0.00933671 -0.008409 0.00305449 0.999948 0.633934
0.999977 -0.00435703 0.00665183 0.0113841 0.00436967 0.999988 -0.00198003 0.0117438 -0.00664359 0.00200872 0.999988 0.634736
0.999983 -0.000182707 0.00426254 0.012444 0.000180573 1 0.000651829 0.00564492 -0.0042622 -0.00065077 0.999979 0.662666
0.999996 0.00265091 0.00389309 -0.0140654 -0.00266177 0.999992 0.00261288 0.00928172 -0.00388664 -0.0026235 1 0.679637
0.999988 0.00188949 0.00275494 -0.00659462 -0.00190842 0.999974 0.00714797 0.00466491 -0.00274088 -0.00715299 0.99996 0.680828
1 -0.0013052 0.00118908 0.00108858 0.0012978 0.999982 0.00556985 0.0055887 -0.00119679 -0.00556845 0.999994 0.685303
0.99999 -0.00281652 -6.88584e-05 0.0123083 0.00281742 0.999995 0.00255833 0.00596744 6.20833e-05 -0.00255833 0.999987 0.726611
1 -0.00320623 0.000879653 -0.0135927 0.00320721 0.999991 -0.00188829 -0.00385159 -0.000874088 0.00189087 1.00001 0.688653
0.999992 -0.00137503 -0.000606927 -0.00374857 0.00137128 0.999975 -0.00715621 0.0029495 0.000617206 0.00715566 0.999964 0.727847
1 -0.00137651 -0.00218032 -0.00237076 0.00135938 0.999969 -0.00754985 0.00422306 0.00219017 0.00754656 0.999979 0.733626
0.999992 -0.00121918 -0.000560322 -0.0291133 0.00121965 1 -0.000466171 0.00656853 0.000561324 0.000465746 0.999989 0.724402
1.00001 0.000936063 -0.000597909 -0.027297 -0.000934498 0.999991 0.00399926 0.0168107 0.000601171 -0.00399885 1 0.769281
0.999991 0.000888847 -0.00119244 -0.0250173 -0.000880886 0.999985 0.00594684 0.00921209 0.00119816 -0.00594564 0.999972 0.760104
1 0.00205977 -0.00153955 -0.0315178 -0.00205844 0.999994 0.00142037 0.00707125 0.00154201 -0.00141737 1.00001 0.776268
0.999962 -0.00759749 -0.00139335 -0.0218632 0.00759042 0.999959 -0.00555738 0.000519346 0.00143588 0.00554686 0.999974 0.733913
1 -0.00207414 -0.00324254 0.00269714 0.00205396 0.999978 -0.00594889 0.010257 0.00325436 0.00594192 0.999988 0.742446
0.999971 0.00590425 -0.00254908 -0.0216889 -0.00590509 0.999985 -0.000687484 0.0108206 0.00254537 0.000702702 0.999985 0.756343
0.999994 0.00406915 -0.00360586 -0.0129972 -0.00405782 0.999982 0.00339655 0.00986248 0.00361917 -0.00338201 0.999997 0.777374
0.999973 -0.00470711 -0.0038603 -0.0102655 0.00472192 0.999986 0.00363431 0.00342471 0.00384362 -0.00365231 0.999977 0.770955
0.999986 -0.00514557 -0.00464014 0.0436566 0.00513789 0.999982 -0.00146108 0.00312831 0.00464686 0.00143695 1 0.709312
0.999985 4.92751e-05 -0.00335195 0.0019578 -6.26751e-05 0.999994 -0.00435659 0.00103889 0.00335218 0.00435716 0.999972 0.781187
1 0.00354685 -0.00280507 -0.04353 -0.00354944 0.99999 -0.000416611 0.00248201 0.00280302 0.00042617 1.00001 0.788998
0.999985 0.000578285 -0.00299887 -0.0254537 -0.000575019 1 0.000637763 0.00323525 0.00299984 -0.000635679 0.999983 0.813995
0.999994 -0.00430456 -0.00385533 0.0156048 0.00431467 0.999983 0.00299245 0.00443575 0.00384177 -0.00300937 1 0.739594
0.99997 -0.00476253 -0.00403785 0.0115155 0.00476282 0.999992 -0.000291094 -0.00228283 0.0040398 0.000272243 0.99998 0.753038
1 -0.00304683 -0.00318328 -0.0143968 0.00304335 0.999992 -0.000637993 0.000700246 0.00318457 0.000627953 1.00001 0.804039
0.999985 -0.000609455 -0.00368045 0.0161598 0.000611154 1 4.98218e-05 0.0070437 0.00368105 -5.16855e-05 0.999983 0.755817
0.999997 -0.00191497 -0.00443941 0.0139021 0.00191887 0.999995 0.00119796 0.00806622 0.00443646 -0.00120688 1 0.768227
0.99998 -0.00228891 -0.00435136 0.0168362 0.00229361 1 0.000755475 0.00705727 0.00435025 -0.000765039 0.99998 0.783374
1 0.0015647 -0.00378251 0.00429929 -0.00156972 0.999996 -0.000943052 0.0170905 0.00378038 0.00094862 1 0.818948
0.99998 0.00242798 -0.00395275 0.000482553 -0.00243331 0.999998 -0.00169775 0.0080428 0.00394919 0.0017077 0.99998 0.775599
1 -0.00192105 -0.00315683 0.00168083 0.00191877 0.999996 -0.000294279 0.00917208 0.0031568 0.000287951 1.00001 0.783854
0.999982 0.00204526 -0.00353527 0.00348846 -0.00204256 1 0.000381941 0.0037397 0.00353654 -0.000374425 0.999983 0.781954
1 0.00090856 -0.0033356 0.00716991 -0.000909815 0.999998 4.06352e-05 0.00296226 0.00333512 -3.7916e-05 1.00001 0.787261
0.999978 0.00292998 -0.00388634 0.00451775 -0.00292793 0.999997 0.000166439 0.00160762 0.00388734 -0.000154782 0.999981 0.792661
1 0.00115353 -0.00440014 0.00588347 -0.00116206 0.999996 -0.00160868 0.00116344 0.00439772 0.00161346 1 0.782329
0.999983 0.000994834 -0.0036354 -0.0117877 -0.00100423 0.999997 -0.00301629 -0.000239748 0.00363288 0.00302029 0.999978 0.823852
1 -0.000302553 -0.00407446 0.00844605 0.00029511 0.999997 -0.0014517 -0.00641985 0.00407428 0.00145019 1 0.75921
0.999969 0.00594312 -0.00286976 -0.0210265 -0.0059466 0.999983 -0.00179737 0.007163 0.00285964 0.00181473 0.999985 0.80656
0.999997 0.0037827 -0.00340025 -0.00379403 -0.00378134 0.99999 0.00088823 0.00768335 0.00340299 -0.000875629 1 0.79289
0.999983 -0.00229214 -0.00323258 -0.00395267 0.0022906 0.999999 -0.000971104 0.00367931 0.00323539 0.000964004 0.999985 0.774366
1 0.000176416 -0.00391735 -0.00848659 -0.000183757 0.999997 -0.00141234 0.00765024 0.00391638 0.00141261 1 0.818763
0.999975 0.0037036 -0.00399563 -0.0144582 -0.0037029 0.999996 -0.000280469 0.00491232 0.00399528 0.000295695 0.999982 0.813946
1 0.000486717 -0.00381585 -0.0128846 -0.000479354 0.999995 0.00240998 0.00623849 0.00381633 -0.00240856 1 0.803516
0.999973 -0.00092343 -0.00553474 0.00713251 0.000925816 1 0.000106047 0.000539867 0.00553531 -0.000110691 0.999974 0.806385
0.999987 0.00310583 -0.00624387 -0.000895764 -0.00312554 0.999989 -0.00285874 -0.00216268 0.00623428 0.00287766 0.999986 0.812588
0.99997 0.00113673 -0.00609451 -0.0223924 -0.00118661 0.999966 -0.00847252 0.00204741 0.00608537 0.00848018 0.999936 0.831778
0.999982 0.00091858 -0.00763909 -0.0151037 -0.000957147 0.999986 -0.00482552 0.0136073 0.00763386 0.00483214 0.999969 0.810731
0.999958 0.00402624 -0.00673412 -0.0376664 -0.00404312 0.99999 -0.00277465 0.0122188 0.00672362 0.00280232 0.999963 0.8584
0.999984 0.00327204 -0.00655505 -0.03665 -0.00326222 0.999992 0.00179525 0.0117979 0.00656021 -0.00177429 0.999988 0.842824
0.999965 -0.000700203 -0.00691646 -0.0302856 0.000712917 1 0.00157973 0.00924906 0.00691598 -0.0015842 0.999964 0.833354
0.999989 -0.000204362 -0.00663802 -0.0244451 0.000223447 0.999993 0.0031385 0.0110198 0.00663665 -0.00314033 0.999984 0.83552
0.999959 0.00144579 -0.00779624 -0.0115715 -0.00139952 0.999985 0.00570977 0.00838851 0.00780494 -0.0056983 0.999943 0.841356
0.99998 0.00197733 -0.00747264 -0.0162114 -0.00192038 0.999966 0.00786026 0.00549165 0.00748725 -0.00784604 0.999952 0.856028
0.999962 -0.000225176 -0.00751684 -0.0176497 0.000245342 0.999999 0.00245348 -0.00153641 0.007517 -0.00245482 0.999959 0.859455
0.99998 0.000550219 -0.0077613 0.00784858 -0.000565993 0.999996 -0.00181935 -0.00576592 0.00775957 0.0018233 0.999979 0.813622
0.99997 -0.00116612 -0.00608274 -0.018481 0.00112986 0.999982 -0.00621076 -0.00642823 0.00609055 0.00620419 0.999952 0.847432
0.999995 0.00107098 -0.00549898 -0.017378 -0.00108871 0.999994 -0.00293808 -0.00172621 0.00549503 0.00294364 0.999992 0.842124
0.999975 0.000970049 -0.00536923 -0.0122338 -0.000983026 0.999998 -0.0027033 -3.60273e-05 0.00536732 0.00270892 0.999971 0.823622
0.999987 0.00184443 -0.00661453 0.00408453 -0.00184228 0.999997 0.000549718 0.00695148 0.00661475 -0.000537871 0.999989 0.799097
0.999957 -0.00440294 -0.00675845 0.0285166 0.00441834 0.999989 0.00206024 0.00830613 0.00675007 -0.00208967 0.999963 0.776814
0.999991 -0.00113076 -0.00612968 0.0108516 0.00116775 0.999979 0.00624667 0.0100885 0.00612166 -0.00625404 0.999974 0.800213
0.999981 0.00153427 -0.00386345 -0.0144741 -0.00150817 0.99998 0.00642937 0.00459206 0.00387397 -0.0064232 0.999961 0.813341
0.999996 0.00357991 -0.00403173 -0.0148368 -0.00356418 0.999984 0.00422284 -0.00230678 0.00404594 -0.00420867 0.999994 0.791321
0.999981 0.00132228 -0.00396746 -9.89492e-05 -0.00131976 1 0.000302337 -0.00340473 0.00396864 -0.000296793 0.999982 0.75188
1 0.0015885 -0.00366224 0.00552521 -0.0015974 0.999996 -0.00204676 0.00340476 0.00365812 0.00205229 1 0.754879
0.99998 0.00405236 -0.00187245 -0.0144605 -0.00405725 0.999987 -0.00342059 -0.00252504 0.00185939 0.00342848 0.999982 0.748329
1 0.000946112 -0.003597 0.0115108 -0.000962088 0.99999 -0.00405226 -0.00161089 0.00359227 0.00405532 0.999996 0.716684
0.999986 0.000210685 -0.00317563 0.00171246 -0.000225767 0.999987 -0.00521375 0.000507212 0.00317542 0.00521483 0.999971 0.718048
1.00001 -0.000945229 -0.00206044 0.0018139 0.000938974 0.999996 -0.00234208 0.00518398 0.00206168 0.00233974 1.00001 0.709547
0.999987 0.00250421 -0.00147517 -0.012975 -0.00250189 0.999998 0.000639021 0.0055416 0.00147767 -0.000635058 0.999988 0.719145
1.00001 -0.000153825 0.000280388 -0.00865113 0.000151737 0.999995 0.00297028 0.00319902 -0.000281697 -0.00297048 1.00001 0.671643
0.999991 0.000367266 3.06755e-05 -0.0110675 -0.000366182 0.999999 0.00219241 0.00197092 -2.91052e-05 -0.0021922 0.999987 0.690569
1.00001 -0.00131134 -0.000145846 0.00820969 0.00131036 0.999998 0.000879299 0.00332372 0.000143985 -0.000879737 1.00001 0.660856
0.999991 -8.71714e-05 0.000937484 0.00422539 8.74557e-05 1 0.000879135 0.00220232 -0.000936856 -0.000878769 0.999989 0.672329
1.00001 0.000996795 0.000393454 0.0144455 -0.00099749 0.999998 -0.00084642 0.00178417 -0.000395032 0.000845667 1.00001 0.649833
0.999988 0.000862771 0.00238945 -0.00578099 -0.000855253 0.999997 -0.00271469 0.000331735 -0.00239106 0.00271306 0.999984 0.650371
1 -0.00184876 0.00301187 -0.00129374 0.00186077 0.999988 -0.00432003 0.000455532 -0.00300452 0.00432506 0.999996 0.617411
0.999985 -0.00249127 0.00239923 -0.00176367 0.0024965 0.999997 -0.00172464 0.014457 -0.00239428 0.00173125 0.999986 0.627706
1.00001 0.000638315 0.0023005 -0.00102773 -0.000641375 0.999998 0.000842222 0.0120887 -0.00230069 -0.000844252 1.00001 0.614222
0.999989 0.00049976 0.00233639 0.00326291 -0.000505429 0.999997 0.00291045 0.00426684 -0.00233414 -0.00291105 0.999983 0.606919
1.00001 -0.000286847 0.00235834 -0.00219395 0.000277336 0.999992 0.00357336 0.00302505 -0.00236013 -0.00357324 1 0.602975
0.999983 -0.00385971 0.00158729 0.0195558 0.00386009 0.999994 0.000449719 -0.00351404 -0.00158829 -0.000443061 0.999989 0.573576
1 -0.00398885 0.00130013 0.0184272 0.00399044 0.999989 -0.00207625 0.000934952 -0.00129257 0.00208084 1.00001 0.571113
0.99998 -0.00404312 0.00223482 0.0164525 0.00404988 0.999989 -0.00252096 -3.40598e-05 -0.00222388 0.00253055 0.999983 0.565402
1.00001 0.000448627 0.000935092 0.0108261 -0.000448157 0.999997 -0.00175061 0.00470025 -0.000936604 0.00174971 1.00001 0.569688
0.99999 0.000578719 0.00101834 0.00239316 -0.000574834 0.999997 -0.00270738 0.00353283 -0.00101915 0.00270726 0.999984 0.569296
1.00001 -0.00120859 0.00171497 -0.00493545 0.00120478 0.999997 0.00155571 -0.00483411 -0.0017176 -0.00155411 1.00001 0.577094
0.999971 -0.00623646 0.000249228 -0.00247868 0.00623724 0.999981 0.00129167 -0.00485828 -0.000256511 -0.00128963 0.999986 0.577021
0.999995 -0.00503184 -0.00188166 0.00983017 0.00503357 0.999985 0.00153806 -0.00293076 0.00187313 -0.00154799 1.00001 0.576287
0.999984 -0.00292665 -0.00218863 0.0101888 0.00292969 0.999997 0.000827635 -0.00332626 0.002187 -0.00083362 0.999983 0.574528
0.999998 0.00220295 -0.00403836 -0.00436382 -0.00220135 0.999996 0.000716566 0.00141965 0.00403902 -0.000708106 1.00001 0.591135
0.999978 0.00074221 -0.00506625 -0.0234531 -0.00074299 1 -0.000395552 0.00463118 0.00506682 0.000399742 0.999974 0.601264
0.999988 -0.00210294 -0.00608267 -0.0189921 0.00210738 0.999996 0.000926745 0.00748877 0.00607989 -0.000939995 0.999995 0.594329
0.999963 0.00108729 -0.00748946 -0.0266849 -0.00108584 1 3.41969e-05 0.00769627 0.00749029 -2.56115e-05 0.999959 0.613928
0.999969 -0.00132804 -0.00900127 -0.00353774 0.00134137 0.999996 0.00160638 0.0118462 0.00899828 -0.00161885 0.999972 0.606019
0.999937 0.00311355 -0.00973304 -0.0138031 -0.00310565 0.999996 0.000698555 0.00327181 0.00973601 -0.000667847 0.999939 0.630859
0.999959 0.000404198 -0.0101644 -0.00813943 -0.00040181 0.999999 0.000364294 0.00343974 0.0101636 -0.000360604 0.999962 0.611333
0.999923 0.00466847 -0.0105723 -0.0123605 -0.00469695 0.999986 -0.00279312 0.00484194 0.01056 0.00284301 0.999927 0.627516
0.999957 0.00302153 -0.00987568 -0.0125676 -0.00303859 0.999993 -0.0015963 0.00650225 0.00986991 0.00162585 0.999963 0.619432
0.99993 0.00299972 -0.0104776 -0.0805205 -0.00302899 0.999992 -0.00288355 0.0188782 0.0104696 0.00291539 0.999925 0.73528
0.999941 0.000145315 -0.0116957 0.0178377 -0.000172956 0.999996 -0.00225868 0.016681 0.0116941 0.00226004 0.999944 0.626885
0.999925 0.00154588 -0.0113396 -0.0191072 -0.00155006 1 -0.000440306 0.016023 0.0113399 0.000458105 0.999922 0.700954
0.999949 -0.000634285 -0.0110121 -0.0134162 0.000628881 0.999998 -0.000419809 0.0112941 0.0110114 0.000412511 0.999953 0.673503
0.999919 0.00313999 -0.0115065 -0.0185659 -0.0031381 0.999996 0.000110159 0.0116527 0.0115078 -7.36972e-05 0.999921 0.704442
0.999952 -0.00127392 -0.0106731 -0.0247281 0.00132048 0.999988 0.00442886 0.0126437 0.0106663 -0.00444302 0.999946 0.720473
0.999903 -0.00473026 -0.0124132 0.0162633 0.0048017 0.999973 0.00567943 0.0127897 0.0123869 -0.00573832 0.999894 0.717367
0.999948 -0.00267241 -0.0107623 -0.0165887 0.00271075 0.999989 0.00361032 0.00818647 0.0107517 -0.00363955 0.999949 0.720806
0.999928 -4.25817e-05 -0.0112165 -0.0149024 8.31783e-05 0.999995 0.00356992 0.00688399 0.0112171 -0.0035704 0.999917 0.77206
0.999943 -0.00707116 -0.00907951 -0.0106458 0.00707442 0.999973 0.000377065 0.00397496 0.00907583 -0.000441576 0.999972 0.754169
0.999929 -0.0072023 -0.0084788 -0.00548954 0.00723092 0.99997 0.00328626 0.0119075 0.00845559 -0.00334712 0.999945 0.761725
0.999924 -0.0107185 -0.00750985 0.0102163 0.0107646 0.999922 0.00619941 0.00922722 0.00744212 -0.00627989 0.999966 0.783894
0.999948 -0.00565363 -0.00729258 0.00381328 0.00567111 0.999982 0.00230872 0.0067544 0.00728014 -0.00234977 0.999957 0.804171
0.999983 -0.00206623 -0.00698801 -0.0160588 0.00205626 0.999997 -0.00134602 -0.00182358 0.00699003 0.00133145 0.999988 0.785668
0.999949 -0.00225259 -0.00883035 0.00974145 0.00219215 0.999975 -0.0069156 -0.0129588 0.00884632 0.00689621 0.999924 0.81512
0.999984 -0.00410942 -0.00614059 -0.0322008 0.00407055 0.999972 -0.006221 -0.000570554 0.0061652 0.00619555 0.999976 0.778626
0.999971 0.00108746 -0.0059915 -0.00572567 -0.0010958 0.999998 -0.00149701 0.00717606 0.00599063 0.00150375 0.999968 0.804699
0.99997 0.00704537 -0.00523129 -0.0216436 -0.007042 0.999976 0.000805017 0.0111238 0.00523592 -0.000768308 1 0.803353
0.999961 0.00638797 -0.00427791 -0.0321663 -0.00639101 0.999975 -0.00087942 -0.00420311 0.00427317 0.000906942 0.999976 0.810897
1 0.000396885 -0.00363114 -0.0193443 -0.000407208 1 -0.00258021 -0.00750436 0.00362898 0.00258137 1.00001 0.759689
0.999976 0.00337602 -0.00398457 -0.0645601 -0.00339018 0.999983 -0.0037635 -0.00158105 0.00397254 0.00377713 0.999969 0.87997
1 0.0028297 -0.00377296 -0.033063 -0.00284231 0.999994 -0.00313161 0.0185626 0.00376313 0.00314209 1 0.809213
0.999978 0.00123094 -0.00467905 0.00171753 -0.00122335 0.999996 0.00146597 0.0139912 0.00468144 -0.00146017 0.999972 0.743063
1 -0.00108791 -0.00456967 -0.00319689 0.00109677 1 0.0020967 0.0123837 0.00456675 -0.00210176 1 0.756142
0.99998 5.96463e-05 -0.00432376 0.0260307 -4.53481e-05 0.999992 0.00315053 0.000484674 0.00432431 -0.00315031 0.999969 0.675216
0.999996 0.0006537 -0.00529616 0.00625337 -0.000648861 1 0.00105776 0.0034981 0.0052964 -0.00105441 1 0.745754
0.999975 0.00169321 -0.00512395 0.0047184 -0.00169983 0.999996 -0.0014392 0.00569842 0.00512195 0.00144804 0.999969 0.73397
1 -0.00142717 -0.00364641 0.00837935 0.00142309 1 -0.000949284 -0.00139752 0.00364728 0.00094402 1.00001 0.685971
0.999988 -0.00161343 -0.000756604 -0.0266269 0.00161416 0.999997 0.000139374 0.00912604 0.000756631 -0.000140577 0.999982 0.708408
1.00001 -0.00222523 -0.00227135 0.00191911 0.00222448 0.999999 -3.94128e-05 0.00463641 0.00227118 3.4336e-05 1.00002 0.704254
0.999983 0.000799059 -0.00311799 0.00272269 -0.000797135 0.999998 0.000400339 0.00603005 0.00311855 -0.000397786 0.999976 0.691876
1.00001 -0.00196186 -0.00310499 0.0160302 0.0019597 1 -0.000464927 0.00699954 0.00310566 0.000458699 1.00002 0.660351
0.999982 0.00053166 -0.00358438 0.00625409 -0.000539057 0.999996 -0.00226736 0.00532252 0.00358336 0.00226944 0.999973 0.653387
0.999998 -0.00372025 -0.00334249 0.00995762 0.00371262 0.999992 -0.00206662 0.00659296 0.0033498 0.00205397 1.00001 0.640452
0.999982 -0.00189571 -0.00334786 -0.0127913 0.00189497 0.999997 -0.000449787 1.09545e-05 0.00334891 0.000443681 0.999976 0.660466
0.999999 -0.00351032 -0.00340659 -0.00179033 0.0035108 0.999996 0.000362753 0.00196281 0.00340488 -0.000374969 1.00001 0.632395
0.999976 -0.00174484 -0.00468699 0.0215537 0.0017463 0.999996 0.000153957 0.00269485 0.00468706 -0.00016196 0.99997 0.601767
1 -0.00158088 -0.00401387 -0.0175976 0.00157985 1 -0.000104501 0.000998159 0.00401355 9.7937e-05 1.00001 0.646387
0.999977 -0.000789923 -0.00490862 0.0314987 0.000790741 0.999998 3.21911e-05 0.0060604 0.00490896 -3.58711e-05 0.999971 0.565549
1 -0.00205843 -0.00430661 0.00109989 0.0020555 0.999999 -0.000523085 0.00161965 0.0043073 0.000513972 1.00001 0.605996
0.999974 0.000214852 -0.00540089 0.00103648 -0.000222089 0.999997 -0.00145896 0.00137241 0.00540088 0.00146033 0.999968 0.601085
0.999993 -0.00279907 -0.00531973 -0.00264169 0.00279084 0.999997 -0.00143278 0.00107926 0.00532341 0.0014177 1 0.603821
0.999967 0.00205067 -0.00633043 0.00254774 -0.00206962 0.999992 -0.00309035 4.01956e-05 0.00632449 0.00310362 0.999958 0.58794
0.99998 0.00288775 -0.00744912 -0.00554069 -0.00292631 0.999985 -0.00507713 0.000532129 0.00743392 0.00509852 0.999977 0.591303
0.999946 0.00442395 -0.0080899 -0.00940915 -0.00446776 0.999973 -0.00548697 0.00281445 0.00806579 0.00552309 0.999934 0.591228
0.999969 0.00462077 -0.007988 -0.0115793 -0.00465796 0.999981 -0.00456265 0.00427451 0.00796647 0.00459949 0.999976 0.581811
0.999953 0.00273745 -0.00801975 -0.018483 -0.00276219 0.99999 -0.00315151 0.0039609 0.00801122 0.00317371 0.999945 0.595173
0.999981 0.00359346 -0.00694246 -0.0211336 -0.00358188 0.999993 0.00175988 0.00903795 0.00694869 -0.00173506 0.999992 0.609054
0.999949 0.00542266 -0.00721664 -0.0200096 -0.00539066 0.999975 0.00436982 0.0109034 0.00724028 -0.00433071 0.999947 0.609327
0.999966 0.00584614 -0.00742632 -0.0231749 -0.00580203 0.999966 0.00602064 0.00946256 0.00746114 -0.00597727 0.999971 0.619476
0.999947 0.0056821 -0.00735771 -0.0265463 -0.00564173 0.999969 0.00542636 0.00703121 0.00738835 -0.00538465 0.999941 0.632327
0.999971 0.00209126 -0.00860086 0.00595822 -0.00206262 0.999994 0.00338962 0.00616318 0.00860793 -0.00337177 0.999975 0.614112
0.999944 0.0044544 -0.00843832 -0.0185491 -0.00446361 0.999988 -0.00110982 0.00319674 0.00843304 0.00114746 0.999946 0.647778
0.999976 0.00307661 -0.0077284 -0.0270927 -0.00309695 0.999992 -0.00258262 0.00463324 0.00772065 0.00260648 0.999985 0.66238
0.999953 0.00218877 -0.00826421 -0.00431108 -0.00220761 0.999994 -0.00230408 0.00633067 0.00825886 0.00232225 0.999946 0.649253
0.999975 0.00145559 -0.00824646 -0.0156519 -0.00146877 0.999998 -0.00154383 0.00836525 0.00824435 0.00155581 0.999983 0.686155
0.99995 0.00237989 -0.008511 -0.0139548 -0.00237459 0.999996 0.000576276 0.0092106 0.00851208 -0.000556072 0.999946 0.689892
0.999961 0.00508191 -0.00851039 -0.0290942 -0.00507097 0.999986 0.00136751 0.00881878 0.00851751 -0.00132433 0.999981 0.721567
0.999949 0.000285078 -0.0089349 0.00253996 -0.000259181 0.999996 0.00285086 -0.00228253 0.00893528 -0.00284841 0.999938 0.689219
0.999963 0.000127199 -0.00971331 -0.0170992 -0.000101239 0.999996 0.00272597 0.000181805 0.00971395 -0.00272492 0.999967 0.746618
0.999942 -9.93857e-05 -0.00967134 -0.0156465 0.000103809 1 0.000405022 0.00173277 0.00967107 -0.000405903 0.999935 0.750328
0.999947 0.00396888 -0.0105937 -0.0218887 -0.00396399 0.999992 0.000527975 0.000640189 0.0105959 -0.000486007 0.999962 0.771925
0.999921 -3.24812e-05 -0.011688 0.00797612 2.64205e-05 1 -0.000556601 0.0071767 0.0116878 0.000556343 0.999913 0.758739
0.99996 0.00134698 -0.0100124 -0.0101929 -0.00134486 0.999999 0.00025525 0.0103272 0.0100128 -0.000241806 0.999968 0.784576
0.999967 -0.000853216 -0.00657432 -0.0165699 0.000860365 1 0.00103066 0.00814998 0.00657333 -0.00103634 0.99996 0.797358
0.999996 -0.00158688 -0.00519459 -0.00825236 0.00158933 0.999998 0.000520633 0.0104622 0.00519379 -0.000528865 1 0.810094
0.999964 -0.00386592 -0.00599414 0.0176673 0.00386574 0.999993 -8.48314e-05 0.0129572 0.00599437 6.16022e-05 0.999965 0.814038
0.999985 -0.00586675 -0.00414889 -0.0102511 0.00586639 0.999982 -2.65634e-05 0.00921191 0.00414891 2.24133e-06 1.00001 0.851493
0.999944 -0.00813881 -0.00487992 0.0151192 0.00814819 0.999966 0.001871 0.00182478 0.00486458 -0.00191079 0.99997 0.835545
0.999977 -0.00615918 -0.00544121 0.01184 0.00617527 0.999976 0.00297771 0.00319771 0.00542273 -0.00301108 0.999998 0.853887
0.999962 -0.00577435 -0.00459527 0.0108567 0.00578584 0.999981 0.002457 0.00396362 0.00458102 -0.00248366 0.99997 0.863276
0.999999 -0.000505537 -0.00482798 -0.00080868 0.000514003 0.999997 0.00181488 0.0031733 0.004827 -0.00181718 1 0.867922
0.999982 0.000420516 -0.00355381 -0.0161569 -0.000424022 1 -0.00106661 -0.00097807 0.00355344 0.00106801 0.999977 0.879984
0.999986 0.00533981 -0.00460412 -0.0248803 -0.0053438 0.999985 -0.000808546 0.00142312 0.00459957 0.000833161 1.00001 0.898359
0.999963 0.00608564 -0.00393045 -0.0333294 -0.00608177 0.999982 0.000928687 0.00881098 0.00393617 -0.000904822 0.999976 0.921317
1 -0.000265085 -0.00446532 -9.41151e-05 0.000283316 0.999991 0.0041245 0.00859718 0.00446401 -0.00412556 0.999997 0.876693
0.999967 0.00298847 -0.00602997 -0.0048301 -0.00295039 0.999977 0.00629333 0.0101279 0.00604879 -0.00627559 0.999948 0.915463
0.999999 -0.000972682 -0.00446207 -0.00897964 0.00100322 0.999975 0.00686922 0.00682683 0.00445516 -0.00687347 0.999981 0.902392
0.99997 -0.00244528 -0.00589269 -0.0123448 0.00246535 0.999993 0.00337158 0.00399031 0.00588437 -0.00338612 0.999963 0.928677
0.999974 -0.00627962 -0.00567926 -0.00563614 0.00627141 0.999978 -0.00142517 0.000861365 0.00568806 0.00138952 0.999996 0.902441
0.999922 -0.0106065 -0.00493432 -0.0141035 0.0105763 0.999927 -0.00613806 0.0023447 0.00499903 0.0060855 0.999956 0.894529
0.999972 -0.00630223 -0.00596038 -0.0210975 0.00625267 0.999945 -0.00826321 0.00686522 0.00601203 0.00822561 0.999962 0.952859
0.999959 -0.00360451 -0.00693448 -0.0222481 0.00357753 0.999987 -0.00393515 0.0112818 0.0069486 0.00391013 0.999954 0.955738
0.999976 -0.00329889 -0.00782608 -0.0119868 0.00332403 0.999987 0.00325132 0.0140187 0.00781514 -0.00327704 0.999978 0.961116
0.999947 -0.00498749 -0.00750574 -0.0235043 0.00500641 0.999987 0.00246191 0.0102377 0.00749342 -0.0024996 0.999956 0.986029
0.999963 -0.00490405 -0.00872971 0.0375147 0.00489984 0.999985 -0.000453742 -0.000864442 0.00873155 0.000411068 0.999975 0.901801
0.999971 -0.00271916 -0.00500405 -0.0531055 0.00269454 0.999987 -0.00500109 -0.00492505 0.00501754 0.00498737 0.999962 1.00162
0.99999 9.58822e-05 -0.00691254 0.02231 -0.00011 0.999996 -0.00197134 0.0147564 0.006912 0.00197222 0.999988 0.925547
0.999968 -0.00289514 -0.00546401 0.00479388 0.00290013 0.999998 0.000852209 0.0117611 0.00546185 -0.000868377 0.999971 0.97588
0.999998 -0.00380847 -0.00399177 0.0249492 0.00382471 0.999982 0.00412165 0.0082677 0.00397559 -0.00413647 0.999997 0.931738
0.999979 -0.00328619 -0.0023989 0.0068223 0.00329255 0.999994 0.00261429 0.00915688 0.0023907 -0.00262256 0.999981 0.97188
1 -0.00392637 -0.00177088 0.0181489 0.00393143 0.999985 0.00291252 0.00800849 0.001759 -0.00291913 1.00001 0.959788
0.999987 -0.000475441 -0.000541628 -0.00943838 0.000476381 1 0.00141139 0.00470259 0.000541439 -0.00141201 0.999985 0.985637
1.00001 0.0018638 -0.000491957 0.0071674 -0.00186346 0.999996 0.000975232 0.000612954 0.000493411 -0.000973991 1.00001 0.959519
0.999985 0.0016873 -0.000301686 0.0040662 -0.00168759 1 -0.00116543 -0.000872299 0.000300098 0.00116564 0.999986 0.966873
1 0.00422546 0.000969086 0.0054844 -0.00422454 0.999989 -0.00104728 0.00117795 -0.000973875 0.00104343 1.00001 0.94574
0.999977 0.00380901 0.00221494 0.00435606 -0.00380587 0.999994 -0.00138895 -0.000560146 -0.00221991 0.00138026 0.999983 0.949408
1 0.0043173 0.00138633 0.00335465 -0.00431872 0.999989 0.00104625 -3.53496e-05 -0.0013822 -0.001052 1.00001 0.983629
0.99998 0.00312642 0.00224001 0.0121123 -0.00312789 0.999996 0.000588271 -0.00120564 -0.00223791 -0.000595528 0.999984 0.960007
1.00001 0.000775782 0.00223935 0.0209783 -0.000780585 0.999996 0.00228801 0.00314568 -0.00223792 -0.0022894 1.00001 0.947232
0.999984 0.00144634 0.00251473 0.00728887 -0.00145516 0.999995 0.00336039 0.0017179 -0.00250958 -0.00336446 0.999978 0.966091
1 -0.00417308 0.00267586 0.0338236 0.00416957 0.999988 0.00142901 0.0066423 -0.00268216 -0.00141752 1.00001 0.933517
0.999984 0.000955537 0.00283217 0.0304804 -0.000941151 0.999988 -0.00515636 -0.00411151 -0.00283661 0.00515349 0.99997 0.922733
0.999987 0.00592643 0.00383122 0.00236261 -0.00589319 0.999944 -0.00860287 0.000540444 -0.0038826 0.00858023 0.999968 0.946538
0.999976 0.00241682 0.00429015 -0.0120587 -0.00239027 0.999981 -0.00621045 0.00560694 -0.00430448 0.00619997 0.99996 0.983929
0.999999 0.00238193 0.00468571 0.00400155 -0.00240005 0.999987 0.00387962 0.00949974 -0.00467699 -0.00389051 0.999993 0.876915
0.99997 0.00340794 0.00502912 -0.00467895 -0.00343527 0.999983 0.00538728 0.0109055 -0.00501022 -0.00540476 0.999962 0.990915
0.999999 0.00210812 0.0045368 -0.00108944 -0.00212969 0.999982 0.0047807 0.00514212 -0.00452711 -0.00479002 0.999989 0.954577
0.999976 -9.392e-05 0.00473453 -0.00696264 9.38943e-05 1 -4.36233e-05 0.000567286 -0.00473396 4.38871e-05 0.999977 0.960724
1 -0.00189586 0.003318 0.0270994 0.00189387 0.999995 0.000673746 0.00392631 -0.00331991 -0.000667224 1.00001 0.915822
0.999974 -0.00378499 0.00375503 0.0156408 0.00379367 0.999993 -0.00237927 0.00259861 -0.00374527 0.00239328 0.999979 0.928897
0.999994 -0.00304705 0.00500254 0.0161746 0.00305761 0.99999 -0.00205716 0.00227589 -0.00499708 0.00207262 0.999997 0.91985
0.999973 -0.00266 0.00497149 0.017079 0.00267438 0.999995 -0.00293912 0.0015701 -0.0049628 0.00295216 0.999971 0.92465
0.999996 0.000688547 0.00558133 0.00527339 -0.000690127 0.999997 0.000312651 0.00551082 -0.00558196 -0.000316286 0.999996 0.92874
0.999968 0.0024537 0.00592425 -0.00470729 -0.00245688 1 0.000495417 0.00233226 -0.00592217 -0.000510207 0.999971 0.946524
0.999982 -0.000214971 0.00767412 -0.000619199 0.000214345 0.999997 0.000117531 0.00363236 -0.00767504 -0.000115597 0.999982 0.898935
0.999952 0.00342576 0.00783083 -0.000148454 -0.00342242 0.999997 -0.000465366 -0.000998848 -0.00783158 0.000438205 0.999958 0.923707
0.999967 0.00450263 0.00827252 -0.0100883 -0.00445828 0.999973 -0.00535592 -0.0012076 -0.00829739 0.00531911 0.999963 0.945044
0.999981 0.00246819 0.00265583 0.059507 -0.0024542 0.999987 -0.00532359 0.0223321 -0.00266807 0.00531663 0.999971 0.95727
0.999986 0.000608186 0.00717155 0.0176854 -0.000582156 0.999989 -0.00360034 0.0198804 -0.00717465 0.00359646 0.999979 0.944973
0.999955 0.00150752 0.00804258 0.0185371 -0.00157006 0.999974 0.00775913 0.018545 -0.00802972 -0.007772 0.999927 0.932415
0.999962 0.00641833 0.00765496 0.00898882 -0.00649611 0.999922 0.0101873 0.013604 -0.00758995 -0.010236 0.99993 0.956322
0.999936 5.00728e-05 0.0101071 -0.0063588 -0.000110701 0.999987 0.00599122 0.00517464 -0.0101056 -0.00599249 0.999919 0.938436
0.999948 0.0059172 0.00970528 -0.0121721 -0.00594472 0.999974 0.00280945 0.00483016 -0.00968942 -0.0028666 0.999962 0.958572
0.999936 -0.00123664 0.0100506 0.0153847 0.00125888 1 -0.00221351 0.00291681 -0.010047 0.00222581 0.999935 0.935435
0.99997 -0.00540369 0.0075528 0.0445446 0.00543261 0.999975 -0.00378936 -0.000524218 -0.00753302 0.00383043 0.999977 0.928153
0.999944 -8.03358e-05 0.00926462 -0.00252125 0.000179983 0.999944 -0.0107644 -0.00179518 -0.0092624 0.0107655 0.999886 0.983755
0.999962 -0.00297533 0.00966196 0.00684566 0.00301653 0.999986 -0.00423411 0.022413 -0.00965004 0.00426323 0.99996 0.989526
0.999946 -0.00211511 0.00877607 0.0160508 0.00208435 0.999992 0.00349687 0.00843333 -0.00878262 -0.00347873 0.999939 0.95665
0.999969 -0.00373067 0.00853058 0.0248661 0.00369304 0.999984 0.00443599 0.0122293 -0.00854788 -0.004404 0.999971 1.00129
0.999947 0.000133297 0.00902345 -0.00222505 -0.000145391 0.999999 0.00131802 -0.00213568 -0.00902253 -0.00131957 0.999942 0.953904
0.99997 0.00189863 0.00893178 -0.00300017 -0.00190127 0.999997 0.000302525 -0.0129669 -0.00893193 -0.00031919 0.999976 0.930114
0.999934 -0.00426483 0.00939644 -0.0323148 0.00426187 0.999992 0.00032029 -0.000951172 -0.00939716 -0.000280496 0.99994 0.956015
0.999972 -0.00396035 0.00813577 -0.0162414 0.00393025 0.999982 0.00372629 0.00721511 -0.00815104 -0.00369387 0.999975 0.926729
0.999966 -0.000364087 0.00656179 -0.00177025 0.000341597 0.999998 0.0034255 -0.00399096 -0.00656237 -0.00342345 0.999957 0.907808
0.999995 0.00156837 0.00578908 -0.0138293 -0.00158378 0.999992 0.00264318 -0.00218269 -0.00578553 -0.00265203 0.999995 0.938067
0.99997 0.000243276 0.00591495 -0.0140878 -0.000230779 1 -0.00209807 0.00264591 -0.00591481 0.0020965 0.999965 0.958834
1 -0.00135825 0.00501399 -0.0027747 0.00137775 0.999989 -0.00393282 0.006892 -0.00500956 0.00393965 0.999996 0.855158
0.999974 0.0013558 0.00460171 -0.0134586 -0.00132604 0.999982 -0.00641714 0.00215382 -0.00460943 0.00641104 0.999954 0.875247
1 0.00199295 0.00434469 -0.0261696 -0.00198636 0.999995 -0.00158187 0.0104441 -0.00434887 0.00157322 1.00001 0.9212
0.99998 -0.000246623 0.00304438 0.0100294 0.000230476 0.999988 0.00538479 0.00613165 -0.00304484 -0.00538415 0.999965 0.870271
1 -0.00412519 0.00241007 0.00681193 0.00410671 0.999961 0.00754594 0.00780191 -0.00244206 -0.00753581 0.999985 0.879186
0.99997 -0.00470077 0.0028415 0.0218126 0.00469117 0.999985 0.00346052 0.00223237 -0.00285675 -0.00344721 0.999974 0.849903
0.999998 -0.00518047 0.00258695 0.00718505 0.00518371 0.999984 -0.00130061 -0.00111407 -0.00258118 0.00131401 1.00001 0.869816
0.999983 -0.00122308 0.00147414 0.0258109 0.00122818 0.999996 -0.00328726 -0.00472653 -0.00146923 0.0032891 0.999977 0.824717
1.00001 0.00270209 0.00100738 0.00954054 -0.00269518 0.999969 -0.00702187 -0.00164382 -0.00102716 0.00701902 0.999991 0.839446
0.999984 0.00147804 0.00111226 0.00962245 -0.00146827 0.999965 -0.00854116 -0.00246406 -0.00112397 0.00853965 0.999947 0.827075
1.00001 -0.00335599 0.00150722 0.0274967 0.00336082 0.999986 -0.00332525 0.00350424 -0.00149696 0.00333025 1.00001 0.797386
0.999984 0.000331178 0.00173433 0.0130975 -0.000344175 0.999974 0.00765667 0.0123775 -0.00173078 -0.00765743 0.999954 0.817751
0.999989 0.0071441 0.000909034 0.0462586 -0.00715575 0.999886 0.0130774 0.0054796 -0.000816607 -0.0130832 0.99993 0.770291
0.999956 0.00710122 0.00277987 -0.028416 -0.0071233 0.999945 0.00807718 0.00521353 -0.00272174 -0.00809717 0.999948 0.845195
1.00001 0.00149692 0.00235138 -0.0116292 -0.00149316 0.999994 -0.00163408 -0.00424319 -0.00235459 0.0016308 1.00001 0.79243
0.99998 -0.00301359 0.00120824 0.0320111 0.00301895 0.999989 -0.0045419 0.0030542 -0.00119388 0.00454531 0.999973 0.740913
1.00001 -0.0013958 0.00196608 0.0073452 0.0014017 0.999991 -0.00296622 0.00394732 -0.0019627 0.00296926 1.00001 0.768854
0.999984 -2.05275e-06 0.00123335 0.0240504 3.78408e-07 1 0.00134311 0.00577681 -0.00123263 -0.00134349 0.999982 0.743775
1.00001 0.000251212 0.000858084 0.0231869 -0.000252128 0.999996 0.00100522 0.00509332 -0.000858525 -0.00100511 1.00002 0.743642
0.999984 -0.000528056 0.00137033 0.014854 0.000527177 1 0.000683973 0.00252699 -0.00137001 -0.000683579 0.999982 0.734228
1.00001 -0.0016301 0.00243279 0.0106041 0.00163316 0.999994 -0.00126748 0.00171554 -0.00243132 0.00127178 1.00001 0.731325
0.999979 -0.00111318 0.00315007 0.0137669 0.00112075 1 -0.00236306 0.00150115 -0.00314681 0.00236623 0.999976 0.717379
1.00001 0.00021481 0.00342704 0.0138977 -0.000207845 0.999995 -0.00207332 0.00050423 -0.00342802 0.00207294 1.00001 0.70608
0.999976 -7.99929e-05 0.00410307 0.0146541 8.92244e-05 1 -0.0022035 0.00024638 -0.00410237 0.00220352 0.999972 0.692512
1 0.000385051 0.00457046 0.0177048 -0.000375478 0.999995 -0.00214367 -0.00082187 -0.00457188 0.00214226 1 0.698575
0.999966 -0.000805354 0.00619897 0.0024625 0.000828781 0.999995 -0.00374978 0.00251719 -0.00619531 0.00375457 0.999958 0.699205
0.999989 -0.00162585 0.00702169 0.00648105 0.00165031 0.99999 -0.0035047 0.00324179 -0.00701651 0.00351648 0.999986 0.693231
0.999957 0.00221726 0.00724095 -0.00188299 -0.00220535 0.999998 -0.00162282 0.00347376 -0.0072441 0.00160648 0.999956 0.703629
0.999979 0.00481082 0.00691959 0.0027761 -0.00481339 0.999986 0.000306314 0.00770654 -0.00691841 -0.000339309 0.999992 0.741882
0.999954 0.00393401 0.00687881 0.000460631 -0.00393551 0.999994 0.000266883 0.00841595 -0.00687731 -0.000294264 0.999961 0.724125
0.999989 0.000679696 0.00710846 -0.00402674 -0.000674286 0.999998 -0.000812849 0.00663409 -0.00710933 0.000808357 0.999991 0.702882
0.99995 0.00149916 0.00826715 -0.0106572 -0.0014791 0.999998 -0.0023972 0.00258215 -0.00827036 0.00238462 0.999947 0.703962
0.999976 0.00325011 0.00815994 0.00134995 -0.00322111 0.999986 -0.00359859 0.00499335 -0.0081719 0.00357238 0.999976 0.729653
0.999948 0.0028631 0.00816052 0.00278157 -0.00283887 0.999993 -0.00294929 0.0136985 -0.00816862 0.0029258 0.999947 0.749827
0.999983 0.0020832 0.00759489 0.00727275 -0.00206777 0.999994 -0.00206807 0.0049046 -0.00759946 0.00205252 0.999984 0.762707
0.999956 0.00121806 0.00761383 0.0136802 -0.00120334 0.999999 -0.00190938 0.00192764 -0.00761585 0.00189993 0.999954 0.762098
0.999983 0.00188705 0.0077225 0.011699 -0.00187973 0.999996 -0.000989592 0.00217532 -0.00772459 0.000975324 0.999985 0.76766
0.999939 -0.00332194 0.00898176 -0.00299986 0.00333484 0.999994 -0.00139547 0.00452162 -0.00897679 0.0014251 0.999943 0.75143
0.999983 -0.00104391 0.0080795 0.0147726 0.00103581 0.999998 0.000964023 0.00610267 -0.00808066 -0.000955319 0.999984 0.798856
0.999939 -0.000792572 0.00951861 -0.00736644 0.000765059 0.999996 0.00293084 0.00635934 -0.00952064 -0.00292377 0.999934 0.795745
0.999979 0.00227856 0.00819297 0.00544994 -0.0023073 0.999991 0.00343297 0.00743081 -0.00818536 -0.00345147 0.999976 0.817801
0.99996 -1.70175e-05 0.00693091 0.011541 -1.37654e-05 0.999991 0.00450875 0.00927817 -0.00693072 -0.00450906 0.99995 0.827248
0.999977 -0.00365891 0.00806948 -0.0109082 0.00363506 0.999989 0.0029305 0.00868869 -0.00808019 -0.00290075 0.99998 0.800265
0.999961 0.00136979 0.00667317 -0.0038195 -0.00141541 0.999976 0.00685244 0.0083022 -0.00666366 -0.00686216 0.999939 0.829879
0.999979 -0.00126344 0.00853772 -0.0190846 0.00121333 0.999982 0.00586019 0.00873552 -0.00854493 -0.00584918 0.999962 0.842121
0.999953 -0.00344324 0.00730336 -0.0128486 0.00345477 0.999993 -0.00156186 0.0129621 -0.00729822 0.00158669 0.999954 0.864577
0.999981 -0.00453633 0.00673264 0.0172681 0.00459341 0.999953 -0.00856323 0.00130438 -0.00669355 0.00859381 0.999961 0.815529
0.999952 -0.00356866 0.00804406 -0.030367 0.00368318 0.999886 -0.014161 0.0287191 -0.00799351 0.0141904 0.999846 0.900953
0.999968 -0.0041167 0.00797327 -0.0292497 0.00419936 0.999945 -0.0104774 0.0324942 -0.00792885 0.0105102 0.999934 0.911338
0.999952 -0.00493902 0.00745526 -0.0293161 0.00493247 0.999979 0.00100106 0.0423493 -0.0074609 -0.000964102 0.999951 0.907961
0.99996 -0.00350043 0.0088514 -0.0132261 0.00346533 0.999995 0.00391312 0.0438872 -0.00886426 -0.00388245 0.999979 0.929287
0.999972 -0.000982096 0.00669323 -0.0167847 0.000962252 0.999987 0.00305269 0.0416502 -0.00669682 -0.00304596 0.999947 0.928228
0.999969 0.00476201 0.0070281 -0.0159719 -0.00470705 0.999966 -0.00789317 0.0294391 -0.00706467 0.00785943 0.99997 0.920909
0.999943 0.0085888 0.00544636 -0.0199269 -0.00853315 0.999904 -0.0100616 0.0264487 -0.00553295 0.010015 0.999909 0.933477
0.999984 0.00294783 0.00550345 -0.0155825 -0.00293989 1 -0.00148878 0.0115773 -0.00550729 0.00147241 1.00001 0.915036
0.999975 0.00340536 0.00579731 -0.0102415 -0.00343844 0.999972 0.00583777 0.00777629 -0.00577795 -0.00585743 0.999938 0.885619
0.999979 0.00268531 0.00646955 -0.0191653 -0.00271183 0.999993 0.00405247 0.0125808 -0.00645828 -0.00407004 0.999999 0.941589
0.99997 0.00307925 0.00668763 -0.00635228 -0.00306519 0.999989 -0.00202311 0.00643356 -0.00669447 0.0020029 0.99995 0.899018
0.999985 0.00246631 0.00543228 0.00157093 -0.00244454 0.999994 -0.00409189 0.0113463 -0.00544219 0.00407814 1 0.946354
0.999976 -0.00212048 0.00637303 -0.00335023 0.00212779 0.999992 -0.00106173 0.0123928 -0.00637093 0.00107556 0.999956 0.932197
0.999975 -0.00489662 0.00537649 -0.00253097 0.00489768 0.999994 -0.000289427 0.0134765 -0.00537481 0.000315455 1.00001 0.935599
0.99998 -0.00292244 0.00533476 -0.0114612 0.00292139 0.999988 0.000349857 0.0161849 -0.00533614 -0.000333878 0.999958 0.981283
1 -0.0011492 0.0016811 0.0336796 0.00114815 1.00001 0.000386467 0.00502754 -0.00168127 -0.000384947 1.00003 0.964871
0.999996 -0.00125726 0.00137608 0.0321638 0.00125659 0.999992 0.00088198 0.00271802 -0.00137737 -0.000879857 0.999969 1.02557
1 0.00135821 0.0027682 -0.0122914 -0.00136304 1 0.00151673 0.013586 -0.0027659 -0.00152089 1.00003 0.994762
0.999991 0.000685937 0.00199483 0.00477358 -0.000689654 0.999992 0.00218114 0.0129785 -0.00199358 -0.00218214 0.999962 1.0337
1 0.00340811 0.00141294 0.000646325 -0.00340985 1 0.00087427 0.00426056 -0.00140966 -0.000879524 1.00003 0.976961
0.999989 0.00270316 -0.00183589 0.0303343 -0.00270547 0.999988 -0.00152355 -0.000534381 0.00183153 0.00152903 0.999963 0.999795
1 0.00246733 0.000982677 0.00499951 -0.00246486 1 -0.00301554 0.0282165 -0.000989757 0.00301261 1.00003 0.974941
0.99999 0.000126393 0.0021381 -0.0118807 -0.000123239 0.999988 -0.00124626 0.0194272 -0.00213863 0.0012465 0.99996 0.971055
1 0.00107024 0.00176854 -0.0019443 -0.00107256 1.00001 0.00101876 0.0100218 -0.00176709 -0.00102114 1.00004 0.988877
0.999994 -0.000452113 0.00107792 -0.00356435 0.000447079 0.999977 0.00513061 0.00690805 -0.00108048 -0.00512972 0.999949 0.973874
1 0.000940004 0.00470108 -0.0714743 -0.000948498 1.00001 0.00171276 -0.00673493 -0.00469902 -0.00171771 1.00003 0.912669
0.999985 0.00344976 0.00218931 -0.00524048 -0.00344784 0.999981 -0.000581788 -0.000180883 -0.00219169 0.000574788 0.999948 0.955349
1 0.000904311 0.00247118 -0.0295774 -0.000885771 0.999989 -0.00741293 0.0181848 -0.00247742 0.00741 1.00002 1.04558
0.999988 -0.000171147 0.00116597 0.00972174 0.000174203 0.999981 -0.00278159 0.00816287 -0.00116557 0.00278238 0.999942 0.945203
1.00001 0.00283379 0.0021776 -0.00447898 -0.00283149 1.00001 -0.0010577 0.00466932 -0.00218033 0.00105103 1.00005 0.993163
0.999981 0.00177509 0.0016559 0.0122605 -0.00178262 0.999971 0.00453701 0.00620264 -0.00164803 -0.00453963 0.999931 0.977338
1.00001 -0.000580909 0.00167619 0.0154612 0.000571735 1.00001 0.00539822 0.0137454 -0.00167901 -0.00539753 1.00005 0.992918
0.999978 -0.000238359 0.00322789 0.0164245 0.000227672 0.999974 0.00331583 0.0167565 -0.00322897 -0.00331469 0.999928 1.02522
1.00001 0.0028707 0.00273578 0.015145 -0.00286961 1.00001 -0.000406334 0.0103086 -0.00273671 0.000397905 1.00006 0.989708
0.999976 0.00104231 0.00382935 0.0072442 -0.00103777 0.99998 -0.00118208 0.00756958 -0.00383079 0.00117866 0.999931 0.977337
1.00001 0.000128346 0.00434367 -0.00711257 -0.000126394 1.00002 -0.00046199 0.00441671 -0.00434357 0.000460926 1.00005 0.967374
0.999972 0.00133812 0.00473946 -0.00836635 -0.00134264 0.99998 0.000958136 0.0061012 -0.00473839 -0.000964013 0.999929 0.963937
1.00001 0.000306285 0.00439906 -0.0015813 -0.000310588 1.00002 0.000956604 0.00730063 -0.00439862 -0.000958438 1.00005 0.968337
0.999976 0.00156414 0.00371776 0.00103109 -0.0015664 0.999981 0.000626503 0.00747095 -0.00371689 -0.000631809 0.999932 0.963914
1.00001 0.00172873 0.00358347 0.00205043 -0.00172664 1.00002 -0.000612117 0.00431739 -0.00358432 0.000605351 1.00005 0.955728
0.999974 0.00268451 0.00372671 0.00270284 -0.00268429 0.999979 -4.13403e-05 0.00357402 -0.00372701 3.19448e-05 0.999933 0.970199
1 0.0029295 0.00405716 -0.00512498 -0.00293406 1.00001 0.00106228 0.0101192 -0.00405382 -0.00107475 1.00005 1.00126
0.999968 0.00490759 0.0034212 -0.0064712 -0.00490697 0.999969 -0.00011789 0.00438095 -0.00342196 0.000101677 0.999934 0.949967
1 0.00469815 0.00114014 0.015217 -0.00469439 1 -0.00352944 0.000540159 -0.00115655 0.00352335 1.00005 0.938293
0.999979 0.00321429 0.00230165 -0.000302775 -0.00320276 0.999966 -0.00490887 0.0113625 -0.00231756 0.0049022 0.999925 0.959732
1.00001 0.00253302 0.0022072 0.00396431 -0.00252848 1.00001 -0.00213866 0.0173794 -0.00221232 0.00213245 1.00006 0.949972
0.99998 0.00232334 0.00281223 -0.0046138 -0.00233055 0.999977 0.00261264 0.0136068 -0.00280642 -0.0026188 0.999931 0.952063
1 0.000590059 0.00492431 -0.0234892 -0.000603078 1.00001 0.00261283 0.0143818 -0.00492235 -0.00261609 1.00005 0.955782
0.999975 0.00031711 0.00476661 -0.0205793 -0.000328886 0.99998 0.00250463 0.0137272 -0.00476618 -0.00250583 0.999924 0.962485
1 0.000180595 0.00441143 -0.00796926 -0.000181739 1.00002 0.000200369 0.0110279 -0.00441096 -0.000201611 1.00005 0.981209
0.999966 0.000612093 0.00657256 -0.0519128 -0.000612305 0.999984 6.79241e-05 0.00549715 -0.00657295 -7.15525e-05 0.999918 0.918524
1 0.000620371 0.00458517 -0.00202642 -0.000611162 1.00001 -0.00204975 0.00669991 -0.00458613 0.00204638 1.00005 0.963609
0.999985 0.00094009 0.00209363 0.0459928 -0.000931579 0.999978 -0.00398218 0.0205371 -0.00209757 0.00398091 0.999929 0.997974
0.999961 -0.00911266 0.0047461 0.0276622 0.00909499 0.999967 0.00369471 0.0128876 -0.00477917 -0.00365166 1.00004 0.939845
0.999978 0.000643666 0.00405414 0.0107161 -0.000663544 0.999973 0.00496037 0.0115146 -0.00405124 -0.00496275 0.999918 0.943536
1 8.53298e-05 0.00521113 0.0048217 -7.73861e-05 1.00001 -0.00154469 0.000144298 -0.00521086 0.00154369 1.00005 0.92406
0.999976 -0.0015732 0.00426178 0.00659009 0.0016252 0.99991 -0.0121634 -0.00428303 -0.00424262 0.0121713 0.999855 0.915731
1 -0.000858325 0.00499322 0.0172327 0.000919089 0.99994 -0.0121981 0.00773322 -0.00498203 0.0122015 0.999975 0.908269
0.999968 0.00166107 0.00582444 -0.000701588 -0.0016382 0.999977 -0.00392193 0.0110217 -0.00583131 0.003913 0.999913 0.906602
0.999996 0.0040245 0.00407244 0.0259952 -0.00404771 0.999991 0.00569521 0.0110793 -0.00404911 -0.00571183 1.00004 0.893273
0.99996 0.00211016 0.0070597 -0.0320975 -0.00214913 0.999966 0.00553085 0.0299284 -0.00704848 -0.00554568 0.999898 0.93011
0.999998 0.0017069 0.00517713 -0.00748986 -0.00172892 1.00001 0.00423498 0.0152267 -0.00516943 -0.00424413 1.00004 0.928353
0.999966 0.00377538 0.00544263 -0.00573831 -0.00377719 0.999976 0.000322208 0.00667281 -0.00544184 -0.0003423 0.999922 0.939757
0.999991 0.00345973 0.00539094 0.0268159 -0.00347278 1.00001 0.00236515 0.00722514 -0.00538233 -0.00238421 1.00005 0.883509
0.999958 0.00435011 0.00665049 -0.00627299 -0.0043789 0.999964 0.00433053 0.0100674 -0.00663188 -0.00435922 0.999904 0.929363
0.99999 0.00140967 0.00640943 0.00434599 -0.0014311 1.00001 0.00333588 0.0024252 -0.00640432 -0.00334538 1.00004 0.917408
0.999957 -0.00321725 0.00727541 -0.000559072 0.0032265 0.999977 -0.00125278 0.000752389 -0.0072717 0.00127688 0.999907 0.925315
0.999993 -0.00242181 0.00574833 0.0171349 0.00244599 1.00001 -0.00419806 0.00631416 -0.00573786 0.00421126 1.00004 0.886325
0.99997 -0.00134745 0.00574729 0.0155336 0.0013574 0.999979 -0.00172572 0.00129029 -0.0057452 0.00173414 0.999914 0.892603
0.999997 0.000431286 0.0054325 0.00893015 -0.00043956 1.00002 0.00151657 0.0111514 -0.00543155 -0.00151944 1.00005 0.903199
0.999971 0.00187676 0.00546659 0.00844287 -0.00189062 0.999977 0.0025268 0.0108197 -0.00546211 -0.00253664 0.999913 0.904029
0.999986 -0.00210348 0.00694381 -0.0145741 0.00209429 1.00001 0.00131756 -0.00181499 -0.00694617 -0.00130349 1.00004 0.896332
0.999968 -0.00108909 0.0061185 -0.0223392 0.00110399 0.999979 -0.00241515 0.00446212 -0.00611619 0.0024226 0.99991 0.870908
0.999998 0.000904907 0.00525228 -0.00372455 -0.000880752 1.00001 -0.00466045 0.0263836 -0.00525612 0.00465485 1.00005 0.930207
0.999975 -0.000522946 0.00514583 -0.0257825 0.000528561 0.999981 -0.00103389 -0.00165695 -0.00514544 0.00103728 0.999915 0.863505
0.999991 -0.00516122 0.00339837 0.00223552 0.00515571 1 0.00155625 0.00268988 -0.00340628 -0.00153917 1.00007 0.893615
0.999987 -0.00137392 0.00205239 0.00415935 0.00136932 0.999977 0.00234141 0.00992164 -0.00205561 -0.00233817 0.999922 0.891231
1.00001 -0.00110626 0.00306323 -0.0159451 0.00110133 1.00002 0.00152047 0.00345028 -0.0030648 -0.00151757 1.00007 0.884829
0.999984 -0.00146027 0.00258586 -0.00807553 0.00145842 0.999979 0.00082329 0.00868854 -0.00258713 -0.000818967 0.999922 0.904277
1.00001 -0.00180033 0.00103362 0.00372866 0.00180208 1.00002 -0.00184915 0.00484656 -0.00103036 0.00185033 1.00007 0.910595
0.999986 -0.00177324 0.0010187 -0.0102668 0.00177513 0.999978 -0.0016448 0.00500511 -0.00101567 0.00164723 0.999924 0.88909
1.00001 -0.00338661 0.000287281 -0.0064365 0.00338667 1.00001 -0.00110495 -0.0016763 -0.000283671 0.00110534 1.00007 0.874555
0.999983 -0.0018429 -0.00199903 0.0179778 0.00184102 0.999978 -0.0010592 0.0032581 0.00200131 0.00105608 0.999924 0.878205
1.00001 -0.00103671 -0.000469407 -0.00576686 0.00103641 1.00002 -0.000269221 0.00304464 0.000469446 0.000268158 1.00007 0.856881
0.999984 -0.00193404 -0.00108211 -0.0120808 0.00193398 0.99998 -0.000243316 0.00493695 0.00108286 0.000241793 0.999926 0.84604
1.00001 -0.000306292 -0.00118041 -0.0135307 0.00030731 1.00002 0.00105078 0.00545973 0.00117979 -0.00105163 1.00007 0.845494
0.999984 -0.00150919 -0.00191799 -0.00793282 0.0015132 0.99998 0.00198626 0.00116416 0.00191534 -0.00198873 0.999924 0.842804
1.00001 -0.000501862 -0.0027797 -0.0106895 0.000510055 1.00001 0.00302805 0.00431588 0.00277777 -0.00302982 1.00006 0.833762
0.999984 0.000717087 -0.0025025 -0.0216313 -0.00071039 0.99998 0.00259637 0.0090847 0.0025048 -0.00259419 0.999921 0.823379
1.00001 0.000938065 -0.00311551 -0.0124542 -0.000930772 1.00001 0.00240955 -0.00309783 0.0031173 -0.00240705 1.00006 0.80972
0.999969 0.00431205 -0.00416837 -0.0110312 -0.00431148 0.999975 8.74368e-05 -0.00210133 0.00416924 -6.89664e-05 0.999919 0.810391
0.999996 0.00191962 -0.00562108 0.00865951 -0.0019254 1.00001 -0.00101595 -0.00145231 0.00561849 0.00102619 1.00006 0.780313
0.999982 -0.000256472 -0.00308115 -0.0230238 0.000258995 0.999984 0.00082316 -0.00374628 0.00308143 -0.000823456 0.999922 0.754551
1.00001 0.000256874 -0.00288422 -0.0138608 -0.000249565 1.00001 0.00252997 0.0004208 0.00288442 -0.00252959 1.00007 0.764117
0.999978 0.0013903 -0.00402342 0.000186632 -0.00137811 0.999979 0.00302846 0.00122318 0.00402811 -0.00302247 0.999915 0.749517
1 0.00221378 -0.00428858 0.000946169 -0.00220491 1.00001 0.00206169 -0.00350168 0.00429255 -0.00205274 1.00006 0.732626
0.999977 -0.00130025 -0.00424807 -0.00224245 0.00129634 0.999984 -0.000902744 0.000131177 0.00424981 0.000897942 0.999918 0.750148
1.00001 -0.000694075 -0.00369627 -0.0156201 0.000689839 1.00001 -0.00115841 -0.00329406 0.00369656 0.00115512 1.00007 0.678336
0.99998 0.000219977 -0.0031839 -0.00681777 -0.000226247 0.999984 -0.00195818 0.00131758 0.00318397 0.00195971 0.999919 0.703016
1.00001 0.000583173 -0.00332054 -0.0118901 -0.000591915 1.00001 -0.00263971 -0.00421516 0.00331846 0.00264083 1.00007 0.677125
0.999977 0.00266386 -0.00311352 -0.0132692 -0.00266375 0.999983 3.57952e-05 -0.000689034 0.00311415 -2.68747e-05 0.999921 0.672748
1.00001 0.00194463 -0.0027769 -0.014419 -0.0019457 1.00001 -0.000388758 0.00135194 0.0027756 0.000393534 1.00007 0.664038
0.999981 0.00119483 -0.00281554 -0.0210494 -0.00119307 0.999986 0.000546113 -0.00493608 0.00281677 -0.000542049 0.999922 0.615825
1.00001 0.000645378 -0.00248739 -0.0138279 -0.000643921 1.00001 0.000717947 -0.00285024 0.00248734 -0.000716983 1.00007 0.622612
0.99998 0.00109663 -0.00342968 -0.00215551 -0.00109903 0.999987 -0.000802199 -0.0011664 0.00342935 0.000806692 0.999921 0.620975
1.00001 0.00264517 -0.0032684 -0.0109618 -0.00265487 1 -0.00285316 -0.00149571 0.00326026 0.00286101 1.00006 0.596565
0.999981 0.00137266 -0.00270149 -0.00370378 -0.00136997 0.999986 0.000846318 -0.00246185 0.00270313 -0.000841995 0.999922 0.594381
1.00001 0.000884029 -0.00312528 -0.00822637 -0.000883667 1.00001 0.000302157 -0.0021981 0.00312501 -0.00029999 1.00007 0.56932
0.99998 0.00185934 -0.00291616 -0.00706001 -0.00185577 0.999985 0.00106037 -0.00464014 0.00291863 -0.0010544 0.999922 0.556266
1.00001 -0.000696744 -0.00189189 -0.0156285 0.000694599 1.00001 -0.000894317 0.00494907 0.00189209 0.000892364 1.00007 0.550764
0.999982 0.000849425 -0.00275438 -0.0117361 -0.000851561 0.999987 -0.000958123 0.00143318 0.00275402 0.000961125 0.999922 0.542108
1.00001 5.79292e-05 -0.00232534 -0.00998345 -6.14741e-05 1.00001 -0.00132787 0.00268376 0.00232481 0.00132736 1.00007 0.540057
0.999982 -0.00137975 -0.00235687 -0.00684475 0.00137727 0.999986 -0.00124955 0.000323464 0.00235898 0.00124695 0.999922 0.531827
1.00001 0.00151482 -0.00286773 0.00730159 -0.00151768 1.00001 -0.000841044 -0.00682806 0.00286601 0.000844792 1.00007 0.521387
0.999983 0.000958746 -0.0017178 -0.00601539 -0.000959414 0.999987 -0.000633225 0.000722035 0.00171759 0.00063542 0.999924 0.506421
1.00001 0.000254295 -0.00158536 -0.0109456 -0.000257515 1.00001 -0.0018097 0.00768524 0.00158457 0.00180948 1.00007 0.541924
0.999983 0.000871766 -0.00118067 -0.00591697 -0.000872625 0.999987 -0.000940001 -0.000416804 0.00118024 0.000941643 0.999925 0.511887
1.00002 -0.00086757 -0.000204646 -0.00821264 0.000867039 1.00001 -0.00122667 0.00597771 0.000205392 0.00122584 1.00007 0.527865
0.999984 0.000225559 0.000168973 0.00962828 -0.000225248 0.999988 -0.000372832 0.00450599 -0.000168823 0.000373403 0.999926 0.521346
1.00001 0.0013422 0.000111598 0.000305566 -0.00134253 1.00001 0.000528108 0.0104743 -0.000111087 -0.000528793 1.00007 0.521877
0.999984 0.000837676 0.000849005 0.00259336 -0.0008384 0.999988 0.00108617 0.0116053 -0.000847925 -0.00108639 0.999926 0.532545
1.00001 -0.00122318 0.00173518 0.00510064 0.00122484 1.00001 -0.00106415 0.005853 -0.00173404 0.00106563 1.00007 0.529935
0.99998 -0.00244891 0.00181312 0.00644494 0.00245526 0.99998 -0.00340431 0.0052017 -0.00180461 0.00340957 0.99992 0.531517
0.999999 -0.00517878 0.00255174 0.00124962 0.00518994 0.999988 -0.00445436 0.00180064 -0.0025287 0.00446663 1.00006 0.554888
0.999979 -0.00227688 0.00201037 0.0124195 0.00228717 0.999974 -0.00505926 0.0106302 -0.0019987 0.00506475 0.999913 0.557964
1.00001 0.00129589 0.00168588 0.00876566 -0.00129118 1.00001 -0.00288139 0.0113434 -0.00168972 0.00287843 1.00007 0.562117
0.999983 0.000304616 0.00143322 0.0126166 -0.000303745 0.99999 -0.000452952 0.0183858 -0.00143311 0.000453116 0.999926 0.594726
1.00001 -0.00463312 0.000886901 0.0195268 0.00463028 0.999995 0.00286564 -0.00176899 -0.000900432 -0.00286188 1.00007 0.579202
0.999932 -0.00943436 0.00351782 -0.0108093 0.00941781 0.999935 0.00475179 -0.00566876 -0.0035623 -0.00471805 0.999909 0.58187
1.00001 -0.00106505 0.00145608 0.0244986 0.00106375 1.00001 0.000714703 0.00970276 -0.00145691 -0.000713824 1.00007 0.629436
0.99997 0.00521128 0.0016927 0.00704962 -0.00520602 0.999974 -0.00291332 0.0101954 -0.00170782 0.00290537 0.999923 0.619295
1.00001 0.00328725 0.000647399 0.010033 -0.00328634 1 -0.00179737 0.0131934 -0.000653388 0.0017944 1.00007 0.631593
0.999975 -0.0035692 0.00230859 0.00307683 0.00356875 0.999982 0.000297867 0.0241374 -0.00230962 -0.000288994 0.999925 0.63584
1 -0.00490654 0.00152298 0.000712928 0.00490505 1 0.000825915 0.0170045 -0.00152711 -0.000818989 1.00007 0.630905
0.999978 -0.0014755 0.00274395 -0.00886293 0.00147646 0.999986 -0.000295872 0.00944269 -0.00274339 0.000300605 0.999923 0.658686
1.00001 0.00434148 0.00257022 -0.0134221 -0.00433881 1 -0.00107895 0.0121542 -0.00257495 0.001067 1.00007 0.668994
0.999977 0.00194951 0.00225413 -0.0056341 -0.00194483 0.999982 -0.00203373 0.0112453 -0.00225803 0.00203011 0.999921 0.686942
1.00002 0.00141024 0.0019676 -0.0094322 -0.00140513 1.00001 -0.00267846 0.00909106 -0.00197147 0.00267488 1.00007 0.694044
0.999976 -0.000810274 0.00284965 -0.0185339 0.000818428 0.99998 -0.00281051 0.0208231 -0.0028473 0.00281364 0.999915 0.739606
1.00001 0.00322792 0.00134772 -0.00322591 -0.00323043 1.00001 0.00174355 0.00586103 -0.00134226 -0.00174844 1.00008 0.704527
0.999972 0.00368686 0.00154866 -0.00504568 -0.0036873 0.999978 0.00034417 0.015837 -0.00154725 -0.000349188 0.99992 0.743421
1.00002 0.00136506 0.00216932 -0.0036084 -0.00136254 1.00001 -0.001192 0.0104042 -0.00217105 0.00118823 1.00008 0.734755
0.999969 -0.00399391 0.00254176 -0.0118894 0.00400903 0.99996 -0.00592885 0.0130558 -0.00251793 0.00594006 0.999901 0.754699
1.00002 -0.000991838 0.00238545 -0.00878576 0.0010071 0.999994 -0.0064486 0.0162305 -0.00237911 0.00644989 1.00005 0.76849
0.999979 0.00037368 0.00147799 -0.00761331 -0.000367448 0.999976 -0.00411623 0.0196476 -0.00147935 0.00411663 0.999913 0.783826
1.00001 -0.00357036 0.000994103 0.00572614 0.00356823 1.00001 0.00192592 0.0153114 -0.00100117 -0.00192298 1.00008 0.763679
0.999968 -0.00488302 0.00133461 0.0133731 0.00487588 0.999958 0.00536904 0.0118905 -0.00136078 -0.00536212 0.999907 0.804438
1.00001 -0.00325841 0.00152442 0.00990099 0.00325444 1.00001 0.00252128 0.00591916 -0.00153257 -0.0025168 1.00007 0.784892
0.999973 -0.00185868 0.00352984 -0.0313477 0.00186287 0.999982 -0.00117747 0.0125478 -0.00352795 0.00118473 0.999915 0.79537
1.00002 -0.000841201 0.00240555 -0.0269404 0.000847043 1.00001 -0.00246455 0.0159321 -0.00240325 0.0024658 1.00007 0.806693
0.99998 -0.00106275 0.00116561 -0.00165176 0.00106437 0.999983 -0.00123564 0.0110765 -0.00116444 0.00123758 0.999919 0.816472
1.00002 -9.19325e-05 0.000175134 0.00497362 9.15722e-05 1.00002 0.000944313 0.00736507 -0.000175106 -0.00094483 1.00008 0.803721
0.999981 -0.00056753 -2.68143e-05 -0.00727157 0.000567794 0.999983 0.00147481 0.0138237 2.5865e-05 -0.00147443 0.999919 0.814481
1.00002 -0.00132323 -0.000468173 -0.00571271 0.00132331 1.00002 0.00062518 0.0210871 0.00046741 -0.000626287 1.00008 0.836758
0.99998 -0.000361236 -0.00120077 -0.00631728 0.000361872 0.999983 0.000435624 0.0121327 0.00120057 -0.000435496 0.99992 0.857419
1.00002 -0.000794906 -0.00191603 0.00650331 0.000798727 1.00001 0.00205736 0.0107218 0.00191438 -0.0020593 1.00008 0.830405
0.999975 -0.00128683 -0.00287268 0.0127767 0.00129293 0.999981 0.00211759 0.000640884 0.00287014 -0.00212084 0.999915 0.88225
1.00001 -0.00213814 -0.00337464 0.0229913 0.00214378 1.00001 0.00168219 -0.000614852 0.00337076 -0.00168985 1.00007 0.865253
0.999977 -0.000422502 -0.00171816 -0.00396039 0.00042396 0.999986 0.000758134 0.00782201 0.00171792 -0.000758387 0.999919 0.910533
1.00002 -0.000961101 -0.00243981 -0.00616614 0.000959664 1.00001 -0.000544923 0.00911956 0.00244022 0.000542045 1.00008 0.897
0.999967 -0.00295789 -0.00412586 0.024392 0.00295996 0.999982 0.000475774 0.0147446 0.00412457 -0.000487516 0.999913 0.86978
1.00001 -0.0023702 -0.00338495 0.0144278 0.002373 1.00001 0.000850153 0.0142927 0.00338273 -0.000858638 1.00007 0.898764
0.999974 -0.00209644 -0.00232252 -0.0242797 0.00209634 0.999984 -7.62235e-05 0.0282209 0.0023228 7.18868e-05 0.999918 0.963492
1.00001 -0.00145516 -0.0039626 0.0170764 0.00145178 1.00001 -0.000788411 0.00559282 0.00396346 0.000782077 1.00007 0.893102
0.999971 -0.00160265 -0.00360628 0.00611371 0.00159999 0.999986 -0.000797678 0.0133055 0.00360776 0.000792517 0.999914 0.921547
1.00001 3.85478e-06 -0.00393624 0.00648485 -9.17289e-06 1.00001 -0.00126429 0.0132595 0.00393603 0.00126372 1.00007 0.938803
0.999973 0.00205893 -0.00300108 -0.00718662 -0.00206197 0.999985 -0.00113533 0.0103718 0.00299889 0.00114201 0.999917 0.926192
1.00002 0.0013053 -0.00178587 -0.0191499 -0.00130908 1.00001 -0.0018895 0.0223156 0.00178332 0.00189131 1.00007 0.923172
0.999974 0.00224743 -0.00222378 -0.0104256 -0.00224891 0.999985 -0.000801897 0.0188471 0.00222207 0.000807319 0.999919 0.975706
1.00002 6.3971e-05 -0.00176022 -0.0045468 -6.25258e-05 1.00001 0.000956223 0.0136442 0.00176015 -0.000956392 1.00008 0.961401
0.999977 0.000103778 -0.00158135 -0.00658693 -9.96734e-05 0.999985 0.00246798 0.0155849 0.0015818 -0.0024676 0.999917 0.968525
1.00002 0.000321592 -0.00110956 -0.00221825 -0.000319057 1.00001 0.00244783 0.013803 0.00111018 -0.00244768 1.00008 0.968083
0.999976 -0.00179163 -0.00163799 0.00628227 0.0017918 0.999987 4.13915e-06 0.0100281 0.00163819 -6.66116e-06 0.99992 0.95405
1.00002 -0.00252896 -0.00138931 0.0125806 0.00252498 1 -0.00278059 0.00865105 0.00139613 0.00277645 1.00007 0.958554
0.999978 0.000275709 -0.00137266 0.00636011 -0.000274571 0.999989 0.000732789 0.013859 0.00137309 -0.000732045 0.99992 0.951096
1.00002 0.00225852 0.000705934 -0.0283461 -0.00226019 1 0.00221219 0.00162654 -0.00070093 -0.002214 1.00008 0.943224
0.999976 0.00235148 0.00109732 -0.0284827 -0.00235363 0.999986 0.00206902 0.0039694 -0.00109249 -0.00207133 0.999919 0.944932
1.00002 0.00163764 -0.000104782 -0.0132691 -0.00163794 1.00001 -0.00122737 0.0106985 0.000102721 0.0012271 1.00008 0.970124
0.999979 -0.00021236 -0.00152899 0.0175588 0.000211151 0.99999 -0.00090918 0.00546369 0.00152939 0.000909307 0.99992 0.941396
1.00002 -0.000300071 -0.00127186 0.0140659 0.000299338 1.00001 -0.000450937 0.00498933 0.0012718 0.000450141 1.00008 0.935275
0.999978 0.001811 7.45571e-05 -0.0122637 -0.00181074 0.999989 -0.00013019 0.0011076 -7.47427e-05 0.000130432 0.999923 0.949115
1.00002 -0.000542828 0.000257116 -0.0100399 0.000542757 1.00001 -0.000332266 0.00014939 -0.000257022 0.000332039 1.00008 0.945601
0.999977 -1.53363e-07 -0.00276193 0.039811 1.07644e-06 0.999991 0.000261674 0.00324137 0.00276217 -0.000261387 0.999919 0.914893
1.00002 -0.00178615 -0.00157498 0.0160753 0.00178752 1.00001 0.000988933 0.0144884 0.00157294 -0.000992055 1.00008 0.964137
0.999981 0.000716334 0.000270666 -0.0161058 -0.000715814 0.99999 -0.00118578 0.00977951 -0.000271347 0.00118597 0.999922 0.941037
1.00002 -0.000992806 0.000161511 -0.00805239 0.000992942 1 -0.00251396 0.00716874 -0.000159296 0.00251358 1.00007 0.90975
0.999977 -0.00308755 -0.00123641 0.00697796 0.00308453 0.999984 -0.00246642 0.0208989 0.00124445 0.00246313 0.999919 0.960347
1.00001 -0.0029317 -0.0008204 -0.00104362 0.00293419 0.999998 0.00319354 0.0141927 0.000810628 -0.00319606 1.00007 0.93373
0.999977 -0.00210538 -0.00273752 0.0125913 0.00211331 0.999987 0.00285151 0.00821562 0.00273208 -0.0028571 0.999915 0.944361
1 -0.00440784 -0.00294841 0.0135317 0.00440196 0.999996 -0.00196939 -0.000673771 0.00295656 0.00195588 1.00007 0.908748
0.999955 -0.00635871 -0.00377391 0.0194587 0.00633655 0.999955 -0.0059142 0.00435884 0.00381199 0.00589095 0.999898 0.946291
1 -0.00359981 -0.00390493 0.0171169 0.0035889 0.999997 -0.00273133 0.00741794 0.00391413 0.00271675 1.00007 0.94676
0.999972 -0.00350069 -0.00281767 -0.00525288 0.00350131 0.999987 0.000132537 0.00487713 0.00281781 -0.000142034 0.999919 0.920425
1.00001 -0.00148249 -0.00208598 -0.0206715 0.00148282 1 0.0002911 0.00898688 0.00208502 -0.000294498 1.00008 0.902713
0.999981 -0.000778496 -0.00203179 -0.0167648 0.000772743 0.99999 -0.0029008 0.010772 0.00203458 0.00289966 0.999916 0.942901
1.00001 -0.000205865 -0.00243716 -0.0198968 0.000206579 1.00001 0.000329318 0.00790014 0.00243648 -0.000330043 1.00007 0.916172
0.999975 0.000253097 -0.00431363 0.00321418 -0.000238624 0.999989 0.00332219 0.0129401 0.00431514 -0.00332112 0.99991 0.946191
0.999999 0.0015073 -0.00568094 0.0115316 -0.00148512 0.999997 0.00394014 0.0145616 0.00568601 -0.00393162 1.00005 0.929417
0.999971 0.00120128 -0.00473064 -0.012861 -0.0011933 0.999992 0.00165564 0.00761683 0.00473327 -0.00164982 0.999916 0.942863
0.999995 0.00139398 -0.00630106 0.0137795 -0.00138773 1 0.00102325 0.00852042 0.00630164 -0.00101466 1.00005 0.916923
0.999963 0.000644645 -0.00653014 0.0137551 -0.000637832 0.999994 0.00101524 0.0102389 0.00653165 -0.0010108 0.999905 0.918027
0.99999 -0.000468569 -0.0070937 -0.0136797 0.000467223 1 -0.000171473 0.0144917 0.00709267 0.000167792 1.00005 0.950346
0.999943 0.00171958 -0.00891804 0.0380259 -0.00172507 0.999995 -0.00063565 -0.00535905 0.00891778 0.000651319 0.999887 0.899834
0.999968 0.00128535 -0.00911072 -0.00224041 -0.00129763 1 -0.00129781 0.0212106 0.00910808 0.00130915 1.00003 0.929066
0.999938 0.00117979 -0.0100259 -0.0039142 -0.00119441 0.999996 -0.00149586 0.0201699 0.0100251 0.00150816 0.999878 0.92915
0.999955 -0.000380807 -0.0105443 -0.00443985 0.000371785 1 -0.000819774 0.0208017 0.0105436 0.000815471 1.00001 0.929751
0.999921 0.000731304 -0.011267 0.00986083 -0.000728276 0.999998 0.000247697 -0.000533264 0.0112683 -0.000239247 0.999861 0.906019
0.999972 0.000772021 -0.00926185 -0.0222549 -0.000770323 1 0.000228228 0.00889599 0.009261 -0.000221355 1.00004 0.942631
0.999931 0.00140101 -0.0106097 0.00609862 -0.00138969 0.999997 0.00104296 -0.00793197 0.0106123 -0.00102798 0.999865 0.909408
0.999989 0.000430109 -0.00725535 -0.0362558 -0.000433025 1 -0.000299292 0.0297433 0.00725438 0.000302135 1.00006 0.994617
0.999962 0.00184368 -0.00764352 0.00394868 -0.00183886 0.999996 0.00054085 0.00631037 0.00764541 -0.00052651 0.999898 0.969423
0.999983 0.0011602 -0.00693966 0.000194483 -0.00115708 1 0.000561092 0.000830159 0.00693944 -0.000553374 1.00005 0.917546
0.999973 -0.000228362 -0.00631147 0.000561455 0.000225079 0.999998 -0.000639417 0.00322323 0.00631251 0.000638393 0.999908 0.935027
0.999993 8.3777e-05 -0.00511538 -0.0114809 -8.41604e-05 1 8.51644e-05 0.0142125 0.0051146 -8.50823e-05 1.00006 0.92414
0.999978 0.00114431 -0.00549946 0.000690391 -0.00114398 0.999998 -0.00010428 0.0127605 0.00550016 0.000110928 0.999914 0.9453
0.999996 -0.000575354 -0.004621 -0.00870282 0.000573372 1 -0.000225565 0.0134639 0.00462035 0.000222531 1.00006 0.931133
0.999979 -0.00057548 -0.00541848 0.00326842 0.000574563 0.999999 -0.000338648 0.00692939 0.00541963 0.000335947 0.999916 0.95853
0.999994 0.000117836 -0.00485909 -0.00171482 -0.000117275 1 0.000311663 0.0116941 0.00485821 -0.000311385 1.00006 0.951051
0.999984 -0.000134712 -0.00470142 -0.0163988 0.000141206 0.999999 0.00120798 0.0110967 0.00470224 -0.00120831 0.99992 0.927324
0.999995 0.000601416 -0.00445006 -0.0231517 -0.000594981 0.999999 0.00163226 0.00844809 0.00445007 -0.00162986 1.00006 0.923199
0.999985 -0.00103039 -0.00417866 -0.0183689 0.00103852 0.999998 0.00174617 0.0130826 0.00417789 -0.00175018 0.99992 0.956927
0.999998 -7.30453e-05 -0.00409995 -0.022333 7.98291e-05 0.999999 0.00186544 0.0127469 0.00409878 -0.00186607 1.00006 0.952897
0.999986 0.000909334 -0.00396053 -0.0206712 -0.000902128 0.999998 0.00159829 0.0129251 0.00396311 -0.00159432 0.999921 0.957121
0.999995 -7.73606e-05 -0.0051356 -0.00185411 7.46657e-05 1 -0.000351738 0.00588723 0.00513445 0.000350848 1.00006 0.931734
0.999974 0.00171486 -0.00577768 -0.00107442 -0.00173146 0.999993 -0.00302277 0.00278822 0.00577379 0.00303341 0.999907 0.915861
0.999991 0.00163104 -0.00561971 9.29838e-05 -0.00164688 0.999996 -0.00266081 0.00336864 0.005614 0.00266937 1.00005 0.919795
0.999979 0.00124901 -0.00496484 0.00531599 -0.00124811 0.999999 3.5403e-06 0.00792957 0.00496623 3.09746e-06 0.999915 0.935491
0.999996 0.00129327 -0.00459489 0.00484477 -0.00127586 0.999991 0.00397493 0.0117179 0.00459867 -0.00396923 1.00005 0.93247
0.999982 0.00275 -0.00392704 0.0023054 -0.00273542 0.99999 0.00349732 0.0104142 0.00393788 -0.00348627 0.999914 0.913156
0.999994 0.00401432 -0.00308343 0.0034745 -0.00401689 0.999992 -0.000553906 0.00632437 0.00308001 0.000565692 1.00007 0.913844
0.999983 0.00356932 -0.00273667 0.00435551 -0.00358069 0.999984 -0.00446074 0.00236568 0.00272183 0.00447135 0.999914 0.917091
1 0.000936044 -0.00182941 0.00351651 -0.000944486 0.99999 -0.00418459 0.00398931 0.00182445 0.00418552 1.00006 0.908115
0.999991 0.0020235 -0.00105715 -0.00095407 -0.00202251 0.999999 0.000171348 0.00723446 0.0010584 -0.00016871 0.999928 0.907461
1 0.00246833 -0.00144408 0.000521107 -0.00246247 0.999984 0.00460057 0.00997534 0.00145453 -0.00459722 1.00006 0.907809
0.999988 0.00295151 -0.00140034 -0.00173158 -0.00294414 0.999987 0.00471729 0.0076335 0.00141511 -0.00471283 0.999916 0.898998
1.00001 0.0014215 -0.000687291 -0.00513193 -0.00142065 0.999994 0.00227863 0.00484046 0.000689695 -0.00227809 1.00007 0.893488
0.999993 -6.2387e-05 0.000259758 -0.00925581 6.2967e-05 1 0.000632401 0.00188074 -0.000259006 -0.000631836 0.999928 0.865697
1.00001 0.000135955 -0.000389844 0.00323655 -0.000137148 0.999997 -0.00107273 0.00475905 0.000388871 0.00107213 1.00007 0.875193
0.999993 0.000972673 -0.000221758 0.000410301 -0.000972054 1 -0.000586742 0.004948 0.000222063 0.000587609 0.999927 0.881044
0.99999 -0.0059692 0.000252864 -0.00952276 0.00596793 0.999978 0.00245067 0.00388161 -0.00026815 -0.00244948 1.00007 0.831293
0.999991 -0.00118554 -6.78197e-05 0.0124484 0.00118638 1 0.00163865 0.00630337 6.68047e-05 -0.00163827 0.999926 0.884281
1.00001 0.000940802 0.000263005 -0.00881026 -0.000940941 0.999997 -0.00208517 -0.00666544 -0.000265458 0.00208417 1.00007 0.846567
0.999992 -0.000914206 0.00010787 -0.00294293 0.000915441 0.999992 -0.00464939 0.00207258 -0.00010309 0.00465041 0.999919 0.854609
1.00001 -0.000914834 -0.000446862 -0.00300507 0.000912175 0.999987 -0.00429156 0.00189539 0.00045018 0.00429024 1.00006 0.854961
0.999991 0.00167775 -0.000106639 0.011663 -0.00167683 1 0.00161897 0.0112167 0.000110131 -0.0016183 0.999929 0.893615
1.00001 -0.000109452 -0.00087022 0.0104013 0.000111626 0.999991 0.00337519 0.0127233 0.000869052 -0.00337562 1.00006 0.893099
0.999991 0.000916847 -0.00103335 -0.00949431 -0.000915463 1 0.000557762 0.00095927 0.00103488 -0.000556304 0.99993 0.848601
1.00001 0.000389894 -0.000643342 0.00381575 -0.000391556 0.999997 -0.00114825 0.00427406 0.000642399 0.00114791 1.00007 0.905947
0.99999 -0.00147505 -0.00109635 0.00324092 0.00147253 0.999997 -0.00310865 0.00231936 0.00110147 0.00310785 0.999924 0.904562
1.00001 -0.000397421 -0.000904828 -0.00508652 0.000395803 0.999997 -0.00078096 0.00487163 0.000904591 0.00077995 1.00007 0.898857
0.999991 0.000301464 -0.000885602 -0.00719705 -0.000298993 1 0.00179385 0.00775061 0.000886743 -0.00179308 0.999928 0.902223
1.00001 -0.000242555 -0.000534532 -0.00301575 0.000243194 0.999993 0.00293088 0.0119899 0.000533388 -0.00293143 1.00007 0.93727
0.999991 -0.00184225 -0.000181441 -0.0136505 0.00184316 1 -5.11039e-05 0.00501408 0.000182114 5.14466e-05 0.99993 0.92192
1 -0.00394683 -0.000554777 -0.0150439 0.00394531 0.999989 -0.00111428 0.00385015 0.000558526 0.00111136 1.00007 0.920223
0.999986 -0.00347008 -0.000178342 -0.0115646 0.00347094 0.999996 -0.000310319 0.00502942 0.000180103 0.000310388 0.99993 0.941783
1.00001 -0.00217801 -0.000862085 -0.0204227 0.00217837 0.999995 0.00144405 0.00650306 0.00085826 -0.00144654 1.00007 0.932545
0.999978 -0.00534148 -0.000881366 -0.00381344 0.00534225 0.999988 -0.00027205 0.00275152 0.000883675 0.000267989 0.99993 0.95688
1 -0.00414874 -0.000236852 -0.0286762 0.00414797 0.99999 0.000792324 0.00330146 0.000232969 -0.000793923 1.00007 0.914157
0.999988 0.00245741 -0.000514981 -0.0104792 -0.00245433 0.999993 0.00366041 0.0119505 0.000524833 -0.00365878 0.999923 0.951199
1 0.00264414 0.000124377 -0.0339808 -0.00264592 0.999972 0.00678487 -0.000554229 -0.000107027 -0.00678541 1.00005 0.915052
0.999992 -0.000445568 -0.000890397 -0.0105902 0.00045114 0.999989 0.0050749 -0.00424369 0.000888986 -0.00507493 0.999916 0.940145
1.00001 9.18489e-05 -0.00055238 -0.00140798 -9.33843e-05 0.999998 -0.00088004 -0.00311193 0.000551444 0.000879296 1.00007 0.946294
0.999992 -1.6754e-05 -0.000240066 -0.0270139 1.73821e-05 1 -0.00202212 -0.0033 0.000240997 0.00202293 0.999928 0.907211
1.00001 -0.000575515 -0.000634661 -0.00729631 0.000573292 0.999997 -0.00177535 0.0016265 0.000635062 0.00177415 1.00007 0.945332
0.999991 -0.00124046 -0.000815454 0.0110547 0.00124269 1 0.0013689 0.00956141 0.00081459 -0.00136925 0.99993 0.965481
1.00001 -0.00165045 -0.000723874 -0.00745363 0.00165114 0.999994 0.00243932 0.0015173 0.000719147 -0.00244109 1.00007 0.907354
0.999991 0.00122821 -0.000573382 -0.0154594 -0.00122607 0.999999 0.00183482 0.00297372 0.000576313 -0.00183357 0.999928 0.895216
1.00001 0.00134721 -0.000546003 0.00500548 -0.00134822 0.999997 0.000166292 -0.00535077 0.000545549 -0.000166215 1.00007 0.911593
0.999992 0.000490675 8.66151e-05 -0.0191437 -0.000489621 1 0.000659225 -0.00415769 -8.53689e-05 -0.000658637 0.99993 0.868902
1.00001 -0.000448691 0.00110741 -0.00954273 0.000445576 0.999996 0.00185946 0.00265068 -0.00110898 -0.00185952 1.00007 0.883855
0.999992 -0.000995773 0.000645579 -0.00501417 0.000995244 0.999999 0.00240516 0.00284405 -0.000647087 -0.00240398 0.999927 0.865569
1.00001 0.00110767 0.000749247 -0.00140262 -0.00111045 0.999994 0.00238368 -0.000359988 -0.00074746 -0.00238505 1.00007 0.865363
0.999991 0.000851461 0.0015942 -0.0136762 -0.000851236 1 0.000536348 0.00323501 -0.00159288 -0.000537092 0.999928 0.832999
1 -0.00159653 0.00161217 -0.0217417 0.00159857 0.999995 -0.00195747 -0.00533597 -0.00160974 0.00195928 1.00007 0.806013
0.999991 0.000853381 0.00181704 -0.00338534 -0.000843969 0.999992 -0.00448583 0.00395095 -0.00181981 0.00448517 0.999919 0.857767
1 0.00303061 0.001658 -0.0125991 -0.00302353 0.99998 -0.00500573 0.00137511 -0.00167411 0.00499977 1.00006 0.827131
0.999992 0.00216249 0.000296969 0.0163201 -0.00215996 0.999993 -0.00419863 0.0107235 -0.000304794 0.00419887 0.999922 0.82411
1.00001 0.000559935 0.00116777 -0.00889405 -0.000559564 0.999994 -0.00133635 0.0123475 -0.00116968 0.00133504 1.00007 0.815254
0.999989 0.00234863 0.00184248 -0.0090409 -0.00235473 0.999994 0.00398747 0.0154762 -0.001832 -0.00399146 0.999921 0.814413
1 0.0010597 0.00217141 -0.0145244 -0.00107022 0.999985 0.00430222 0.012537 -0.00216781 -0.00430488 1.00006 0.812132
0.999992 -0.00083808 0.0011459 -0.0121601 0.000837343 1 0.00163232 0.000709884 -0.00114615 -0.00163081 0.999928 0.791636
1 -0.0022417 -7.01542e-06 0.0185366 0.0022405 0.999991 -0.00122117 -0.00142694 8.65999e-06 0.00122039 1.00007 0.812219
0.999994 0.000599682 -5.89044e-05 0.00563589 -0.000598565 1 -0.00169973 0.0024101 5.90004e-05 0.00170059 0.999929 0.796467
1.00001 -0.000355643 0.000780928 -0.0159788 0.000355196 0.999994 -0.00102169 0.00219203 -0.000781527 0.00102122 1.00007 0.770383
0.999991 -0.00165062 0.00106563 -0.0123425 0.00165233 1 -0.000451383 0.00327431 -0.00106394 0.000453855 0.999929 0.783825
1.00001 -0.000348077 0.000303231 -0.0072903 0.000346995 0.999995 -0.000579744 -0.000196996 -0.000303904 0.000579179 1.00007 0.781752
0.999993 -0.00137306 -5.2478e-05 0.00626249 0.00137417 1 -0.00136069 0.00202646 5.52889e-05 0.00136137 0.999929 0.797251
1 0.0018045 -0.0008169 0.00281303 -0.00180679 0.999992 -0.00124219 0.00586753 0.000813648 0.00124296 1.00007 0.783147
0.999994 -0.000404168 0.00127786 -0.0189331 0.000404642 1.00001 0.000539467 0.00143157 -0.00127712 -0.000538346 0.999929 0.783869
1.00001 0.000243749 -0.000432527 -0.00300163 -0.0002444 0.999994 0.00120956 0.00725499 0.000431667 -0.00121003 1.00007 0.789995
0.999994 -0.000832612 -0.000555116 -0.00695335 0.000834548 1 0.00134909 0.00801743 0.000555163 -0.00134894 0.999928 0.792307
1 -0.000510096 -0.0016398 -0.000117432 0.000510909 0.999994 0.00134203 0.00830513 0.00163786 -0.00134349 1.00007 0.78078
0.999993 -0.000762557 -0.000779328 -0.0145169 0.000765312 1 0.0018659 0.00400726 0.00077915 -0.0018659 0.999927 0.774302
1.00001 -6.8394e-05 -0.0010615 -0.0135337 6.86276e-05 0.999994 0.0014365 0.000725823 0.00106012 -0.00143725 1.00007 0.774212
0.999993 0.00112904 -0.000658578 -0.0202778 -0.00112757 1 -8.07664e-05 -0.00070049 0.000659734 8.23139e-05 0.999929 0.761239
1 0.00211584 -0.000962923 -0.0212442 -0.00211805 0.999992 -0.000740022 -1.39776e-05 0.000960098 0.000741267 1.00007 0.751265
0.999988 0.000135913 -0.00327217 0.0115035 -0.000137329 1 -0.000874881 0.00173963 0.00327345 0.000876129 0.999924 0.724112
1 0.000554307 -0.00285933 0.00453989 -0.000554869 0.999996 0.000316001 0.00465049 0.00285816 -0.000315102 1.00007 0.732454
0.999989 0.00102485 -0.00294677 0.0145545 -0.00102079 1 0.000898753 0.00530123 0.00294903 -0.000895047 0.999925 0.718399
1 -1.9891e-05 -0.00292586 0.0162655 2.17107e-05 0.999995 0.00108501 0.00600689 0.00292453 -0.00108571 1.00007 0.707294
0.99999 0.000362017 -0.00278992 0.017359 -0.000360035 1 0.000231394 0.0049377 0.00279132 -0.0002296 0.999925 0.693685
1 0.000380038 -0.00270159 0.0139046 -0.000381219 0.999996 5.46518e-05 0.00373832 0.00270041 -5.4439e-05 1.00007 0.680844
0.999993 -0.000298136 -0.00111602 0.00277588 0.000299569 1 8.82529e-05 0.00157479 0.00111709 -8.78094e-05 0.999928 0.68096
1 -0.000902661 -0.00174248 0.00365298 0.000901223 0.999996 -6.75951e-05 0.00116177 0.00174143 6.52777e-05 1.00007 0.681609
0.999992 -0.00140454 -0.000735301 -0.0105301 0.00140605 1 0.000301942 0.00319556 0.000735908 -0.000302286 0.999928 0.652935
1.00001 0.000513286 -0.000993854 -0.000359076 -0.00051489 0.999997 -0.000233337 0.000310927 0.000992673 0.00023308 1.00007 0.657663
0.99999 0.0019424 -0.00134397 0.00272588 -0.00194162 1 -0.000509528 0.00180996 0.00134403 0.000512899 0.999927 0.65212
1.00001 0.000676097 -0.00151739 -0.00178875 -0.000677928 0.999997 -0.000225763 0.00365788 0.00151616 0.000226022 1.00007 0.619506
0.999992 0.000808884 -0.00106346 -0.00347914 -0.000807479 1 -0.00010254 0.00671439 0.00106439 0.000104151 0.999927 0.600477
1.00001 0.00119112 -0.00079263 -0.00587091 -0.00119269 0.999997 -0.000124034 0.00561266 0.000791516 0.000124204 1.00007 0.597422
0.999991 0.00174547 -0.00032471 -0.00920244 -0.00174384 1 0.000396841 0.00613949 0.000326298 -0.000395545 0.999928 0.589045
1.00001 0.00140237 -0.000330783 -0.0144175 -0.00140347 0.999996 0.0010076 0.00428515 0.000331318 -0.00100781 1.00007 0.560364
0.999993 0.000555033 -0.00032596 -0.0113812 -0.000553145 1 0.00139045 -0.00159536 0.000327561 -0.00138958 0.999927 0.561242
1.00001 0.000176641 -4.84078e-05 -0.0105628 -0.000178108 0.999997 -0.000221977 0.00824392 4.75051e-05 0.000221166 1.00007 0.551628
0.999993 0.000291142 1.4273e-05 -0.0086854 -0.000289641 1 -0.00176132 0.00611018 -1.38319e-05 0.00176227 0.999926 0.537922
1.00001 0.00158467 -0.00102202 0.0050491 -0.00158928 0.999992 -0.00302411 0.00409909 0.00101609 0.00302463 1.00007 0.542681
0.999991 0.00174334 0.000558425 -0.0276727 -0.00174009 0.999998 -0.00269523 0.000566036 -0.00056205 0.00269531 0.999923 0.476066
1.00001 -2.8761e-05 -0.00159001 0.00516067 2.46213e-05 0.999996 -0.00147395 -0.00421709 0.00158882 0.00147288 1.00007 0.518176
0.99999 -0.00155035 -0.00100926 -0.00142082 0.00155113 1 -0.000959288 -0.000987418 0.00101203 0.000958689 0.999924 0.48216
1.00001 -0.000890752 -0.000470707 0.00112712 0.000888987 0.999996 5.10008e-05 -0.000396419 0.000469435 -5.23099e-05 1.00008 0.473116
0.999991 0.000180264 0.000592326 -0.00633759 -0.00017943 1 0.00157243 0.000946972 -0.000590874 -0.00157176 0.999923 0.471508
1.00001 0.00157565 0.0011958 -0.000830421 -0.00157973 0.999994 0.00191469 -0.00661624 -0.00119398 -0.00191734 1.00007 0.436959
0.999991 0.000611677 0.001978 -0.0152447 -0.000612203 1 0.00113746 -0.0063335 -0.00197618 -0.00113784 0.999922 0.423079
1 -0.000204151 0.0014559 -0.00615051 0.000201256 0.999997 0.000820485 -0.00229418 -0.00145722 -0.000821029 1.00007 0.421004
0.999993 0.000440418 0.00141237 -0.00446189 -0.000439192 1 0.000344527 0.00438567 -0.00141101 -0.000344271 0.999925 0.417773
1 0.000882073 0.00205878 -0.020483 -0.000884164 0.999997 0.00018763 0.00606508 -0.00205981 -0.000190316 1.00007 0.410259
0.999991 -0.000446698 0.00198147 -0.015578 0.000447088 1 0.000683605 0.0056672 -0.00198055 -0.000681889 0.999923 0.404437
1.00001 -0.000229342 0.00147454 -0.015354 0.000226382 0.999997 0.000819101 -0.00126763 -0.00147594 -0.000819576 1.00007 0.369621
0.999992 -0.000361112 0.00166507 -0.0142582 0.000362181 1 0.000373094 -0.0012899 -0.00166401 -0.000371687 0.999923 0.362919
1.00001 0.000672494 0.00111532 -0.00216935 -0.0006748 0.999997 0.000544031 -7.88585e-05 -0.0011162 -0.000545547 1.00007 0.36698
0.999991 0.0012211 0.00233304 -0.0403888 -0.00122075 1 0.00054661 -0.00374868 -0.00233129 -0.000548722 0.999922 0.320106
1 0.00131767 0.00168625 -0.0139186 -0.00132 0.999997 0.000387455 -0.00245819 -0.00168692 -0.000390393 1.00007 0.329352
0.999994 -0.000458348 0.00103044 0.00570797 0.000460132 1 -0.000136578 0.000361585 -0.00102918 0.000137798 0.999925 0.335905
1 -0.00115814 0.00135008 -0.00290563 0.00115767 0.999997 -0.000895939 0.00381638 -0.00135032 0.000896709 1.00007 0.323172
0.999994 -0.000655464 0.00075543 -0.000213203 0.000658212 1 -0.00148113 0.00291243 -0.000753187 0.00148241 0.999923 0.309659
1.00001 -4.89747e-05 0.000733392 -0.00883909 4.7943e-05 0.999998 -0.000821616 0.00695813 -0.000734632 0.000820894 1.00007 0.326317
0.999995 0.000596874 0.000166474 0.0104995 -0.000595444 1 0.00101534 -0.00798565 -0.000164635 -0.00101478 0.999925 0.26157
1 0.00102319 0.000173892 -0.0211311 -0.00102492 0.999998 0.000207916 0.00797561 -0.000174943 -0.00020879 1.00007 0.292373
0.999995 0.000602122 -0.000587551 -0.0115755 -0.000600212 1 0.000447924 -0.00139061 0.000589127 -0.000446875 0.999925 0.281147
1 0.00109136 -0.000955968 -0.011896 -0.00109246 0.999997 0.000613604 -0.00131241 0.000955284 -0.000613299 1.00007 0.282671
0.999993 0.00149395 -0.00147625 -0.0109806 -0.00149184 1 0.000272241 -0.00120669 0.00147803 -0.000269297 0.999924 0.278139
1 0.000290103 -0.00247227 -0.0115079 -0.00029158 0.999998 9.60666e-05 0.000393798 0.00247082 -9.60814e-05 1.00007 0.282039
0.999988 -0.000430659 -0.00375529 -0.0121135 0.000431 1 -0.000369308 0.000211525 0.00375702 0.000368465 0.999918 0.28203
0.999988 -0.00062894 -0.0058239 -0.0130248 0.000627987 0.999998 0.000133661 0.000376831 0.00582213 -0.000138005 1.00006 0.2789
0.999965 0.000318553 -0.0077465 -0.0191083 -0.000321638 1 -0.000621768 0.000462161 0.00774814 0.00062492 0.999895 0.318495
0.999958 0.000655174 -0.00966817 -0.0183029 -0.000660946 0.999998 -0.000414902 0.000559129 0.00966589 0.000420612 1.00003 0.313941
0.999936 0.0007072 -0.0108918 -0.0205221 -0.000716557 1 -0.00101464 0.000793271 0.0108931 0.00102311 0.999866 0.307892
0.999928 -0.00121743 -0.0123146 -0.0178637 0.00120981 0.999998 -0.000485182 0.000662931 0.012313 0.00046954 0.999997 0.303102
0.99988 0.000324241 -0.0152277 -0.0179385 -0.0003199 1 0.000171884 0.00142966 0.0152302 -0.000166328 0.999811 0.303255
0.999853 0.00151362 -0.0173374 -0.0194848 -0.00153083 0.999997 -0.000877158 0.0010215 0.0173335 0.000902812 0.999923 0.304902
0.999809 0.00217746 -0.0191924 -0.0248226 -0.0021899 0.999998 -0.00072049 0.00168232 0.0191934 0.000763096 0.999742 0.310217
0.999797 1.1713e-05 -0.0203551 -0.0269613 -5.5034e-05 0.999997 -0.00203934 0.000103792 0.0203524 0.00203925 0.999864 0.311745
0.999781 -0.00075012 -0.0206924 -0.0331022 0.000698463 0.999998 -0.0025897 -0.00358899 0.020697 0.00257555 0.99971 0.331479
0.999772 -0.0011393 -0.02151 -0.0343645 0.00110553 0.999997 -0.00149855 -0.00304834 0.0215089 0.00147369 0.999841 0.32932
0.999735 0.00401942 -0.022491 -0.0303346 -0.00404043 0.999994 -0.000968917 -0.000423751 0.0224899 0.00106026 0.999673 0.31819
0.999873 0.00401123 -0.0157911 -0.043728 -0.00406009 0.999986 -0.00294788 0.00670677 0.0157765 0.00301081 0.999945 0.356803
0.999951 0.00614056 -0.00698384 -0.0256163 -0.00615758 0.99998 -0.00268403 0.0118899 0.00696902 0.00272761 0.999898 0.311376
1 0.00222353 0.00097134 -0.0166129 -0.0022244 0.999994 -0.000991586 0.0104722 -0.000974767 0.000988879 1.00007 0.310818
0.999978 0.00178685 0.00544823 -0.00666767 -0.00178273 1 -0.000428329 0.00748162 -0.00544809 0.000419064 0.99991 0.286538
0.999944 0.000524713 0.0110955 -2.89957e-05 -0.000522319 0.999997 -0.000378705 0.00604434 -0.0110961 0.000372424 1.00001 0.304124
0.999876 -0.00186325 0.0152736 0.0156784 0.00187136 1 -0.000393757 0.0043512 -0.0152727 0.00042278 0.999808 0.270695
0.999857 -0.0025014 0.0170887 0.0188986 0.00251072 0.999994 -0.000632788 0.00342528 -0.0170871 0.000675096 0.999929 0.267628
0.99978 -0.00302181 0.0204939 0.0202297 0.00302697 0.999998 -0.000131424 0.00324448 -0.0204936 0.000193883 0.999715 0.271822
0.99975 -0.000731185 0.0225871 0.0209803 0.0007283 0.999997 5.3613e-05 0.00409458 -0.0225867 -3.76729e-05 0.99982 0.273618
0.999741 0.000697165 0.022465 0.0309842 -0.00070233 1 0.000304256 0.00170838 -0.0224652 -0.00031946 0.999672 0.267248
0.999756 0.00147208 0.0222827 0.028441 -0.00148944 0.999996 0.000678823 0.00438745 -0.0222811 -0.00071232 0.999827 0.272717
0.999769 0.000411769 0.0212263 0.0285095 -0.000426734 1 0.000784768 0.00524947 -0.0212265 -0.000793162 0.999699 0.283818
0.999803 -0.00288613 0.0199344 0.0312002 0.00288734 0.999994 -0.000117548 0.00440823 -0.0199336 0.000174554 0.999876 0.27362
0.999821 -0.00387727 0.0182236 0.0243722 0.00388924 0.999995 -0.000525878 0.00323193 -0.0182217 0.000597232 0.999759 0.288581
0.999872 -0.00248906 0.0161581 0.0238987 0.00249036 0.999994 -0.000168306 0.00347586 -0.0161574 0.000207985 0.999944 0.284199
0.999901 0.0010625 0.0136362 0.0217234 -0.00106763 1 0.000496394 0.00291189 -0.0136357 -0.000510373 0.999832 0.279511
0.999952 -3.64508e-05 0.0103461 0.0160499 1.73495e-05 0.999996 0.00167445 0.00489272 -0.0103463 -0.00167464 1.00002 0.285977
0.999951 -0.00108887 0.00927024 0.0154828 0.00106577 0.999999 0.00267611 0.00350454 -0.00927278 -0.00266576 0.999879 0.271386
0.999982 -0.000772226 0.00681159 0.0124763 0.000763565 0.999997 0.00103787 0.00362297 -0.00681292 -0.00103313 1.00005 0.268133
0.999992 -0.000861742 0.00206026 0.00123249 0.000864435 1 -0.000528252 0.00390471 -0.00205889 0.000530587 0.999923 0.262792
1 -0.000375951 -0.00300598 0.000726672 0.000372259 0.999998 -0.000686282 0.00382075 0.00300501 0.000684613 1.00007 0.242833
0.999969 -0.00190974 -0.00684535 8.8324e-05 0.00191267 1 0.000199663 0.00446261 0.00684644 -0.000212288 0.999902 0.23566
0.999947 -0.00317626 -0.0103973 -0.00263059 0.00318105 0.999993 0.000586372 0.00395373 0.0103937 -0.000619862 1.00002 0.22504
0.999909 0.000614692 -0.0130417 -0.00967766 -0.000604124 1 0.000702768 0.00468844 0.013044 -0.000694475 0.99984 0.218545
0.999894 0.0042286 -0.0143629 -0.0266649 -0.00424387 0.99999 -0.000928608 0.00751001 0.0143568 0.000988955 0.999971 0.207619
0.999887 0.0034771 -0.0143116 -0.0362992 -0.00349593 0.999994 -0.00139422 0.00559966 0.0143087 0.00144461 0.999822 0.201968
0.999891 0.00242095 -0.0149317 -0.0258016 -0.00241532 0.999996 0.000495563 0.000380895 0.0149309 -0.000459819 0.999963 0.185959
0.999869 0.000634787 -0.0157746 -0.0175432 -0.000596726 0.999998 0.00231919 0.00230079 0.0157782 -0.00230922 0.999798 0.174234
0.999879 -0.00271915 -0.0157336 -0.0154048 0.00273389 0.999995 0.00101321 0.00157547 0.0157287 -0.00105638 0.999951 0.161209
0.999811 -0.0110084 -0.015666 -0.00551563 0.0109577 0.999934 -0.00341285 -0.00335427 0.0157047 0.00324115 0.999797 0.143995
0.999836 -0.00557048 -0.0175771 -0.00460255 0.00546666 0.999968 -0.00586357 -5.5715e-05 0.0176069 0.0057657 0.999903 0.133607
0.999852 0.000699419 -0.0169123 -0.0220514 -0.000733682 0.999997 -0.002112 0.00292476 0.016913 0.00212465 0.99978 0.136138
0.999844 0.00728134 -0.0163786 -0.0290593 -0.00725883 0.999973 0.00153091 0.00384426 0.016387 -0.00141202 0.99994 0.134629
0.999859 0.00483684 -0.015742 -0.0257678 -0.00480391 0.999986 0.00202691 0.00777415 0.0157537 -0.00195086 0.9998 0.124037
0.999899 0.00137714 -0.014537 -0.0202109 -0.00135987 0.999999 0.00131256 0.00380731 0.0145366 -0.00129287 0.999968 0.116074
0.999904 -0.000960096 -0.0134741 -0.0134926 0.000969171 0.999999 0.000544304 0.00331837 0.0134756 -0.000557025 0.999834 0.10563
0.999914 -0.000699578 -0.0135298 -0.0144734 0.000697189 1 -6.23557e-05 0.00564725 0.0135278 5.25431e-05 0.999983 0.100495
0.999919 -0.000224216 -0.0123215 -0.0221709 0.00022534 1 -3.92107e-05 0.00481869 0.0123234 3.67535e-05 0.999849 0.105714
0.999934 -0.00127065 -0.0118618 -0.0140473 0.0012761 0.999999 0.000592005 0.00322612 0.0118591 -0.000607374 1 0.0917713
0.999926 -0.00152524 -0.011625 -0.00463816 0.00153988 0.999999 0.00110679 0.00635941 0.0116251 -0.00112435 0.999857 0.0879777
0.999959 0.000740476 -0.00959926 -0.00192355 -0.00074385 0.999999 -0.000184796 0.00694994 0.00959744 0.000191591 1.00003 0.0781655
0.999939 0.00550882 -0.00909403 -0.0260574 -0.00551862 0.999985 -0.00123273 -0.000751109 0.00908866 0.00128327 0.999884 0.0806018
0.999905 0.00884393 -0.0109592 -0.029986 -0.00887423 0.999956 -0.00256648 -0.000898255 0.0109344 0.00266305 1.00001 0.0628516
0.999949 0.00604765 -0.00748614 -0.0232366 -0.00606068 0.999982 -0.00194346 -9.40288e-05 0.00747561 0.00198912 0.999896 0.0562278
0.99999 -0.000573701 -0.00521782 -0.0125718 0.000573222 0.999998 0.000222693 0.00122853 0.00521656 -0.000225863 1.00006 0.050662
0.999958 -0.00493262 -0.00721995 0.00121891 0.00495532 0.999985 0.00290089 -0.000394709 0.00720683 -0.00293658 0.999895 0.0532269
0.999974 -0.00532828 -0.00575036 0.00246343 0.00534066 0.999981 0.00243423 0.00230457 0.0057362 -0.00246486 1.00005 0.0524931
0.999985 -0.00105264 -0.00453229 -0.00581442 0.00105863 1 0.000950488 0.0038805 0.00453233 -0.00095519 0.999915 0.0481374
0.999979 0.00314742 -0.00640374 -0.0123979 -0.00314725 0.999994 0.000305454 0.0037966 0.00640348 -0.000285459 1.00005 0.0435381
0.99997 0.00425091 -0.00576273 -0.0162674 -0.00425071 0.999992 -0.000259709 0.00169145 0.00576271 0.000284448 0.999909 0.0390905
0.999989 0.00361684 -0.00410775 -0.0124765 -0.00362182 0.999992 -0.000762714 0.00205409 0.00410385 0.000777229 1.00007 0.0397803
