1 0 0 0 0 1 0 0 0 0 1 0
0.999998 0.0016066 0.00144872 -0.00456612 -0.00160067 0.99999 -0.0040821 -0.013557 -0.00145526 0.00407977 0.999991 0.959202
0.999997 -0.000610087 0.00237511 -0.00487331 0.00062137 0.999989 -0.00475283 -0.0396075 -0.00237219 0.00475429 0.999986 1.91686
0.999993 -0.00177818 0.00339304 -0.00670032 0.00178068 0.999998 -0.000734247 -0.0443936 -0.00339172 0.000740284 0.999994 2.8711
0.999991 -0.00387997 0.00145473 0.00121965 0.00387495 0.999987 0.00344113 -0.0466249 -0.00146806 -0.00343546 0.999993 3.83135
0.999981 -0.00612374 0.000244942 0.00250273 0.00612244 0.999969 0.00500955 -0.0613177 -0.000275612 -0.00500795 0.999987 4.76805
0.99996 -0.00898784 0.000140868 0.005103 0.00898746 0.999957 0.00244407 -0.0657371 -0.000162829 -0.00244271 0.999997 5.70548
0.999957 -0.00914538 -0.00117247 0.0107146 0.00914667 0.999958 0.00109511 -0.0727546 0.00116241 -0.00110579 0.999999 6.63574
0.999952 -0.0096197 -0.00190896 0.00677251 0.00962162 0.999953 0.0009996 -0.0715794 0.00189926 -0.00101792 0.999998 7.5645
0.999952 -0.00961697 -0.00209487 0.00276268 0.00962231 0.999951 0.00255131 -0.0705473 0.00207023 -0.00257134 0.999995 8.4927
0.999943 -0.00988031 -0.00407055 -0.00344041 0.00990051 0.999939 0.00497219 -0.0723653 0.00402117 -0.0050122 0.999979 9.41802
0.999935 -0.0102003 -0.00507272 -0.0108358 0.0102343 0.999925 0.00672509 -0.0793367 0.00500374 -0.00677657 0.999965 10.3321
0.999943 -0.00975627 -0.00442593 -0.0182679 0.00979097 0.999921 0.00788633 -0.0950757 0.00434864 -0.00792921 0.999959 11.2511
0.99994 -0.00916898 -0.00600465 -0.0195298 0.00921774 0.999924 0.00814353 -0.102406 0.00592953 -0.00819839 0.999949 12.1609
0.99994 -0.00892103 -0.00638182 -0.0283375 0.0089704 0.99993 0.00774988 -0.110765 0.00631223 -0.00780666 0.99995 13.0673
0.999921 -0.010612 -0.00677726 -0.0427577 0.0106524 0.999926 0.00595304 -0.113641 0.00671358 -0.00602476 0.999959 13.9694
0.999913 -0.00952669 -0.0091229 -0.0463306 0.00957294 0.999942 0.00503951 -0.113462 0.00907436 -0.0051264 0.999946 14.8763
0.999898 -0.00894548 -0.0111025 -0.0601762 0.00899948 0.999948 0.004823 -0.104408 0.0110588 -0.00492242 0.999927 15.7773
0.999903 -0.00813403 -0.0112624 -0.0786375 0.00818409 0.999957 0.00440588 -0.112691 0.0112261 -0.00449762 0.999927 16.6601
0.999884 -0.00724725 -0.0134118 -0.101876 0.00730503 0.999964 0.00426453 -0.117678 0.0133804 -0.00436201 0.999901 17.5457
0.99986 -0.00753889 -0.0149611 -0.120678 0.00761904 0.999957 0.00530758 -0.119463 0.0149204 -0.00542082 0.999874 18.4291
0.999854 -0.00657521 -0.0157888 -0.142061 0.00667548 0.999958 0.00630584 -0.127392 0.0157467 -0.00641032 0.999856 19.3118
0.999821 -0.00611536 -0.0178809 -0.16278 0.0062303 0.99996 0.00637945 -0.132744 0.0178412 -0.00648971 0.99982 20.2042
0.999795 -0.00613032 -0.0193023 -0.178581 0.00626401 0.999957 0.00687316 -0.157007 0.0192593 -0.00699266 0.99979 21.0719
0.999783 -0.0058496 -0.0200121 -0.200326 0.00599317 0.999957 0.0071219 -0.158592 0.0199696 -0.00724029 0.999774 21.9239
0.99974 -0.00585028 -0.0220438 -0.220201 0.0060159 0.999954 0.007454 -0.16162 0.0219992 -0.00758467 0.999729 22.7984
0.99974 -0.00593676 -0.0220195 -0.245749 0.00614078 0.999939 0.00920941 -0.160759 0.0219635 -0.00934223 0.999715 23.6419
0.999696 -0.00677959 -0.0236934 -0.270002 0.00705772 0.999907 0.0116748 -0.173786 0.023612 -0.0118385 0.999651 24.5123
0.99968 -0.00684051 -0.0243413 -0.291785 0.00714774 0.999896 0.0125572 -0.169522 0.0242529 -0.0127272 0.999625 25.3523
0.999691 -0.00649451 -0.0239991 -0.315611 0.00680138 0.999896 0.0127276 -0.175595 0.0239139 -0.0128869 0.999631 26.1645
0.999662 -0.00552002 -0.0254168 -0.342016 0.00582116 0.999914 0.0117896 -0.176509 0.0253495 -0.0119335 0.999607 26.9882
0.999646 -0.00522853 -0.0261052 -0.367192 0.0055311 0.999918 0.0115318 -0.176406 0.0260428 -0.0116721 0.999593 27.7886
0.999644 -0.0050264 -0.0262236 -0.391237 0.00533743 0.999916 0.011804 -0.17126 0.0261621 -0.0119397 0.999586 28.5764
0.999587 -0.00482589 -0.0283209 -0.417428 0.00517172 0.999913 0.0121505 -0.174187 0.0282598 -0.012292 0.999525 29.3752
0.999533 -0.00444922 -0.0302371 -0.444191 0.00482982 0.99991 0.0125257 -0.17475 0.0301786 -0.0126659 0.999464 30.154
0.999496 -0.00426147 -0.0314632 -0.472451 0.00467104 0.999905 0.0129555 -0.173064 0.031405 -0.0130959 0.999421 30.921
0.999415 -0.00446952 -0.033913 -0.498865 0.00494984 0.999888 0.0140928 -0.16567 0.0338462 -0.0142524 0.999325 31.6837
0.999329 -0.00466186 -0.036325 -0.530136 0.00522824 0.999866 0.0155125 -0.161894 0.0362478 -0.015692 0.99922 32.4405
0.999279 -0.00431543 -0.0377167 -0.562974 0.00495844 0.999844 0.0169714 -0.164386 0.0376376 -0.0171462 0.999144 33.1831
0.99918 -0.00340054 -0.04035 -0.596266 0.00411331 0.999837 0.0175949 -0.165997 0.0402836 -0.0177464 0.999031 33.922
0.999137 -0.00224636 -0.0414895 -0.632834 0.00297866 0.999841 0.0175967 -0.161142 0.0414433 -0.0177051 0.998984 34.6358
0.999036 -0.000868961 -0.0439026 -0.673477 0.00163734 0.999846 0.017469 -0.157472 0.0438806 -0.0175241 0.998883 35.3415
0.998971 -0.000148811 -0.0453484 -0.712079 0.000984747 0.99983 0.0184118 -0.15123 0.045338 -0.0184375 0.998801 36.0421
0.998944 0.000219222 -0.0459446 -0.750608 0.00067925 0.999809 0.019539 -0.145106 0.0459401 -0.0195496 0.998753 36.7343
0.998913 0.00264941 -0.0465456 -0.788233 -0.00175896 0.999815 0.0191613 -0.144453 0.0465877 -0.0190585 0.998732 37.4175
0.998968 0.00383958 -0.0452587 -0.826937 -0.00298643 0.999817 0.0189033 -0.141842 0.045323 -0.0187486 0.998796 38.0793
0.999063 0.0051263 -0.0429687 -0.860296 -0.00436913 0.999834 0.0176967 -0.131743 0.0430522 -0.0174923 0.99892 38.7346
0.999135 0.00480077 -0.0413013 -0.891443 -0.00407712 0.999837 0.0175875 -0.126304 0.041379 -0.0174039 0.998992 39.3798
0.999245 0.00547808 -0.0384664 -0.920702 -0.00477096 0.999818 0.0184506 -0.120419 0.0385605 -0.0182532 0.999089 40.0246
0.999358 0.00829752 -0.034849 -0.951158 -0.00756269 0.999747 0.0211654 -0.114673 0.0350159 -0.0208882 0.999168 40.6645
0.999435 0.0123251 -0.0312752 -0.977697 -0.0115641 0.999635 0.0243971 -0.11004 0.0315645 -0.0240216 0.999213 41.2781
0.999509 0.0164037 -0.0267043 -1.00391 -0.0157345 0.999562 0.0250776 -0.110989 0.027104 -0.0246451 0.999329 41.8794
0.999584 0.0199901 -0.0207851 -1.01854 -0.0194631 0.999492 0.025255 -0.11043 0.0212793 -0.02484 0.999465 42.4678
0.99964 0.0220978 -0.0151923 -1.03526 -0.0216918 0.999416 0.0263876 -0.100708 0.0157666 -0.0260485 0.999536 43.0307
0.999644 0.0252962 -0.0084856 -1.04366 -0.0250527 0.999303 0.0276721 -0.0756917 0.00917968 -0.0274497 0.999581 43.5799
0.999629 0.0272154 -0.000916169 -1.05295 -0.0271794 0.999244 0.027809 -0.0670568 0.0016723 -0.0277738 0.999613 44.1103
0.999548 0.0294171 0.00615067 -1.05633 -0.0295782 0.999171 0.0279829 -0.0654067 -0.0053224 -0.0281522 0.999589 44.6236
0.999392 0.0319539 0.0139514 -1.0551 -0.0323282 0.999099 0.027488 -0.0553259 -0.0130605 -0.0279223 0.999525 45.1126
0.99913 0.0351879 0.0223853 -1.05283 -0.0357589 0.999031 0.0256399 -0.0438222 -0.0214614 -0.0264181 0.99942 45.578
0.998897 0.0359064 0.0302673 -1.04316 -0.0366666 0.999016 0.0249476 -0.0445549 -0.0293417 -0.0260299 0.99923 46.018
0.998554 0.0373083 0.0387059 -1.02504 -0.0382776 0.998964 0.0246114 -0.0320292 -0.0377476 -0.0260574 0.998947 46.4406
0.99827 0.0363834 0.046182 -1.00377 -0.0375693 0.998979 0.0250759 -0.0372113 -0.0452225 -0.0267675 0.998618 46.8478
0.997831 0.0373972 0.0541755 -0.985976 -0.0388376 0.998913 0.0257845 -0.0321348 -0.0531523 -0.0278326 0.998198 47.2255
0.997172 0.0398987 0.06369 -0.970739 -0.0415848 0.998813 0.0253721 -0.0285866 -0.0626021 -0.0279489 0.997647 47.5898
0.996431 0.0437799 0.0721677 -0.954789 -0.0457024 0.998637 0.0252076 -0.0231193 -0.0709658 -0.0284159 0.997074 47.9186
0.995643 0.0458333 0.081206 -0.938462 -0.0480295 0.998525 0.0253007 -0.0210582 -0.0799266 -0.0290907 0.996376 48.229
0.994818 0.0457261 0.0908044 -0.904378 -0.0482208 0.998512 0.0254712 -0.0234205 -0.0895045 -0.0297178 0.995543 48.5144
0.993839 0.0452584 0.101172 -0.874947 -0.0479894 0.998542 0.0247233 -0.0249248 -0.0999059 -0.0294262 0.994562 48.784
0.992592 0.0446118 0.113009 -0.838741 -0.047402 0.998631 0.0221239 -0.0263091 -0.111867 -0.0273168 0.993348 49.0547
0.990931 0.0450922 0.12658 -0.795855 -0.0479092 0.998665 0.0192977 -0.0204145 -0.125541 -0.025187 0.991769 49.3166
0.988851 0.0458107 0.141683 -0.761622 -0.0488752 0.998639 0.0182237 -0.0172256 -0.140656 -0.0249453 0.989744 49.5828
0.986311 0.046254 0.158273 -0.71294 -0.0496294 0.998615 0.0174388 -0.0141245 -0.157247 -0.025055 0.987241 49.847
0.983455 0.046463 0.175094 -0.662324 -0.0501728 0.998599 0.0168186 -0.014726 -0.174067 -0.0253253 0.984408 50.0914
0.980073 0.0462085 0.193187 -0.599107 -0.0502526 0.998607 0.0160837 -0.0173012 -0.192174 -0.0254713 0.98103 50.342
0.976078 0.0455297 0.212599 -0.527987 -0.0499372 0.998634 0.0154055 -0.0180737 -0.211607 -0.0256535 0.977018 50.5911
0.971494 0.0455846 0.232642 -0.459151 -0.0503228 0.998628 0.0144696 -0.0110516 -0.231663 -0.0257643 0.972455 50.8318
0.966128 0.0468269 0.253778 -0.389099 -0.051954 0.998558 0.0135352 -0.00569423 -0.252779 -0.0262615 0.967168 51.0763
0.959806 0.0470508 0.276692 -0.30532 -0.0524757 0.998547 0.0122304 -0.00299157 -0.275714 -0.0262584 0.960881 51.3201
0.95259 0.0477076 0.300493 -0.228209 -0.0536756 0.998491 0.0116319 -0.00682302 -0.299485 -0.0272095 0.953713 51.5619
0.944159 0.0484398 0.325909 -0.129967 -0.0548494 0.99844 0.010501 0.000847783 -0.324892 -0.0277905 0.945343 51.8144
0.934219 0.0496759 0.353224 -0.0300742 -0.056711 0.998345 0.00958854 0.00408337 -0.352163 -0.0289895 0.93549 52.0679
0.923088 0.0497173 0.381363 0.0766165 -0.0571809 0.99833 0.00825666 -0.000376628 -0.380315 -0.0294282 0.924389 52.3034
0.910182 0.0490863 0.41129 0.208447 -0.0568435 0.998361 0.0066428 -0.00853083 -0.41029 -0.0294253 0.91148 52.5388
0.895036 0.0469497 0.443515 0.348433 -0.054579 0.9985 0.00444396 -0.0152371 -0.442641 -0.0281841 0.896256 52.7716
0.877737 0.0460984 0.476919 0.496251 -0.0533744 0.998573 0.00171117 -0.0130996 -0.476159 -0.0269572 0.878946 52.9956
0.858084 0.0469967 0.511354 0.664975 -0.0539561 0.998543 -0.00123081 -0.0119865 -0.510667 -0.0265345 0.859369 53.2358
0.836248 0.0472991 0.546307 0.834694 -0.0539675 0.998536 -0.00384315 -0.0123503 -0.545689 -0.026269 0.837576 53.4611
0.811804 0.0480757 0.581947 1.02387 -0.0545799 0.998489 -0.00634914 -0.01038 -0.581373 -0.0266083 0.813202 53.6989
0.784379 0.0501032 0.618254 1.22935 -0.0573229 0.998322 -0.00817806 -0.0155175 -0.617626 -0.0290254 0.785936 53.9495
0.754753 0.0529006 0.653872 1.44623 -0.0606219 0.998103 -0.0107753 -0.0215114 -0.653202 -0.0315063 0.756528 54.1902
0.721915 0.0533944 0.689918 1.69391 -0.0611678 0.99804 -0.0132359 -0.0271777 -0.689272 -0.0326455 0.723767 54.4265
0.685491 0.0521086 0.726213 1.97831 -0.059918 0.99809 -0.0150586 -0.0429197 -0.725611 -0.0331907 0.687304 54.6676
0.646711 0.0510401 0.761025 2.27255 -0.0588952 0.998122 -0.016893 -0.0526272 -0.760457 -0.0338959 0.648502 54.894
0.604523 0.0505849 0.794979 2.60259 -0.0581441 0.998122 -0.0192966 -0.0611771 -0.794462 -0.0345582 0.606329 55.1197
0.558704 0.0500714 0.827854 2.94568 -0.0568409 0.998141 -0.0220099 -0.0726169 -0.827416 -0.0347589 0.560512 55.3245
0.510752 0.0493322 0.858311 3.31976 -0.0553469 0.998168 -0.0244355 -0.0839832 -0.857944 -0.0350244 0.512547 55.5253
0.461984 0.0476507 0.885607 3.72147 -0.0547935 0.998182 -0.0251244 -0.0960062 -0.885194 -0.0369184 0.463755 55.7202
0.412723 0.0449737 0.909745 4.13049 -0.0555814 0.998163 -0.024129 -0.111225 -0.909159 -0.0406063 0.414465 55.8989
0.363134 0.0442618 0.930685 4.56849 -0.0582686 0.997995 -0.0247276 -0.123024 -0.929913 -0.0452502 0.364986 56.058
0.313769 0.044191 0.94847 5.03205 -0.0570257 0.997991 -0.0276331 -0.121876 -0.947785 -0.0454167 0.315659 56.1987
0.266717 0.0407187 0.962914 5.50043 -0.0500532 0.998344 -0.0283526 -0.148537 -0.962474 -0.0406348 0.268314 56.2987
0.222523 0.0355684 0.974278 5.99595 -0.0398606 0.998831 -0.0273605 -0.16038 -0.974112 -0.032747 0.223681 56.3762
0.180525 0.0333022 0.983006 6.5062 -0.0334109 0.999058 -0.0277101 -0.185134 -0.983002 -0.0278408 0.181468 56.4445
0.142501 0.0342434 0.989202 7.0157 -0.0323354 0.999029 -0.0299254 -0.173134 -0.989266 -0.0277218 0.14347 56.502
0.109107 0.0336877 0.993459 7.54429 -0.0262205 0.999176 -0.0310018 -0.189969 -0.993684 -0.0226665 0.109901 56.5446
0.0797983 0.0323672 0.996285 8.08852 -0.020558 0.999314 -0.0308189 -0.205512 -0.996599 -0.0180223 0.0804092 56.5733
0.0546685 0.0309864 0.998023 8.64435 -0.0168257 0.999405 -0.0301076 -0.219765 -0.998362 -0.0151465 0.0551577 56.5912
0.0344221 0.0297845 0.998963 9.21291 -0.0135832 0.999478 -0.0293317 -0.238575 -0.999315 -0.0125595 0.0348091 56.6031
0.0182966 0.0302099 0.999376 9.79212 -0.0119911 0.999479 -0.0299934 -0.246774 -0.99976 -0.0114349 0.0186496 56.6104
0.00512748 0.0300312 0.999535 10.3814 -0.011214 0.999488 -0.0299722 -0.255557 -0.999924 -0.0110551 0.00546197 56.6074
-0.00701284 0.0303112 0.999515 10.9802 -0.0106144 0.999482 -0.0303845 -0.267011 -0.999919 -0.0108223 -0.00668712 56.6025
-0.0160732 0.0315592 0.999372 11.5869 -0.00758101 0.99947 -0.0316841 -0.282251 -0.999842 -0.00808553 -0.0158251 56.5872
-0.0232659 0.032484 0.999201 12.2053 -0.00437694 0.99946 -0.0325942 -0.298068 -0.99972 -0.00513179 -0.0231108 56.5676
-0.0277842 0.0322243 0.999094 12.8406 -0.00445594 0.999467 -0.0323602 -0.317026 -0.999604 -0.00535102 -0.0276254 56.5499
-0.0320955 0.030391 0.999022 13.4832 -0.0060823 0.999514 -0.0306012 -0.33615 -0.999466 -0.00705854 -0.0318947 56.5381
-0.0344789 0.0247992 0.999097 14.1472 -0.00744473 0.999659 -0.0250699 -0.349824 -0.999378 -0.00830241 -0.0342822 56.5226
-0.0357694 0.0198909 0.999162 14.8218 -0.00607452 0.99978 -0.0201206 -0.365802 -0.999341 -0.00678916 -0.0356403 56.5018
-0.0361463 0.0178165 0.999187 15.507 -0.00376761 0.999832 -0.0179642 -0.373395 -0.999339 -0.00441391 -0.0360727 56.4744
-0.0365675 0.0191445 0.999147 16.1901 -0.00181152 0.999814 -0.0192234 -0.387026 -0.999329 -0.00251295 -0.0365257 56.4478
-0.0353462 0.0251965 0.999057 16.8787 -0.00195264 0.999679 -0.0252811 -0.403277 -0.999373 -0.00284441 -0.0352853 56.4218
-0.033376 0.0304077 0.99898 17.5744 -0.00213919 0.999533 -0.0304959 -0.424558 -0.99944 -0.00315486 -0.0332951 56.3985
-0.0317265 0.0310968 0.999012 18.2768 -0.00133708 0.999514 -0.0311548 -0.429772 -0.999495 -0.00232422 -0.0316692 56.3787
-0.0290956 0.0281611 0.999179 19.0122 -0.00205653 0.9996 -0.0282327 -0.457075 -0.999574 -0.00287631 -0.0290257 56.3591
-0.0268094 0.0230774 0.999374 19.7438 -0.00150057 0.999732 -0.0231258 -0.483063 -0.999639 -0.00211965 -0.0267673 56.3446
-0.0248858 0.0213838 0.999461 20.4615 -0.00212301 0.999768 -0.0214432 -0.502959 -0.999688 -0.00265552 -0.0248343 56.3305
-0.0212182 0.025146 0.999458 21.1869 0.00201029 0.999683 -0.0251089 -0.531043 -0.999773 0.00147641 -0.0212617 56.3127
-0.018409 0.0283145 0.999429 21.9049 0.0035309 0.999595 -0.028254 -0.553057 -0.999824 0.00300873 -0.0185012 56.2983
-0.0168149 0.0283641 0.999456 22.6246 -0.000185916 0.999598 -0.0283712 -0.560508 -0.999858 -0.000662897 -0.0168026 56.2975
-0.0125682 0.0264025 0.999572 23.368 -0.00489691 0.999638 -0.0264657 -0.585003 -0.999909 -0.00522746 -0.012434 56.302
-0.00833049 0.0246313 0.999662 24.092 -0.00306008 0.999692 -0.0246574 -0.617513 -0.99996 -0.00326447 -0.0082522 56.2953
-0.00610999 0.0252016 0.999663 24.8137 -0.000585935 0.999683 -0.0252056 -0.656988 -0.999981 -0.000739766 -0.00609294 56.2904
-0.00222724 0.028899 0.999579 25.5517 -0.00154353 0.999582 -0.0289024 -0.699324 -0.999996 -0.00160727 -0.00218136 56.2935
0.00124589 0.0294656 0.999565 26.2808 -0.00359102 0.99956 -0.0294609 -0.716881 -0.999992 -0.00355277 0.00135149 56.3022
0.00393515 0.0281522 0.999596 27.0196 -0.0038793 0.999597 -0.0281368 -0.742722 -0.999985 -0.00376703 0.00404311 56.3129
0.0081099 0.0270178 0.999602 27.7602 -0.00206563 0.999634 -0.0270018 -0.771785 -0.999965 -0.00184585 0.00816308 56.3225
0.0117116 0.0265589 0.999578 28.5026 0.000401532 0.999648 -0.0265653 -0.809613 -0.999931 0.000712461 0.0116971 56.3303
0.0140571 0.0270125 0.999536 29.2311 0.0013981 0.999634 -0.0270347 -0.837965 -0.9999 0.00177746 0.0140145 56.3337
0.0174331 0.0267622 0.999489 29.9745 0.000921331 0.999642 -0.0267822 -0.869764 -0.999847 0.00138773 0.0174025 56.3461
0.0206175 0.0259693 0.99945 30.7191 0.00130888 0.999662 -0.0260017 -0.89667 -0.999786 0.00184422 0.0205769 56.3588
0.0232431 0.0251032 0.999414 31.4604 0.00289891 0.99968 -0.0251772 -0.934355 -0.999725 0.00348238 0.0231632 56.3717
0.026572 0.0256811 0.999317 32.2094 0.00178054 0.999668 -0.0257374 -0.959637 -0.999645 0.0024632 0.0265177 56.3909
0.0295187 0.0261612 0.999222 32.9594 -0.000185254 0.999658 -0.0261671 -0.969489 -0.999564 0.000587284 0.0295138 56.4175
0.0317215 0.0257086 0.999166 33.71 0.00106963 0.999668 -0.0257554 -1.00044 -0.999496 0.00188572 0.0316838 56.4421
0.0349123 0.0257366 0.999059 34.4676 -5.5919e-05 0.999669 -0.0257503 -1.02607 -0.99939 0.000843113 0.0349025 56.4735
0.0359356 0.0255894 0.999026 35.2277 -0.00153941 0.999673 -0.0255505 -1.05187 -0.999352 -0.000619764 0.0359636 56.5013
0.0414514 0.025173 0.998823 35.9783 -0.0024203 0.999683 -0.0250941 -1.07767 -0.999137 -0.00137729 0.0414994 56.5391
0.0432706 0.0260686 0.998723 36.737 -0.00361819 0.999658 -0.0259361 -1.09677 -0.999056 -0.00249132 0.0433504 56.5787
0.0462432 0.0280175 0.998537 37.4921 -0.00434049 0.999604 -0.0278463 -1.12394 -0.99892 -0.00304646 0.0463468 56.6183
0.04952 0.028713 0.99836 38.2557 -0.00456967 0.999584 -0.0285214 -1.1505 -0.998762 -0.00314982 0.0496309 56.6582
0.0520655 0.0295541 0.998206 39.019 -0.00832443 0.999541 -0.0291593 -1.17455 -0.998608 -0.00679131 0.0522879 56.706
0.0541404 0.029142 0.998108 39.7975 -0.0109071 0.999533 -0.0285918 -1.1881 -0.998473 -0.00933851 0.0544333 56.7643
0.057962 0.0286813 0.997907 40.5786 -0.00994385 0.999555 -0.028151 -1.21812 -0.998269 -0.00829136 0.0582217 56.8131
0.0615335 0.0290828 0.997681 41.3631 -0.00983949 0.999545 -0.0285302 -1.24575 -0.998056 -0.00806113 0.061792 56.8629
0.0642627 0.0296272 0.997493 42.1496 -0.0134153 0.999495 -0.0288223 -1.27368 -0.997842 -0.0115295 0.064628 56.9216
0.06852 0.0277355 0.997264 42.9366 -0.014863 0.999532 -0.0267772 -1.29996 -0.997538 -0.0129876 0.0689004 56.9836
0.0729922 0.0270768 0.996965 43.7327 -0.014425 0.999556 -0.0260909 -1.33468 -0.997228 -0.0124768 0.0733506 57.0421
0.0772094 0.0300277 0.996562 44.5275 -0.0174381 0.999435 -0.0287631 -1.34986 -0.996862 -0.0151574 0.0776896 57.1172
0.0834889 0.036111 0.995854 45.3187 -0.0195991 0.99921 -0.0345895 -1.38609 -0.996315 -0.01663 0.084131 57.1915
0.0907969 0.0399872 0.995066 46.1162 -0.0211784 0.999046 -0.0382146 -1.41923 -0.995644 -0.0176042 0.0915574 57.2717
0.0975143 0.0418739 0.994353 46.9193 -0.0238163 0.998928 -0.0397309 -1.45001 -0.994949 -0.0198075 0.0984072 57.3653
0.105093 0.0408579 0.993623 47.7313 -0.0266867 0.998913 -0.0382528 -1.4849 -0.994104 -0.0224964 0.10607 57.4658
0.112845 0.039345 0.992833 48.5453 -0.0272102 0.998964 -0.0364951 -1.52041 -0.993239 -0.0228969 0.113799 57.5645
0.119574 0.0362668 0.992163 49.3635 -0.02768 0.999067 -0.0331831 -1.55553 -0.992439 -0.0234952 0.120467 57.664
0.127881 0.0320697 0.991271 50.1853 -0.0287345 0.999178 -0.0286184 -1.58065 -0.991373 -0.0248239 0.128698 57.7847
0.135385 0.0261864 0.990447 50.9979 -0.0298935 0.999305 -0.0223343 -1.60136 -0.990341 -0.0265842 0.136074 57.9071
0.142834 0.0233735 0.989471 51.8193 -0.029417 0.999381 -0.0193611 -1.62856 -0.989309 -0.0263418 0.143433 58.0314
0.150586 0.0247215 0.988288 52.6225 -0.0294131 0.999358 -0.0205166 -1.65025 -0.988159 -0.0259791 0.151217 58.1581
0.156781 0.0283877 0.987225 53.416 -0.0289097 0.999292 -0.0241435 -1.67178 -0.98721 -0.0247551 0.157491 58.2883
0.161381 0.0314457 0.986391 54.2015 -0.0290216 0.999212 -0.0271062 -1.69552 -0.986465 -0.0242522 0.162166 58.4215
0.167077 0.0326054 0.985404 54.9881 -0.0295023 0.999172 -0.0280587 -1.72357 -0.985502 -0.0243837 0.167901 58.5637
0.172451 0.0319101 0.984501 55.7559 -0.0303055 0.999175 -0.0270771 -1.74603 -0.984551 -0.0251663 0.173276 58.71
0.176739 0.0289248 0.983833 56.5199 -0.0279678 0.999313 -0.0243556 -1.77827 -0.98386 -0.0232111 0.177427 58.8484
0.182867 0.0247443 0.982826 57.2837 -0.0263707 0.999448 -0.020256 -1.79927 -0.982783 -0.0222137 0.183419 58.9945
0.186363 0.0190467 0.982296 58.0412 -0.0270687 0.999533 -0.0142453 -1.82288 -0.982108 -0.0239346 0.186792 59.1407
0.189197 0.0163079 0.981804 58.7771 -0.0301069 0.999489 -0.0107998 -1.83506 -0.981477 -0.0275157 0.189592 59.3006
0.192994 0.0153604 0.98108 59.5086 -0.0311763 0.99947 -0.00951537 -1.85361 -0.980704 -0.02875 0.193371 59.4479
0.194846 0.0161684 0.980701 60.2279 -0.0326502 0.999418 -0.00998998 -1.86498 -0.98029 -0.0300736 0.19526 59.5961
0.197542 0.0179109 0.980131 60.9411 -0.0344542 0.999343 -0.0113178 -1.87412 -0.979689 -0.0315339 0.198029 59.7522
0.199619 0.0193892 0.979682 61.6316 -0.0348938 0.999312 -0.0126676 -1.8858 -0.979252 -0.0316561 0.200158 59.8999
0.200965 0.022568 0.979338 62.3223 -0.0364179 0.999217 -0.0155528 -1.89891 -0.978921 -0.0325399 0.201629 60.049
0.203552 0.0235755 0.97878 63.008 -0.035925 0.999218 -0.0165965 -1.91375 -0.978405 -0.0317845 0.204239 60.1966
0.205437 0.0227265 0.978406 63.6819 -0.0370983 0.999194 -0.0154197 -1.92109 -0.977967 -0.0331294 0.206115 60.3512
0.205306 0.020762 0.978478 64.3493 -0.0380037 0.999191 -0.0132275 -1.94611 -0.977959 -0.0344701 0.205929 60.4983
0.207127 0.018793 0.978133 65.0002 -0.0375122 0.999234 -0.0112548 -1.94901 -0.977594 -0.0343608 0.207673 60.6411
0.206674 0.0183687 0.978237 65.6505 -0.0369224 0.999259 -0.0109627 -1.96502 -0.977713 -0.0338532 0.207199 60.7771
0.205333 0.017552 0.978535 66.2969 -0.0378634 0.999234 -0.00997807 -1.98284 -0.977959 -0.0350018 0.205841 60.917
0.204334 0.0179187 0.978737 66.9211 -0.0386079 0.999203 -0.010233 -1.99222 -0.978139 -0.0356961 0.204863 61.0484
0.201514 0.0193893 0.979294 67.5301 -0.0386182 0.999185 -0.0118364 -1.99838 -0.978724 -0.0354334 0.202099 61.1721
0.199974 0.0218021 0.979559 68.1344 -0.0389746 0.999139 -0.0142813 -2.01724 -0.979026 -0.035322 0.200651 61.2954
0.197518 0.0219369 0.980054 68.7361 -0.0376735 0.999182 -0.0147723 -2.03247 -0.979575 -0.0340042 0.198182 61.4128
0.194858 0.0212607 0.980601 69.3357 -0.0370563 0.999212 -0.0143006 -2.03368 -0.980131 -0.0335508 0.195492 61.5359
0.19231 0.0189125 0.981152 69.9103 -0.0374248 0.99923 -0.0119254 -2.02797 -0.98062 -0.034426 0.192869 61.6514
0.190056 0.0172414 0.981622 70.486 -0.0380761 0.999224 -0.0101784 -2.05099 -0.981034 -0.0354419 0.190565 61.764
0.187337 0.0153328 0.982176 71.0442 -0.0361301 0.99931 -0.00870883 -2.0808 -0.981631 -0.0338546 0.187762 61.8641
0.185328 0.0157224 0.982551 71.5852 -0.0335866 0.99939 -0.00965664 -2.09173 -0.982102 -0.0312108 0.185743 61.9667
0.183209 0.0180195 0.982909 72.128 -0.0313023 0.999433 -0.0124878 -2.10678 -0.982575 -0.0284794 0.183669 62.071
0.180584 0.0189022 0.983378 72.6713 -0.0321255 0.999396 -0.0133106 -2.1098 -0.983034 -0.0291878 0.181083 62.171
0.179879 0.0206884 0.983471 73.2047 -0.0326593 0.999354 -0.015049 -2.12842 -0.983146 -0.0294125 0.180438 62.2752
0.178322 0.0204947 0.983759 73.7487 -0.0329026 0.999349 -0.0148552 -2.14504 -0.983422 -0.0297192 0.178881 62.3786
0.178021 0.0189343 0.983845 74.3031 -0.0287583 0.999489 -0.0140316 -2.16697 -0.983606 -0.0257958 0.178474 62.478
0.180506 0.0166455 0.983433 74.8462 -0.0240319 0.999634 -0.0125087 -2.17027 -0.98328 -0.0213759 0.18084 62.5698
0.181635 0.0156838 0.983241 75.4095 -0.0227344 0.999674 -0.0117461 -2.17781 -0.983103 -0.0202199 0.181932 62.6669
0.18372 0.0149421 0.982865 75.9675 -0.0238293 0.99966 -0.0107431 -2.18705 -0.98269 -0.0214472 0.184013 62.7796
0.189562 0.0154435 0.981747 76.5223 -0.0254318 0.999619 -0.010814 -2.19374 -0.981539 -0.0229177 0.189883 62.8962
0.195388 0.0144152 0.98062 77.0834 -0.0237599 0.999669 -0.009961 -2.21486 -0.980438 -0.0213532 0.195666 63.0043
0.20253 0.0140085 0.979176 77.652 -0.025241 0.999641 -0.00908043 -2.22669 -0.978951 -0.0228763 0.202811 63.1246
0.210862 0.0131671 0.977427 78.2252 -0.0242047 0.999674 -0.00824499 -2.22954 -0.977216 -0.0219198 0.211112 63.2592
0.219964 0.0120582 0.975434 78.8076 -0.0258238 0.999646 -0.00653409 -2.23779 -0.975166 -0.0237522 0.220197 63.4083
0.228668 0.0120869 0.973429 79.3946 -0.0274328 0.999607 -0.00596764 -2.24945 -0.973118 -0.0253393 0.22891 63.5473
0.238737 0.013884 0.970985 79.9902 -0.0305209 0.999512 -0.00678755 -2.24792 -0.970604 -0.0280149 0.239044 63.709
0.247707 0.0167401 0.96869 80.5839 -0.0340075 0.999386 -0.00857427 -2.25078 -0.968238 -0.0308189 0.248125 63.871
0.259273 0.0185324 0.965626 81.1892 -0.036222 0.9993 -0.00945283 -2.25777 -0.965124 -0.032526 0.259763 64.0369
0.269303 0.0193254 0.962862 81.8087 -0.0366637 0.999281 -0.00980177 -2.26358 -0.962357 -0.0326624 0.269818 64.2183
0.279276 0.020107 0.96 82.4312 -0.0389746 0.999195 -0.0095896 -2.26616 -0.959419 -0.0347374 0.279835 64.4056
0.288478 0.019947 0.957279 83.059 -0.038907 0.999203 -0.00909573 -2.27294 -0.956695 -0.0346209 0.289024 64.607
0.298595 0.0205111 0.954159 83.7043 -0.041059 0.999121 -0.00862849 -2.27675 -0.953496 -0.0366004 0.299175 64.8228
0.311837 0.0167464 0.949988 84.3565 -0.0402395 0.999182 -0.00440475 -2.27444 -0.949283 -0.0368534 0.312256 65.0485
0.32058 0.0104783 0.947164 85.0238 -0.036911 0.999319 0.00143777 -2.28253 -0.946502 -0.0354216 0.320748 65.2799
0.331997 0.00736496 0.943252 85.7082 -0.0360177 0.99934 0.00487439 -2.28424 -0.942592 -0.035592 0.332043 65.5218
0.342414 0.00440334 0.939539 86.3896 -0.0341021 0.99939 0.00774477 -2.27911 -0.93893 -0.0346922 0.342355 65.7753
0.350598 0.00237623 0.936523 87.0821 -0.0312202 0.999472 0.00915178 -2.28108 -0.936006 -0.032447 0.350486 66.0378
0.359484 -0.000874774 0.933151 87.7804 -0.0266389 0.999584 0.0111994 -2.26716 -0.932771 -0.0288841 0.35931 66.3078
0.367547 -0.00842803 0.929967 88.4999 -0.0188354 0.999688 0.0165042 -2.25864 -0.929814 -0.0235824 0.367273 66.5826
0.373405 -0.012772 0.927581 89.2277 -0.0143572 0.999707 0.0195448 -2.26526 -0.927557 -0.0206156 0.373111 66.87
0.381183 -0.013454 0.924401 89.9373 -0.0121388 0.999736 0.019556 -2.24776 -0.92442 -0.0186755 0.380919 67.1596
0.387399 -0.00915657 0.921866 90.6481 -0.0110336 0.999834 0.0145678 -2.23652 -0.921846 -0.0158151 0.387234 67.4599
0.394378 -0.00674794 0.918923 91.3532 -0.0074557 0.999918 0.0105426 -2.22611 -0.918918 -0.011009 0.394295 67.7593
0.399796 -0.0053268 0.916589 92.0682 -0.00842908 0.999921 0.00948778 -2.22053 -0.916565 -0.0115192 0.399719 68.0722
0.403895 -0.00356618 0.914798 92.7791 -0.0138608 0.999855 0.0100176 -2.20881 -0.9147 -0.0167259 0.403787 68.399
0.408057 -0.00208396 0.912954 93.4608 -0.0175396 0.999796 0.0101219 -2.19014 -0.912788 -0.0201432 0.407937 68.7211
0.411788 -0.000898789 0.911279 94.1413 -0.017895 0.9998 0.00907257 -2.1997 -0.911104 -0.0200433 0.411689 69.0289
0.414444 0.00347726 0.910068 94.822 -0.0209345 0.999766 0.00571366 -2.20191 -0.909834 -0.0214198 0.414419 69.3422
0.418395 0.00519804 0.90825 95.4916 -0.0233259 0.999717 0.00502394 -2.20148 -0.907965 -0.0232878 0.418397 69.661
0.421939 0.00400373 0.906615 96.1519 -0.0229369 0.999719 0.00626006 -2.1949 -0.906334 -0.0234363 0.421911 69.9766
0.425168 0.00113914 0.905114 96.8143 -0.0222691 0.999711 0.00920257 -2.2005 -0.90484 -0.0240687 0.42507 70.2792
0.428945 0.000358325 0.903331 97.4605 -0.0231971 0.999676 0.0106187 -2.20325 -0.903033 -0.0255095 0.428813 70.5928
0.431548 -0.000219118 0.90209 98.0936 -0.0232142 0.999667 0.0113483 -2.20168 -0.901791 -0.0258387 0.431399 70.9005
0.435136 0.00025428 0.900365 98.7131 -0.02488 0.999623 0.011742 -2.20282 -0.900021 -0.0275104 0.434978 71.2086
0.437768 0.000238423 0.899088 99.3266 -0.0240727 0.999646 0.0114561 -2.20446 -0.898766 -0.0266586 0.437618 71.5058
0.439279 -0.000582554 0.89835 99.9393 -0.0228284 0.999671 0.0118111 -2.20916 -0.898061 -0.0256962 0.43912 71.7991
0.439344 -0.00218098 0.898316 100.539 -0.0208569 0.999704 0.0126278 -2.20919 -0.898077 -0.0242841 0.439168 72.0924
0.441324 -0.00219831 0.897345 101.124 -0.021465 0.999686 0.0130059 -2.20184 -0.897091 -0.0250013 0.441137 72.3886
0.44295 -0.00332265 0.89654 101.703 -0.0205006 0.999695 0.0138337 -2.20408 -0.896312 -0.0245073 0.442747 72.6738
0.444206 -0.00195125 0.895923 102.272 -0.0216579 0.999683 0.0129155 -2.20765 -0.895663 -0.025141 0.444022 72.9529
0.446908 -0.0026119 0.894576 102.826 -0.019521 0.99973 0.0126712 -2.20935 -0.894367 -0.0231259 0.446736 73.2252
0.449639 -0.00373751 0.893202 103.379 -0.0171885 0.999771 0.0128362 -2.20707 -0.893045 -0.0211245 0.449471 73.5042
0.451661 -0.00524366 0.892174 103.929 -0.0151993 0.999794 0.0135709 -2.20622 -0.89206 -0.0196898 0.451487 73.7818
0.455143 -0.00608283 0.890398 104.457 -0.0148312 0.999788 0.0144115 -2.21102 -0.890295 -0.019765 0.454955 74.0478
0.457641 -0.00689372 0.88911 104.979 -0.0138021 0.999796 0.0148562 -2.2097 -0.88903 -0.0190705 0.457451 74.3179
0.460013 -0.00743946 0.887881 105.499 -0.0131635 0.999799 0.0151974 -2.20582 -0.887814 -0.0186787 0.459822 74.59
0.463305 -0.00815669 0.886161 106.008 -0.0121479 0.999807 0.0155541 -2.20336 -0.886115 -0.0179713 0.463116 74.8563
0.466397 -0.0072605 0.884545 106.52 -0.0131374 0.999801 0.0151337 -2.20396 -0.884478 -0.018679 0.466208 75.1264
0.470186 -0.00788271 0.882532 107.018 -0.0114849 0.999822 0.0150492 -2.20758 -0.882493 -0.0172117 0.470011 75.3921
0.474688 -0.00577197 0.880135 107.514 -0.0127417 0.99983 0.0134291 -2.20344 -0.880062 -0.0175891 0.474533 75.6679
0.479957 -0.00105027 0.877291 108.007 -0.0147312 0.99985 0.00925641 -2.20204 -0.877168 -0.0173663 0.479868 75.9463
0.485413 0.00404092 0.874275 108.493 -0.0187765 0.999808 0.005804 -2.19545 -0.874083 -0.0192332 0.485395 76.234
0.491899 0.00898449 0.870605 108.972 -0.0221749 0.999753 0.00221182 -2.18404 -0.870369 -0.0203936 0.491976 76.5221
0.497796 0.0126802 0.867201 109.467 -0.0243625 0.999704 -0.000632873 -2.18288 -0.866952 -0.0208121 0.497957 76.8165
0.503759 0.0125282 0.863753 109.952 -0.0269589 0.999637 0.00122398 -2.18388 -0.863423 -0.0239024 0.503913 77.1167
0.509151 0.0110287 0.860606 110.447 -0.0311467 0.999501 0.00561849 -2.18278 -0.860113 -0.0296657 0.50924 77.4302
0.514774 0.00869951 0.857281 110.962 -0.0348999 0.999334 0.0108155 -2.17663 -0.856615 -0.0354866 0.514734 77.7533
0.521407 0.00709284 0.853278 111.466 -0.0396421 0.999089 0.015919 -2.17911 -0.852387 -0.042126 0.521212 78.0801
0.527657 0.00570366 0.849438 111.983 -0.0403724 0.999017 0.0183707 -2.17397 -0.848498 -0.0439873 0.527368 78.4174
0.533898 0.00818817 0.845509 112.509 -0.0451465 0.998804 0.0188352 -2.16753 -0.844343 -0.0482278 0.533628 78.765
0.54049 0.0121558 0.841262 113.032 -0.0483412 0.998694 0.0166276 -2.15955 -0.83996 -0.0496546 0.540371 79.12
0.546853 0.0146851 0.837099 113.562 -0.0501685 0.998626 0.0152551 -2.15077 -0.835724 -0.0503383 0.546837 79.4814
0.552499 0.016504 0.83335 114.113 -0.0518151 0.998552 0.0145771 -2.13104 -0.831901 -0.051234 0.552553 79.852
0.559867 0.0167901 0.828412 114.659 -0.0523915 0.998513 0.0151702 -2.11572 -0.826925 -0.0518951 0.559913 80.2367
0.566578 0.0184233 0.823802 115.217 -0.056023 0.998299 0.0162048 -2.10432 -0.822102 -0.0553331 0.566645 80.6342
0.572729 0.0171173 0.819566 115.789 -0.056287 0.998245 0.0184854 -2.09428 -0.81781 -0.056718 0.572686 81.0444
0.581168 0.0155373 0.813635 116.374 -0.0555363 0.998246 0.0206062 -2.0833 -0.811886 -0.057162 0.58101 81.4714
0.588918 0.0153948 0.808046 116.962 -0.055623 0.998221 0.0215212 -2.0708 -0.806276 -0.0576201 0.588726 81.9047
0.596467 0.0171232 0.802454 117.553 -0.0575861 0.99811 0.0215059 -2.04239 -0.800569 -0.0590378 0.596325 82.3625
0.604736 0.0172928 0.796238 118.146 -0.0581498 0.998056 0.0224886 -2.0283 -0.7943 -0.0599008 0.604565 82.8317
0.611689 0.0171465 0.790912 118.747 -0.0578054 0.998063 0.0230692 -2.00459 -0.788983 -0.0598301 0.611494 83.3057
0.61646 0.0160325 0.787223 119.36 -0.0568313 0.998093 0.0241765 -1.98735 -0.785333 -0.0596427 0.616194 83.789
0.620748 0.0147754 0.783871 119.978 -0.055376 0.998153 0.025038 -1.96196 -0.782052 -0.0589499 0.620418 84.2833
0.62397 0.0137902 0.781326 120.604 -0.0535637 0.998249 0.0251575 -1.94425 -0.77961 -0.0575483 0.623615 84.7815
0.627717 0.0117588 0.778353 121.245 -0.0503858 0.998405 0.0255515 -1.92116 -0.77681 -0.055257 0.627306 85.2891
0.630693 0.00730878 0.775998 121.896 -0.0445468 0.998649 0.0267997 -1.90621 -0.774753 -0.0514706 0.630166 85.7918
0.634562 0.00291667 0.772866 122.531 -0.0396186 0.998802 0.0287597 -1.883 -0.771856 -0.0488697 0.633916 86.3253
0.637091 -0.000430993 0.770788 123.195 -0.0360013 0.998893 0.0303153 -1.86047 -0.769947 -0.047063 0.636369 86.8582
0.640718 -0.00185875 0.767774 123.853 -0.0344919 0.998919 0.0312024 -1.83093 -0.767001 -0.0464739 0.63996 87.4041
0.643113 -0.00147023 0.76577 124.504 -0.0352683 0.998882 0.0315372 -1.80617 -0.764959 -0.0472894 0.642341 87.9531
0.648026 0.00052667 0.761618 125.157 -0.0374895 0.998811 0.0312076 -1.77567 -0.760695 -0.048776 0.647274 88.5296
0.651008 0.00346257 0.759063 125.808 -0.0424346 0.998593 0.0318388 -1.74045 -0.757884 -0.0529378 0.650238 89.1076
0.653949 0.00170909 0.756536 126.476 -0.0426311 0.998493 0.0345948 -1.71667 -0.755336 -0.0548752 0.653035 89.6879
0.658184 -0.000444813 0.752857 127.137 -0.0453145 0.998165 0.0402059 -1.6837 -0.751492 -0.0605782 0.656954 90.2742
0.661667 -0.00508962 0.74978 127.798 -0.0460287 0.997817 0.047393 -1.65731 -0.748383 -0.0658697 0.659987 90.8649
0.666684 -0.00958876 0.745279 128.47 -0.0425799 0.997796 0.0509273 -1.61769 -0.744123 -0.0656862 0.664805 91.4643
0.670659 -0.0123648 0.741662 129.148 -0.0387269 0.997915 0.0516565 -1.58603 -0.740754 -0.0633662 0.668781 92.0716
0.676039 -0.0149731 0.736714 129.806 -0.027952 0.998554 0.0459448 -1.54335 -0.736335 -0.0516531 0.674642 92.6488
0.68013 -0.0128371 0.732979 130.479 -0.0220297 0.999039 0.0379382 -1.50605 -0.73276 -0.0419502 0.679192 93.265
0.686693 -0.0121736 0.726845 131.142 -0.0194546 0.999195 0.035115 -1.4703 -0.726687 -0.0382537 0.685902 93.8894
0.692564 -0.0162528 0.721173 131.808 -0.016153 0.999148 0.0380297 -1.42725 -0.721176 -0.0379871 0.69171 94.5208
0.698096 -0.0205385 0.71571 132.472 -0.0120044 0.999114 0.0403804 -1.41092 -0.715904 -0.0367811 0.697229 95.1677
0.702981 -0.0225099 0.710853 133.145 -0.00854189 0.999161 0.040087 -1.36982 -0.711158 -0.0342524 0.702197 95.817
0.708033 -0.0225577 0.705819 133.782 -0.00510602 0.999301 0.0370595 -1.33927 -0.706161 -0.0298433 0.707422 96.4639
0.711064 -0.0207168 0.702822 134.434 -0.00557396 0.99937 0.0350974 -1.29002 -0.703105 -0.028874 0.710499 97.1289
0.714458 -0.023832 0.699272 135.075 -0.00306921 0.999305 0.0371934 -1.25987 -0.699671 -0.0287194 0.713887 97.7807
0.716629 -0.028755 0.696861 135.729 0.000597492 0.999176 0.0406152 -1.22635 -0.697454 -0.0286897 0.716055 98.4399
0.717266 -0.0314186 0.696091 136.386 0.0024712 0.999093 0.0425487 -1.19432 -0.696795 -0.0287985 0.716692 99.1114
0.718646 -0.0357341 0.694457 137.026 0.00626976 0.998973 0.0449152 -1.1563 -0.695347 -0.0279241 0.718131 99.7726
0.718443 -0.0370715 0.694597 137.677 0.00684293 0.998909 0.0462352 -1.11683 -0.695552 -0.0284643 0.717912 100.452
0.717428 -0.03657 0.695673 138.344 0.00578454 0.998901 0.0465447 -1.07953 -0.696609 -0.0293683 0.716849 101.135
0.717586 -0.0360299 0.695538 138.974 0.00500123 0.998903 0.046585 -1.04001 -0.696452 -0.0299502 0.716978 101.805
0.715068 -0.0349992 0.698179 139.63 0.00296859 0.99889 0.0470333 -0.993194 -0.699049 -0.0315594 0.714377 102.482
0.713394 -0.032382 0.700014 140.284 -0.000791425 0.998895 0.0470147 -0.959512 -0.700762 -0.034094 0.712579 103.161
0.710431 -0.0319163 0.703042 140.942 -0.00281089 0.998836 0.0481852 -0.912082 -0.703761 -0.0362084 0.709513 103.84
0.707958 -0.0319096 0.705534 141.594 -0.00380342 0.998794 0.0489896 -0.870359 -0.706244 -0.037366 0.706981 104.507
0.705066 -0.0325584 0.708394 142.276 -0.00522099 0.998682 0.0510969 -0.836781 -0.709122 -0.0397252 0.703965 105.189
0.702539 -0.0343441 0.710816 142.929 -0.00587461 0.998522 0.0540513 -0.785759 -0.711621 -0.0421489 0.701298 105.853
0.699531 -0.0372378 0.713631 143.59 -0.003748 0.998438 0.0557732 -0.744312 -0.714592 -0.0416898 0.698297 106.506
0.697328 -0.0357905 0.715858 144.245 -0.00518196 0.998476 0.0549685 -0.712397 -0.716733 -0.0420406 0.696079 107.145
0.692558 -0.0280513 0.720816 144.898 -0.00970236 0.998793 0.0481912 -0.658644 -0.721296 -0.0403688 0.691449 107.794
0.689757 -0.0238106 0.723649 145.556 -0.0128557 0.9989 0.0451211 -0.618588 -0.723926 -0.0404257 0.688691 108.431
0.686066 -0.0260455 0.727073 146.222 -0.0135529 0.99873 0.0485656 -0.575681 -0.727413 -0.0431731 0.684841 109.071
0.682449 -0.0280419 0.730395 146.882 -0.0164501 0.998423 0.0537027 -0.53244 -0.730748 -0.0486644 0.680911 109.709
0.678221 -0.0303848 0.734229 147.539 -0.0173518 0.998206 0.0573373 -0.487645 -0.734653 -0.0516275 0.676476 110.328
0.675413 -0.0307221 0.736799 148.202 -0.0182566 0.998131 0.0583544 -0.438501 -0.737214 -0.0528647 0.673588 110.95
0.672311 -0.0325809 0.739551 148.868 -0.0161942 0.998146 0.0586953 -0.397531 -0.740091 -0.0514379 0.670536 111.559
0.668156 -0.0339152 0.743248 149.551 -0.0142675 0.998195 0.0583749 -0.35152 -0.743884 -0.0496078 0.666464 112.165
0.664791 -0.033688 0.746269 150.209 -0.0128078 0.998324 0.0564758 -0.310871 -0.746919 -0.0471027 0.663244 112.749
0.660931 -0.0342134 0.749666 150.877 -0.0117814 0.998366 0.0559506 -0.27035 -0.750354 -0.0458116 0.659447 113.347
0.656238 -0.0352088 0.753732 151.55 -0.0115977 0.998324 0.0567321 -0.22421 -0.754465 -0.0459713 0.654728 113.94
0.652956 -0.0344747 0.756611 152.233 -0.0138633 0.998254 0.0574492 -0.17298 -0.757269 -0.0480009 0.651337 114.531
0.647417 -0.0347673 0.761342 152.919 -0.0142418 0.998234 0.0576959 -0.134034 -0.762002 -0.0481961 0.645778 115.121
0.640573 -0.0336162 0.767161 153.601 -0.0167077 0.998196 0.0576909 -0.0790356 -0.767715 -0.0497727 0.638855 115.699
0.635515 -0.0303999 0.77149 154.3 -0.0187297 0.998325 0.0547668 -0.0309245 -0.771861 -0.0492549 0.63388 116.284
0.629488 -0.0260968 0.776572 154.993 -0.0224105 0.998412 0.0517178 0.0177395 -0.776687 -0.0499591 0.627902 116.857
0.621629 -0.0229721 0.782975 155.707 -0.025674 0.998437 0.0496772 0.0666374 -0.782891 -0.0509828 0.620066 117.428
0.615449 -0.0291676 0.787637 156.436 -0.0244708 0.998128 0.0560837 0.116568 -0.787796 -0.0537907 0.613582 118.002
0.608755 -0.0335292 0.792649 157.16 -0.0290292 0.997498 0.0644889 0.175205 -0.792827 -0.0622679 0.606258 118.579
0.601007 -0.0384127 0.79832 157.903 -0.0288167 0.997155 0.0696745 0.216261 -0.798724 -0.0648797 0.59819 119.152
0.594279 -0.0379983 0.803361 158.644 -0.0331922 0.996875 0.0717051 0.283756 -0.803573 -0.0692781 0.59116 119.71
0.585851 -0.0379584 0.809529 159.387 -0.0332064 0.996941 0.0707775 0.346565 -0.809738 -0.0683465 0.582798 120.254
0.577274 -0.0381761 0.815657 160.138 -0.0301509 0.99723 0.0680137 0.401397 -0.815993 -0.0638553 0.574523 120.789
0.57065 -0.0319155 0.820573 160.899 -0.0312449 0.997679 0.0605325 0.473152 -0.820598 -0.0601816 0.568327 121.328
0.562697 -0.0315681 0.82606 161.669 -0.0294151 0.997875 0.0581711 0.524837 -0.82614 -0.0570313 0.560571 121.849
0.554154 -0.0357268 0.831647 162.453 -0.027796 0.997729 0.061383 0.588781 -0.831949 -0.057132 0.551902 122.368
0.547087 -0.0400747 0.836116 163.248 -0.025568 0.997589 0.0645438 0.631379 -0.836685 -0.0566888 0.544743 122.883
0.539455 -0.0399276 0.841067 164.021 -0.0276628 0.997497 0.0650966 0.683491 -0.841559 -0.058383 0.537 123.386
0.532076 -0.0393953 0.845779 164.802 -0.029754 0.997432 0.0651773 0.731513 -0.846173 -0.0598446 0.529537 123.885
0.52567 -0.0408912 0.849705 165.574 -0.0281142 0.997465 0.0653949 0.789496 -0.850223 -0.0582649 0.523187 124.359
0.519985 -0.0459093 0.852941 166.353 -0.0254387 0.997281 0.0691869 0.829688 -0.853796 -0.0576738 0.517403 124.821
0.513869 -0.0481523 0.856516 167.121 -0.0256097 0.997119 0.0714216 0.884422 -0.857486 -0.0586365 0.511155 125.284
0.510666 -0.0492526 0.858367 167.877 -0.027523 0.996911 0.0735764 0.943367 -0.859338 -0.0611978 0.507733 125.736
0.505526 -0.0481829 0.861465 168.628 -0.029046 0.996925 0.0728042 0.995488 -0.862322 -0.0618265 0.502571 126.192
0.500408 -0.0455759 0.864589 169.388 -0.0297083 0.997123 0.069757 1.0448 -0.86528 -0.0605924 0.497614 126.631
0.49811 -0.0407513 0.866156 170.126 -0.0306887 0.997442 0.0645767 1.09551 -0.866571 -0.0587474 0.495584 127.063
0.494961 -0.0396048 0.868012 170.864 -0.0313852 0.997496 0.0634094 1.1596 -0.868348 -0.0586278 0.492477 127.493
0.491337 -0.0430882 0.869903 171.611 -0.0324343 0.997179 0.067712 1.19418 -0.870365 -0.061484 0.488553 127.923
0.48968 -0.0504394 0.870442 172.344 -0.0306243 0.996716 0.0749849 1.23965 -0.871364 -0.0633753 0.486527 128.332
0.485958 -0.0543771 0.872288 173.083 -0.0276413 0.996609 0.0775263 1.28578 -0.873544 -0.0617857 0.482807 128.738
0.484048 -0.0556385 0.873271 173.792 -0.0251235 0.996683 0.0774273 1.34215 -0.874681 -0.0594181 0.481044 129.135
0.481113 -0.0541912 0.874982 174.505 -0.0242134 0.996887 0.0750552 1.40012 -0.876324 -0.0572963 0.478302 129.52
0.481175 -0.0491042 0.875248 175.201 -0.0259082 0.997199 0.0701894 1.45019 -0.876241 -0.0564495 0.478554 129.909
0.473889 -0.0420595 0.879579 175.907 -0.0279916 0.997636 0.0627858 1.51421 -0.880139 -0.0543744 0.471591 130.295
0.472762 -0.0417399 0.880201 176.594 -0.0255683 0.997809 0.06105 1.54751 -0.880819 -0.0513674 0.470659 130.661
0.470741 -0.0469818 0.881019 177.288 -0.024471 0.997503 0.0662688 1.59679 -0.881932 -0.0527549 0.468416 131.026
0.467549 -0.0553896 0.88223 177.971 -0.0297353 0.996486 0.0783218 1.6483 -0.883467 -0.0628527 0.464259 131.414
0.465197 -0.0588571 0.883248 178.655 -0.0369503 0.995628 0.0858072 1.7003 -0.884435 -0.0725535 0.460988 131.789
0.462359 -0.0580854 0.884788 179.318 -0.0386916 0.995582 0.0855778 1.75291 -0.885848 -0.0738015 0.458068 132.143
0.460421 -0.0560474 0.885929 179.967 -0.0375918 0.99588 0.0825401 1.79615 -0.886904 -0.0713069 0.456417 132.486
0.457893 -0.0542673 0.887349 180.622 -0.0375786 0.996063 0.0803075 1.84565 -0.888212 -0.0701176 0.454051 132.825
0.45433 -0.0558958 0.889078 181.272 -0.0368202 0.996 0.0814337 1.91033 -0.890072 -0.0697338 0.450454 133.164
0.452071 -0.0574194 0.890132 181.907 -0.0373721 0.995832 0.083218 1.96604 -0.891199 -0.0708865 0.44804 133.492
0.449781 -0.0576438 0.891277 182.535 -0.038565 0.995732 0.0838614 2.01863 -0.892306 -0.0720913 0.445638 133.806
0.445507 -0.0583694 0.893374 183.156 -0.0378888 0.995751 0.0839527 2.07224 -0.894476 -0.0712503 0.441402 134.115
0.442239 -0.0579777 0.895021 183.767 -0.0370562 0.995877 0.082821 2.12447 -0.896131 -0.0697927 0.438267 134.424
0.437432 -0.0571172 0.897435 184.377 -0.0377585 0.995936 0.0817907 2.17207 -0.898458 -0.0696636 0.433497 134.728
0.431788 -0.0561284 0.900227 184.987 -0.0389054 0.995976 0.080759 2.22368 -0.901136 -0.0698944 0.427866 135.02
0.42714 -0.0555158 0.902479 185.568 -0.0388168 0.996069 0.0796449 2.27617 -0.903352 -0.0690508 0.423305 135.298
0.420811 -0.0539189 0.905544 186.163 -0.0387881 0.996251 0.077345 2.31806 -0.906319 -0.0676719 0.417142 135.577
0.41315 -0.0517123 0.909193 186.764 -0.0386082 0.996496 0.074222 2.36544 -0.909844 -0.0657671 0.409705 135.851
0.406958 -0.0504405 0.912053 187.38 -0.0410798 0.996455 0.0734382 2.41804 -0.912523 -0.0673532 0.403443 136.123
0.400305 -0.0499016 0.915022 187.984 -0.0455454 0.9962 0.0742541 2.44846 -0.91525 -0.0713992 0.39651 136.395
0.39306 -0.0483744 0.918239 188.619 -0.0510393 0.995929 0.0743151 2.4944 -0.918095 -0.0760765 0.38899 136.673
0.387825 -0.0485096 0.920455 189.237 -0.0516979 0.995899 0.0742681 2.53645 -0.920282 -0.0763886 0.383727 136.935
0.38042 -0.0464454 0.923647 189.857 -0.0545786 0.995871 0.0725564 2.58742 -0.923202 -0.0780131 0.376314 137.193
0.371626 -0.043401 0.927367 190.506 -0.0579436 0.995876 0.0698272 2.6454 -0.926573 -0.0796845 0.367578 137.46
0.36438 -0.0396336 0.930406 191.16 -0.0610451 0.99593 0.0663323 2.7022 -0.929247 -0.0809669 0.360477 137.73
0.356516 -0.0386143 0.933491 191.837 -0.0625058 0.995923 0.065069 2.74909 -0.932196 -0.0815467 0.352649 137.993
0.349473 -0.0378795 0.93618 192.495 -0.0633454 0.995942 0.0639444 2.79513 -0.934803 -0.0816495 0.345655 138.245
0.34178 -0.0370714 0.939048 193.182 -0.0643813 0.995952 0.0627505 2.83225 -0.937572 -0.081904 0.33801 138.497
0.333729 -0.0366982 0.941954 193.878 -0.0639635 0.996059 0.061468 2.87136 -0.940497 -0.0807642 0.330066 138.742
0.326168 -0.0373831 0.944572 194.583 -0.0636041 0.996087 0.0613849 2.92194 -0.94317 -0.0801004 0.322513 138.983
0.318809 -0.0389984 0.947016 195.311 -0.063758 0.996009 0.0624798 2.96787 -0.945672 -0.0802989 0.31505 139.225
0.310384 -0.0415013 0.949705 196.059 -0.0647425 0.995805 0.0646753 3.02387 -0.948404 -0.0815604 0.306395 139.463
0.304564 -0.0452574 0.951416 196.807 -0.0651426 0.995543 0.0682099 3.06776 -0.950262 -0.0827519 0.300258 139.708
0.297798 -0.0480193 0.95342 197.563 -0.0637621 0.995505 0.0700548 3.11306 -0.952497 -0.0816542 0.293397 139.946
0.291465 -0.0536246 0.955077 198.348 -0.0638322 0.995113 0.0753526 3.17462 -0.954449 -0.0829272 0.286618 140.178
0.286071 -0.0584907 0.956421 199.126 -0.0646298 0.994686 0.080162 3.24006 -0.956026 -0.0847453 0.28077 140.425
0.281018 -0.0587298 0.957904 199.926 -0.0620754 0.994925 0.0792105 3.29927 -0.957693 -0.0817217 0.275945 140.658
0.274772 -0.0526345 0.960068 200.728 -0.0598066 0.995633 0.0717011 3.35444 -0.959648 -0.0771198 0.270424 140.878
0.270111 -0.0433559 0.961853 201.524 -0.0589701 0.996367 0.0614719 3.39076 -0.961022 -0.0733247 0.266572 141.105
0.265633 -0.0373857 0.963349 202.35 -0.0554709 0.997001 0.0539873 3.44966 -0.962477 -0.0677786 0.262762 141.333
0.259502 -0.0407032 0.964884 203.196 -0.0499728 0.997208 0.0555068 3.49791 -0.964449 -0.062622 0.256743 141.545
0.254837 -0.0460673 0.965886 204.048 -0.0449311 0.997223 0.0594166 3.55025 -0.96594 -0.0585398 0.25206 141.756
0.248507 -0.0517225 0.967248 204.913 -0.0419251 0.997065 0.0640885 3.6021 -0.967722 -0.0564783 0.245608 141.963
0.243934 -0.0476222 0.968622 205.75 -0.0442701 0.997207 0.0601765 3.65372 -0.968781 -0.0575601 0.241145 142.18
0.240239 -0.0372181 0.97 206.616 -0.0504045 0.99744 0.0507547 3.7128 -0.969404 -0.0610855 0.237747 142.404
0.234353 -0.0341101 0.971553 207.482 -0.0537645 0.997402 0.0479865 3.76704 -0.970664 -0.0634808 0.231909 142.632
0.230248 -0.0394231 0.972333 208.374 -0.056705 0.996939 0.0538486 3.80902 -0.971478 -0.0675346 0.227307 142.854
0.224691 -0.0423572 0.973509 209.265 -0.0592058 0.996617 0.0570278 3.85154 -0.97263 -0.0704509 0.221423 143.073
0.218771 -0.0420396 0.97487 210.167 -0.0612506 0.996511 0.0567182 3.8864 -0.973852 -0.0721196 0.215432 143.288
0.212127 -0.0390927 0.97646 211.057 -0.0649142 0.996431 0.0539944 3.93259 -0.975084 -0.0748397 0.208832 143.487
0.208141 -0.0403046 0.977268 211.971 -0.0637497 0.996469 0.0546741 3.97524 -0.976019 -0.0736804 0.204836 143.685
0.203455 -0.0418177 0.978191 212.89 -0.0626892 0.996483 0.0556386 4.01325 -0.977075 -0.0726419 0.200118 143.875
0.198482 -0.0432451 0.97915 213.815 -0.0628107 0.996413 0.0567399 4.0628 -0.97809 -0.0727629 0.195054 144.053
0.194738 -0.0446202 0.97984 214.728 -0.0622027 0.996394 0.0577366 4.11806 -0.978881 -0.0721921 0.19126 144.232
0.189919 -0.0454353 0.980748 215.659 -0.0628702 0.996317 0.0583313 4.16822 -0.979785 -0.0727379 0.186362 144.415
0.189712 -0.0473408 0.980698 216.59 -0.0643814 0.996089 0.0605381 4.22778 -0.979727 -0.0746234 0.185922 144.595
0.185705 -0.0487687 0.981395 217.525 -0.0644588 0.996013 0.0616925 4.27672 -0.980489 -0.074716 0.181821 144.778
0.182331 -0.0493912 0.981996 218.462 -0.0666429 0.995822 0.0624606 4.34161 -0.980976 -0.0768315 0.178278 144.959
0.183327 -0.0476252 0.981898 219.415 -0.0696272 0.99569 0.0612941 4.39724 -0.980583 -0.0796036 0.17922 145.146
0.177948 -0.0479234 0.982872 220.339 -0.0709167 0.995593 0.0613832 4.44645 -0.981481 -0.080625 0.173765 145.328
0.177296 -0.0489099 0.982941 221.279 -0.0707258 0.99555 0.0622944 4.50713 -0.981613 -0.0805639 0.173048 145.503
0.176605 -0.0509537 0.982962 222.226 -0.071696 0.995342 0.0644769 4.55876 -0.981667 -0.0818613 0.172129 145.676
0.175248 -0.053941 0.983045 223.174 -0.0711337 0.995196 0.0672889 4.63177 -0.981951 -0.0817199 0.170569 145.846
0.172133 -0.0572702 0.983408 224.103 -0.0670171 0.995316 0.0696943 4.67932 -0.982791 -0.0779018 0.167488 146.006
0.170765 -0.0560762 0.983715 225.014 -0.06716 0.995396 0.0684007 4.7516 -0.98302 -0.0777467 0.166213 146.169
0.167698 -0.0503668 0.984551 225.925 -0.0663312 0.995856 0.0622434 4.80835 -0.983604 -0.0757445 0.163662 146.335
0.165842 -0.0487436 0.984947 226.854 -0.0682153 0.99582 0.0607677 4.85829 -0.98379 -0.0772662 0.161823 146.489
0.165494 -0.0481114 0.985037 227.78 -0.0718353 0.99557 0.0606949 4.90727 -0.983591 -0.080805 0.161305 146.65
0.159652 -0.0518226 0.985812 228.73 -0.0720014 0.995352 0.0639848 4.97237 -0.984544 -0.0811951 0.155179 146.799
0.158696 -0.0581997 0.985611 229.655 -0.0728252 0.994853 0.0704713 5.0294 -0.984638 -0.0829607 0.15364 146.945
0.154785 -0.062594 0.985963 230.59 -0.0713812 0.994676 0.0743532 5.07321 -0.985366 -0.0818879 0.149493 147.093
0.151603 -0.0626168 0.986456 231.507 -0.0741436 0.994461 0.0745198 5.14195 -0.985657 -0.0844367 0.146121 147.233
0.145242 -0.0623277 0.987431 232.46 -0.07642 0.994327 0.0740037 5.20739 -0.98644 -0.0862079 0.139655 147.371
0.142727 -0.0629219 0.98776 233.393 -0.0768901 0.994258 0.0744463 5.27003 -0.986771 -0.0865745 0.13707 147.506
0.138999 -0.064067 0.988218 234.328 -0.0781568 0.994084 0.0754406 5.33344 -0.987203 -0.087722 0.133169 147.638
0.134289 -0.0646656 0.98883 235.269 -0.0799097 0.993914 0.0758504 5.38644 -0.987715 -0.089203 0.128304 147.772
0.131217 -0.0653481 0.989197 236.202 -0.0805992 0.99382 0.0763451 5.44508 -0.988072 -0.0897463 0.12514 147.906
0.12683 -0.0651528 0.989783 237.128 -0.0822089 0.993719 0.0759462 5.51664 -0.988512 -0.0910011 0.120677 148.027
0.122521 -0.0656646 0.990291 238.051 -0.082632 0.993671 0.0761122 5.59424 -0.98902 -0.091155 0.11632 148.149
0.119063 -0.0667311 0.990642 238.974 -0.0851326 0.99338 0.0771475 5.65789 -0.98923 -0.0935212 0.112593 148.27
0.115431 -0.0671094 0.991046 239.895 -0.0884334 0.993061 0.0775461 5.72845 -0.989371 -0.0965927 0.108695 148.386
0.11176 -0.0639242 0.991677 240.803 -0.0914821 0.993031 0.0743214 5.80347 -0.989515 -0.0990268 0.105133 148.499
0.109141 -0.0608064 0.992165 241.712 -0.0959948 0.992819 0.0714063 5.87904 -0.98938 -0.103036 0.10252 148.609
0.106401 -0.059456 0.992544 242.636 -0.0991442 0.992603 0.0700879 5.94575 -0.989368 -0.105862 0.0997193 148.714
0.103968 -0.0606729 0.992728 243.56 -0.100253 0.992416 0.0711533 6.01358 -0.989515 -0.106921 0.0970969 148.817
0.101939 -0.0632026 0.992781 244.492 -0.103145 0.991931 0.0737396 6.07622 -0.989429 -0.109917 0.0945977 148.914
0.0995162 -0.0654086 0.992884 245.423 -0.104031 0.991686 0.0757567 6.14104 -0.989583 -0.110829 0.0918844 149.01
0.0953 -0.0661601 0.993248 246.338 -0.104492 0.991613 0.0760772 6.21198 -0.989949 -0.111036 0.0875876 149.099
0.0927042 -0.0670559 0.993433 247.25 -0.102229 0.991818 0.0764866 6.2823 -0.990432 -0.108648 0.0850906 149.184
0.0888036 -0.0663679 0.993836 248.16 -0.103716 0.991739 0.0754955 6.35128 -0.990635 -0.109781 0.0811866 149.256
0.0860298 -0.0658518 0.994114 249.051 -0.101281 0.992068 0.0744811 6.3919 -0.991131 -0.107092 0.0786779 149.328
0.080028 -0.0696713 0.994355 249.96 -0.0957213 0.992409 0.0772389 6.44885 -0.992186 -0.101362 0.0727515 149.392
0.0754802 -0.0746716 0.994348 250.875 -0.0934586 0.992274 0.0816103 6.51402 -0.992758 -0.0990902 0.0679184 149.452
0.0719096 -0.0742928 0.994641 251.765 -0.0941522 0.992265 0.0809224 6.58478 -0.992957 -0.0994666 0.0643586 149.513
0.067404 -0.0655533 0.99557 252.657 -0.0929454 0.993089 0.0716829 6.63772 -0.993387 -0.0973653 0.0608454 149.568
0.0614455 -0.0550424 0.996592 253.55 -0.0937382 0.993749 0.060665 6.69961 -0.993699 -0.0971462 0.0559019 149.624
0.0568763 -0.0517577 0.997039 254.429 -0.0949184 0.993853 0.0570071 6.76277 -0.993859 -0.0978796 0.051614 149.676
0.052125 -0.05531 0.997108 255.324 -0.100019 0.993157 0.0603196 6.81802 -0.993619 -0.102874 0.0462364 149.73
0.0467287 -0.0619099 0.996987 256.218 -0.101123 0.992659 0.0663808 6.86376 -0.993776 -0.10392 0.0401253 149.778
0.0422489 -0.0674123 0.99683 257.111 -0.102715 0.992143 0.0714488 6.92381 -0.993813 -0.105408 0.0349928 149.817
0.0367427 -0.0688694 0.996949 257.996 -0.104788 0.991859 0.0723799 6.98966 -0.993816 -0.107128 0.029227 149.848
0.0301773 -0.0707247 0.997039 258.885 -0.108012 0.991423 0.0735957 7.06013 -0.993692 -0.109913 0.0222795 149.874
0.0242671 -0.0753687 0.996861 259.766 -0.110786 0.990811 0.0776084 7.14187 -0.993548 -0.112321 0.0156945 149.895
0.0169463 -0.0792706 0.996709 260.647 -0.110178 0.990635 0.080661 7.21834 -0.993767 -0.111182 0.00805387 149.92
0.00963459 -0.0795851 0.996782 261.516 -0.10988 0.990709 0.0801624 7.26634 -0.993898 -0.110299 0.00080044 149.927
0.00434243 -0.0768531 0.997033 262.391 -0.109371 0.991026 0.0768665 7.32859 -0.993992 -0.10938 -0.00410186 149.922
-0.00162037 -0.0755942 0.997137 263.265 -0.108904 0.991223 0.074969 7.39273 -0.994051 -0.10847 -0.00983844 149.915
-0.00870507 -0.0762663 0.99705 264.133 -0.109593 0.991155 0.0748587 7.46144 -0.993938 -0.108618 -0.0169862 149.904
-0.0136353 -0.0775034 0.996899 265.007 -0.110862 0.990964 0.0755258 7.53273 -0.993742 -0.109488 -0.022104 149.895
-0.0193578 -0.0795716 0.996641 265.883 -0.10905 0.991051 0.0770073 7.59187 -0.993848 -0.107193 -0.0278616 149.867
-0.0250348 -0.0783612 0.996611 266.74 -0.110492 0.991034 0.0751473 7.64595 -0.993562 -0.108236 -0.0334684 149.83
-0.0284574 -0.0763524 0.996675 267.603 -0.11085 0.991171 0.0727659 7.72008 -0.99343 -0.108411 -0.0366696 149.808
-0.0322922 -0.0758271 0.996598 268.469 -0.110307 0.991299 0.0718498 7.7723 -0.993373 -0.107611 -0.0403753 149.774
-0.0357218 -0.078121 0.996304 269.332 -0.108012 0.991403 0.0738643 7.82379 -0.993508 -0.104974 -0.0438524 149.735
-0.0360394 -0.0815761 0.996015 270.196 -0.10567 0.991388 0.0773738 7.88167 -0.993748 -0.10246 -0.044349 149.7
-0.0383455 -0.0834073 0.995778 271.067 -0.103995 0.991434 0.0790389 7.93591 -0.993839 -0.100525 -0.0466907 149.653
-0.0413233 -0.0840706 0.995603 271.927 -0.103302 0.991475 0.0794346 7.98744 -0.993791 -0.0995647 -0.0496554 149.615
-0.0410788 -0.0833143 0.995676 272.788 -0.101762 0.991686 0.0787821 8.04486 -0.99396 -0.0980857 -0.0492152 149.569
-0.041572 -0.0828639 0.995694 273.65 -0.0995215 0.991944 0.0783968 8.10602 -0.994167 -0.0958336 -0.0494836 149.528
-0.0430135 -0.0821167 0.995694 274.505 -0.0972586 0.992229 0.0776295 8.15588 -0.994329 -0.0935005 -0.0506655 149.488
-0.0416686 -0.08262 0.99571 275.346 -0.0952747 0.992364 0.0783555 8.21619 -0.994578 -0.0916009 -0.0492218 149.442
-0.0407433 -0.082943 0.995721 276.202 -0.093974 0.992451 0.0788255 8.2745 -0.994741 -0.0903602 -0.04823 149.403
-0.0385168 -0.0835468 0.995759 277.018 -0.0921041 0.992555 0.0797154 8.33225 -0.995004 -0.088643 -0.0459248 149.36
-0.0361976 -0.0844218 0.995773 277.841 -0.0924692 0.992435 0.0807776 8.38156 -0.995057 -0.0891542 -0.04373 149.329
-0.0334883 -0.086207 0.995714 278.663 -0.0909567 0.992403 0.0828614 8.43464 -0.995292 -0.0877919 -0.0410747 149.297
-0.0304179 -0.0897805 0.995497 279.482 -0.089232 0.992226 0.0867592 8.49792 -0.995546 -0.086191 -0.0381925 149.269
-0.0258507 -0.0928442 0.995345 280.298 -0.0896838 0.99188 0.0901919 8.56066 -0.995635 -0.0869347 -0.0339672 149.241
-0.0224145 -0.0945587 0.995267 281.067 -0.08975 0.991689 0.0921976 8.62647 -0.995712 -0.0872585 -0.0307147 149.222
-0.0184982 -0.0950969 0.995296 281.839 -0.093127 0.991304 0.0929849 8.70191 -0.995482 -0.0909688 -0.0271932 149.203
-0.0132069 -0.0946793 0.99542 282.613 -0.0936757 0.991247 0.0930397 8.76847 -0.995515 -0.0920178 -0.0219603 149.198
-0.00894064 -0.0949079 0.995446 283.363 -0.0934973 0.991205 0.093664 8.83869 -0.995579 -0.0922339 -0.0177354 149.19
-0.00588857 -0.0979534 0.995174 284.1 -0.0917621 0.991046 0.0970044 8.91023 -0.995763 -0.0907479 -0.0148241 149.182
-0.0017507 -0.100827 0.994902 284.813 -0.0923447 0.990671 0.100236 8.9837 -0.995725 -0.0916984 -0.011045 149.181
0.000292746 -0.102197 0.994764 285.475 -0.093027 0.990449 0.101781 9.05931 -0.995663 -0.0925697 -0.00921698 149.179
0.00443933 -0.102975 0.994674 286.14 -0.0909485 0.990521 0.102951 9.1266 -0.995845 -0.0909211 -0.00496801 149.183
0.00820803 -0.103309 0.994615 286.803 -0.0909271 0.990453 0.103628 9.19828 -0.995824 -0.0912879 -0.0012638 149.184
0.0103009 -0.102353 0.994695 287.45 -0.0910433 0.990521 0.102866 9.26356 -0.995793 -0.0916198 0.000884872 149.192
0.012598 -0.10102 0.994805 288.076 -0.0913671 0.990607 0.101751 9.32238 -0.995737 -0.0921742 0.00324992 149.199
0.0163634 -0.101764 0.994674 288.705 -0.0945218 0.990196 0.102861 9.36367 -0.995388 -0.0957015 0.00658428 149.215
0.0198788 -0.101483 0.994639 289.32 -0.0951656 0.990128 0.102925 9.44003 -0.995263 -0.0967013 0.010025 149.231
0.0229105 -0.103107 0.994406 289.927 -0.0967428 0.989772 0.104856 9.4849 -0.995045 -0.0986039 0.0127014 149.246
0.0267508 -0.102854 0.994337 290.531 -0.095865 0.989846 0.104969 9.53846 -0.995035 -0.09813 0.0166192 149.267
0.0291657 -0.1027 0.994285 291.119 -0.0955136 0.989871 0.105046 9.60109 -0.995001 -0.0980313 0.0190612 149.28
0.0332511 -0.101219 0.994308 291.691 -0.0986439 0.98967 0.104045 9.65252 -0.994567 -0.101542 0.0229231 149.304
0.0363851 -0.100651 0.994256 292.263 -0.0984863 0.989712 0.103795 9.70415 -0.994473 -0.101697 0.0260981 149.327
0.0394522 -0.101534 0.994049 292.815 -0.0994304 0.989489 0.105015 9.74931 -0.994262 -0.102982 0.028942 149.344
0.0425851 -0.102064 0.993866 293.367 -0.100154 0.989323 0.105889 9.79573 -0.99406 -0.104049 0.0319084 149.372
0.0458399 -0.102401 0.993686 293.897 -0.099336 0.989336 0.106535 9.85653 -0.993997 -0.103592 0.035179 149.394
0.0489812 -0.10186 0.993592 294.416 -0.100719 0.989213 0.106377 9.89293 -0.993708 -0.105283 0.0381937 149.427
0.0510561 -0.101475 0.993527 294.951 -0.100151 0.989291 0.106189 9.95842 -0.993661 -0.104924 0.0403467 149.448
0.0544888 -0.101585 0.993333 295.442 -0.100358 0.989218 0.106669 9.99295 -0.993458 -0.105501 0.0437065 149.469
0.0556704 -0.101048 0.993323 295.931 -0.0997301 0.989329 0.106231 10.0514 -0.993456 -0.104978 0.0449989 149.496
0.0563992 -0.100459 0.993341 296.416 -0.101503 0.989195 0.105802 10.1006 -0.993235 -0.106794 0.045593 149.523
0.0592258 -0.0996639 0.993257 296.913 -0.102013 0.989192 0.105339 10.1392 -0.993018 -0.107563 0.0484187 149.547
0.0603428 -0.0992995 0.993226 297.399 -0.101702 0.989251 0.105081 10.1919 -0.992983 -0.107354 0.0495952 149.58
0.0593819 -0.098896 0.993324 297.875 -0.101413 0.989336 0.104562 10.2424 -0.99307 -0.106945 0.0487195 149.61
0.0603687 -0.0985885 0.993295 298.353 -0.100304 0.989476 0.104306 10.2954 -0.993123 -0.105928 0.0498446 149.64
0.0596004 -0.0988602 0.993315 298.846 -0.101674 0.989309 0.104562 10.3582 -0.99303 -0.107226 0.0489117 149.666
0.0570252 -0.0995463 0.993397 299.344 -0.10154 0.98928 0.104963 10.4162 -0.993195 -0.106855 0.0463061 149.696
0.0563363 -0.100003 0.993391 299.856 -0.10142 0.989252 0.105338 10.4449 -0.993247 -0.106684 0.0455887 149.724
0.0537524 -0.0981937 0.993715 300.366 -0.0993394 0.989692 0.10317 10.4952 -0.9936 -0.104261 0.0434439 149.754
0.0517796 -0.09531 0.9941 300.889 -0.0954736 0.990405 0.0999289 10.5376 -0.994084 -0.100084 0.0421833 149.771
0.0489487 -0.0916888 0.994584 301.413 -0.0935062 0.990985 0.0959592 10.5836 -0.994414 -0.0976967 0.039934 149.787
0.0463063 -0.0898139 0.994881 301.962 -0.0947217 0.991069 0.0938787 10.6417 -0.994426 -0.098584 0.0373855 149.813
0.0447286 -0.0893206 0.994998 302.517 -0.0951561 0.991087 0.0932472 10.7049 -0.994456 -0.0988508 0.0358306 149.829
0.0421822 -0.0914708 0.994914 303.082 -0.0907216 0.991337 0.0949886 10.7606 -0.994982 -0.0942669 0.0335185 149.846
0.0392961 -0.0962086 0.994585 303.665 -0.0830089 0.9916 0.0991998 10.8035 -0.995773 -0.0864575 0.03098 149.854
0.037544 -0.0971961 0.994557 304.252 -0.0819332 0.991609 0.100001 10.8552 -0.99593 -0.0852415 0.0292656 149.863
0.0354535 -0.0945095 0.994892 304.851 -0.0854695 0.991585 0.0972413 10.9119 -0.995709 -0.0884804 0.0270776 149.892
0.0338497 -0.0930387 0.995087 305.455 -0.0903438 0.991298 0.0957578 10.9894 -0.995335 -0.0931411 0.0251498 149.913
0.0323599 -0.0940466 0.995042 306.077 -0.0868321 0.991536 0.0965393 11.0466 -0.995697 -0.0895254 0.0239199 149.923
0.0309255 -0.0957424 0.994925 306.705 -0.0842842 0.991608 0.0980431 11.1049 -0.995961 -0.0868884 0.0225965 149.924
0.0284898 -0.0956748 0.995005 307.349 -0.0840182 0.991659 0.0977589 11.1638 -0.996056 -0.0863835 0.0202139 149.938
0.027072 -0.0955475 0.995057 307.998 -0.0870216 0.991418 0.0975659 11.2322 -0.995838 -0.0892326 0.0185251 149.954
0.0255998 -0.094816 0.995166 308.658 -0.0895175 0.991276 0.0967484 11.3067 -0.995656 -0.0915614 0.0168889 149.97
0.0240718 -0.0909688 0.995563 309.321 -0.0901915 0.991594 0.0927871 11.3843 -0.995633 -0.0920247 0.015665 149.974
0.022404 -0.0900686 0.995683 310.001 -0.0893191 0.991772 0.0917247 11.4504 -0.995751 -0.0909885 0.0141749 149.988
0.0211158 -0.0914463 0.995586 310.697 -0.0910112 0.991499 0.0930014 11.5228 -0.995626 -0.0925732 0.0126138 150.001
0.0195015 -0.0917691 0.995589 311.397 -0.0936324 0.991236 0.0932021 11.5929 -0.995415 -0.0950369 0.0107382 150.015
0.0179352 -0.0893423 0.995839 312.103 -0.0949734 0.991345 0.0906497 11.6631 -0.995318 -0.0962039 0.00929497 150.035
0.015486 -0.0868209 0.996103 312.824 -0.093562 0.991727 0.0878942 11.7151 -0.995493 -0.0945585 0.00723488 150.039
0.0129027 -0.0807067 0.996654 313.541 -0.0918704 0.992427 0.0815539 11.7677 -0.995687 -0.0926152 0.00539057 150.044
0.0123811 -0.0781853 0.996862 314.28 -0.0926829 0.992558 0.078999 11.8328 -0.995618 -0.09337 0.00504264 150.049
0.0112003 -0.0806602 0.996679 315.028 -0.089983 0.992617 0.0813428 11.8923 -0.99588 -0.0905951 0.00385969 150.057
0.00855109 -0.08649 0.996216 315.784 -0.0835757 0.992706 0.0869028 11.9458 -0.996464 -0.0840024 0.00126043 150.059
0.00758056 -0.0906335 0.995855 316.565 -0.0806449 0.992586 0.09095 12.0073 -0.996714 -0.081 0.00021539 150.055
0.00587349 -0.0902862 0.995898 317.332 -0.0781161 0.992832 0.0904691 12.0728 -0.996927 -0.0783269 -0.00122125 150.056
0.00425754 -0.0889347 0.996028 318.106 -0.0779235 0.99298 0.0889958 12.1512 -0.99695 -0.0779928 -0.00270228 150.06
0.00453326 -0.0871423 0.996185 318.898 -0.0768922 0.993217 0.0872327 12.2214 -0.997029 -0.0769942 -0.00219788 150.057
0.00485337 -0.0893193 0.995991 319.691 -0.0763484 0.993064 0.089429 12.2875 -0.997069 -0.0764763 -0.00199952 150.057
0.00456101 -0.0915986 0.995786 320.492 -0.0753032 0.992938 0.0916818 12.3571 -0.99715 -0.0754039 -0.0023687 150.054
0.0066515 -0.0929107 0.995652 321.311 -0.0752216 0.992808 0.093148 12.4341 -0.997144 -0.075514 -0.000385061 150.054
0.00709373 -0.0940419 0.995543 322.136 -0.075012 0.992714 0.0943094 12.5077 -0.997157 -0.0753466 -1.20644e-05 150.061
0.00900596 -0.0966674 0.995276 322.959 -0.0746382 0.992476 0.097071 12.5841 -0.99717 -0.0751597 0.00172329 150.06
0.0111548 -0.0982119 0.995103 323.803 -0.073996 0.992357 0.0987705 12.6603 -0.997196 -0.0747353 0.00380241 150.064
0.0135454 -0.0990289 0.994992 324.65 -0.0727681 0.992349 0.0997566 12.7448 -0.997256 -0.0737548 0.00623578 150.07
0.0154641 -0.0999549 0.994872 325.5 -0.0721129 0.992289 0.100816 12.8275 -0.997276 -0.073302 0.00813698 150.077
0.0152143 -0.10094 0.994776 326.337 -0.0716188 0.992227 0.101777 12.9139 -0.997316 -0.072793 0.00786695 150.082
0.0227382 -0.101257 0.9946 327.244 -0.0692903 0.992307 0.102607 13.0057 -0.997337 -0.0712492 0.0155473 150.094
0.0222641 -0.103858 0.994343 328.1 -0.0688109 0.992073 0.105162 13.0935 -0.997381 -0.0707628 0.0149412 150.106
0.0245744 -0.104852 0.994184 328.986 -0.0666652 0.9921 0.10628 13.1752 -0.997472 -0.0688891 0.0173904 150.122
0.027861 -0.104437 0.994141 329.878 -0.0664718 0.992133 0.106089 13.2784 -0.997399 -0.069038 0.0206999 150.137
0.0304323 -0.104355 0.994074 330.765 -0.0657041 0.992176 0.106167 13.3731 -0.997374 -0.0685456 0.0233378 150.166
0.0345349 -0.104603 0.993914 331.666 -0.0661745 0.992087 0.10671 13.4694 -0.99721 -0.0694569 0.0273398 150.187
0.03809 -0.103084 0.993943 332.557 -0.0682014 0.992078 0.105505 13.575 -0.996944 -0.0718069 0.0307579 150.225
0.0407048 -0.103295 0.993818 333.447 -0.069132 0.991968 0.105934 13.6637 -0.996776 -0.0730165 0.033237 150.261
0.0444201 -0.103189 0.993669 334.362 -0.0697258 0.991906 0.106123 13.7616 -0.996576 -0.0739983 0.0368658 150.308
0.0463657 -0.104074 0.993488 335.281 -0.0697099 0.991797 0.10715 13.8538 -0.996489 -0.074224 0.0387305 150.35
0.046377 -0.105944 0.99329 336.202 -0.0692233 0.99163 0.108999 13.95 -0.996522 -0.0738138 0.0386551 150.39
0.0490023 -0.107292 0.993019 337.131 -0.0686849 0.991499 0.110518 14.0487 -0.996434 -0.0736209 0.0412165 150.435
0.0494301 -0.108614 0.992854 338.05 -0.0686214 0.991352 0.111866 14.1529 -0.996417 -0.0736604 0.0415495 150.472
0.0499603 -0.109313 0.992751 338.96 -0.0683288 0.99129 0.112591 14.2526 -0.996411 -0.0734584 0.042056 150.505
0.0520879 -0.109448 0.992627 339.883 -0.0693101 0.991184 0.112926 14.3652 -0.996234 -0.074681 0.044043 150.554
0.0520906 -0.110353 0.992527 340.816 -0.0692896 0.991082 0.113829 14.4567 -0.996235 -0.074701 0.0439798 150.601
0.0510365 -0.111602 0.992442 341.734 -0.0709582 0.990821 0.115068 14.5632 -0.996172 -0.0762945 0.0426491 150.651
0.0531137 -0.111966 0.992292 342.651 -0.0732938 0.990578 0.115696 14.6717 -0.995894 -0.0788737 0.044407 150.702
0.0536899 -0.111692 0.992292 343.557 -0.0728009 0.990644 0.115445 14.7686 -0.9959 -0.0784378 0.0450565 150.747
0.0532615 -0.112374 0.992238 344.46 -0.0728308 0.990566 0.116094 14.8647 -0.99592 -0.0784487 0.0445748 150.79
0.0550821 -0.112147 0.992164 345.375 -0.0734363 0.990527 0.116039 14.9668 -0.995777 -0.0792524 0.0463248 150.84
0.054997 -0.111735 0.992215 346.291 -0.0728412 0.990624 0.115593 15.0663 -0.995825 -0.0786313 0.0463425 150.887
0.055224 -0.111836 0.992191 347.18 -0.0725551 0.990632 0.115699 15.1675 -0.995834 -0.0783778 0.0465925 150.935
0.0560854 -0.112429 0.992076 348.093 -0.0729167 0.990526 0.116376 15.2669 -0.995759 -0.0788658 0.0473561 150.98
0.0564833 -0.112691 0.992023 348.996 -0.0728191 0.9905 0.116664 15.3634 -0.995744 -0.0788277 0.0477408 151.034
0.056759 -0.112088 0.992076 349.876 -0.0731297 0.990543 0.116099 15.4689 -0.995705 -0.0791397 0.0480254 151.074
0.0577536 -0.112118 0.992015 350.779 -0.0718249 0.990633 0.116144 15.5705 -0.995743 -0.077959 0.0491598 151.117
0.0586376 -0.113505 0.991806 351.683 -0.0692 0.990664 0.117465 15.6755 -0.995877 -0.0755207 0.0502357 151.161
0.06217 -0.115578 0.991351 352.591 -0.0657354 0.990643 0.119618 15.7705 -0.995898 -0.0726033 0.0539908 151.21
0.0610878 -0.115509 0.991426 353.469 -0.0627785 0.990871 0.119313 15.863 -0.996156 -0.0695288 0.0532787 151.257
0.0627661 -0.112747 0.991639 354.35 -0.0591912 0.99143 0.11647 15.9678 -0.996271 -0.0660066 0.0555546 151.299
0.0654992 -0.111353 0.99162 355.232 -0.0570861 0.99171 0.115134 16.0693 -0.996218 -0.0641488 0.0585995 151.353
0.070035 -0.111595 0.991283 356.124 -0.0553975 0.991756 0.115562 16.1729 -0.996005 -0.0630079 0.0632756 151.398
0.0728713 -0.111964 0.991037 357.021 -0.05427 0.991763 0.116037 16.279 -0.995863 -0.0622392 0.0661948 151.46
0.0761181 -0.110788 0.990925 357.915 -0.0537859 0.991906 0.11503 16.3847 -0.995646 -0.0620536 0.0695432 151.522
0.0813863 -0.111629 0.990412 358.794 -0.0534719 0.991789 0.116178 16.4879 -0.995247 -0.0624144 0.0747491 151.587
0.0853764 -0.114064 0.989798 359.688 -0.0531856 0.991489 0.118846 16.586 -0.994928 -0.0627896 0.0785832 151.656
0.0893376 -0.116253 0.989194 360.582 -0.0538916 0.991147 0.12135 16.7002 -0.994542 -0.0641502 0.0822817 151.731
0.094845 -0.117607 0.988521 361.479 -0.0545031 0.990896 0.123119 16.8028 -0.993998 -0.0655546 0.0875715 151.812
0.100511 -0.117762 0.987942 362.368 -0.0564771 0.990696 0.123836 16.9193 -0.993331 -0.068243 0.0929248 151.898
0.105378 -0.118455 0.987352 363.256 -0.0560355 0.990597 0.124825 17.0296 -0.992851 -0.0684804 0.0977492 151.99
0.112651 -0.118989 0.986484 364.137 -0.0567437 0.990415 0.125943 17.1435 -0.992012 -0.0701642 0.104819 152.087
0.120119 -0.11877 0.985629 365.023 -0.0564226 0.990398 0.126221 17.2485 -0.991154 -0.0707733 0.112265 152.194
0.128505 -0.118577 0.984595 365.897 -0.0575737 0.990261 0.126773 17.3601 -0.990036 -0.0729776 0.120426 152.312
0.138156 -0.118931 0.983244 366.78 -0.0571552 0.990153 0.127798 17.4737 -0.988759 -0.0738534 0.129998 152.428
0.148551 -0.118892 0.981732 367.664 -0.0563673 0.990116 0.128436 17.5892 -0.987296 -0.0744168 0.140381 152.558
0.157343 -0.119381 0.980302 368.545 -0.056321 0.989967 0.129598 17.7014 -0.985936 -0.0756027 0.14904 152.697
0.167555 -0.119685 0.978571 369.433 -0.0552351 0.989906 0.130529 17.8139 -0.984313 -0.0759221 0.159253 152.853
0.178218 -0.119865 0.976663 370.329 -0.0543184 0.989842 0.131394 17.9307 -0.98249 -0.0764674 0.169897 153.014
0.183405 -0.120585 0.975614 371.216 -0.053513 0.989753 0.132392 18.0333 -0.981579 -0.0764893 0.175072 153.172
0.193548 -0.12142 0.973549 372.102 -0.0528308 0.989584 0.133923 18.1578 -0.979667 -0.0773537 0.185117 153.356
0.199419 -0.121615 0.972339 372.989 -0.0520311 0.989556 0.134439 18.2703 -0.978531 -0.0774014 0.191008 153.528
0.204052 -0.121478 0.971394 373.873 -0.0519231 0.989533 0.134654 18.3844 -0.977581 -0.077914 0.195609 153.707
0.209645 -0.12196 0.970142 374.762 -0.0508042 0.989493 0.135371 18.5031 -0.976456 -0.0776671 0.201246 153.904
0.214652 -0.122228 0.969012 375.646 -0.0506025 0.989416 0.136011 18.6238 -0.975378 -0.0782293 0.206194 154.092
0.218054 -0.122391 0.968232 376.531 -0.0495869 0.989436 0.136239 18.7454 -0.974675 -0.0777188 0.209681 154.286
0.223347 -0.122677 0.966988 377.416 -0.0491661 0.989369 0.136873 18.866 -0.973497 -0.078113 0.214941 154.484
0.227681 -0.123239 0.965906 378.304 -0.0478656 0.989345 0.137512 18.9907 -0.972558 -0.0775424 0.219356 154.689
0.231864 -0.123917 0.964823 379.184 -0.0474195 0.989235 0.138448 19.1093 -0.971591 -0.0778525 0.223491 154.89
0.237284 -0.124638 0.963412 380.07 -0.0471419 0.989091 0.139571 19.2319 -0.970295 -0.0785349 0.228819 155.106
0.241063 -0.126785 0.962192 380.954 -0.0458763 0.988835 0.141789 19.3547 -0.969424 -0.0783219 0.232555 155.323
0.24494 -0.128085 0.96104 381.827 -0.0452827 0.988644 0.143306 19.4786 -0.968479 -0.0786196 0.236358 155.534
0.250267 -0.128926 0.959554 382.706 -0.0452566 0.988455 0.144613 19.6084 -0.967118 -0.0796178 0.241542 155.76
0.254714 -0.129316 0.958331 383.571 -0.0442888 0.98842 0.145147 19.7335 -0.966001 -0.0794143 0.246037 155.989
0.258874 -0.127331 0.957482 384.422 -0.0449739 0.988611 0.143631 19.8541 -0.964863 -0.0802438 0.250198 156.213
0.264455 -0.125582 0.956187 385.284 -0.045145 0.988788 0.14235 19.9873 -0.96334 -0.0808121 0.25582 156.445
0.268966 -0.125381 0.954954 386.133 -0.0453369 0.988745 0.142587 20.1076 -0.962081 -0.0816455 0.260254 156.684
0.271831 -0.128149 0.953775 386.976 -0.045425 0.988282 0.145732 20.2313 -0.961271 -0.0829396 0.262824 156.927
0.275998 -0.130683 0.952233 387.819 -0.0469783 0.987697 0.149167 20.3561 -0.960009 -0.0859038 0.266463 157.18
0.278472 -0.130074 0.951596 388.655 -0.0491951 0.987556 0.149386 20.4829 -0.959183 -0.0884135 0.268608 157.438
0.279887 -0.126399 0.951676 389.472 -0.0522964 0.987817 0.14658 20.6031 -0.958606 -0.0907949 0.269867 157.679
0.281212 -0.123702 0.95164 390.288 -0.053619 0.988084 0.144284 20.7342 -0.958146 -0.0916002 0.271228 157.922
0.282216 -0.123771 0.951333 391.121 -0.0539101 0.988031 0.144539 20.8564 -0.957834 -0.0920775 0.272166 158.172
0.283026 -0.126449 0.95074 391.936 -0.0554349 0.987459 0.147836 20.9763 -0.957508 -0.0945454 0.272466 158.417
0.284373 -0.130513 0.949789 392.746 -0.0563779 0.986701 0.152465 21.1022 -0.957054 -0.0969039 0.273233 158.664
0.285642 -0.132202 0.949174 393.559 -0.0572472 0.986318 0.154604 21.2251 -0.956624 -0.0984988 0.274165 158.91
0.285173 -0.132746 0.949239 394.356 -0.0579662 0.986163 0.155324 21.3456 -0.956721 -0.0993179 0.273531 159.142
0.285128 -0.132769 0.949249 395.169 -0.0580804 0.986148 0.155376 21.4746 -0.956727 -0.0994347 0.273467 159.383
0.28482 -0.132749 0.949345 395.966 -0.0580551 0.98616 0.155314 21.6008 -0.95682 -0.0993507 0.273171 159.618
0.283851 -0.134457 0.949395 396.752 -0.0546397 0.986244 0.156012 21.7211 -0.95731 -0.0961587 0.272599 159.843
0.283716 -0.136461 0.949149 397.564 -0.0526679 0.986112 0.157519 21.846 -0.95746 -0.0946801 0.272589 160.078
0.283745 -0.135795 0.949236 398.348 -0.0527659 0.986212 0.156858 21.9706 -0.957446 -0.0945947 0.272667 160.306
0.282806 -0.133781 0.949802 399.125 -0.0510196 0.986727 0.154173 22.0948 -0.957818 -0.0920594 0.272226 160.531
0.282668 -0.131417 0.950173 399.926 -0.0505741 0.987153 0.151577 22.2308 -0.957882 -0.0909 0.27239 160.757
0.282214 -0.131111 0.95035 400.727 -0.0515037 0.98712 0.151479 22.3703 -0.957967 -0.0916957 0.271825 160.989
0.281274 -0.134076 0.950215 401.521 -0.050831 0.986722 0.154274 22.497 -0.958279 -0.0916935 0.270724 161.2
0.281521 -0.134822 0.950036 402.346 -0.0511993 0.986561 0.155177 22.6243 -0.958187 -0.0923266 0.270834 161.44
0.281407 -0.134089 0.950174 403.163 -0.0506314 0.986737 0.154244 22.758 -0.958251 -0.0915138 0.270885 161.674
0.282103 -0.134045 0.949974 403.958 -0.0505723 0.986739 0.154251 22.8803 -0.958049 -0.0915567 0.271582 161.911
0.282814 -0.133348 0.94986 404.798 -0.050131 0.986883 0.153471 23.0215 -0.957863 -0.0910212 0.272419 162.155
0.282606 -0.134315 0.949786 405.624 -0.0493102 0.986807 0.154223 23.1577 -0.957967 -0.0904184 0.272254 162.396
0.283868 -0.135704 0.949212 406.504 -0.0485405 0.986633 0.15557 23.2972 -0.957633 -0.0902364 0.273486 162.663
0.283475 -0.136268 0.949249 407.323 -0.0468781 0.986702 0.155644 23.4217 -0.957832 -0.08862 0.273317 162.89
0.28388 -0.136722 0.949062 408.197 -0.0433049 0.986946 0.155133 23.5585 -0.95788 -0.0851381 0.274253 163.144
0.283234 -0.137861 0.949091 409.042 -0.0405436 0.98701 0.155468 23.6902 -0.958193 -0.0825133 0.273965 163.382
0.284216 -0.138563 0.948695 409.929 -0.0382083 0.98708 0.155616 23.8363 -0.957998 -0.0804765 0.275249 163.643
0.284277 -0.140354 0.948413 410.809 -0.0341288 0.98712 0.156312 23.9681 -0.958134 -0.0768039 0.275824 163.886
0.284615 -0.141864 0.948087 411.672 -0.0300178 0.987188 0.156726 24.0954 -0.958171 -0.073066 0.276709 164.125
0.284581 -0.144133 0.947755 412.516 -0.0317487 0.986675 0.159585 24.2359 -0.958125 -0.0755049 0.276212 164.374
0.286014 -0.148396 0.946665 413.398 -0.0336938 0.985769 0.164705 24.3875 -0.957632 -0.0790047 0.276943 164.642
0.2867 -0.152262 0.945843 414.266 -0.032745 0.985157 0.168517 24.5271 -0.95746 -0.0792852 0.277457 164.9
0.286526 -0.152881 0.945796 415.104 -0.0326262 0.985059 0.169111 24.6659 -0.957516 -0.0793124 0.277257 165.147
0.287831 -0.152758 0.94542 415.964 -0.0330949 0.985022 0.169232 24.8201 -0.957108 -0.0799987 0.278463 165.407
0.288402 -0.151527 0.945444 416.819 -0.0322952 0.9853 0.167766 24.962 -0.956964 -0.0789173 0.279268 165.67
0.288205 -0.1534 0.945202 417.643 -0.0302004 0.98514 0.16909 25.1064 -0.957091 -0.0772781 0.279289 165.909
0.289256 -0.155695 0.944505 418.474 -0.0289085 0.984815 0.171193 25.2473 -0.956814 -0.0768227 0.280363 166.146
0.289808 -0.156838 0.944147 419.306 -0.0285259 0.98463 0.172319 25.3912 -0.956659 -0.076872 0.280879 166.399
0.289768 -0.157076 0.94412 420.12 -0.029416 0.984515 0.172825 25.5347 -0.956644 -0.0778514 0.28066 166.645
0.289743 -0.157681 0.944026 420.905 -0.0294 0.984406 0.17345 25.6728 -0.956652 -0.0780101 0.280588 166.884
0.289865 -0.158725 0.943814 421.812 -0.0283004 0.984301 0.174225 25.8388 -0.956648 -0.077212 0.280822 167.168
0.287929 -0.160349 0.944132 422.596 -0.0283979 0.984021 0.175784 25.9699 -0.95723 -0.0774247 0.278774 167.4
0.286723 -0.161267 0.944343 423.362 -0.0286457 0.983848 0.176711 26.1088 -0.957584 -0.0777182 0.277471 167.624
0.285782 -0.162715 0.944379 424.123 -0.0280001 0.983642 0.177954 26.2454 -0.957884 -0.0772986 0.276551 167.847
0.283743 -0.161602 0.945185 424.869 -0.0269002 0.983969 0.176309 26.3713 -0.958522 -0.0754519 0.274847 168.061
0.283715 -0.15692 0.945982 425.606 -0.0280651 0.98474 0.171766 26.5 -0.958497 -0.0752815 0.27498 168.276
0.282315 -0.152059 0.947194 426.339 -0.0303517 0.98545 0.167247 26.6245 -0.95884 -0.0759652 0.273591 168.49
0.281371 -0.148356 0.948062 427.085 -0.0322134 0.985962 0.163847 26.747 -0.959057 -0.0766421 0.272642 168.707
0.28035 -0.147894 0.948436 427.813 -0.0319589 0.986075 0.16321 26.8688 -0.959365 -0.0760668 0.271719 168.925
0.279286 -0.151501 0.948181 428.563 -0.032511 0.985418 0.167027 26.9884 -0.959656 -0.0774745 0.270287 169.143
0.277581 -0.154839 0.948142 429.279 -0.0328182 0.984824 0.170437 27.1108 -0.96014 -0.0784264 0.268286 169.347
0.276821 -0.157135 0.947987 430.02 -0.0323171 0.984461 0.172617 27.2278 -0.960377 -0.0784201 0.26744 169.558
0.275815 -0.157438 0.94823 430.746 -0.0317371 0.984468 0.172686 27.3478 -0.960686 -0.0777233 0.266533 169.751
0.275092 -0.156986 0.948514 431.435 -0.0323953 0.984507 0.172338 27.4713 -0.960871 -0.0781363 0.265744 169.949
0.275472 -0.15709 0.948387 432.171 -0.0314966 0.984555 0.172229 27.6009 -0.960792 -0.0773152 0.266269 170.166
0.275366 -0.157009 0.948431 432.895 -0.0314304 0.984577 0.172118 27.7232 -0.960824 -0.077205 0.266184 170.357
0.274795 -0.156659 0.948655 433.597 -0.0306754 0.984709 0.171499 27.8431 -0.961012 -0.0762274 0.265787 170.55
0.274214 -0.156714 0.948814 434.279 -0.0302547 0.98474 0.171392 27.9645 -0.961192 -0.0757041 0.265287 170.746
0.276937 -0.156193 0.948109 435.006 -0.0309511 0.98474 0.171268 28.0928 -0.960388 -0.0767754 0.267876 170.958
0.275742 -0.157113 0.948305 435.72 -0.0313913 0.984556 0.172247 28.2154 -0.960718 -0.0772642 0.266551 171.161
0.27548 -0.157988 0.948235 436.436 -0.0307492 0.984452 0.172955 28.3427 -0.960814 -0.0768031 0.266338 171.367
0.275414 -0.15935 0.948027 437.153 -0.0298809 0.984273 0.174123 28.4702 -0.96086 -0.0762836 0.26632 171.568
0.277305 -0.161255 0.947153 437.878 -0.0287748 0.983981 0.175949 28.5924 -0.96035 -0.0760456 0.268222 171.773
0.278943 -0.162806 0.946407 438.602 -0.0276871 0.983753 0.17739 28.7232 -0.959908 -0.0756849 0.269902 171.981
0.280399 -0.163834 0.945798 439.326 -0.0287067 0.983456 0.178868 28.8375 -0.959453 -0.0773051 0.271057 172.185
0.281964 -0.164093 0.945288 440.015 -0.0298358 0.983291 0.17959 28.959 -0.95896 -0.0788412 0.272356 172.389
0.284717 -0.162706 0.944702 440.707 -0.0310945 0.983406 0.178743 29.0771 -0.958106 -0.0802663 0.274933 172.597
0.285877 -0.16272 0.94435 441.379 -0.0307253 0.983416 0.178752 29.1957 -0.957773 -0.0801165 0.276136 172.802
0.288087 -0.164183 0.943425 442.051 -0.0311389 0.983068 0.18059 29.3161 -0.957097 -0.0814027 0.278096 173.008
0.289063 -0.1648 0.943018 442.689 -0.0311928 0.982929 0.181336 29.4393 -0.956801 -0.0818327 0.278987 173.216
0.289603 -0.165891 0.942661 443.317 -0.0315107 0.982682 0.182614 29.56 -0.956627 -0.0825894 0.279359 173.41
0.290912 -0.166492 0.942152 443.952 -0.0312762 0.982563 0.18329 29.6699 -0.956238 -0.0827881 0.280631 173.603
0.291783 -0.16712 0.941771 444.575 -0.0308034 0.982467 0.183886 29.7872 -0.955987 -0.0826644 0.281519 173.791
0.292552 -0.167922 0.94139 445.185 -0.0302764 0.982343 0.184636 29.8995 -0.955769 -0.0825173 0.282301 173.978
0.294099 -0.168614 0.940784 445.783 -0.0296744 0.982233 0.185319 30.0103 -0.955313 -0.0824192 0.283869 174.159
0.294949 -0.169149 0.940422 446.379 -0.0284406 0.982219 0.185586 30.1131 -0.955089 -0.0814845 0.284892 174.342
0.295936 -0.16961 0.940029 446.956 -0.0279031 0.982157 0.185995 30.2233 -0.954799 -0.0812722 0.285922 174.521
0.296869 -0.169778 0.939704 447.533 -0.0282817 0.982075 0.186368 30.3271 -0.954498 -0.0819032 0.286745 174.697
0.297707 -0.169849 0.939426 448.087 -0.0283877 0.982038 0.186549 30.4319 -0.954234 -0.082205 0.287537 174.875
0.298618 -0.170196 0.939074 448.637 -0.0279726 0.981989 0.186869 30.5365 -0.953962 -0.0820705 0.288477 175.048
0.299237 -0.170732 0.93878 449.181 -0.0280852 0.981862 0.187519 30.6372 -0.953764 -0.0824784 0.289014 175.214
0.300662 -0.170862 0.938301 449.722 -0.0286072 0.981765 0.187943 30.7422 -0.9533 -0.0833494 0.290291 175.389
0.300609 -0.171897 0.938129 450.25 -0.0283773 0.981579 0.188952 30.8388 -0.953324 -0.083422 0.290193 175.572
0.30096 -0.172537 0.937899 450.751 -0.0281825 0.98146 0.189594 30.9413 -0.953219 -0.0834925 0.290517 175.729
0.301831 -0.173249 0.937487 451.251 -0.0272017 0.981386 0.190119 31.0378 -0.952972 -0.0828851 0.2915 175.89
0.301964 -0.173334 0.937429 451.738 -0.0272339 0.981364 0.190231 31.1222 -0.952929 -0.0829725 0.291615 176.039
0.302569 -0.17212 0.937457 452.201 -0.0280231 0.98153 0.189257 31.2115 -0.952714 -0.0835336 0.292156 176.19
0.303346 -0.169987 0.937596 452.663 -0.0300558 0.981765 0.187719 31.2948 -0.952405 -0.0851239 0.292704 176.338
0.304068 -0.169818 0.937392 453.125 -0.0303854 0.981756 0.187711 31.379 -0.952165 -0.0855597 0.293359 176.49
0.304675 -0.169841 0.937191 453.567 -0.0290549 0.98186 0.187382 31.4659 -0.952012 -0.0843204 0.294212 176.624
0.305012 -0.170323 0.936994 453.994 -0.0281344 0.981838 0.187633 31.5524 -0.951932 -0.0835919 0.294679 176.76
0.303962 -0.171301 0.937157 454.418 -0.0279348 0.981678 0.1885 31.6344 -0.952273 -0.083476 0.293607 176.894
0.30338 -0.171288 0.937348 454.841 -0.0300272 0.981506 0.189075 31.7125 -0.952395 -0.0855074 0.292625 177.037
0.301794 -0.17182 0.937762 455.243 -0.0305744 0.981378 0.18965 31.7829 -0.952882 -0.0859068 0.29092 177.165
0.300662 -0.172335 0.938031 455.629 -0.030804 0.981273 0.190153 31.8566 -0.953232 -0.0860668 0.289722 177.286
0.29942 -0.172448 0.938408 456.003 -0.0310171 0.981254 0.190219 31.9314 -0.953616 -0.0860618 0.288457 177.401
0.298285 -0.172804 0.938704 456.368 -0.0313095 0.981176 0.190571 32.0001 -0.953962 -0.0862348 0.287259 177.513
0.296652 -0.173552 0.939083 456.719 -0.0318256 0.981007 0.191354 32.0609 -0.954454 -0.0866523 0.285493 177.619
0.295286 -0.174354 0.939365 457.059 -0.0310396 0.98094 0.191827 32.1329 -0.954903 -0.0858013 0.284245 177.724
0.294207 -0.174919 0.939599 457.393 -0.0309371 0.980853 0.192286 32.1968 -0.95524 -0.0856401 0.283161 177.823
0.293087 -0.175244 0.939888 457.727 -0.0317467 0.980735 0.192759 32.2553 -0.955557 -0.0863334 0.281876 177.924
0.292572 -0.175361 0.940027 458.041 -0.0327526 0.980629 0.193129 32.3147 -0.955681 -0.0872923 0.28116 178.027
0.291421 -0.175373 0.940382 458.327 -0.0339105 0.980542 0.193371 32.3739 -0.955992 -0.088241 0.279802 178.125
0.289563 -0.175644 0.940905 458.614 -0.0339635 0.980516 0.193491 32.4306 -0.956555 -0.087984 0.277955 178.217
0.28893 -0.175581 0.941111 458.901 -0.0330556 0.980624 0.193101 32.4917 -0.956778 -0.0869015 0.277527 178.301
0.288192 -0.175054 0.941436 459.18 -0.0329737 0.980753 0.192459 32.5446 -0.957003 -0.0865075 0.276872 178.383
0.287498 -0.174798 0.941696 459.449 -0.0330704 0.98081 0.192154 32.5986 -0.957209 -0.0863861 0.276199 178.464
0.28726 -0.1753 0.941675 459.718 -0.0331562 0.980704 0.19268 32.6512 -0.957277 -0.0865714 0.275904 178.544
0.287497 -0.176257 0.941424 459.984 -0.0328081 0.980534 0.193598 32.7054 -0.957218 -0.0865452 0.276117 178.631
0.287873 -0.176456 0.941271 460.242 -0.0332858 0.980443 0.19398 32.7543 -0.957088 -0.0871724 0.276369 178.715
0.289688 -0.17632 0.94074 460.504 -0.0336331 0.980405 0.194111 32.8033 -0.956529 -0.0878714 0.27808 178.798
0.29149 -0.176167 0.940212 460.759 -0.034446 0.980327 0.194362 32.8543 -0.955952 -0.0890412 0.279686 178.877
0.29412 -0.17615 0.939396 461.017 -0.0340922 0.980313 0.194496 32.9079 -0.955159 -0.0892311 0.282323 178.962
0.298422 -0.176033 0.93806 461.276 -0.0334771 0.980311 0.194612 32.9602 -0.953845 -0.08948 0.286652 179.038
0.303832 -0.176701 0.936196 461.534 -0.0310007 0.980298 0.195086 33.0115 -0.95222 -0.0882959 0.292367 179.118
0.31113 -0.176446 0.933844 461.794 -0.0301559 0.980288 0.195268 33.0622 -0.949888 -0.0889147 0.299675 179.21
0.32019 -0.176168 0.930829 462.054 -0.0280344 0.980367 0.195186 33.12 -0.946937 -0.0885919 0.308964 179.304
0.330817 -0.175664 0.927201 462.315 -0.0267093 0.980388 0.19527 33.1748 -0.943316 -0.0893633 0.319636 179.402
0.341491 -0.176123 0.923236 462.579 -0.0231333 0.980415 0.195588 33.2214 -0.939599 -0.088149 0.330727 179.504
0.355648 -0.175744 0.917948 462.855 -0.0207261 0.980439 0.195738 33.2854 -0.934389 -0.0886394 0.345048 179.616
0.371316 -0.174787 0.911906 463.128 -0.0186675 0.98052 0.195539 33.3489 -0.928317 -0.0896298 0.360819 179.738
0.388659 -0.174272 0.90475 463.408 -0.0158168 0.980545 0.195666 33.4134 -0.921244 -0.0903577 0.37834 179.872
0.406833 -0.172928 0.896985 463.676 -0.0114345 0.98088 0.194288 33.4712 -0.91343 -0.0892993 0.397076 180.002
0.425352 -0.171956 0.888542 463.951 -0.00697031 0.981134 0.193211 33.5259 -0.905 -0.088376 0.416127 180.143
0.444711 -0.171759 0.879051 464.216 -0.00172846 0.981276 0.192607 33.5768 -0.895671 -0.0871736 0.436086 180.29
0.464165 -0.169425 0.869394 464.457 -0.000491316 0.981488 0.191532 33.6371 -0.885747 -0.0893295 0.455488 180.451
0.479069 -0.164394 0.862245 464.705 -0.00153766 0.982149 0.188109 33.6997 -0.877774 -0.0914428 0.470263 180.604
0.486862 -0.159799 0.858737 464.964 -0.00538662 0.982557 0.185894 33.7609 -0.873461 -0.0951302 0.477507 180.768
0.486676 -0.158574 0.85907 465.205 -0.00751945 0.982592 0.185635 33.816 -0.873549 -0.0968035 0.47701 180.917
0.482552 -0.158373 0.86143 465.444 -0.00908884 0.98256 0.185735 33.8632 -0.875819 -0.0974559 0.472695 181.049
0.473399 -0.158437 0.866482 465.673 -0.0112998 0.982519 0.185829 33.91 -0.880774 -0.0977621 0.463332 181.174
0.460283 -0.158958 0.873425 465.912 -0.0134094 0.982485 0.185873 33.9606 -0.887669 -0.0972661 0.450088 181.284
0.445021 -0.15953 0.881196 466.15 -0.0150955 0.982531 0.185499 34 -0.895391 -0.0958527 0.434837 181.384
0.427108 -0.160892 0.889771 466.386 -0.0164703 0.982496 0.185565 34.0412 -0.904049 -0.0939109 0.41698 181.476
0.407046 -0.161206 0.899069 466.625 -0.0205552 0.982439 0.18546 34.0888 -0.913175 -0.0939714 0.396583 181.558
0.386349 -0.161299 0.908139 466.871 -0.025023 0.982397 0.185133 34.1399 -0.922011 -0.0942503 0.375511 181.648
0.365505 -0.161471 0.916697 467.118 -0.030208 0.982264 0.185065 34.1908 -0.930317 -0.0953335 0.354143 181.732
0.345534 -0.162641 0.924205 467.378 -0.0344312 0.982008 0.185686 34.2397 -0.937773 -0.095982 0.333716 181.806
0.326615 -0.163596 0.930891 467.636 -0.0366838 0.981972 0.185444 34.2847 -0.944444 -0.0947172 0.314724 181.876
0.308991 -0.164786 0.93668 467.906 -0.0366149 0.982086 0.184853 34.3309 -0.950358 -0.0914142 0.297421 181.942
0.293328 -0.165617 0.941557 468.176 -0.038495 0.982037 0.18473 34.3745 -0.955235 -0.0904314 0.281682 182.009
0.279609 -0.165522 0.945738 468.439 -0.0415841 0.982017 0.184166 34.4327 -0.959211 -0.090822 0.267697 182.082
0.269377 -0.166837 0.948473 468.701 -0.0439453 0.981726 0.185168 34.484 -0.96203 -0.0915608 0.257122 182.15
0.259201 -0.169032 0.950917 468.968 -0.0450349 0.981382 0.186722 34.5352 -0.964771 -0.091223 0.246762 182.213
0.25259 -0.170014 0.952519 469.222 -0.0463589 0.981187 0.187424 34.5807 -0.96646 -0.091499 0.239955 182.271
0.249959 -0.170292 0.953163 469.457 -0.046663 0.981152 0.18753 34.6219 -0.967129 -0.0913522 0.237301 182.325
0.252228 -0.170146 0.952592 469.682 -0.0464073 0.981163 0.187536 34.666 -0.966553 -0.091509 0.23958 182.385
0.258172 -0.17067 0.950904 469.909 -0.0442531 0.981152 0.188113 34.7081 -0.965083 -0.0906459 0.245752 182.44
0.267142 -0.171379 0.948295 470.123 -0.0410117 0.981148 0.188869 34.7499 -0.962782 -0.089346 0.255076 182.493
0.278523 -0.171672 0.944962 470.321 -0.0391709 0.981049 0.189773 34.7905 -0.959629 -0.089871 0.266519 182.56
0.292449 -0.170074 0.941036 470.509 -0.0399484 0.981028 0.189716 34.8273 -0.955445 -0.0930751 0.280105 182.631
0.306681 -0.168486 0.936781 470.681 -0.0400586 0.981053 0.189563 34.863 -0.950967 -0.0956615 0.29412 182.705
0.320926 -0.168094 0.932068 470.838 -0.0389825 0.980948 0.190331 34.9004 -0.9463 -0.0974165 0.308258 182.77
0.335375 -0.1692 0.926766 471.002 -0.0362415 0.980696 0.192161 34.9353 -0.941386 -0.0980331 0.322768 182.845
0.349528 -0.170368 0.921306 471.149 -0.0318018 0.980607 0.193399 34.96 -0.936384 -0.0968973 0.33733 182.904
0.36258 -0.170448 0.916233 471.286 -0.0194853 0.981534 0.190307 34.9908 -0.931747 -0.0868543 0.352562 182.943
0.377122 -0.168116 0.910777 471.408 -0.0104984 0.98255 0.185711 34.9998 -0.926102 -0.0795975 0.368775 182.99
0.392244 -0.167485 0.904485 471.508 -0.00772205 0.982652 0.185308 35.0339 -0.919827 -0.0796703 0.384145 183.06
0.407636 -0.165547 0.898013 471.61 -0.0106825 0.982499 0.185971 35.0686 -0.91308 -0.0854013 0.398732 183.134
0.422129 -0.165092 0.891376 471.707 -0.0126425 0.982112 0.187884 35.1001 -0.906446 -0.0905805 0.412489 183.203
0.435177 -0.165213 0.885057 471.81 -0.0105432 0.982019 0.188497 35.1236 -0.900281 -0.0913608 0.425609 183.273
0.447231 -0.165773 0.878922 471.906 -0.00764623 0.981932 0.189092 35.1448 -0.894384 -0.0912883 0.437881 183.324
0.45931 -0.165938 0.872639 472.002 -0.00505748 0.981894 0.189376 35.166 -0.88826 -0.0913955 0.450153 183.376
0.470662 -0.165967 0.866563 472.079 -0.0026402 0.981882 0.189487 35.1846 -0.882308 -0.0914723 0.461694 183.421
0.48091 -0.166388 0.860837 472.159 0.000120359 0.981843 0.18971 35.2016 -0.876768 -0.0911296 0.472196 183.474
0.490217 -0.167612 0.855332 472.243 0.00321898 0.981679 0.190526 35.2184 -0.871593 -0.0906456 0.481773 183.522
0.498086 -0.167212 0.850853 472.311 0.00359816 0.981624 0.190805 35.2388 -0.867118 -0.0919758 0.489533 183.569
0.506643 -0.163334 0.846543 472.363 0.000127529 0.981907 0.189375 35.2516 -0.862154 -0.0958373 0.497496 183.618
0.517309 -0.157389 0.841201 472.4 -0.00567491 0.982293 0.187277 35.2593 -0.855778 -0.101654 0.507254 183.67
0.524937 -0.152702 0.837331 472.437 -0.00973387 0.982635 0.185303 35.2712 -0.851083 -0.105423 0.514334 183.719
0.529989 -0.152834 0.834118 472.491 -0.00868285 0.982598 0.185556 35.2765 -0.847958 -0.105585 0.519437 183.75
0.535041 -0.157413 0.830031 472.538 -0.00282396 0.982152 0.188083 35.2878 -0.844819 -0.102976 0.525045 183.779
0.539218 -0.162039 0.82643 472.591 0.00371081 0.981765 0.190075 35.3025 -0.842156 -0.099425 0.529985 183.8
0.54324 -0.162706 0.823661 472.643 0.00507869 0.981663 0.190568 35.314 -0.83956 -0.0993407 0.534103 183.822
0.548762 -0.161859 0.820159 472.668 0.00406884 0.981585 0.190994 35.3211 -0.835967 -0.101473 0.539313 183.858
0.553941 -0.159106 0.817211 472.696 0.00114644 0.981716 0.190357 35.3349 -0.832553 -0.10451 0.543993 183.896
0.557545 -0.157162 0.815134 472.712 -0.000910122 0.981801 0.189919 35.3412 -0.830144 -0.10663 0.547254 183.932
