0.999999 -0.00159083 -0.00181875 0.00373658 0.00158869 1 -0.00111058 -0.00396579 0.00182019 0.00110761 0.999999 0.595248
0.999995 -0.00168904 -0.00275616 -0.00272262 0.00168133 0.999995 -0.0027535 -0.0152391 0.00276082 0.00274892 0.999993 1.14706
0.999988 -0.00172982 -0.00529276 0.00584735 0.00170449 0.999989 -0.00475897 -0.0156278 0.00529997 0.00474965 0.999978 1.72536
0.99997 -0.00338348 -0.00716498 0.000186523 0.00333063 0.999969 -0.00735714 -0.0104427 0.00718945 0.00733307 0.999949 2.32801
0.999935 -0.006499 -0.00977207 0.0264838 0.00640672 0.999938 -0.00940338 -0.0233136 0.00983136 0.0093398 0.999913 2.84017
0.999933 -0.0073123 -0.00916871 -0.0368515 0.00721439 0.999919 -0.0106504 -0.0230959 0.00924531 0.0105835 0.999903 3.45039
0.999931 -0.00727742 -0.00990208 -0.0664515 0.00717853 0.999928 -0.0099246 -0.0455927 0.00997206 0.00985229 0.999911 4.0292
0.999937 -0.00762066 -0.00854984 -0.138586 0.00753843 0.999928 -0.00960102 -0.0772194 0.00862155 0.00953585 0.999921 4.62479
0.999946 -0.00665017 -0.00865328 -0.176207 0.00654486 0.999909 -0.012071 -0.101064 0.00873122 0.0120132 0.999898 5.23587
0.999943 -0.005192 -0.00968555 -0.196603 0.00504113 0.999869 -0.0155425 -0.121931 0.00976415 0.0154927 0.999837 5.84916
0.999949 -0.00396133 -0.00982433 -0.24879 0.00376989 0.999807 -0.019377 -0.134106 0.00989759 0.0193384 0.999771 6.52038
0.999956 -0.00165391 -0.0096316 -0.293812 0.00146265 0.999804 -0.0198523 -0.145104 0.00966166 0.0198373 0.999761 7.16962
0.99996 0.000976057 -0.00952761 -0.33356 -0.0010985 0.999919 -0.012804 -0.164107 0.0095127 0.0128134 0.999879 7.82613
0.999939 0.0017596 -0.0113195 -0.308249 -0.00179075 0.999997 -0.00278566 -0.169462 0.0113136 0.00280569 0.999937 8.45906
0.999903 0.00277313 -0.0140755 -0.276866 -0.00273065 0.999994 0.0030679 -0.169394 0.014082 -0.00302957 0.999903 9.13654
0.99985 0.00606044 -0.0165309 -0.268249 -0.00603844 0.999984 0.00135908 -0.178458 0.0165378 -0.00125922 0.999868 9.84281
0.999822 0.00864107 -0.0171672 -0.282083 -0.00872154 0.999954 -0.00458872 -0.209786 0.0171248 0.00473712 0.99985 10.5182
0.99974 0.0076541 -0.0215067 -0.244926 -0.00790534 0.999907 -0.0116391 -0.191373 0.0214142 0.0118061 0.999706 11.2443
0.999737 0.00611723 -0.022394 -0.255091 -0.00634928 0.99993 -0.0102799 -0.201492 0.0223275 0.0104188 0.999704 11.9829
0.999725 0.00512927 -0.022908 -0.268141 -0.00515533 0.999992 -0.00109269 -0.211412 0.0229008 0.00121036 0.999743 12.744
0.999753 0.00402624 -0.0221532 -0.312781 -0.00389459 0.999977 0.00600912 -0.215447 0.0221748 -0.00592187 0.999744 13.5304
0.999738 0.00310009 -0.0227083 -0.322847 -0.002907 0.999966 0.00851425 -0.223649 0.0227322 -0.00844614 0.999714 14.3207
0.999773 0.00142039 -0.0215962 -0.350679 -0.00124209 0.999968 0.00829508 -0.238313 0.021605 -0.0082669 0.99974 15.1059
0.999822 -0.0001428 -0.0189141 -0.393355 0.000272438 0.999984 0.00682585 -0.248001 0.0189111 -0.00682991 0.999806 15.8712
0.99985 0.00207491 -0.0176075 -0.430734 -0.00200749 0.999994 0.00388005 -0.258058 0.0176129 -0.00384483 0.999846 16.7259
0.99987 -0.000888047 -0.016225 -0.450411 0.000862998 1.00001 -0.00157589 -0.262471 0.0162248 0.00156159 0.999876 17.5706
0.99987 -0.00447084 -0.0159615 -0.455152 0.00434295 0.999962 -0.00800568 -0.268896 0.0159941 0.00793457 0.99985 18.4426
0.999899 -0.00390509 -0.0138645 -0.492851 0.0037166 0.999908 -0.0136325 -0.274877 0.0139146 0.0135796 0.99982 19.3711
0.999915 -0.00358271 -0.0130293 -0.522301 0.00339185 0.999891 -0.0146014 -0.292621 0.0130775 0.0145553 0.999817 20.2803
0.999913 -0.00361322 -0.01291 -0.548056 0.00341949 0.999888 -0.015042 -0.302129 0.0129609 0.0149965 0.999813 21.2128
0.999942 -0.00269273 -0.0110886 -0.58637 0.00251729 0.999875 -0.0157805 -0.333204 0.0111271 0.0157508 0.999824 22.1515
0.999945 -0.000108999 -0.0107486 -0.61134 -8.76853e-05 0.999838 -0.0183657 -0.346969 0.010747 0.0183654 0.999785 23.1045
0.999939 0.00388978 -0.0110403 -0.628174 -0.0041021 0.99981 -0.0192493 -0.372231 0.0109606 0.0192924 0.999764 24.0825
0.999924 0.00522678 -0.0114745 -0.641753 -0.00544636 0.999807 -0.0192536 -0.400508 0.0113699 0.0193143 0.99976 25.0368
0.999923 0.00619117 -0.0116371 -0.661835 -0.00641201 0.999802 -0.0190103 -0.43419 0.0115143 0.0190823 0.999763 26.0073
0.999918 0.00647237 -0.0114188 -0.683599 -0.00669037 0.9998 -0.0192208 -0.459217 0.0112902 0.0192952 0.999762 27.0092
0.999913 0.00766945 -0.0116126 -0.710069 -0.00787692 0.999813 -0.0178861 -0.492322 0.0114703 0.0179748 0.999785 28.0058
0.999895 0.00800654 -0.0123877 -0.723969 -0.00820215 0.999847 -0.0158829 -0.521213 0.0122568 0.0159824 0.999809 29.0143
0.999884 0.00757346 -0.0139307 -0.726073 -0.00778319 0.999861 -0.0150339 -0.546381 0.0138121 0.0151394 0.999802 30.0256
0.999878 0.00703902 -0.014317 -0.744193 -0.00727566 0.999842 -0.0165803 -0.566582 0.0141961 0.0166819 0.999773 31.0587
0.999864 0.00804227 -0.0150667 -0.757055 -0.00830896 0.999813 -0.0177034 -0.592214 0.0149186 0.0178251 0.999742 32.0939
0.999855 0.00728939 -0.0157522 -0.775935 -0.00755225 0.999837 -0.0167229 -0.623078 0.0156257 0.0168389 0.999749 33.1624
0.999857 0.00661072 -0.016164 -0.79851 -0.00683838 0.999882 -0.0140488 -0.652274 0.0160663 0.0141562 0.999783 34.2064
0.999854 0.00528349 -0.0165739 -0.827272 -0.00542816 0.999953 -0.00873411 -0.689722 0.016525 0.00882216 0.999838 35.3211
0.999856 0.0058162 -0.0165053 -0.86737 -0.00591516 0.999969 -0.00593714 -0.720617 0.0164674 0.00603284 0.999859 36.388
0.99985 0.00569067 -0.016703 -0.900061 -0.00576701 0.999979 -0.00456599 -0.75564 0.0166747 0.00466088 0.999864 37.4185
0.99986 0.00552078 -0.016364 -0.941286 -0.00563698 0.999964 -0.00704541 -0.762123 0.0163216 0.00713559 0.999855 38.4918
0.999858 0.00578854 -0.0162077 -0.980554 -0.00591933 0.999956 -0.00806942 -0.777221 0.0161584 0.00816344 0.999851 39.5787
0.999839 0.00548929 -0.0176501 -0.997353 -0.00561036 0.999966 -0.00680105 -0.806025 0.0176093 0.0068979 0.999835 40.6735
0.999798 0.00578107 -0.0195834 -1.00845 -0.00588333 0.999976 -0.00519786 -0.825308 0.0195511 0.00531122 0.99981 41.7675
0.999739 0.00909633 -0.0214185 -1.01394 -0.00919181 0.999953 -0.00434991 -0.846033 0.0213752 0.0045445 0.999775 42.877
0.999699 0.0107512 -0.0223834 -1.03846 -0.0108581 0.999936 -0.00468635 -0.86996 0.0223299 0.00492718 0.999753 43.9774
0.999685 0.0121672 -0.0223803 -1.06646 -0.012351 0.999896 -0.00807949 -0.903338 0.0222769 0.00835215 0.999731 45.0895
0.999662 0.0144824 -0.0219029 -1.10639 -0.0147479 0.999825 -0.0120356 -0.941529 0.0217232 0.0123538 0.999703 46.1977
0.999542 0.0199901 -0.0231528 -1.11628 -0.0203084 0.999707 -0.0135843 -0.98614 0.022872 0.0140471 0.999655 47.2585
0.99956 0.0205172 -0.021791 -1.16696 -0.0207337 0.999743 -0.00978514 -1.03302 0.021583 0.0102317 0.999731 48.3336
0.999559 0.0206859 -0.0218004 -1.19851 -0.0208178 0.999771 -0.00582348 -1.08838 0.0216724 0.00627356 0.99976 49.4181
0.999643 0.0178377 -0.0203649 -1.24799 -0.017894 0.999842 -0.00261074 -1.13164 0.0203136 0.00297333 0.999805 50.4985
0.999691 0.0172049 -0.0185552 -1.29275 -0.0172551 0.999853 -0.00251469 -1.16386 0.0185064 0.00283275 0.99984 51.5998
0.999721 0.0161608 -0.0178302 -1.30899 -0.0162215 0.999868 -0.00328349 -1.19844 0.0177731 0.00357092 0.999853 52.6607
0.999753 0.0163588 -0.0157687 -1.37856 -0.0164366 0.999858 -0.00478469 -1.22848 0.0156851 0.0050414 0.999879 53.7852
0.999778 0.0151264 -0.0153877 -1.39786 -0.0152585 0.999852 -0.00852996 -1.2453 0.0152546 0.00876196 0.999862 54.779
0.999805 0.0136233 -0.0151082 -1.4139 -0.0138001 0.999842 -0.0116363 -1.27828 0.0149441 0.0118412 0.999834 55.8527
0.99981 0.0121385 -0.0160053 -1.41299 -0.0123517 0.999841 -0.0133084 -1.30927 0.0158392 0.0135026 0.999802 56.9435
0.999826 0.0103441 -0.0162814 -1.42451 -0.0105128 0.999897 -0.0102812 -1.34838 0.01617 0.0104493 0.99983 58.042
0.999858 0.00769102 -0.015721 -1.44178 -0.00775158 0.999969 -0.00380533 -1.37974 0.0156892 0.00392557 0.999888 59.1215
0.999904 0.00432716 -0.0140124 -1.46432 -0.00429503 0.999993 0.00235036 -1.40394 0.014019 -0.00229118 0.999915 60.1531
0.999917 0.00298925 -0.0133968 -1.49434 -0.00293564 0.999994 0.0040106 -1.43525 0.0134067 -0.00397214 0.99992 61.2659
0.99994 -0.00104033 -0.0119423 -1.517 0.0010527 1 0.00107443 -1.44599 0.0119376 -0.00108815 0.999944 62.3358
0.99995 -0.00255879 -0.0108152 -1.55254 0.00254074 1 -0.00170422 -1.46549 0.0108172 0.00167542 0.99996 63.4115
0.999939 -0.0011197 -0.0120247 -1.55849 0.00105014 0.999989 -0.00574774 -1.48529 0.0120273 0.00573347 0.999928 64.5318
0.999956 -0.00118544 -0.0106337 -1.59974 0.00106996 0.999947 -0.0108882 -1.49375 0.0106436 0.0108751 0.999904 65.6166
0.999975 0.00132208 -0.00863409 -1.64021 -0.00144338 0.999907 -0.0140269 -1.48041 0.00861084 0.0140377 0.999883 66.6856
0.999972 0.00517901 -0.00767416 -1.66185 -0.00526617 0.999929 -0.0114182 -1.49881 0.00761187 0.0114569 0.999926 67.8053
0.999968 0.00693564 -0.00654106 -1.69848 -0.00700337 0.999929 -0.0103411 -1.51399 0.00646482 0.0103853 0.999944 68.9005
0.999969 0.00639194 -0.00728354 -1.70437 -0.00647609 0.99992 -0.0116126 -1.51666 0.00720613 0.011658 0.999929 70.0119
0.999982 0.00449136 -0.00657707 -1.73334 -0.00456822 0.99993 -0.011653 -1.53345 0.00652008 0.0116816 0.999929 71.1109
1.00001 0.00312148 -0.0030392 -1.77984 -0.00316063 0.999919 -0.0129779 -1.52015 0.00299569 0.0129862 0.999935 72.1615
1.00001 0.000132075 -0.00416918 -1.77405 -0.000183021 0.999935 -0.0121083 -1.52853 0.00416318 0.0121078 0.999937 73.2602
1.00001 -0.00152585 -0.0034515 -1.80505 0.00148313 0.999932 -0.0122918 -1.53364 0.0034671 0.0122853 0.999943 74.3471
1.00001 -0.0021753 -0.00219393 -1.83676 0.0021445 0.999911 -0.0137738 -1.56583 0.00221956 0.0137678 0.999923 75.42
1.00001 -0.00163128 -0.00270047 -1.85612 0.00158444 0.999859 -0.0172558 -1.60467 0.00272532 0.0172501 0.999872 76.5532
1 -0.00161273 -0.00483102 -1.84311 0.00151701 0.999814 -0.0196704 -1.63439 0.00485769 0.0196617 0.999816 77.6231
1.00001 -0.000130691 -0.00461315 -1.87449 4.74206e-05 0.999847 -0.0180266 -1.66958 0.00461192 0.0180248 0.999852 78.6816
0.999999 0.000336822 -0.00581331 -1.87797 -0.000418799 0.99991 -0.0140398 -1.70129 0.00580395 0.0140408 0.999907 79.7704
0.999997 0.00171691 -0.0064373 -1.89794 -0.00178477 0.999953 -0.010513 -1.72595 0.00641606 0.0105227 0.999949 80.8416
0.999995 0.00250838 -0.00623102 -1.92775 -0.00257378 0.999951 -0.0103844 -1.7486 0.00620059 0.010399 0.99995 81.9334
0.999996 0.00256818 -0.00643563 -1.94755 -0.00265103 0.999924 -0.0128502 -1.77189 0.00639926 0.0128653 0.999923 83.0063
0.999997 0.00221728 -0.00608147 -1.97813 -0.00229998 0.999915 -0.0134675 -1.80563 0.00604719 0.0134801 0.999915 84.0538
1 0.00128725 -0.00603284 -2.00554 -0.00137602 0.999902 -0.0146679 -1.82108 0.00601052 0.0146743 0.999902 85.1034
0.999999 0.000434263 -0.00623325 -2.0276 -0.000524183 0.999907 -0.0142708 -1.85777 0.00622256 0.0142728 0.999903 86.1402
1 -0.000949285 -0.005668 -2.06178 0.000875215 0.999926 -0.0129952 -1.8885 0.00567697 0.0129884 0.999928 87.1486
1 -0.00114297 -0.00579299 -2.08073 0.00107886 0.99995 -0.0108484 -1.90866 0.0058012 0.0108409 0.999949 88.1226
0.999997 -0.00258886 -0.00628981 -2.09994 0.00252587 0.999958 -0.00993889 -1.9397 0.00631234 0.00992108 0.99996 89.1185
0.999981 -0.00417912 -0.00766356 -2.12476 0.00410255 0.999953 -0.0097974 -1.96607 0.00770027 0.00976451 0.999948 90.0693
0.99995 -0.00553304 -0.0104282 -2.15204 0.00542514 0.999942 -0.0103101 -2.00269 0.0104818 0.010251 0.999922 91.0199
0.999919 -0.00570986 -0.013117 -2.18156 0.00556948 0.999938 -0.0106101 -2.03865 0.013173 0.010535 0.999885 91.9357
0.999883 -0.00618677 -0.0153472 -2.21962 0.00603163 0.999941 -0.0101075 -2.06964 0.0154059 0.0100117 0.999861 92.8155
0.999859 -0.00526799 -0.0172981 -2.25884 0.00511154 0.999956 -0.00899329 -2.09775 0.017341 0.00890225 0.999837 93.7027
0.999789 -0.00452105 -0.0209946 -2.29637 0.00436217 0.999971 -0.00758712 -2.12984 0.0210254 0.00749185 0.99978 94.5444
0.999714 -0.00373021 -0.0245283 -2.33822 0.00358002 0.999985 -0.00611688 -2.15841 0.0245469 0.00602598 0.999708 95.3247
0.999659 -0.00240721 -0.0267137 -2.37821 0.00227644 0.999995 -0.00490949 -2.18499 0.0267225 0.00484481 0.999661 96.1171
0.999586 -0.000266953 -0.0295521 -2.405 0.000132036 1 -0.00453094 -2.20974 0.0295495 0.00452381 0.999581 96.8801
0.999503 0.00192512 -0.0320548 -2.44225 -0.00209823 0.999994 -0.00535765 -2.24245 0.0320414 0.00542003 0.999502 97.6233
0.999394 0.00339303 -0.0352884 -2.46011 -0.0036543 0.999977 -0.00731272 -2.29454 0.035259 0.00743586 0.999379 98.32
0.999301 0.00631047 -0.0373595 -2.50042 -0.00671023 0.999932 -0.0105802 -2.32289 0.0372871 0.0108211 0.999277 98.9945
0.999178 0.00803996 -0.0403306 -2.51992 -0.00859376 0.999882 -0.0135538 -2.34037 0.0402129 0.0138877 0.999125 99.6899
0.999035 0.0105283 -0.0431288 -2.51337 -0.0111683 0.999841 -0.0146275 -2.36267 0.0429649 0.0150925 0.998994 100.329
0.998932 0.0127099 -0.0449887 -2.50042 -0.0133844 0.999813 -0.014703 -2.38381 0.0447895 0.0152879 0.998909 100.952
0.99894 0.017102 -0.0432054 -2.51162 -0.0176953 0.999765 -0.0133908 -2.40765 0.0429632 0.0141386 0.999008 101.573
0.999072 0.0194707 -0.0390597 -2.51191 -0.0199577 0.999738 -0.012095 -2.43247 0.03881 0.0128617 0.999194 102.164
0.999221 0.0203846 -0.0343931 -2.47627 -0.0207342 0.999748 -0.00984595 -2.45792 0.0341806 0.010549 0.999392 102.716
0.999464 0.0200322 -0.0268249 -2.44648 -0.0202584 0.999773 -0.00815933 -2.46402 0.0266514 0.00869683 0.999638 103.23
0.999692 0.0196954 -0.0163873 -2.42588 -0.0198175 0.999788 -0.00733495 -2.47713 0.0162365 0.00765499 0.999871 103.744
0.99983 0.018972 -0.00553629 -2.3695 -0.0190179 0.999796 -0.00823948 -2.47896 0.00537483 0.00834175 0.999982 104.236
0.999814 0.0191148 0.00701938 -2.30958 -0.0190382 0.999771 -0.0108015 -2.47197 -0.007227 0.0106633 0.99995 104.712
0.99962 0.0179696 0.0220589 -2.24185 -0.017625 0.999732 -0.0157447 -2.46105 -0.0223399 0.0153483 0.999664 105.14
0.999082 0.0180772 0.0393999 -2.13712 -0.0172391 0.999631 -0.021508 -2.46174 -0.0397768 0.0208065 0.999025 105.565
0.998068 0.0156038 0.0605652 -2.03963 -0.0139509 0.999532 -0.0276302 -2.46097 -0.0609721 0.0267302 0.997813 105.972
0.996405 0.013221 0.0839445 -1.91496 -0.0105304 0.99943 -0.0324171 -2.45427 -0.0843277 0.0314139 0.995977 106.408
0.993968 0.010881 0.10936 -1.77169 -0.00710826 0.999379 -0.0348361 -2.45752 -0.109676 0.033847 0.993424 106.801
0.990425 0.00874512 0.137939 -1.62012 -0.00351903 0.999279 -0.0380878 -2.45862 -0.138175 0.037235 0.989741 107.189
0.98533 0.00629329 0.170699 -1.4689 0.000628718 0.999192 -0.0404718 -2.46771 -0.17082 0.0399838 0.984525 107.578
0.978304 0.00352382 0.207261 -1.31089 0.00527067 0.999121 -0.0418672 -2.47792 -0.207228 0.0420486 0.977423 107.986
0.969698 0.00152447 0.24441 -1.14014 0.00940845 0.999018 -0.0435626 -2.48791 -0.24424 0.0445404 0.968727 108.337
0.959033 0.00200022 0.283371 -0.956277 0.0111044 0.998954 -0.0446344 -2.50948 -0.283166 0.0459499 0.958004 108.687
0.945297 0.00354146 0.326267 -0.781457 0.0117444 0.998936 -0.0448725 -2.53083 -0.326082 0.0462481 0.944246 109.031
0.930387 0.00202472 0.366638 -0.551893 0.0146406 0.998994 -0.0426705 -2.55694 -0.366357 0.0450652 0.929419 109.334
0.913606 0.00105511 0.406662 -0.301036 0.0167725 0.99906 -0.0402753 -2.58444 -0.406325 0.0436149 0.912725 109.634
0.891952 -0.000701317 0.452184 -0.107545 0.0207408 0.999022 -0.0393638 -2.61159 -0.451715 0.0444866 0.89109 109.944
0.869409 -0.000787898 0.494145 0.139134 0.023155 0.998977 -0.0391482 -2.65532 -0.49361 0.0454762 0.868533 110.226
0.843245 0.0011425 0.537575 0.355967 0.0243898 0.998899 -0.0403822 -2.68885 -0.537029 0.0471608 0.842284 110.512
0.81415 0.00528289 0.580674 0.586731 0.0242513 0.998788 -0.0430905 -2.71272 -0.580201 0.0491625 0.813032 110.789
0.781631 0.0114865 0.623674 0.834522 0.0211664 0.998779 -0.0449233 -2.73752 -0.623428 0.0483117 0.78043 111.05
0.74873 0.0156713 0.662728 1.14058 0.0188254 0.998827 -0.0448888 -2.77574 -0.662656 0.0460839 0.747553 111.276
0.711872 0.015912 0.702164 1.4348 0.0219246 0.998766 -0.0448622 -2.78976 -0.70201 0.0473282 0.71064 111.504
0.67336 0.0113469 0.739263 1.72311 0.0303977 0.998624 -0.043017 -2.80707 -0.738734 0.051436 0.672085 111.736
0.631698 0.00960954 0.775188 2.04563 0.0315074 0.998792 -0.0380577 -2.82602 -0.774615 0.0484623 0.630628 111.934
0.587837 0.00835415 0.808968 2.38429 0.0323517 0.998917 -0.0338251 -2.8408 -0.808374 0.0460532 0.586926 112.12
0.542326 0.00626242 0.840175 2.74066 0.0342069 0.998992 -0.0295277 -2.84945 -0.83951 0.0447506 0.541562 112.291
0.493871 0.00178963 0.869564 3.12088 0.037612 0.999032 -0.0234189 -2.87362 -0.868762 0.04427 0.493322 112.446
0.443435 0.00197494 0.896334 3.50783 0.035255 0.999197 -0.0196441 -2.89107 -0.89565 0.0403079 0.443007 112.607
0.393513 0.00644342 0.919326 3.89939 0.0324881 0.999268 -0.020911 -2.90809 -0.918784 0.0380941 0.393012 112.739
0.345016 0.0123014 0.938545 4.30701 0.0323305 0.999177 -0.0249826 -2.90428 -0.938075 0.0389602 0.344333 112.849
0.300029 0.0128882 0.953872 4.70916 0.0356166 0.999075 -0.0247025 -2.92187 -0.953305 0.0413831 0.299289 112.928
0.260179 0.0131621 0.965499 5.13945 0.0427897 0.998779 -0.0251483 -2.92084 -0.964647 0.0478537 0.259297 112.995
0.225915 0.0121352 0.9741 5.56697 0.0498981 0.998481 -0.0240123 -2.94208 -0.972908 0.0540285 0.224964 113.048
0.196224 0.013603 0.980493 6.01728 0.0563121 0.998109 -0.0251187 -2.92605 -0.978977 0.0601397 0.195086 113.096
0.170168 0.0121453 0.98537 6.51229 0.0527141 0.998396 -0.0214104 -2.95261 -0.984043 0.0555843 0.169254 113.157
0.146664 0.00802655 0.989183 7.01152 0.0448325 0.998897 -0.0147543 -2.99156 -0.988206 0.0465087 0.146142 113.223
0.123627 0.00450084 0.992348 7.51447 0.0394126 0.999195 -0.00944305 -3.00309 -0.991585 0.0402763 0.123349 113.272
0.102548 0.00217822 0.994756 8.02682 0.0436213 0.999039 -0.00668637 -3.00981 -0.993807 0.0440755 0.102354 113.287
0.0828957 0.00261407 0.996586 8.55781 0.052125 0.998634 -0.00695623 -3.0183 -0.995234 0.0525212 0.0826458 113.297
0.0654467 0.0043558 0.997877 9.09557 0.0582687 0.998279 -0.00818118 -3.02543 -0.996191 0.0586774 0.0650801 113.306
0.0516563 0.0115612 0.998632 9.66782 0.0568475 0.998296 -0.0144991 -3.01711 -0.997087 0.0575159 0.0509115 113.326
0.039949 0.0176881 0.999077 10.2684 0.0535035 0.998384 -0.0198173 -3.01069 -0.997806 0.054243 0.0389384 113.368
0.0334952 0.0172474 0.999325 10.8773 0.0549631 0.998323 -0.0190738 -3.02982 -0.997969 0.0555621 0.032492 113.38
0.0303494 0.0148075 0.999464 11.5034 0.0607242 0.998031 -0.0166323 -3.03567 -0.997733 0.0611934 0.0293912 113.388
0.0294464 0.0142944 0.999499 12.1485 0.0618492 0.997972 -0.0160961 -3.03899 -0.997695 0.062289 0.0285038 113.428
0.0319938 0.0167116 0.999384 12.862 0.0616014 0.997942 -0.0186618 -3.01259 -0.997628 0.0621574 0.0308992 113.462
0.0321932 0.0171742 0.999369 13.5724 0.0573484 0.998191 -0.0190027 -3.03719 -0.99788 0.0579207 0.0311513 113.521
0.0321484 0.0196008 0.999327 14.2695 0.0557634 0.99823 -0.0213754 -3.03593 -0.997966 0.05641 0.0309993 113.566
0.0334492 0.0207462 0.999259 15.0019 0.055643 0.998211 -0.0225885 -3.05155 -0.997936 0.0563542 0.0322363 113.594
0.0350453 0.020869 0.999204 15.7468 0.05518 0.998232 -0.0227863 -3.06828 -0.997902 0.0559316 0.0338327 113.618
0.0363806 0.0189825 0.999192 16.5075 0.0555619 0.998251 -0.0209891 -3.09461 -0.997839 0.0562774 0.0352635 113.648
0.0361626 0.0194043 0.999194 17.2912 0.0550454 0.998271 -0.0213809 -3.09325 -0.99787 0.055771 0.0350329 113.691
0.0355779 0.0172623 0.999254 18.0586 0.0554673 0.998293 -0.0192223 -3.1178 -0.997872 0.0561064 0.034561 113.721
0.0350753 0.0190135 0.99924 18.8446 0.0526097 0.998413 -0.0208469 -3.08244 -0.99804 0.0532978 0.0340204 113.749
0.0338844 0.019334 0.999276 19.6391 0.0515219 0.998469 -0.0210674 -3.08556 -0.998144 0.0521952 0.0328381 113.778
0.0325468 0.0192448 0.999323 20.4458 0.0532205 0.998378 -0.0209623 -3.07006 -0.998095 0.0538636 0.031471 113.809
0.030727 0.0189997 0.999386 21.2389 0.0545169 0.998318 -0.0206577 -3.07228 -0.998089 0.0551147 0.0296415 113.842
0.0288509 0.0200144 0.999422 22.0813 0.0519815 0.998433 -0.0214977 -3.075 -0.998275 0.0525688 0.0277669 113.877
0.0283216 0.026177 0.999295 22.9012 0.0498437 0.998395 -0.0275682 -3.08206 -0.998404 0.050586 0.0269736 113.898
0.0267988 0.0427012 0.998768 23.7078 0.0480774 0.997892 -0.0439564 -2.96482 -0.998528 0.0491931 0.0246913 113.936
0.0253987 0.0447031 0.998719 24.5224 0.0480389 0.997809 -0.0458865 -3.00181 -0.998572 0.0491394 0.0231983 113.957
0.0232896 0.0425813 0.998862 25.3619 0.045472 0.998029 -0.0436088 -3.04533 -0.998738 0.0464328 0.0213095 113.992
0.022828 0.0390136 0.999021 26.2272 0.0426276 0.998312 -0.0399624 -3.0869 -0.99888 0.0434948 0.0211291 114.01
0.022887 0.0339131 0.999203 27.0686 0.0411953 0.998559 -0.0348375 -3.12975 -0.998933 0.0419566 0.0214592 114.024
0.0233234 0.0296399 0.999333 27.9189 0.0381082 0.998828 -0.0305168 -3.15484 -0.999052 0.0387912 0.0221694 114.04
0.0235532 0.0307943 0.99929 28.7657 0.034413 0.998924 -0.031597 -3.16597 -0.999176 0.0351294 0.0224705 114.066
0.0250862 0.0396009 0.998945 29.5979 0.0372045 0.998505 -0.0405202 -3.18591 -0.999043 0.0381781 0.0235783 114.08
0.025337 0.0518448 0.998378 30.4277 0.0390108 0.997859 -0.052811 -3.21864 -0.998964 0.0402821 0.0232628 114.116
0.0247919 0.0565797 0.998135 31.2443 0.0401029 0.997556 -0.0575454 -3.27398 -0.998939 0.041451 0.0224653 114.154
0.0261346 0.051665 0.998367 32.0849 0.0416711 0.997756 -0.0527274 -3.32005 -0.998836 0.0429775 0.0239256 114.18
0.0277394 0.0438966 0.998696 32.9105 0.0445212 0.998009 -0.0451056 -3.3753 -0.998675 0.0457105 0.0257328 114.194
0.0297218 0.0413193 0.998748 33.7547 0.045822 0.998056 -0.0426574 -3.42467 -0.998555 0.0470288 0.0277732 114.204
0.0304899 0.0425591 0.998675 34.5859 0.0463178 0.997979 -0.0439462 -3.46977 -0.998513 0.0475924 0.02846 114.229
0.0289287 0.0426928 0.998714 35.4149 0.0427005 0.998141 -0.0439084 -3.5411 -0.998716 0.0439125 0.0270545 114.266
0.0284113 0.0439765 0.998675 36.2326 0.0420065 0.998116 -0.0451496 -3.57273 -0.998766 0.0432301 0.0265135 114.281
0.0267543 0.0433852 0.998746 37.0335 0.0422042 0.998136 -0.0444925 -3.63668 -0.998798 0.0433383 0.0248759 114.3
0.0255188 0.0436154 0.998769 37.8374 0.041546 0.998158 -0.0446529 -3.69516 -0.998863 0.0426308 0.0236628 114.313
0.0232522 0.0445077 0.998785 38.6466 0.039287 0.998215 -0.0454003 -3.73913 -0.999005 0.0402916 0.0214647 114.337
0.0210509 0.0427912 0.998911 39.4428 0.0371869 0.99838 -0.0435549 -3.79829 -0.99914 0.03806 0.0194287 114.362
0.0184855 0.0426065 0.998968 40.2349 0.0379363 0.998361 -0.0432863 -3.83435 -0.999157 0.0386942 0.0168415 114.39
0.0172215 0.0433745 0.998959 41.0178 0.0378507 0.998335 -0.0440029 -3.87786 -0.999189 0.0385657 0.0155542 114.402
0.0157851 0.0455805 0.998883 41.7977 0.0378238 0.998236 -0.0461525 -3.91153 -0.999209 0.0385071 0.0140361 114.415
0.0149892 0.0457315 0.998889 42.5779 0.0387426 0.998197 -0.0462842 -3.96325 -0.999191 0.03939 0.0131936 114.428
0.0141954 0.0465319 0.998863 43.3628 0.0420813 0.998022 -0.0470945 -4.00229 -0.999062 0.0426989 0.012212 114.446
0.0141218 0.048119 0.998791 44.1426 0.0447268 0.997832 -0.0487083 -4.02428 -0.998953 0.045357 0.0119423 114.447
0.0120327 0.0490532 0.998771 44.9257 0.0443436 0.997805 -0.0495439 -4.06771 -0.998993 0.0448821 0.00983391 114.472
0.0110725 0.0506896 0.998702 45.6672 0.0441597 0.997735 -0.0511333 -4.10949 -0.999017 0.044665 0.00881241 114.484
0.0101161 0.0501608 0.998738 46.4081 0.0433469 0.997798 -0.0505566 -4.15517 -0.999059 0.0438004 0.00792242 114.502
0.00935406 0.0509701 0.998706 47.1109 0.0448747 0.997692 -0.051342 -4.19817 -0.999003 0.0452931 0.00704869 114.518
0.0106538 0.0539477 0.998535 47.8212 0.0460639 0.997476 -0.0543859 -4.24753 -0.998932 0.0465727 0.00814478 114.519
0.0106712 0.0570295 0.998365 48.515 0.04555 0.997328 -0.0574604 -4.29621 -0.998959 0.046085 0.00804847 114.531
0.0117944 0.0590472 0.998234 49.2236 0.0443187 0.997262 -0.0595173 -4.35002 -0.998998 0.0449394 0.00914801 114.537
0.0116849 0.0647458 0.997883 49.9001 0.043907 0.996925 -0.0652011 -4.33129 -0.99902 0.0445724 0.00880962 114.557
0.0123782 0.0677319 0.997676 50.6087 0.0462465 0.996615 -0.068238 -4.35114 -0.998905 0.0469806 0.00920677 114.562
0.0138754 0.0697364 0.997518 51.2637 0.0467212 0.99645 -0.0703148 -4.36714 -0.998865 0.0475774 0.0105714 114.572
0.0128492 0.07171 0.997393 51.9184 0.0427589 0.996492 -0.0722006 -4.39899 -0.999055 0.0435718 0.00974066 114.597
0.0130451 0.0722895 0.997348 52.6085 0.0404751 0.996547 -0.0727642 -4.46178 -0.99915 0.0413136 0.0100775 114.618
0.0135453 0.0705069 0.99747 53.2818 0.0422611 0.996599 -0.0710237 -4.52561 -0.999067 0.0431132 0.0105222 114.624
0.0136816 0.0696413 0.997529 53.9499 0.04293 0.996631 -0.0701708 -4.58855 -0.999039 0.0437804 0.0106491 114.619
0.00928398 0.0692607 0.997607 54.626 0.0399943 0.996795 -0.069581 -4.64997 -0.999209 0.0405417 0.00648697 114.648
0.00508324 0.0688921 0.997662 55.2852 0.0364989 0.996967 -0.0690335 -4.71818 -0.999376 0.036761 0.00255676 114.635
-0.000352581 0.0721341 0.997447 55.9334 0.039966 0.99662 -0.0720647 -4.77837 -0.999254 0.0398358 -0.00323134 114.631
-0.00727156 0.0746814 0.997234 56.5884 0.0428584 0.996337 -0.0743053 -4.83835 -0.999109 0.0421958 -0.010442 114.632
-0.0129285 0.0777792 0.996939 57.2623 0.0429337 0.996115 -0.0771629 -4.87493 -0.999047 0.0418023 -0.0162144 114.61
-0.0196503 0.0786004 0.996766 57.9441 0.0392371 0.99622 -0.0777876 -4.91686 -0.999092 0.0375779 -0.0226561 114.607
-0.0254749 0.0790545 0.996597 58.6228 0.0402481 0.996162 -0.077996 -4.96211 -0.998918 0.0381218 -0.0285555 114.604
-0.0308696 0.0809146 0.996296 59.3315 0.038137 0.99611 -0.0797216 -5.02575 -0.998851 0.035531 -0.0338312 114.599
-0.034269 0.081668 0.996124 60.039 0.0369962 0.996097 -0.080398 -5.07493 -0.998781 0.0340952 -0.0371531 114.573
-0.0365327 0.08054 0.996136 60.7424 0.0374612 0.99618 -0.0791735 -5.11344 -0.998686 0.0344201 -0.039406 114.547
-0.0384056 0.0827523 0.995884 61.4571 0.0415141 0.995858 -0.0811542 -5.11418 -0.998453 0.0382238 -0.0416783 114.533
-0.0386884 0.0845033 0.995726 62.1674 0.0429691 0.99566 -0.082832 -5.13331 -0.998383 0.0395769 -0.0421472 114.499
-0.0398488 0.0863138 0.995524 62.9176 0.0429148 0.995511 -0.0846 -5.18375 -0.998339 0.0393488 -0.0433703 114.476
-0.0388451 0.0935091 0.994915 63.6383 0.0458481 0.994754 -0.0917076 -5.22009 -0.998249 0.0420487 -0.0429241 114.439
-0.0382372 0.0977118 0.994533 64.3831 0.0520769 0.994069 -0.0956693 -5.29721 -0.997966 0.0481313 -0.0430953 114.404
-0.037613 0.10185 0.994144 65.1192 0.0596463 0.993272 -0.0995082 -5.38209 -0.997568 0.0555499 -0.0434305 114.36
-0.0378835 0.103282 0.993985 65.8847 0.0602191 0.993091 -0.1009 -5.46555 -0.997522 0.0560315 -0.0438378 114.328
-0.0377603 0.100669 0.994259 66.6346 0.0581817 0.99347 -0.0983839 -5.55695 -0.997649 0.0541284 -0.0433664 114.3
-0.0370433 0.094554 0.994885 67.3754 0.0581394 0.99405 -0.0923159 -5.65288 -0.997676 0.0544195 -0.0423169 114.273
-0.035008 0.0920813 0.995193 68.139 0.0606549 0.994131 -0.0898536 -5.74149 -0.997603 0.0572133 -0.0403835 114.221
-0.0341362 0.0926189 0.995172 68.8946 0.0611968 0.99404 -0.0904204 -5.81139 -0.997598 0.0578117 -0.0395975 114.176
-0.0352125 0.0921465 0.99518 69.6447 0.0603161 0.994144 -0.0899208 -5.91015 -0.997616 0.0568544 -0.0405602 114.144
-0.036341 0.0941031 0.994956 70.404 0.0609725 0.993929 -0.0917853 -5.97666 -0.997535 0.0573263 -0.0418547 114.11
-0.0377277 0.0943553 0.994881 71.1455 0.0622304 0.993845 -0.0919017 -6.05628 -0.997407 0.0584398 -0.0433632 114.073
-0.0377473 0.0958943 0.994733 71.9021 0.0646527 0.993553 -0.0933335 -6.12193 -0.997251 0.0607857 -0.0437004 114.028
-0.0401008 0.094032 0.994821 72.6203 0.0641111 0.993774 -0.0913541 -6.22025 -0.997197 0.0601105 -0.0458756 113.999
-0.0415211 0.0958796 0.994587 73.3745 0.0616398 0.993756 -0.0932326 -6.27447 -0.997293 0.0574318 -0.0471685 113.97
-0.0412209 0.0977499 0.994417 74.1379 0.0625211 0.993526 -0.0950762 -6.35743 -0.997252 0.0582478 -0.0470616 113.922
-0.0415046 0.0983832 0.994344 74.9046 0.0607644 0.993569 -0.0957768 -6.43688 -0.997348 0.0564421 -0.0472127 113.887
-0.0429796 0.0989478 0.994223 75.6626 0.0596799 0.993582 -0.0963097 -6.51062 -0.997353 0.0551908 -0.0486049 113.859
-0.0427733 0.0994651 0.994183 76.4282 0.0609214 0.993462 -0.0967786 -6.55749 -0.997286 0.056424 -0.0485499 113.821
-0.0437611 0.0975758 0.994325 77.2111 0.058834 0.993764 -0.0949372 -6.64431 -0.99737 0.0543406 -0.049225 113.79
-0.0449644 0.095971 0.994429 77.9964 0.0565468 0.994045 -0.0933838 -6.7251 -0.997448 0.0520293 -0.0501201 113.75
-0.0465879 0.0975149 0.994204 78.8053 0.0578364 0.993839 -0.094775 -6.78364 -0.997301 0.0530805 -0.0519367 113.712
-0.0475005 0.100611 0.993853 79.5907 0.0587051 0.993496 -0.0977762 -6.83332 -0.997206 0.0536962 -0.0530945 113.663
-0.0489652 0.105791 0.993245 80.3776 0.0579766 0.993021 -0.102915 -6.865 -0.99718 0.0525406 -0.0547527 113.616
-0.0508488 0.116619 0.991936 81.2067 0.0607529 0.991701 -0.113485 -6.86223 -0.99692 0.0544888 -0.0575081 113.6
-0.0512436 0.12273 0.991179 82.0018 0.0629315 0.990866 -0.119444 -6.92911 -0.996766 0.0562506 -0.0584947 113.559
-0.0513168 0.127552 0.990565 82.8273 0.0641887 0.990201 -0.124187 -7.0271 -0.99668 0.0572066 -0.0589977 113.496
-0.0506 0.128152 0.990525 83.6737 0.0664676 0.989988 -0.124694 -7.15042 -0.996569 0.0595233 -0.058607 113.454
-0.04843 0.128354 0.990607 84.4947 0.069756 0.989742 -0.124839 -7.24885 -0.996451 0.0630511 -0.0568829 113.383
-0.0484227 0.127091 0.990771 85.3471 0.0704577 0.989857 -0.123537 -7.36279 -0.996403 0.0638203 -0.0568818 113.343
-0.0470936 0.124939 0.991108 86.1661 0.0691992 0.990192 -0.121543 -7.48642 -0.996555 0.0628562 -0.0552735 113.297
-0.0456937 0.123435 0.991364 87.0119 0.0673261 0.990483 -0.120229 -7.59393 -0.996749 0.0612457 -0.053565 113.263
-0.0434275 0.121639 0.991687 87.8713 0.0678155 0.99065 -0.11855 -7.69511 -0.996816 0.0620996 -0.0512667 113.221
-0.0402029 0.120448 0.99197 88.7269 0.0695863 0.990657 -0.117476 -7.78095 -0.996831 0.0642993 -0.0482047 113.174
-0.0385682 0.121032 0.991963 89.5768 0.0677468 0.990691 -0.118251 -7.89372 -0.997022 0.0626377 -0.046405 113.142
-0.0373117 0.124901 0.991534 90.4253 0.0686887 0.990156 -0.122149 -8.01521 -0.997006 0.063544 -0.0455194 113.116
-0.0348911 0.129651 0.99101 91.2503 0.0681027 0.989573 -0.127074 -8.14856 -0.997133 0.063053 -0.0433532 113.069
-0.0334497 0.132168 0.990731 92.1278 0.0657096 0.989387 -0.129778 -8.28575 -0.997345 0.0607538 -0.0417751 113.044
-0.031529 0.128676 0.991251 92.9636 0.0639506 0.989926 -0.126479 -8.42013 -0.997521 0.0593995 -0.0394367 113.007
-0.0294744 0.125614 0.99171 93.8447 0.064614 0.990258 -0.123519 -8.55211 -0.997542 0.0604321 -0.0372995 112.974
-0.0277448 0.124596 0.991885 94.7098 0.0657121 0.990302 -0.122569 -8.66762 -0.997519 0.0617745 -0.0356597 112.936
-0.0250826 0.124193 0.99201 95.5865 0.066488 0.990285 -0.122304 -8.79526 -0.997539 0.0628832 -0.0330921 112.901
-0.0240575 0.124992 0.991932 96.4483 0.0664187 0.990181 -0.12317 -8.90668 -0.997568 0.0629161 -0.0321196 112.875
-0.0224065 0.123057 0.992219 97.2897 0.0691099 0.990234 -0.12126 -9.02369 -0.997425 0.0658493 -0.0306879 112.843
-0.0207821 0.123402 0.992206 98.1489 0.0712648 0.990032 -0.121649 -9.12984 -0.997308 0.0681777 -0.0293657 112.815
-0.0197586 0.125744 0.991939 98.9985 0.0730145 0.989615 -0.124004 -9.23237 -0.997203 0.0699701 -0.0287304 112.795
-0.0186644 0.129521 0.991469 99.8293 0.0740306 0.989051 -0.127821 -9.33224 -0.99715 0.0710098 -0.0280449 112.767
-0.0182493 0.13183 0.991178 100.694 0.0710699 0.988956 -0.130236 -9.44979 -0.997373 0.0680605 -0.0274127 112.756
-0.0181736 0.128382 0.991627 101.575 0.0663982 0.989709 -0.126926 -9.57166 -0.997697 0.0635322 -0.0265072 112.746
-0.0191261 0.127133 0.991776 102.433 0.0620823 0.990143 -0.125736 -9.69418 -0.997957 0.0591613 -0.0268262 112.743
-0.0204644 0.128565 0.991559 103.283 0.0588031 0.990158 -0.127179 -9.80933 -0.99813 0.0557007 -0.0278193 112.728
-0.0226218 0.13272 0.990971 104.128 0.0554806 0.989811 -0.131308 -9.94499 -0.998273 0.0520038 -0.0297505 112.72
-0.0227719 0.135514 0.990584 104.961 0.0547245 0.989477 -0.134114 -10.0607 -0.998312 0.0511518 -0.0299444 112.686
-0.0207495 0.137937 0.9903 105.808 0.054468 0.989145 -0.136645 -10.1563 -0.998371 0.0510986 -0.0280331 112.633
-0.0202599 0.138009 0.990296 106.645 0.0556408 0.989071 -0.13671 -10.2789 -0.998317 0.0523276 -0.0277136 112.603
-0.0202438 0.140148 0.99 107.501 0.0565635 0.988724 -0.138821 -10.3901 -0.998266 0.0531819 -0.0279385 112.575
-0.0236931 0.142989 0.989512 108.313 0.0543999 0.98846 -0.141545 -10.5284 -0.99831 0.0504725 -0.0311943 112.577
-0.0256445 0.146191 0.989002 109.131 0.0549872 0.987981 -0.144625 -10.6293 -0.99823 0.0506678 -0.0333703 112.577
-0.0269309 0.148271 0.988654 109.948 0.0555564 0.987656 -0.146619 -10.7345 -0.998166 0.050974 -0.0348317 112.561
-0.0278538 0.147842 0.988697 110.737 0.0553508 0.987737 -0.14615 -10.8549 -0.998152 0.0506484 -0.0356907 112.521
-0.0295328 0.149481 0.988398 111.539 0.0563772 0.987453 -0.147664 -10.9819 -0.998046 0.0513588 -0.0375853 112.476
-0.0322911 0.152666 0.987828 112.333 0.0560168 0.987012 -0.15072 -11.1078 -0.997982 0.0504621 -0.0404187 112.438
-0.0356942 0.154125 0.987481 113.126 0.0541375 0.986906 -0.15209 -11.2416 -0.997969 0.0480277 -0.0435663 112.408
-0.0382364 0.153791 0.987442 113.903 0.0551659 0.986928 -0.151586 -11.379 -0.997819 0.0486711 -0.0462156 112.369
-0.0406387 0.152876 0.987486 114.679 0.0565178 0.987019 -0.150489 -11.5057 -0.997649 0.0496915 -0.0487467 112.327
-0.0425698 0.153467 0.987315 115.46 0.0585873 0.986839 -0.150878 -11.6422 -0.997449 0.0514152 -0.0509956 112.283
-0.0446492 0.159051 0.986337 116.244 0.0549069 0.986167 -0.156549 -11.773 -0.997569 0.0471636 -0.0527598 112.256
-0.0464308 0.166084 0.985098 117.009 0.0524763 0.98515 -0.163631 -11.9128 -0.997618 0.044091 -0.0544515 112.222
-0.0466033 0.168246 0.984721 117.746 0.0574798 0.984556 -0.16551 -12.04 -0.997336 0.0488846 -0.0555495 112.149
-0.048696 0.166289 0.984955 118.521 0.0594643 0.984802 -0.163336 -12.1752 -0.997118 0.0506099 -0.0578389 112.094
-0.0522974 0.159045 0.985964 119.301 0.0587231 0.986042 -0.155955 -12.3132 -0.996981 0.0497391 -0.0609022 112.057
-0.0537862 0.157482 0.986137 120.064 0.0577813 0.986347 -0.154375 -12.4461 -0.996956 0.0486711 -0.062146 112.004
-0.0529141 0.163904 0.985136 120.833 0.0567327 0.985363 -0.160907 -12.5319 -0.997064 0.0473714 -0.0614335 111.919
-0.0551572 0.168097 0.984309 121.583 0.0548828 0.984773 -0.165113 -12.6609 -0.997045 0.0449088 -0.0635376 111.868
-0.0559935 0.173199 0.983373 122.343 0.0561961 0.983849 -0.170095 -12.7597 -0.996927 0.0457336 -0.0648173 111.811
-0.0566216 0.177618 0.982552 123.076 0.0605214 0.982874 -0.174201 -12.892 -0.996637 0.0495959 -0.0663962 111.746
-0.0589261 0.184192 0.981202 123.802 0.0618534 0.98164 -0.180572 -13.0023 -0.996423 0.0500462 -0.069232 111.708
-0.0630075 0.189831 0.979876 124.546 0.0614747 0.980643 -0.186039 -13.0975 -0.996195 0.0485098 -0.0734521 111.683
-0.0653064 0.187851 0.980105 125.278 0.0618847 0.981018 -0.183915 -13.2425 -0.996024 0.0486386 -0.0756865 111.63
-0.0690041 0.183838 0.980615 125.974 0.0661746 0.981578 -0.179375 -13.3875 -0.995496 0.0525083 -0.0798927 111.562
-0.0740958 0.182025 0.98058 126.699 0.0690248 0.981804 -0.177049 -13.5411 -0.99494 0.0545614 -0.0853062 111.492
-0.0791972 0.181065 0.980361 127.438 0.0680661 0.982079 -0.175896 -13.6902 -0.99461 0.0527929 -0.0900963 111.412
-0.0885193 0.180735 0.979623 128.176 0.0681713 0.98222 -0.175067 -13.8467 -0.99382 0.0512813 -0.0992601 111.352
-0.0994752 0.181459 0.97844 128.893 0.0685977 0.982168 -0.17519 -13.9879 -0.99275 0.0496855 -0.110143 111.276
-0.109348 0.183018 0.977092 129.614 0.0707437 0.98187 -0.176008 -14.1192 -0.991563 0.0498732 -0.120306 111.156
-0.122135 0.183835 0.975427 130.31 0.0731949 0.981715 -0.175869 -14.2541 -0.98989 0.0499101 -0.13335 111.061
-0.133694 0.18415 0.973846 131.015 0.0777765 0.981529 -0.174938 -14.3833 -0.988047 0.0523502 -0.145539 110.947
-0.144693 0.185772 0.971968 131.72 0.0828931 0.981066 -0.175185 -14.4893 -0.986078 0.0552147 -0.157345 110.834
-0.154316 0.185724 0.970492 132.427 0.0879062 0.980886 -0.173748 -14.6247 -0.984185 0.058496 -0.167684 110.703
-0.161554 0.184984 0.96946 133.136 0.0950461 0.98065 -0.171295 -14.7759 -0.982358 0.0644627 -0.176001 110.554
-0.167915 0.183063 0.968739 133.844 0.101047 0.980652 -0.167814 -14.9368 -0.980692 0.0697044 -0.183155 110.398
-0.174496 0.183607 0.967477 134.558 0.102133 0.980562 -0.167684 -15.0686 -0.979429 0.0695435 -0.189848 110.261
-0.178691 0.181423 0.96712 135.276 0.106012 0.980707 -0.164399 -15.2003 -0.978261 0.0731447 -0.194467 110.116
-0.178695 0.178239 0.967715 135.946 0.112192 0.980756 -0.159939 -15.3234 -0.977571 0.0799812 -0.195244 109.948
-0.177743 0.176532 0.9682 136.647 0.118709 0.980468 -0.15699 -15.4435 -0.976975 0.0870246 -0.195218 109.782
-0.178157 0.174653 0.968469 137.313 0.121438 0.980526 -0.154504 -15.5688 -0.976563 0.0900741 -0.195889 109.638
-0.176927 0.180547 0.96761 138.018 0.123974 0.979316 -0.160076 -15.6876 -0.976469 0.0916305 -0.195641 109.496
-0.175837 0.184423 0.96708 138.674 0.122123 0.978818 -0.164473 -15.7966 -0.976898 0.0891737 -0.194626 109.362
-0.173671 0.184799 0.967397 139.35 0.12413 0.978537 -0.164657 -15.91 -0.977033 0.0914806 -0.192873 109.212
-0.1703 0.183788 0.968192 140.012 0.125633 0.97851 -0.163664 -16.0196 -0.977434 0.0937561 -0.189721 109.059
-0.166771 0.180224 0.969473 140.666 0.126333 0.978983 -0.160274 -16.1534 -0.977954 0.0957413 -0.186025 108.905
-0.164362 0.180056 0.969918 141.341 0.126783 0.978925 -0.160259 -16.2874 -0.978302 0.09662 -0.183718 108.773
-0.162172 0.182737 0.969784 141.979 0.126906 0.978432 -0.163159 -16.4005 -0.978654 0.0966057 -0.181855 108.655
-0.159174 0.185239 0.969808 142.615 0.127651 0.977881 -0.165845 -16.509 -0.979047 0.0973897 -0.17929 108.56
-0.154148 0.183911 0.970871 143.242 0.127743 0.978015 -0.164997 -16.632 -0.979842 0.0985816 -0.174243 108.445
-0.14781 0.181376 0.972335 143.884 0.127154 0.978392 -0.163193 -16.7625 -0.980892 0.0995057 -0.16767 108.326
-0.143705 0.178723 0.97344 144.509 0.124583 0.979028 -0.161373 -16.8954 -0.981834 0.0980778 -0.162948 108.226
-0.139338 0.178805 0.974062 145.143 0.124454 0.978952 -0.161917 -17.0063 -0.982479 0.0986558 -0.15865 108.13
-0.136242 0.177188 0.974793 145.772 0.124431 0.979174 -0.160608 -17.1263 -0.982918 0.0994062 -0.155442 108.045
-0.130126 0.175849 0.975873 146.364 0.132507 0.978428 -0.158658 -17.2379 -0.982689 0.108655 -0.150612 107.964
-0.126408 0.174385 0.976622 146.98 0.133249 0.978519 -0.157492 -17.3465 -0.983076 0.110219 -0.146919 107.874
-0.123598 0.173636 0.977117 147.581 0.130949 0.978842 -0.157395 -17.4526 -0.98374 0.108489 -0.143713 107.792
-0.120043 0.174885 0.977337 148.197 0.12729 0.978979 -0.15956 -17.5725 -0.984664 0.105244 -0.139771 107.709
-0.114439 0.178704 0.97732 148.79 0.128194 0.978147 -0.163861 -17.6714 -0.98521 0.106525 -0.13484 107.626
-0.107958 0.182766 0.977305 149.384 0.129717 0.977173 -0.168428 -17.7677 -0.985746 0.108584 -0.129192 107.543
-0.10119 0.184788 0.977651 149.963 0.127889 0.97689 -0.171425 -17.8643 -0.986699 0.107675 -0.122477 107.476
-0.091951 0.182729 0.978948 150.547 0.123377 0.977565 -0.170898 -17.9907 -0.98818 0.105059 -0.112424 107.405
-0.0834203 0.180805 0.980071 151.141 0.121423 0.977946 -0.170096 -18.1105 -0.989176 0.104804 -0.103528 107.391
-0.0745355 0.179535 0.981018 151.701 0.121984 0.977945 -0.169721 -18.2246 -0.989819 0.107012 -0.0947845 107.408
-0.0630477 0.175646 0.982529 152.26 0.118317 0.978791 -0.167403 -18.3762 -0.991059 0.105686 -0.0824866 107.392
-0.0490832 0.175304 0.983384 152.831 0.115975 0.978848 -0.168723 -18.4854 -0.992128 0.10576 -0.0683695 107.391
-0.0299951 0.174703 0.98426 153.409 0.112055 0.979016 -0.170374 -18.5979 -0.993336 0.105171 -0.0489371 107.368
-0.00940479 0.171722 0.985197 153.956 0.106784 0.979714 -0.169764 -18.7335 -0.994328 0.103599 -0.0275463 107.363
0.0119876 0.170666 0.985352 154.51 0.100098 0.9802 -0.171008 -18.8541 -0.994992 0.100672 -0.00532959 107.38
0.0344266 0.171618 0.984659 155.08 0.0903482 0.980609 -0.174088 -18.977 -0.995405 0.0949483 0.0182567 107.401
0.0563565 0.174503 0.983138 155.644 0.0816753 0.980528 -0.178739 -19.08 -0.995152 0.090362 0.0410085 107.433
0.075581 0.17529 0.981709 156.198 0.0719084 0.980937 -0.180705 -19.1955 -0.994635 0.0842442 0.0615368 107.481
0.0883301 0.175509 0.980603 156.759 0.0619639 0.981507 -0.18127 -19.3088 -0.99425 0.0767648 0.0758222 107.563
0.0973128 0.175899 0.979686 157.31 0.052269 0.982029 -0.181529 -19.4106 -0.993973 0.068866 0.0863701 107.629
0.0991898 0.17783 0.979146 157.87 0.0467145 0.982011 -0.183101 -19.5077 -0.99406 0.0638938 0.0890985 107.708
0.0941666 0.17512 0.980133 158.422 0.0418169 0.982876 -0.179645 -19.6206 -0.994771 0.0578968 0.0852312 107.755
0.0827588 0.171576 0.981786 158.969 0.0400807 0.983724 -0.175311 -19.7376 -0.995852 0.0538511 0.0745356 107.784
0.0703089 0.171362 0.982796 159.52 0.0432169 0.983716 -0.174633 -19.8304 -0.996682 0.0547458 0.0617596 107.813
0.0587688 0.169874 0.98381 160.056 0.0455683 0.983958 -0.17264 -19.9426 -0.99732 0.0549684 0.0500865 107.825
0.0424551 0.169159 0.984774 160.574 0.0486563 0.984072 -0.171155 -20.0464 -0.998006 0.0551759 0.0335507 107.867
0.0302243 0.171683 0.984788 161.119 0.0548395 0.983396 -0.173143 -20.1161 -0.998128 0.05923 0.0203102 107.879
0.00985933 0.172661 0.985034 161.642 0.05802 0.983251 -0.172949 -20.197 -0.998361 0.0588513 -0.000318662 107.915
-0.00574944 0.174264 0.984782 162.159 0.0606198 0.982974 -0.173609 -20.2833 -0.998236 0.0586905 -0.0162113 107.904
-0.0207434 0.170139 0.985304 162.674 0.0565298 0.984065 -0.168756 -20.4229 -0.99828 0.0521932 -0.0300245 107.87
-0.03473 0.167147 0.985421 163.187 0.0574655 0.984644 -0.165009 -20.5299 -0.997836 0.0508881 -0.0437966 107.836
-0.0458187 0.162825 0.985693 163.695 0.0601699 0.985313 -0.159986 -20.648 -0.99723 0.0519733 -0.0549356 107.773
-0.0589249 0.16203 0.985126 164.208 0.0621914 0.985444 -0.158382 -20.7383 -0.996416 0.0519246 -0.068138 107.731
-0.0712861 0.162139 0.984293 164.712 0.0660061 0.985331 -0.157551 -20.818 -0.995365 0.0537324 -0.0809343 107.688
-0.0812595 0.16368 0.983264 165.205 0.074136 0.984708 -0.157814 -20.8936 -0.994026 0.0600616 -0.0921445 107.636
-0.0905855 0.166403 0.981993 165.692 0.0789058 0.984069 -0.159498 -20.9823 -0.992854 0.0630305 -0.102263 107.577
-0.0980836 0.165967 0.981345 166.183 0.0782799 0.984253 -0.158655 -21.0882 -0.99219 0.0612487 -0.109523 107.517
-0.101599 0.166652 0.980873 166.665 0.0820943 0.983937 -0.158692 -21.1568 -0.991529 0.0643949 -0.113639 107.445
-0.104903 0.164838 0.980831 167.154 0.0800689 0.984391 -0.156894 -21.2566 -0.991352 0.0620657 -0.116455 107.389
-0.108088 0.162891 0.980811 167.615 0.08042 0.984711 -0.154699 -21.3556 -0.990981 0.0621495 -0.119525 107.343
-0.107799 0.162214 0.980955 168.087 0.0821576 0.984703 -0.153827 -21.4395 -0.990871 0.0640006 -0.119469 107.281
-0.108514 0.163924 0.980592 168.551 0.0848936 0.984262 -0.155165 -21.5074 -0.990561 0.0664021 -0.120712 107.22
-0.111291 0.164851 0.980126 169.033 0.0851467 0.984128 -0.155877 -21.5877 -0.990233 0.0660967 -0.123552 107.161
-0.113149 0.16787 0.9794 169.491 0.0856713 0.983628 -0.158719 -21.6636 -0.989976 0.0659411 -0.125667 107.092
-0.116624 0.170039 0.97862 169.972 0.0868287 0.983235 -0.160515 -21.7352 -0.989474 0.0662422 -0.129423 107.021
-0.122835 0.169504 0.977951 170.474 0.0863542 0.983422 -0.159629 -21.8182 -0.988762 0.0648358 -0.135425 106.966
-0.128763 0.168536 0.977359 170.955 0.0860351 0.983663 -0.15831 -21.9078 -0.988038 0.0636923 -0.141149 106.901
-0.134999 0.168666 0.976493 171.449 0.089002 0.983514 -0.157597 -21.9976 -0.98694 0.0656282 -0.147773 106.829
-0.13968 0.17023 0.975565 171.95 0.0931048 0.983034 -0.158224 -22.0742 -0.985912 0.0687185 -0.153148 106.742
-0.145668 0.171798 0.974413 172.469 0.0930045 0.982853 -0.159405 -22.1618 -0.985054 0.0673981 -0.159135 106.656
-0.150263 0.174148 0.9733 172.99 0.0937549 0.982467 -0.161336 -22.2371 -0.984294 0.0669981 -0.163944 106.561
-0.155859 0.176388 0.972017 173.51 0.0990398 0.981791 -0.162305 -22.3107 -0.982906 0.0709649 -0.170477 106.477
-0.161087 0.17691 0.971068 173.846 0.104762 0.98134 -0.161425 -22.3654 -0.981469 0.0757166 -0.176603 106.398
-0.165062 0.178029 0.970199 174.187 0.108664 0.980901 -0.161529 -22.4113 -0.980384 0.0787562 -0.181241 106.314
-0.17021 0.175057 0.969848 174.358 0.109045 0.981426 -0.158032 -22.4734 -0.979461 0.0788468 -0.186125 106.251
-0.174347 0.175092 0.96911 174.902 0.112312 0.98121 -0.157097 -22.5465 -0.978364 0.0814453 -0.190723 106.152
-0.177269 0.171466 0.969225 175.246 0.113247 0.981749 -0.152992 -22.6016 -0.977731 0.0826298 -0.193439 106.068
-0.179532 0.17026 0.969028 175.811 0.117526 0.981601 -0.15072 -22.685 -0.976815 0.0868192 -0.196225 105.951
-0.180096 0.169835 0.968992 176.344 0.12097 0.98136 -0.149542 -22.7621 -0.976289 0.0902748 -0.197271 105.834
-0.181623 0.169038 0.968853 176.891 0.120712 0.981531 -0.148646 -22.8434 -0.976041 0.0899464 -0.19866 105.722
-0.18123 0.172216 0.968362 177.436 0.121947 0.980916 -0.151649 -22.9149 -0.975958 0.0905935 -0.19876 105.613
-0.180243 0.175505 0.967965 177.977 0.12404 0.980189 -0.15465 -22.9648 -0.975881 0.0921839 -0.198428 105.51
-0.178271 0.17749 0.96796 178.507 0.12605 0.979645 -0.156441 -23.036 -0.975982 0.0941109 -0.197002 105.401
-0.176668 0.178034 0.968164 179.001 0.125264 0.979609 -0.157308 -23.1076 -0.97638 0.0934762 -0.195353 105.307
-0.176968 0.176362 0.968406 179.163 0.126877 0.979727 -0.155261 -23.1754 -0.976112 0.0953791 -0.195744 105.258
-0.17946 0.175998 0.968022 179.309 0.127518 0.979761 -0.154519 -23.1988 -0.975579 0.0957008 -0.198257 105.227
-0.176385 0.179726 0.967896 179.825 0.129448 0.978921 -0.158206 -23.2582 -0.975881 0.0973743 -0.195919 105.13
-0.178307 0.185545 0.966452 180.071 0.126314 0.978288 -0.164539 -23.2072 -0.97595 0.0927285 -0.197857 105.097
-0.175278 0.188534 0.966423 180.631 0.125877 0.977766 -0.167941 -23.2661 -0.97655 0.0922011 -0.195099 105.023
-0.170641 0.190193 0.966934 181.179 0.125668 0.97742 -0.170105 -23.3403 -0.977404 0.0924767 -0.190673 104.899
-0.166772 0.190162 0.967609 181.716 0.124156 0.977504 -0.170731 -23.4197 -0.978259 0.0916479 -0.186617 104.816
-0.162233 0.188473 0.968717 182.239 0.124052 0.977735 -0.16948 -23.4965 -0.979041 0.0926664 -0.181986 104.742
-0.155949 0.185516 0.970311 182.741 0.125132 0.978039 -0.166906 -23.5755 -0.979917 0.0953748 -0.175726 104.656
-0.148774 0.18437 0.971665 183.192 0.124753 0.978155 -0.166527 -23.6295 -0.981088 0.0964331 -0.168511 104.586
-0.140056 0.184146 0.972993 183.644 0.123121 0.978204 -0.167433 -23.6995 -0.982569 0.0963328 -0.159664 104.533
-0.129717 0.183161 0.97462 184.065 0.120222 0.978486 -0.167913 -23.7824 -0.984354 0.095379 -0.148933 104.491
-0.116942 0.184303 0.976012 184.433 0.116781 0.978403 -0.170785 -23.8499 -0.986358 0.0939939 -0.135929 104.464
-0.101179 0.186187 0.977424 184.838 0.112306 0.97823 -0.174743 -23.9254 -0.988626 0.0920803 -0.119874 104.426
-0.082187 0.190158 0.978433 185.233 0.109569 0.977441 -0.180785 -24.0058 -0.990685 0.0923342 -0.101159 104.402
-0.0571002 0.193281 0.979613 185.62 0.106248 0.976726 -0.186546 -24.0829 -0.992815 0.0934198 -0.0762976 104.349
-0.0307982 0.194022 0.980639 186.01 0.101299 0.976573 -0.19006 -24.1573 -0.994488 0.0934708 -0.0497246 104.337
-0.00304744 0.192036 0.981516 186.401 0.0926682 0.977259 -0.190943 -24.2378 -0.995809 0.0903632 -0.0207675 104.351
0.0269066 0.189999 0.981541 186.785 0.0828651 0.978008 -0.191609 -24.3239 -0.996307 0.086478 0.0105737 104.38
0.0577325 0.189615 0.980293 187.168 0.0711265 0.978561 -0.193497 -24.4011 -0.995911 0.0808862 0.043011 104.419
0.0874829 0.186453 0.978687 187.526 0.0603709 0.97957 -0.19204 -24.4975 -0.994444 0.075872 0.0744388 104.481
0.11611 0.182834 0.976397 187.892 0.0500111 0.980628 -0.189602 -24.5846 -0.992093 0.0708363 0.104717 104.553
0.146849 0.178969 0.97296 188.263 0.0411487 0.98158 -0.186788 -24.668 -0.988412 0.0674536 0.136775 104.636
0.17755 0.176911 0.968214 188.62 0.0358451 0.981934 -0.186019 -24.7369 -0.983576 0.0677243 0.167996 104.718
0.208787 0.176134 0.962097 188.961 0.028471 0.982176 -0.186011 -24.8026 -0.977657 0.0662168 0.200043 104.814
0.240043 0.177157 0.954597 189.304 0.0211817 0.982058 -0.187608 -24.8637 -0.97065 0.065245 0.231976 104.947
0.272989 0.179647 0.945225 189.671 0.0122242 0.981724 -0.190137 -24.9286 -0.962052 0.0634483 0.265792 105.092
0.308619 0.18205 0.933742 190.01 0.00483768 0.981242 -0.19294 -25.0081 -0.951295 0.0640532 0.301938 105.243
0.343081 0.189242 0.920179 190.362 -0.00625817 0.979975 -0.19923 -25.0365 -0.939402 0.062582 0.337379 105.421
0.38236 0.190191 0.904374 190.709 -0.0152603 0.979795 -0.199632 -25.1177 -0.924014 0.062521 0.37752 105.592
0.420177 0.19604 0.886155 191.047 -0.0311062 0.978966 -0.201848 -25.1914 -0.907031 0.0572358 0.417416 105.802
0.459792 0.204224 0.864377 191.39 -0.0477868 0.977518 -0.205569 -25.2438 -0.886873 0.0532045 0.459194 106.012
0.500572 0.207992 0.840489 191.714 -0.0592346 0.976706 -0.206449 -25.3242 -0.863796 0.0535458 0.501207 106.245
0.541349 0.20905 0.814557 192.035 -0.0668159 0.976273 -0.206184 -25.4191 -0.838282 0.0571826 0.542446 106.488
0.581651 0.209758 0.786091 192.378 -0.0723256 0.975734 -0.206875 -25.5017 -0.810358 0.0634634 0.582677 106.773
0.622059 0.208802 0.754791 192.697 -0.077992 0.97556 -0.205636 -25.5676 -0.779232 0.0690401 0.62311 107.027
0.658406 0.208261 0.723454 193.017 -0.0879589 0.975707 -0.200858 -25.6559 -0.74766 0.0686006 0.660695 107.356
0.692262 0.208723 0.690996 193.3 -0.101554 0.975955 -0.1931 -25.7502 -0.714638 0.0634921 0.696776 107.701
0.724458 0.210829 0.656482 193.58 -0.114868 0.975736 -0.186629 -25.8409 -0.679853 0.0597854 0.731058 108.092
0.755665 0.211777 0.61999 193.87 -0.124827 0.97555 -0.181134 -25.9255 -0.643148 0.059475 0.763584 108.497
0.784558 0.21166 0.583034 194.149 -0.132415 0.975491 -0.17599 -26.0075 -0.60595 0.0608613 0.793312 108.918
0.811268 0.210874 0.545568 194.421 -0.13959 0.975626 -0.169583 -26.0956 -0.567992 0.061411 0.820884 109.358
0.834268 0.208633 0.510617 194.663 -0.144621 0.976086 -0.162575 -26.1903 -0.532283 0.0617748 0.844442 109.846
0.853188 0.209927 0.477776 194.884 -0.152057 0.975823 -0.157286 -26.2567 -0.499208 0.0615346 0.864432 110.37
0.870956 0.210499 0.444281 195.156 -0.158951 0.975755 -0.150757 -26.3503 -0.465206 0.0606735 0.883248 110.935
0.885737 0.21041 0.41409 195.404 -0.164525 0.975851 -0.144009 -26.4393 -0.434358 0.0594145 0.898912 111.508
0.898198 0.209166 0.386972 195.642 -0.168551 0.976241 -0.136513 -26.5268 -0.406297 0.0573815 0.912061 112.099
0.907928 0.208218 0.364124 195.862 -0.172611 0.976662 -0.128172 -26.6206 -0.382284 0.0535085 0.922624 112.727
0.916023 0.205052 0.345128 196.059 -0.173651 0.977523 -0.119946 -26.7218 -0.361934 0.0499323 0.930987 113.335
0.923019 0.201885 0.327955 196.268 -0.173067 0.978201 -0.115167 -26.8056 -0.344029 0.0495315 0.937781 113.986
0.929603 0.19726 0.311747 196.469 -0.170337 0.979087 -0.111661 -26.8929 -0.327223 0.0506889 0.943707 114.666
0.935809 0.19309 0.295388 196.653 -0.16801 0.97986 -0.108353 -26.9766 -0.310335 0.0517586 0.949345 115.331
0.940996 0.191316 0.279616 196.847 -0.167852 0.980162 -0.10584 -27.0513 -0.294289 0.0526512 0.954385 116.075
0.945605 0.191154 0.26376 197.031 -0.168946 0.980094 -0.104724 -27.1294 -0.278504 0.0544546 0.959017 116.834
0.950148 0.191354 0.246704 197.217 -0.170571 0.979967 -0.103259 -27.1976 -0.261495 0.0560203 0.963696 117.586
0.953361 0.192789 0.23284 197.394 -0.17309 0.979604 -0.102518 -27.2646 -0.247833 0.0574222 0.967226 118.363
0.955118 0.195185 0.223404 197.575 -0.177001 0.979273 -0.0989407 -27.3626 -0.238061 0.0549476 0.969812 119.159
0.955664 0.198103 0.218496 197.749 -0.180749 0.978782 -0.0970032 -27.4585 -0.233055 0.0531976 0.971133 119.947
0.95569 0.20071 0.21594 197.938 -0.184037 0.978369 -0.0949661 -27.5597 -0.230306 0.0510075 0.971897 120.766
0.955881 0.198929 0.216792 198.092 -0.182289 0.978743 -0.0944852 -27.6497 -0.230958 0.0507858 0.971763 121.59
0.956693 0.196489 0.215382 198.287 -0.180035 0.97923 -0.0937494 -27.7467 -0.229306 0.0509034 0.972139 122.425
0.957314 0.194312 0.214646 198.479 -0.177432 0.979533 -0.0955382 -27.8426 -0.228795 0.053363 0.972137 123.275
0.957599 0.193111 0.214412 198.67 -0.17624 0.97976 -0.0954107 -27.9508 -0.228473 0.0535674 0.972192 124.13
0.957586 0.192023 0.215493 198.854 -0.175274 0.980018 -0.094557 -28.0543 -0.229322 0.0527642 0.972047 125.006
0.958337 0.190556 0.213398 199.08 -0.174616 0.980432 -0.0914167 -28.1749 -0.226618 0.0503356 0.972799 125.834
0.957742 0.188743 0.217692 199.242 -0.17307 0.980913 -0.0891842 -28.2684 -0.230348 0.0477281 0.972067 126.737
0.95817 0.184978 0.218994 199.432 -0.169313 0.981634 -0.0884646 -28.3628 -0.231311 0.0476762 0.971831 127.597
0.957995 0.185546 0.219328 199.614 -0.16993 0.981545 -0.0882757 -28.4574 -0.231637 0.0472857 0.971784 128.512
0.958393 0.183359 0.219379 199.82 -0.16746 0.981886 -0.0891943 -28.5589 -0.231735 0.0487363 0.971676 129.385
0.958837 0.181277 0.21922 200.018 -0.165929 0.982367 -0.0867295 -28.6676 -0.231054 0.0467729 0.971947 130.244
0.959494 0.178597 0.218493 200.243 -0.163901 0.982962 -0.0838218 -28.764 -0.229716 0.0446058 0.972355 131.115
0.959716 0.178023 0.218036 200.449 -0.163786 0.983138 -0.0819287 -28.8615 -0.228922 0.0429057 0.972629 132.013
0.960249 0.176057 0.217235 200.659 -0.161849 0.983478 -0.0817296 -28.9549 -0.228009 0.0433121 0.972816 132.928
0.961244 0.174074 0.214464 200.878 -0.159952 0.983785 -0.0817351 -29.0567 -0.225192 0.044252 0.97344 133.799
0.961332 0.174678 0.213523 201.063 -0.160309 0.983621 -0.0830288 -29.1472 -0.224504 0.0455792 0.973528 134.673
0.961387 0.174178 0.21374 201.238 -0.159417 0.983626 -0.0846583 -29.2357 -0.224963 0.0473039 0.97335 135.572
0.961842 0.174155 0.211651 201.44 -0.159459 0.983607 -0.0848031 -29.333 -0.222925 0.0478077 0.973784 136.469
0.962135 0.173779 0.21067 201.629 -0.159052 0.983643 -0.0851422 -29.4194 -0.221997 0.0483991 0.973976 137.379
0.962757 0.173133 0.208305 201.841 -0.158783 0.983792 -0.0839134 -29.5132 -0.219432 0.0477029 0.974583 138.295
0.962996 0.173233 0.207158 202.027 -0.159229 0.983827 -0.0826622 -29.6171 -0.218104 0.046606 0.974944 139.217
0.963528 0.172895 0.204913 202.234 -0.159081 0.983885 -0.082245 -29.7108 -0.215806 0.0466377 0.975444 140.144
0.963951 0.173169 0.202726 202.413 -0.159341 0.983793 -0.0828424 -29.7941 -0.213764 0.0475413 0.97586 141.044
0.964577 0.17294 0.199879 202.608 -0.159441 0.983852 -0.0819405 -29.8949 -0.210797 0.0471594 0.976515 141.93
0.964935 0.171229 0.199668 202.76 -0.158114 0.984222 -0.0800655 -29.9862 -0.210205 0.0456757 0.976722 142.829
0.965355 0.170072 0.198587 202.931 -0.157429 0.984498 -0.0779749 -30.0864 -0.208745 0.0440002 0.977105 143.753
0.966087 0.168742 0.196191 203.122 -0.156099 0.984678 -0.0783961 -30.1598 -0.206391 0.0451001 0.977564 144.687
0.966748 0.168221 0.193332 203.306 -0.155771 0.984756 -0.0780528 -30.2491 -0.203491 0.0453317 0.978154 145.578
0.967654 0.166093 0.190657 203.493 -0.153908 0.985117 -0.0772043 -30.3426 -0.20062 0.0453511 0.978754 146.477
0.968016 0.166686 0.18825 203.656 -0.154519 0.98498 -0.0777178 -30.4236 -0.198353 0.0461336 0.979172 147.357
0.96874 0.165973 0.185168 203.831 -0.153862 0.985051 -0.0781364 -30.5081 -0.195347 0.0471911 0.979733 148.236
0.969452 0.164114 0.183048 203.985 -0.152041 0.98532 -0.0783031 -30.5648 -0.193187 0.0480698 0.980112 149.082
0.969894 0.163531 0.18126 204.127 -0.152131 0.985543 -0.0752762 -30.624 -0.190927 0.0454223 0.980689 149.935
0.970289 0.163156 0.179438 204.271 -0.152419 0.985727 -0.072226 -30.7086 -0.188637 0.0427199 0.981246 150.783
0.97112 0.161811 0.176174 204.416 -0.150907 0.985843 -0.0737979 -30.79 -0.185599 0.0450683 0.981729 151.603
0.9714 0.163604 0.172896 204.556 -0.152064 0.985329 -0.078153 -30.8627 -0.183121 0.0496159 0.981967 152.412
0.971544 0.165227 0.170589 204.665 -0.153174 0.984868 -0.0817278 -30.9335 -0.181489 0.0532592 0.982089 153.169
0.97183 0.167455 0.166684 204.811 -0.155264 0.984364 -0.0838166 -30.9918 -0.178089 0.0555646 0.982574 153.972
0.972037 0.167829 0.165158 204.923 -0.155793 0.984309 -0.083486 -31.041 -0.176556 0.0554075 0.982869 154.708
0.972688 0.167343 0.161721 205.043 -0.155973 0.984507 -0.0807668 -31.1096 -0.172708 0.053326 0.983658 155.451
0.973235 0.166896 0.158933 205.124 -0.156124 0.984693 -0.0781832 -31.1662 -0.169527 0.0512643 0.98433 156.12
0.973475 0.169461 0.154631 205.222 -0.159077 0.984283 -0.0773761 -31.2056 -0.165291 0.0507147 0.98507 156.823
0.973842 0.170374 0.151349 205.311 -0.160029 0.984059 -0.0782649 -31.2556 -0.16225 0.0519839 0.985519 157.478
0.973974 0.172393 0.148117 205.38 -0.161946 0.983601 -0.0800663 -31.3075 -0.159469 0.0539844 0.985857 158.139
0.974328 0.172845 0.145304 205.458 -0.162492 0.983474 -0.0805129 -31.3777 -0.156799 0.0548213 0.986249 158.779
0.973708 0.175965 0.145646 205.49 -0.16521 0.982809 -0.083064 -31.4414 -0.157737 0.0568066 0.985978 159.374
0.973483 0.176645 0.146393 205.553 -0.165849 0.982697 -0.0831175 -31.5154 -0.158522 0.0566203 0.985873 159.946
0.973543 0.177519 0.144864 205.617 -0.166486 0.982413 -0.0851841 -31.5612 -0.157415 0.0588014 0.985913 160.51
0.973766 0.178436 0.142276 205.704 -0.16705 0.982023 -0.0885003 -31.6099 -0.15549 0.0623971 0.986007 161.047
0.973948 0.178259 0.141186 205.778 -0.166307 0.98178 -0.0925143 -31.6379 -0.155083 0.0666122 0.985786 161.566
0.973718 0.179869 0.140804 205.836 -0.167993 0.981513 -0.0922986 -31.6824 -0.154782 0.0662039 0.985871 162.048
0.973688 0.181142 0.139296 205.894 -0.169459 0.981312 -0.0917592 -31.726 -0.153292 0.0657283 0.986126 162.559
0.974133 0.179722 0.138097 205.931 -0.168175 0.981571 -0.0913532 -31.7751 -0.15195 0.0657508 0.986343 163.023
0.974925 0.178839 0.1335 205.992 -0.167546 0.981649 -0.0916626 -31.8242 -0.147421 0.0669851 0.986936 163.512
0.976178 0.177551 0.125935 206.061 -0.166984 0.981882 -0.0901911 -31.8785 -0.139647 0.0669985 0.988077 163.969
0.977971 0.174395 0.11595 206.097 -0.16483 0.982474 -0.0876604 -31.9304 -0.129185 0.0666056 0.989515 164.414
0.979717 0.172946 0.102722 206.115 -0.164575 0.982732 -0.085219 -31.9764 -0.115668 0.06657 0.991199 164.861
0.981184 0.173551 0.0862726 206.113 -0.16637 0.982486 -0.0845653 -32.0074 -0.0994191 0.0686091 0.992812 165.32
0.982402 0.175529 0.0662155 206.086 -0.169898 0.982018 -0.0829804 -32.0325 -0.0795745 0.0702548 0.994494 165.761
0.983496 0.176635 0.042703 206.05 -0.172965 0.981862 -0.0783551 -32.0605 -0.0557527 0.0696638 0.996146 166.181
0.984148 0.177599 0.0147982 206.012 -0.176095 0.981721 -0.0729688 -32.082 -0.0274744 0.0691909 0.997369 166.627
0.984009 0.178199 -0.0161394 205.946 -0.178889 0.98173 -0.0656866 -32.101 0.00415125 0.0675115 0.997844 167.054
0.982493 0.180547 -0.04917 205.861 -0.183306 0.981361 -0.0586581 -32.1094 0.0376713 0.0666292 0.99721 167.459
0.979701 0.182957 -0.0836686 205.756 -0.187563 0.980994 -0.0508076 -32.122 0.0727902 0.0654577 0.995332 167.867
0.97457 0.188115 -0.123022 205.644 -0.194583 0.980014 -0.0426701 -32.1231 0.11254 0.0655079 0.99163 168.278
0.967925 0.192588 -0.162235 205.502 -0.200607 0.979124 -0.0343967 -32.1223 0.152226 0.0658274 0.986288 168.65
0.958949 0.197855 -0.203907 205.356 -0.207236 0.978016 -0.0254704 -32.1108 0.194383 0.0666667 0.978805 169.015
0.949033 0.199289 -0.244763 205.19 -0.209253 0.977801 -0.015107 -32.0963 0.236316 0.0655432 0.969602 169.384
0.935164 0.207481 -0.287622 205.009 -0.217469 0.97612 -0.0028246 -32.0761 0.28016 0.0651755 0.957888 169.748
0.919704 0.207825 -0.333527 204.814 -0.216601 0.976253 0.0111121 -32.0632 0.327907 0.0620117 0.942815 170.1
0.900265 0.211338 -0.381008 204.621 -0.217975 0.97566 0.0262184 -32.0605 0.377261 0.0594322 0.924354 170.44
0.877527 0.217001 -0.427953 204.41 -0.220402 0.974549 0.042283 -32.0521 0.42622 0.0572066 0.902958 170.767
0.851623 0.221809 -0.475233 204.176 -0.220927 0.973588 0.0585675 -32.0468 0.475651 0.0551006 0.87807 171.078
0.820785 0.228062 -0.524011 203.939 -0.222921 0.972084 0.0739502 -32.0367 0.526225 0.0561056 0.848652 171.381
0.786511 0.235245 -0.571284 203.696 -0.22436 0.97033 0.090732 -32.0252 0.575651 0.0567978 0.815896 171.669
0.75039 0.239408 -0.61635 203.438 -0.223387 0.969166 0.104526 -32.0086 0.622339 0.0592385 0.780676 171.938
0.713198 0.240636 -0.658596 203.157 -0.215931 0.96903 0.120274 -31.9746 0.667108 0.0564183 0.743015 172.184
0.674781 0.240539 -0.697926 202.868 -0.206078 0.969257 0.134845 -31.9208 0.708868 0.0528261 0.703552 172.406
0.63396 0.241791 -0.734806 202.564 -0.19888 0.968951 0.147291 -31.8559 0.747563 0.052748 0.66231 172.612
0.591762 0.242067 -0.769098 202.248 -0.191013 0.968845 0.158 -31.7775 0.783342 0.0533995 0.619514 172.796
0.5442 0.244386 -0.802764 201.942 -0.182613 0.968258 0.171009 -31.713 0.819027 0.0535187 0.571506 172.983
0.496283 0.2485 -0.83201 201.617 -0.174713 0.967197 0.184695 -31.6563 0.85057 0.0536927 0.523376 173.143
0.448166 0.250725 -0.85825 201.295 -0.163412 0.966724 0.197117 -31.6006 0.87906 0.0518937 0.474182 173.279
0.396336 0.251983 -0.883013 200.963 -0.159274 0.965943 0.20419 -31.5194 0.904343 0.0597027 0.422935 173.396
0.348555 0.252335 -0.902854 200.602 -0.148926 0.965811 0.212468 -31.4521 0.925544 0.0603877 0.374181 173.491
0.29873 0.251148 -0.920857 200.256 -0.141707 0.965784 0.21746 -31.3688 0.943909 0.0655188 0.324067 173.582
0.253076 0.252696 -0.934027 199.885 -0.130841 0.965413 0.225767 -31.3086 0.958714 0.0650583 0.277355 173.658
0.206533 0.246005 -0.947164 199.545 -0.13827 0.965557 0.220661 -31.1832 0.968767 0.0853788 0.233408 173.71
-0.256858 0.570358 -0.780411 200.444 -0.115927 0.783394 0.610728 -32.5463 0.959625 0.247315 -0.135113 174.923
-0.54537 0.68428 -0.484407 200.732 -0.234384 0.430285 0.871792 -34.5785 0.804925 0.588948 -0.074294 175.125
-0.539943 0.799526 -0.263739 200.335 -0.241603 0.152927 0.95832 -35.1064 0.80646 0.58112 0.110566 174.618
-0.546492 0.798862 -0.251963 200.274 -0.219107 0.15396 0.963533 -34.7235 0.808461 0.581737 0.0908747 174.64
-0.579135 0.782821 -0.228324 199.989 -0.203412 0.132448 0.970164 -34.4024 0.789632 0.608257 0.082504 174.46
-0.588298 0.777732 -0.222171 199.991 -0.189142 0.134745 0.972717 -34.0023 0.786388 0.614233 0.0678103 174.473
-0.594968 0.77552 -0.211945 199.914 -0.176447 0.131224 0.975596 -33.5964 0.784332 0.6178 0.0587401 174.472
-0.596915 0.775804 -0.20529 199.831 -0.163681 0.132697 0.977606 -33.1317 0.785608 0.617112 0.0477552 174.473
-0.597049 0.776985 -0.200411 199.755 -0.146447 0.140036 0.979328 -32.6651 0.788915 0.614009 0.0301563 174.513
-0.597944 0.778009 -0.193615 199.648 -0.128603 0.145253 0.98106 -32.1751 0.791331 0.611481 0.013184 174.522
-0.598727 0.779352 -0.185673 199.57 -0.110812 0.148952 0.982687 -31.6855 0.793442 0.608889 -0.00283922 174.525
-0.601536 0.779904 -0.173859 199.476 -0.0944421 0.146623 0.984733 -31.1791 0.793422 0.608734 -0.0145579 174.508
-0.607692 0.777397 -0.163409 199.408 -0.0816556 0.143468 0.986351 -30.6276 0.790157 0.612693 -0.0237226 174.473
-0.615 0.773962 -0.151929 199.316 -0.0683923 0.139528 0.987914 -30.0741 0.785739 0.617919 -0.03289 174.429
-0.61957 0.771845 -0.143969 199.237 -0.0575514 0.138206 0.988801 -29.482 0.783026 0.620867 -0.0412227 174.387
-0.621676 0.770994 -0.139325 199.158 -0.0483221 0.139715 0.989072 -28.8795 0.781967 0.621576 -0.0496133 174.374
-0.623725 0.76976 -0.137027 199.096 -0.0435908 0.140728 0.98916 -28.2692 0.780626 0.622886 -0.0542353 174.354
-0.625698 0.76854 -0.134807 199.013 -0.0395907 0.141232 0.989245 -27.6258 0.779247 0.624265 -0.0579529 174.322
-0.628269 0.766568 -0.13413 198.946 -0.0379559 0.141946 0.989219 -26.9592 0.777269 0.626534 -0.0600981 174.271
-0.631184 0.764099 -0.134476 198.861 -0.0368148 0.143593 0.989012 -26.269 0.774946 0.62916 -0.0625144 174.229
-0.635524 0.759805 -0.138365 198.801 -0.0413313 0.145421 0.988579 -25.5633 0.771176 0.633931 -0.061028 174.167
-0.638009 0.756649 -0.144055 198.726 -0.0479176 0.14763 0.987942 -24.8455 0.768726 0.637178 -0.0579439 174.13
-0.640756 0.753043 -0.15066 198.645 -0.0585826 0.14766 0.987375 -24.1201 0.76571 0.641439 -0.0505135 174.076
-0.640517 0.752184 -0.155833 198.526 -0.0681467 0.146382 0.986939 -23.3753 0.765103 0.64273 -0.0425146 174.02
-0.639991 0.751496 -0.161263 198.391 -0.0785216 0.144769 0.98642 -22.6101 0.764565 0.643906 -0.0336583 173.96
-0.639423 0.750525 -0.167864 198.255 -0.0873217 0.145966 0.98549 -21.8211 0.764069 0.644762 -0.0278114 173.951
-0.639722 0.74895 -0.173697 198.103 -0.0970438 0.145439 0.984671 -21.0041 0.762662 0.646715 -0.0203765 173.932
-0.638528 0.748097 -0.181552 197.957 -0.1084 0.146072 0.983379 -20.1854 0.762115 0.647554 -0.0121933 173.91
-0.637238 0.747549 -0.18825 197.805 -0.117838 0.146852 0.98219 -19.3637 0.76181 0.648015 -0.00550856 173.927
-0.635289 0.74744 -0.195119 197.646 -0.128805 0.146517 0.980849 -18.5241 0.761646 0.648213 0.00317634 173.93
-0.63394 0.747335 -0.19988 197.46 -0.137704 0.14522 0.979846 -17.6709 0.76123 0.648631 0.0108304 173.949
-0.631418 0.748132 -0.204792 197.284 -0.146779 0.143969 0.978698 -16.8131 0.761613 0.647984 0.0188871 173.969
-0.629341 0.748353 -0.210326 197.109 -0.154627 0.144629 0.977406 -15.9286 0.761796 0.647586 0.0246733 174.006
-0.627327 0.748594 -0.215403 196.915 -0.162798 0.144384 0.976101 -15.0566 0.761737 0.647358 0.0312742 174.028
-0.625084 0.748699 -0.221498 196.738 -0.170333 0.146076 0.974576 -14.1942 0.761952 0.646862 0.0361963 174.06
-0.622935 0.749095 -0.226142 196.538 -0.177182 0.146425 0.973289 -13.3056 0.762131 0.646321 0.0414929 174.077
-0.620981 0.749855 -0.229003 196.327 -0.181583 0.146576 0.972468 -12.4361 0.762708 0.645408 0.0451169 174.09
-0.620335 0.74957 -0.231645 196.119 -0.183888 0.14808 0.971792 -11.5534 0.762661 0.645391 0.0459571 174.135
-0.620613 0.748703 -0.233722 195.902 -0.184824 0.149981 0.971338 -10.6927 0.762229 0.645963 0.0452752 174.198
-0.620553 0.748479 -0.234574 195.693 -0.185944 0.150119 0.971088 -9.83969 0.761986 0.646187 0.0459977 174.213
-0.62104 0.747668 -0.235896 195.479 -0.188277 0.149837 0.970698 -8.98398 0.761035 0.647197 0.047691 174.217
-0.621745 0.746806 -0.236742 195.265 -0.19053 0.148936 0.970383 -8.10577 0.759879 0.648393 0.0496674 174.221
-0.62177 0.746347 -0.238143 195.053 -0.192581 0.149025 0.969979 -7.2198 0.75936 0.648906 0.0510495 174.239
-0.621784 0.746319 -0.238172 194.823 -0.193612 0.148158 0.969893 -6.31005 0.759068 0.649133 0.0523531 174.262
-0.622018 0.745898 -0.238902 194.601 -0.194679 0.148195 0.969687 -5.40392 0.758622 0.649612 0.0530066 174.287
-0.624177 0.744077 -0.23893 194.369 -0.195301 0.147478 0.969658 -4.51024 0.756668 0.651856 0.0532454 174.318
-0.625412 0.743104 -0.238748 194.144 -0.19467 0.147693 0.969767 -3.64134 0.75583 0.652919 0.0522674 174.357
-0.625743 0.741529 -0.242728 193.958 -0.195689 0.151959 0.968889 -2.76883 0.755274 0.653729 0.0500004 174.395
-0.628668 0.736977 -0.248969 193.802 -0.197975 0.15792 0.967485 -1.87102 0.752262 0.657452 0.0466004 174.441
-0.630348 0.735447 -0.249231 193.592 -0.197795 0.158264 0.967451 -0.986104 0.750884 0.65908 0.045685 174.488
-0.631725 0.7347 -0.247964 193.382 -0.197601 0.156678 0.967763 -0.0994022 0.749796 0.660293 0.0461772 174.525
-0.631573 0.735501 -0.245953 193.152 -0.197414 0.154185 0.968189 0.771367 0.749956 0.659988 0.0477982 174.544
-0.632538 0.734714 -0.245842 192.915 -0.195807 0.155397 0.968335 1.6486 0.749583 0.660581 0.0455446 174.589
-0.633433 0.733379 -0.247501 192.695 -0.196599 0.156793 0.967936 2.53337 0.7486 0.661732 0.0448432 174.61
-0.63495 0.731718 -0.248545 192.47 -0.197069 0.157659 0.967713 3.40075 0.747209 0.663364 0.0440708 174.643
-0.634169 0.732053 -0.249533 192.243 -0.198697 0.157559 0.967383 4.27254 0.747422 0.663018 0.0455174 174.661
-0.63415 0.732245 -0.249032 191.997 -0.199456 0.156248 0.967452 5.15307 0.747254 0.663115 0.0469434 174.689
-0.631705 0.734541 -0.24847 191.751 -0.197811 0.157139 0.967633 5.99465 0.74974 0.660361 0.0460141 174.745
-0.631025 0.734231 -0.251117 191.531 -0.199332 0.159363 0.966971 6.84882 0.749929 0.660172 0.0457708 174.786
-0.63088 0.734003 -0.252131 191.298 -0.200034 0.160071 0.966695 7.70059 0.749846 0.660254 0.0458196 174.813
-0.630255 0.73465 -0.251829 191.044 -0.198475 0.161114 0.966858 8.54661 0.750805 0.659281 0.0442438 174.85
-0.630165 0.734515 -0.252429 190.81 -0.198992 0.161435 0.966684 9.4189 0.750724 0.659352 0.0444111 174.87
-0.630216 0.734186 -0.253274 190.581 -0.200346 0.161375 0.96643 10.2792 0.750342 0.659733 0.0453668 174.887
-0.629234 0.734769 -0.254007 190.363 -0.20104 0.161786 0.966201 11.1225 0.750959 0.658983 0.0458963 174.909
-0.628906 0.735123 -0.253818 190.121 -0.200769 0.161824 0.966267 11.9774 0.751328 0.658581 0.0457948 174.951
-0.628127 0.735704 -0.254044 189.893 -0.201795 0.161264 0.966132 12.8491 0.751684 0.658068 0.0471469 174.977
-0.626547 0.736731 -0.254985 189.675 -0.201497 0.16291 0.965934 13.6767 0.753102 0.656513 0.0463548 175.022
-0.624988 0.736713 -0.258819 189.5 -0.201406 0.168114 0.965045 14.5105 0.7544 0.65522 0.043289 175.092
-0.623896 0.737097 -0.260371 189.258 -0.1998 0.171638 0.964774 15.3699 0.755752 0.65387 0.0401649 175.151
-0.622964 0.7373 -0.262009 189.014 -0.198995 0.174518 0.964409 16.2252 0.756711 0.65288 0.0379807 175.182
-0.622579 0.736914 -0.264018 188.778 -0.200118 0.176225 0.963881 17.0923 0.756754 0.652857 0.0377334 175.201
-0.622963 0.736762 -0.263519 188.526 -0.198642 0.176799 0.964067 17.9493 0.756804 0.652873 0.0361925 175.245
-0.622097 0.73743 -0.263718 188.287 -0.198194 0.177521 0.96404 18.797 0.757658 0.651924 0.0356965 175.291
-0.620941 0.737605 -0.265921 188.073 -0.200369 0.178579 0.963381 19.6976 0.758009 0.651436 0.0368862 175.305
-0.620911 0.736706 -0.268491 187.862 -0.202909 0.179775 0.962641 20.5721 0.757382 0.652124 0.0378368 175.325
-0.620809 0.736387 -0.269582 187.603 -0.203899 0.180333 0.962313 21.4781 0.757176 0.65233 0.0381762 175.364
-0.618776 0.737953 -0.269993 187.379 -0.204995 0.180087 0.962138 22.3454 0.758566 0.650627 0.0398201 175.387
-0.616801 0.739616 -0.269946 187.124 -0.206601 0.178767 0.96203 23.2717 0.759715 0.649102 0.0425214 175.416
-0.619989 0.73591 -0.272773 186.91 -0.210288 0.179071 0.961187 24.1683 0.756124 0.653216 0.0437077 175.424
-0.618989 0.735343 -0.27653 186.634 -0.211112 0.183316 0.960192 25.1034 0.756689 0.652677 0.0417485 175.474
-0.618815 0.733306 -0.282288 186.421 -0.213716 0.188626 0.958601 25.9692 0.756126 0.653454 0.0399718 175.482
-0.619872 0.731962 -0.283438 186.163 -0.216376 0.187728 0.958167 26.8505 0.754477 0.655218 0.0419913 175.47
-0.622112 0.730278 -0.282891 185.9 -0.215967 0.187227 0.958371 27.7523 0.752773 0.657237 0.041217 175.499
-0.622039 0.730748 -0.281819 185.649 -0.214191 0.187353 0.958732 28.6416 0.753317 0.656679 0.039959 175.524
-0.62089 0.732205 -0.280588 185.395 -0.211005 0.188608 0.959206 29.551 0.755187 0.654693 0.0373719 175.553
-0.620451 0.733327 -0.278605 185.128 -0.207326 0.1892 0.959878 30.4589 0.756542 0.653266 0.034629 175.565
-0.621405 0.732749 -0.278017 184.897 -0.202773 0.192328 0.960246 31.3646 0.757019 0.652999 0.0290469 175.607
-0.622528 0.732547 -0.276015 184.641 -0.197337 0.194315 0.960963 32.3004 0.757508 0.65264 0.0235739 175.641
-0.624613 0.731608 -0.273803 184.407 -0.193697 0.194494 0.961682 33.2212 0.756756 0.653637 0.020206 175.647
-0.626133 0.730895 -0.272217 184.175 -0.190202 0.195357 0.962192 34.1425 0.756363 0.65418 0.0166805 175.648
-0.628872 0.728889 -0.271298 183.932 -0.187265 0.196642 0.96252 35.0787 0.754847 0.656029 0.0128129 175.648
-0.629456 0.726885 -0.275278 183.713 -0.185265 0.20361 0.961446 36.0039 0.75483 0.65613 0.0064856 175.664
-0.629087 0.725656 -0.279352 183.468 -0.184396 0.209779 0.9603 36.9377 0.755376 0.655545 0.00182053 175.662
-0.628319 0.72462 -0.28372 183.228 -0.183335 0.216456 0.959007 37.8853 0.75625 0.654519 -0.00317084 175.681
-0.626587 0.725539 -0.285214 182.964 -0.181674 0.219873 0.958559 38.8523 0.75811 0.652357 -0.00597562 175.687
-0.619218 0.730881 -0.287643 182.698 -0.178884 0.22533 0.957803 39.8191 0.764775 0.644485 -0.0088003 175.689
-0.618752 0.73202 -0.285762 182.414 -0.178402 0.223286 0.958387 40.7692 0.765289 0.643905 -0.0075822 175.667
-0.617526 0.733741 -0.28398 182.163 -0.177149 0.221971 0.958911 41.6837 0.766545 0.642401 -0.0071059 175.663
-0.617021 0.734845 -0.282239 181.898 -0.175754 0.220878 0.959435 42.6153 0.767298 0.641517 -0.0071517 175.653
-0.617479 0.734548 -0.281992 181.618 -0.176697 0.219751 0.959507 43.5966 0.766689 0.642243 -0.0059138 175.625
-0.618476 0.733569 -0.282377 181.358 -0.17704 0.219998 0.959403 44.5468 0.765831 0.643279 -0.00620979 175.612
-0.618364 0.73337 -0.283121 181.093 -0.177092 0.220903 0.959171 45.4866 0.765885 0.643194 -0.00673861 175.59
-0.618957 0.732503 -0.284086 180.832 -0.176776 0.222462 0.958883 46.4158 0.765503 0.643646 -0.00822153 175.573
-0.619297 0.731662 -0.285491 180.564 -0.17622 0.224751 0.958439 47.3631 0.765333 0.643806 -0.0102678 175.557
-0.619732 0.730567 -0.287365 180.299 -0.174668 0.228546 0.957838 48.3026 0.765363 0.643715 -0.0140463 175.554
-0.617929 0.730784 -0.290661 180.043 -0.173554 0.233727 0.956779 49.2476 0.767048 0.641604 -0.0176086 175.545
-0.619601 0.728642 -0.292495 179.768 -0.17425 0.235623 0.956198 50.2182 0.765567 0.643346 -0.019041 175.523
-0.619285 0.727866 -0.295063 179.508 -0.174957 0.238364 0.955378 51.1637 0.765634 0.643212 -0.0202821 175.51
-0.622002 0.724256 -0.298234 179.26 -0.1767 0.241187 0.954359 52.109 0.763054 0.646229 -0.0220565 175.486
-0.622753 0.723041 -0.299593 178.982 -0.178419 0.241526 0.953943 53.041 0.762015 0.647459 -0.0214188 175.448
-0.623446 0.720825 -0.303489 178.723 -0.181346 0.244226 0.952715 53.9804 0.760785 0.648917 -0.0215573 175.407
-0.62368 0.720359 -0.304093 178.409 -0.181855 0.244576 0.952517 54.9304 0.760444 0.649299 -0.0215486 175.381
-0.623573 0.720044 -0.305078 178.11 -0.182229 0.245577 0.952199 55.8759 0.760469 0.649273 -0.0219357 175.35
-0.624168 0.719827 -0.304355 177.81 -0.182454 0.244429 0.952443 56.8085 0.7599 0.649947 -0.0212415 175.32
-0.625122 0.719277 -0.303715 177.501 -0.182461 0.243633 0.952656 57.7371 0.759142 0.650854 -0.0210748 175.28
-0.625135 0.718608 -0.30525 177.195 -0.183811 0.244485 0.952168 58.6995 0.758777 0.651274 -0.0207597 175.235
-0.625803 0.717116 -0.307402 176.914 -0.184854 0.246491 0.951458 59.6267 0.758001 0.652162 -0.0217076 175.204
-0.625796 0.716894 -0.307913 176.622 -0.18344 0.248361 0.951236 60.5652 0.758323 0.651695 -0.0239279 175.204
-0.625996 0.717048 -0.307169 176.327 -0.184303 0.246663 0.951522 61.5119 0.757977 0.652172 -0.0222699 175.157
-0.625813 0.717303 -0.306928 176.016 -0.185331 0.245428 0.951632 62.4886 0.75785 0.652357 -0.0206657 175.113
-0.627125 0.716404 -0.306369 175.703 -0.184007 0.245899 0.951778 63.4142 0.757116 0.653167 -0.0224003 175.087
-0.627233 0.715776 -0.307594 175.399 -0.184097 0.247431 0.951353 64.3621 0.756977 0.653277 -0.0234365 175.052
-0.628186 0.714926 -0.307645 175.092 -0.184362 0.247332 0.951337 65.3137 0.75615 0.654245 -0.0235794 175.011
-0.629714 0.714022 -0.306602 174.791 -0.183035 0.247135 0.951634 66.2286 0.755174 0.655306 -0.0249454 174.99
-0.632039 0.71174 -0.307142 174.496 -0.183733 0.247375 0.951448 67.1742 0.753086 0.657694 -0.0255936 174.942
-0.633137 0.709893 -0.30913 174.185 -0.183172 0.250556 0.950714 68.0886 0.752274 0.658484 -0.0286152 174.906
-0.635625 0.705362 -0.314373 173.917 -0.184236 0.256817 0.948847 68.9886 0.749939 0.660938 -0.0332985 174.891
-0.637135 0.702467 -0.317762 173.605 -0.186091 0.259813 0.947658 69.9268 0.748171 0.662846 -0.0348234 174.856
-0.636933 0.701363 -0.320614 173.316 -0.189151 0.260958 0.946749 70.8717 0.747603 0.663568 -0.0335616 174.823
-0.634921 0.702504 -0.322083 173.011 -0.191512 0.260707 0.946332 71.8162 0.748685 0.662456 -0.0310016 174.791
-0.633615 0.703299 -0.32294 172.692 -0.192618 0.260834 0.946084 72.7544 0.749537 0.661564 -0.0298131 174.763
-0.631264 0.705014 -0.323782 172.371 -0.194416 0.26024 0.945869 73.6732 0.751026 0.659968 -0.0272256 174.725
-0.629457 0.705778 -0.325652 172.058 -0.197276 0.260174 0.945306 74.6186 0.751825 0.659179 -0.0245492 174.672
-0.629101 0.705939 -0.325972 171.72 -0.197406 0.260451 0.945191 75.5285 0.752061 0.658896 -0.0245047 174.668
-0.630101 0.704158 -0.327906 171.398 -0.200562 0.260336 0.94457 76.4769 0.750416 0.660846 -0.0228243 174.628
-0.629075 0.703906 -0.330389 171.07 -0.203653 0.260881 0.943747 77.4137 0.750415 0.660899 -0.0207729 174.578
-0.628812 0.702385 -0.334124 170.746 -0.207498 0.262513 0.942467 78.3478 0.74961 0.661871 -0.0193417 174.519
-0.627521 0.702075 -0.337172 170.398 -0.208658 0.26551 0.94136 79.2672 0.750342 0.661002 -0.0201313 174.482
-0.626431 0.701641 -0.340108 170.076 -0.209286 0.268875 0.940275 80.1475 0.751105 0.660104 -0.0216018 174.449
-0.626731 0.701158 -0.340534 169.726 -0.209861 0.268929 0.940121 81.1086 0.750667 0.660594 -0.0214117 174.42
-0.625096 0.703216 -0.33931 169.392 -0.209778 0.267326 0.940609 82.0089 0.75208 0.659056 -0.0195986 174.37
-0.623284 0.705429 -0.338032 169.066 -0.210172 0.265191 0.941114 82.93 0.753444 0.657552 -0.0170398 174.309
-0.621837 0.706774 -0.337904 168.729 -0.209985 0.265164 0.941175 83.8535 0.75472 0.656117 -0.0164914 174.261
-0.622208 0.707008 -0.336714 168.361 -0.207706 0.265549 0.941561 84.7933 0.755016 0.65571 -0.0183886 174.24
-0.62189 0.708279 -0.334639 168.009 -0.204436 0.265632 0.942265 85.7232 0.756198 0.654302 -0.0204096 174.234
-0.621066 0.710616 -0.331182 167.671 -0.202137 0.262972 0.943494 86.6362 0.757464 0.652843 -0.0196929 174.208
-0.622778 0.711342 -0.326395 167.318 -0.200915 0.257748 0.945207 87.583 0.756415 0.654135 -0.0176141 174.185
-0.622102 0.712274 -0.325629 166.966 -0.2006 0.256959 0.945477 88.5327 0.757023 0.653431 -0.0169838 174.151
-0.621962 0.710376 -0.330033 166.65 -0.20194 0.261668 0.943912 89.4678 0.756812 0.653628 -0.019308 174.109
-0.620269 0.708119 -0.337955 166.353 -0.203452 0.270806 0.940992 90.4025 0.757766 0.652352 -0.0239149 174.086
