4286 0.232301 0.00158897
3799 0.20404 0.00156324
4534 0.236046 0.00158974
3940 0.202531 0.00159389
4083 0.209393 0.00159802
4746 0.219885 0.00159121
5356 0.229191 0.00162778
4177 0.170445 0.00162704
2991 0.119583 0.00155582
3001 0.109223 0.00148792
3677 0.118623 0.00148479
4158 0.131234 0.00149777
5056 0.158642 0.00149758
3987 0.136468 0.00152799
2448 0.0947455 0.00155139
2669 0.103907 0.0015173
21110 0.755015 0.00141394
3155 0.120589 0.00153267
3405 0.126849 0.00147672
3458 0.134691 0.00151508
3701 0.146255 0.00150023
4272 0.163685 0.00148141
4087 0.151823 0.00149125
4216 0.155963 0.00148362
4226 0.171094 0.0014902
4523 0.201672 0.00147298
4427 0.219615 0.00146902
3282 0.193009 0.00149048
3531 0.210624 0.00146307
3617 0.209084 0.00148648
3047 0.19031 0.00150862
3250 0.22213 0.00153263
3740 0.248844 0.00153113
4207 0.256277 0.00150015
4985 0.291098 0.0014842
2514 0.149796 0.0015725
2822 0.148131 0.00154556
3182 0.150691 0.00154482
2999 0.141354 0.00159731
2624 0.118867 0.00161918
2528 0.114081 0.00163975
2999 0.134376 0.00165024
2141 0.0905442 0.00158323
1831 0.0776958 0.00155779
1964 0.0813873 0.00154848
1711 0.0687092 0.00153071
1760 0.0695794 0.00150768
1833 0.0737299 0.00149164
2017 0.0856237 0.00148194
2214 0.0986518 0.00145477
2264 0.105021 0.00148653
2465 0.122817 0.00150257
2431 0.132612 0.00149877
2715 0.152595 0.00152529
2605 0.150999 0.00152299
2639 0.16088 0.00157238
1466 0.0926059 0.00158676
1346 0.0923292 0.00162249
1122 0.0780554 0.00157344
1192 0.0839678 0.00155833
1162 0.0809171 0.00157213
1047 0.0743093 0.001515
967 0.0689616 0.00146164
933 0.0706938 0.00147455
754 0.0652212 0.00148227
730 0.0691898 0.00143728
618 0.0647582 0.00146212
458 0.0532886 0.00148017
561 0.0688535 0.00157189
614 0.0691877 0.00160268
539 0.0627435 0.00161841
617 0.0742057 0.00163126
575 0.06584 0.00155903
621 0.0697022 0.00157553
732 0.0754671 0.00156918
738 0.0663932 0.00154482
846 0.0685289 0.00151767
1055 0.0863726 0.00159638
1047 0.0866385 0.00159455
1052 0.0954673 0.00154298
1031 0.0969746 0.00151903
1013 0.0895963 0.00155546
872 0.0837778 0.00158211
768 0.0747575 0.00149573
990 0.0910104 0.00154528
968 0.0779017 0.00152891
1214 0.0917201 0.00150455
1180 0.0911283 0.00150079
999 0.0864766 0.00149244
1011 0.100814 0.00148765
822 0.0894292 0.00144976
765 0.0891061 0.00144566
875 0.112966 0.00151028
710 0.102435 0.00150833
840 0.121004 0.00148893
909 0.13031 0.00155898
1096 0.149066 0.00154602
1202 0.159748 0.001547
1300 0.173422 0.0015229
1481 0.213905 0.00154229
1710 0.25217 0.0015666
1894 0.247704 0.00149524
2323 0.273255 0.00150301
2404 0.258273 0.00149128
2187 0.233797 0.0014964
2239 0.236952 0.00148962
2247 0.22453 0.00144101
2236 0.234621 0.00149643
2000 0.209811 0.00148232
1710 0.183018 0.00149256
1570 0.17338 0.00151428
1442 0.157721 0.0015083
1454 0.157812 0.00151653
1370 0.143919 0.00151352
1154 0.118393 0.00149862
1025 0.107329 0.00149729
956 0.105051 0.00150849
1016 0.114505 0.00152904
1175 0.129817 0.00153999
1471 0.158165 0.00153664
1662 0.163622 0.00147148
1871 0.186126 0.00151771
1856 0.194192 0.00152182
1611 0.172028 0.00150602
1541 0.171818 0.00158134
1657 0.186441 0.0015264
1851 0.223574 0.00151353
1360 0.177991 0.00155449
1286 0.177305 0.00161168
1100 0.142735 0.0015217
1194 0.150162 0.00152187
1212 0.146389 0.00156898
1302 0.14409 0.00150767
1306 0.15246 0.00156531
1288 0.153644 0.00151522
1226 0.147041 0.00153479
1328 0.164539 0.00158325
1126 0.149976 0.0015906
1178 0.154824 0.00158119
1201 0.145885 0.00155645
1202 0.142681 0.00161547
1226 0.13548 0.00154778
1025 0.109763 0.00155274
1383 0.145145 0.00157873
1577 0.157429 0.00150557
1667 0.16112 0.00150426
2255 0.197119 0.00150608
2632 0.204288 0.00150327
3293 0.230696 0.00152207
3411 0.23254 0.00151078
3391 0.244741 0.00152122
3308 0.249306 0.0015435
3110 0.254328 0.00156029
3014 0.25488 0.00150932
3100 0.278939 0.00154175
2663 0.261954 0.00154734
2524 0.273738 0.00153647
2323 0.261238 0.00153995
2426 0.272117 0.00154512
2480 0.290222 0.00160115
2324 0.267455 0.00160423
2310 0.248575 0.00156364
2288 0.232257 0.0015883
2594 0.246944 0.00157266
3061 0.277517 0.00156122
3069 0.256587 0.00152471
3543 0.289529 0.00156386
3975 0.30211 0.00155015
4251 0.306546 0.00153998
4593 0.332975 0.00153396
4575 0.358885 0.00155258
4536 0.373954 0.00154914
4736 0.388423 0.0015503
5124 0.399794 0.00151397
5113 0.405788 0.00153192
4740 0.377106 0.00153393
4960 0.380752 0.0015254
5083 0.379705 0.001543
5024 0.356551 0.0015264
5960 0.399316 0.00154041
6673 0.411895 0.00155065
5152 0.312605 0.00153892
3068 0.20127 0.00153738
3016 0.204325 0.00150413
3352 0.226979 0.00150626
3598 0.234434 0.00149517
4602 0.286605 0.00149441
5723 0.338119 0.00149015
4960 0.298904 0.00149548
3393 0.215993 0.00143885
3435 0.228444 0.00143919
3704 0.247257 0.00141523
2977 0.215738 0.00141453
2224 0.176088 0.00142645
2069 0.169841 0.00144458
1806 0.151333 0.00148906
1533 0.129295 0.00148346
1458 0.12551 0.00148041
1424 0.129733 0.00149413
1429 0.142833 0.00150153
1503 0.159535 0.0015086
1549 0.15924 0.0014947
1425 0.146698 0.00153026
1321 0.132876 0.00150834
1270 0.122775 0.00148776
1190 0.11195 0.00148375
1230 0.116118 0.00151727
1160 0.109516 0.00151509
1289 0.119618 0.0015137
1579 0.136858 0.00148421
1260 0.0965778 0.00139484
1329 0.101488 0.00142942
1461 0.111911 0.00145364
1289 0.103119 0.00143231
1429 0.120822 0.00144117
1347 0.116169 0.00146678
1339 0.127299 0.0014837
1388 0.142006 0.00146733
1367 0.150075 0.00148398
1635 0.193105 0.00154473
1822 0.210388 0.00151651
2142 0.258079 0.00156965
2252 0.297934 0.0015899
2635 0.373351 0.00161672
661 0.0904901 0.00161561
518 0.0702085 0.00158826
515 0.0673516 0.00156165
521 0.0611978 0.00150023
618 0.077681 0.00156591
718 0.0921116 0.00153404
781 0.105441 0.0015526
907 0.122876 0.00152966
840 0.109462 0.00152813
990 0.119301 0.0014775
1171 0.140857 0.00148209
1228 0.150625 0.00153467
1325 0.156518 0.0015642
1546 0.165557 0.00151297
1782 0.185034 0.00152748
2150 0.220408 0.00155109
2375 0.232879 0.00154309
2385 0.241469 0.00153866
2523 0.271094 0.00154529
2687 0.295367 0.00152971
2590 0.272305 0.00149933
2521 0.242277 0.0015003
2778 0.250028 0.00146422
2488 0.2275 0.00148024
2538 0.223942 0.00145938
2391 0.227246 0.00148162
2384 0.249429 0.0015116
2515 0.252111 0.0015065
2491 0.2268 0.0014476
2402 0.223382 0.00148683
2465 0.220308 0.00148723
2412 0.215147 0.00153875
2265 0.197113 0.00152855
2435 0.20326 0.00152516
2347 0.197452 0.00150861
2493 0.214582 0.0015183
2834 0.229149 0.00148807
3208 0.248246 0.00151657
3459 0.261399 0.00150686
3363 0.265212 0.00154276
3082 0.243861 0.00148856
3140 0.258282 0.0014987
3076 0.260267 0.00152537
3528 0.298077 0.0015285
3447 0.286702 0.00147691
2583 0.244428 0.00153764
2784 0.263695 0.00148706
3039 0.28366 0.00149045
2607 0.257956 0.00157091
3228 0.282229 0.00154115
2357 0.18327 0.00151562
2743 0.205354 0.00153865
2916 0.203763 0.0015171
3306 0.220685 0.00152279
3385 0.200578 0.00150123
3598 0.190175 0.00150554
4057 0.197816 0.0014884
3786 0.181108 0.00147902
4354 0.207194 0.00151068
4397 0.206953 0.00149336
3661 0.175674 0.00145415
3100 0.152979 0.00142504
3819 0.195052 0.0014931
3535 0.191216 0.001472
2921 0.189374 0.0014851
3040 0.213276 0.00147247
2775 0.205332 0.00145425
1857 0.150531 0.00151946
1694 0.129425 0.00152475
1959 0.129105 0.00150872
2522 0.154122 0.00150616
2367 0.13905 0.00144581
2427 0.146416 0.00145454
2772 0.182605 0.00148196
2817 0.193139 0.00147578
2357 0.174207 0.00145959
2087 0.177004 0.00145342
2364 0.211606 0.00149927
2463 0.211853 0.00152207
2346 0.209117 0.00148689
2435 0.218744 0.0014528
2547 0.221862 0.00151567
2053 0.187541 0.00155796
2368 0.217607 0.00148049
2650 0.244179 0.00149951
2455 0.216456 0.00149042
2524 0.229892 0.001487
2128 0.204092 0.00149602
2326 0.233566 0.00153701
2163 0.209451 0.00154266
1463 0.137841 0.00150254
1201 0.112491 0.0014668
1279 0.121772 0.00151978
1798 0.174518 0.00153669
1741 0.166079 0.00153011
1735 0.167581 0.00153456
1946 0.189572 0.0015261
2166 0.204658 0.00152877
2466 0.214933 0.00152077
3142 0.261471 0.00148821
2711 0.243906 0.00149309
2882 0.301834 0.00153377
1813 0.21864 0.00149787
1871 0.239276 0.00148799
1608 0.182263 0.00145872
1897 0.207493 0.00147993
1936 0.20764 0.0014488
2132 0.235246 0.00149338
1753 0.203251 0.00150106
1211 0.134891 0.00157317
825 0.078083 0.00148679
722 0.0634917 0.0014577
800 0.0645089 0.00150073
722 0.0608356 0.00159727
837 0.0763339 0.0015851
795 0.0773962 0.0015668
862 0.0844677 0.00157744
826 0.0816165 0.00159664
769 0.0763885 0.0015486
899 0.0969536 0.00159046
893 0.104253 0.0016184
987 0.111979 0.00159283
1076 0.112214 0.00154686
940 0.0923835 0.00153804
1148 0.1 0.00151073
1211 0.0935301 0.00150795
1413 0.104719 0.00152116
1564 0.113824 0.00148884
1522 0.112157 0.0014706
1783 0.121508 0.00146212
2227 0.137792 0.00147043
2481 0.143679 0.00143839
2688 0.148215 0.00144924
3006 0.158783 0.00147045
2962 0.151852 0.00147782
2922 0.153745 0.00143033
2550 0.164698 0.00149269
2486 0.178289 0.00148668
2821 0.206819 0.00150879
2769 0.197623 0.00150433
2902 0.201088 0.00153343
3194 0.224584 0.0015196
3446 0.22686 0.00150263
3400 0.210669 0.00147744
3023 0.226056 0.001526
2809 0.219487 0.0015136
1753 0.148962 0.00152849
1594 0.165847 0.00157792
1396 0.163379 0.00158368
1329 0.162138 0.00155834
1338 0.16731 0.00159409
1129 0.147702 0.00157108
1224 0.177442 0.00163218
1243 0.189234 0.00160194
1233 0.181335 0.00154659
1396 0.204015 0.00159964
1205 0.179862 0.00153272
1311 0.205595 0.00158439
1585 0.239569 0.00158522
1668 0.261144 0.00158868
1352 0.223065 0.00156166
1636 0.287292 0.00153413
1938 0.35956 0.00154315
2109 0.44003 0.00159898
2191 0.535938 0.00159667
2709 0.784474 0.00163166
2687 0.929098 0.00157102
2508 1.19203 0.00157471
254 0.261142 0.00164288
143 0.230022 0.00151461
157 0.316954 0.00155022
78 0.228837 0.00163884
67 0.193801 0.00142472
62 0.299623 0.00155482
75 0.317482 0.00137384
62 0.289429 0.00137615
38 0.189483 0.00159103
237 0.746327 0.00164398
101 0.39087 0.00154291
171 0.562123 0.00160203
158 0.396261 0.00160046
148 0.374087 0.00148426
132 0.295271 0.00156608
192 0.312892 0.00139852
194 0.287169 0.00154202
257 0.247766 0.00148815
420 0.304511 0.00140308
547 0.390097 0.00147703
661 0.368004 0.00146785
948 0.466211 0.00154162
1382 0.607951 0.00149857
1311 0.663098 0.00152714
1338 0.97643 0.00162206
1483 1.41066 0.00168774
790 1.09479 0.0016931
191 0.323792 0.00153964
333 0.568192 0.00158869
405 0.531146 0.00157345
459 0.44895 0.00156265
522 0.401185 0.00150683
591 0.39941 0.00151445
722 0.369863 0.00151741
1074 0.335038 0.00148331
1402 0.320108 0.00148241
1590 0.314736 0.00149518
1803 0.321125 0.00153128
1766 0.287176 0.00150381
1533 0.263816 0.00151024
898 0.187532 0.00165966
906 0.19824 0.00158682
879 0.16664 0.00155376
1082 0.161756 0.00152277
1558 0.198471 0.00151956
1849 0.211182 0.00147649
1711 0.194957 0.00151372
1978 0.210882 0.00150264
1335 0.148708 0.00154395
1464 0.164144 0.00152524
1771 0.177252 0.0015068
1763 0.163457 0.00147491
1532 0.156766 0.00148634
1150 0.139139 0.00153581
1152 0.13574 0.00144782
1663 0.186354 0.0015058
2384 0.236171 0.00148504
2881 0.284136 0.00148194
3906 0.367864 0.00150189
3402 0.302782 0.00148681
2036 0.221063 0.00153679
1040 0.123927 0.00143065
1233 0.163608 0.00145084
1227 0.162274 0.0014717
1349 0.166124 0.00151788
1337 0.167497 0.00146699
1221 0.191153 0.00152095
1172 0.218921 0.00148341
1304 0.250165 0.00143994
1618 0.336115 0.0014373
1198 0.321574 0.00147823
1338 0.39737 0.00158176
648 0.182185 0.00156373
575 0.171189 0.00165659
344 0.114569 0.00159592
449 0.140092 0.00154213
1163 0.291303 0.00156998
909 0.258009 0.0016684
1075 0.310954 0.00163956
1410 0.387501 0.00162462
1342 0.377649 0.00163173
1656 0.450485 0.00160032
2139 0.539451 0.00164056
1778 0.391955 0.00158565
2190 0.485105 0.00164887
2360 0.463058 0.00157478
2420 0.463077 0.00154248
1713 0.375099 0.00163282
1874 0.450888 0.0016821
2526 0.5963 0.00169086
2315 0.478811 0.00163314
2311 0.447111 0.00157697
2226 0.435392 0.00156421
2731 0.526842 0.00156987
3353 0.633668 0.00159976
2554 0.494765 0.00156964
2387 0.503048 0.00154225
1472 0.346356 0.00155979
1125 0.315681 0.00158887
1356 0.397375 0.00155228
1419 0.370132 0.00153056
1735 0.434525 0.00155528
1843 0.434607 0.00153594
1957 0.430907 0.00151953
2196 0.479581 0.00153588
2806 0.555736 0.00151237
1633 0.363038 0.00154122
1865 0.419617 0.00151727
2053 0.420166 0.00157372
2364 0.500433 0.00155054
2365 0.52722 0.00153596
2094 0.48701 0.00150447
1689 0.460786 0.00161071
1214 0.351368 0.00161608
1314 0.338581 0.00164733
990 0.234774 0.00156957
874 0.218839 0.00149681
882 0.208566 0.00154823
839 0.19267 0.00158134
915 0.217831 0.00152937
814 0.204353 0.00153528
793 0.191734 0.00155287
1104 0.237413 0.00154194
1315 0.258885 0.00157631
1276 0.227166 0.00149093
1237 0.221212 0.00151148
1277 0.224454 0.00156585
1243 0.212829 0.00153106
1317 0.229499 0.00157831
1232 0.216834 0.00151054
1381 0.270527 0.00157147
1211 0.22301 0.00147994
1422 0.268199 0.00151943
1586 0.278896 0.00152163
1508 0.253886 0.00146596
1550 0.253855 0.00150742
1803 0.279033 0.00145697
2054 0.309955 0.00151739
1621 0.219378 0.00148155
1054 0.165098 0.0015299
606 0.095689 0.00145496
775 0.105137 0.00148544
828 0.0923369 0.00145975
943 0.0969368 0.00149733
1058 0.0970379 0.00151756
1247 0.111535 0.00149613
1224 0.106968 0.0014267
1327 0.12487 0.0015203
1285 0.12534 0.00145441
1258 0.137038 0.00143509
1036 0.127242 0.00142619
681 0.101457 0.00148779
478 0.0771039 0.00149365
474 0.0876202 0.00147677
532 0.1107 0.00153356
458 0.0949825 0.00154873
290 0.0593338 0.00150717
330 0.0618845 0.00153359
475 0.076713 0.00151885
629 0.0959852 0.00147776
506 0.0742418 0.00143562
649 0.0827199 0.00139549
729 0.0808589 0.00141624
1061 0.0978032 0.00144797
1396 0.0906109 0.00139441
1507 0.0931879 0.00145211
1485 0.101993 0.00146245
1512 0.107679 0.0014563
1683 0.121477 0.00143779
1697 0.114772 0.00140772
1225 0.0845904 0.0014284
1416 0.112829 0.00150264
1246 0.11179 0.00151933
1104 0.117646 0.001518
1049 0.120888 0.00151336
875 0.103652 0.00147857
850 0.0991203 0.00141479
1182 0.144655 0.00147064
1333 0.14981 0.00146527
1253 0.123701 0.00146401
1472 0.137428 0.0014682
1876 0.142622 0.00142753
1690 0.110957 0.00142529
1472 0.0940735 0.00143099
1294 0.0895159 0.00140168
1460 0.10238 0.00142602
1606 0.106026 0.0014188
1649 0.107989 0.00142665
1358 0.0856612 0.00143786
1939 0.124872 0.00145931
2267 0.162226 0.00149038
2580 0.196112 0.00148971
2663 0.202634 0.00148892
2362 0.202912 0.00148345
2090 0.212847 0.00145972
2330 0.255419 0.00147889
1772 0.189426 0.00146421
1755 0.184838 0.00142417
1357 0.175809 0.00149753
1253 0.176611 0.00142086
1196 0.193056 0.00144344
1014 0.173146 0.00135262
955 0.168359 0.00141282
547 0.134374 0.00145848
459 0.152539 0.00145438
266 0.0826008 0.00142233
139 0.0450523 0.00142032
150 0.0475256 0.00149169
199 0.0534396 0.00152446
290 0.0659595 0.0014523
314 0.075675 0.00150588
322 0.0727066 0.00137924
425 0.0870286 0.00141837
624 0.128564 0.001482
809 0.165274 0.00151862
877 0.171433 0.00150637
757 0.14587 0.00151215
770 0.14244 0.00149674
901 0.15277 0.00151184
891 0.137847 0.00144225
1189 0.195221 0.00149238
1717 0.248868 0.00148864
946 0.13449 0.00152344
1242 0.182811 0.0015539
1166 0.158646 0.00149925
999 0.147484 0.00152007
636 0.112273 0.00154347
508 0.103195 0.00156283
390 0.0768248 0.00149504
329 0.0704526 0.00146527
412 0.103627 0.00158408
527 0.117658 0.00157044
605 0.101948 0.00149694
670 0.0951298 0.00149598
802 0.11153 0.00149971
943 0.125245 0.00149463
822 0.12043 0.00153745
1040 0.144747 0.00153043
1158 0.144065 0.0014981
1447 0.19478 0.00154828
1323 0.175787 0.00156314
1304 0.175051 0.00152045
1346 0.179001 0.00146783
1094 0.143143 0.00148377
706 0.0976297 0.00151407
907 0.122806 0.00154224
1173 0.137858 0.0014636
1079 0.124985 0.00148364
1259 0.13719 0.0014586
1350 0.149418 0.00150329
1388 0.145956 0.00145674
1614 0.175913 0.00149751
1779 0.208422 0.00152717
1821 0.215273 0.00151255
1951 0.232259 0.00149643
1921 0.238755 0.00147026
2066 0.26622 0.00149753
2255 0.27886 0.00149201
2142 0.282684 0.001493
2088 0.301883 0.00151162
2145 0.32463 0.00152243
1481 0.253711 0.00146089
1150 0.233895 0.00151083
857 0.179724 0.00151842
617 0.143271 0.00145838
820 0.165282 0.00144208
1128 0.164753 0.00145862
1366 0.167783 0.00148419
1560 0.166373 0.00149937
1743 0.171753 0.00146057
1881 0.17829 0.0014899
1715 0.159976 0.0014469
1646 0.176027 0.0015059
2105 0.208254 0.00146035
1826 0.170179 0.00143454
1934 0.201062 0.00147131
1760 0.20474 0.00151638
1890 0.250313 0.00154788
1420 0.226125 0.00154054
1106 0.203086 0.00151545
1049 0.214522 0.00150324
1096 0.226013 0.00156006
963 0.172404 0.00150251
921 0.158325 0.00149061
1195 0.201254 0.00152225
1589 0.230759 0.0015041
2267 0.283468 0.00155632
2127 0.258919 0.00154563
1964 0.267925 0.00153098
1973 0.306417 0.00156137
1842 0.297403 0.00153831
1780 0.302522 0.00155152
1974 0.346499 0.00152503
2308 0.438938 0.00154928
2382 0.461889 0.00153112
2571 0.518013 0.00153265
2859 0.622358 0.00153913
2323 0.564969 0.00151837
2014 0.535128 0.00148341
1686 0.535446 0.00150768
1230 0.474319 0.00152323
570 0.259878 0.00155123
375 0.188291 0.00162744
481 0.234137 0.0015435
444 0.225677 0.00157164
363 0.19055 0.00149243
454 0.281205 0.0015892
478 0.305171 0.00159751
501 0.310511 0.00156132
516 0.301237 0.00158356
586 0.298702 0.00153367
787 0.332898 0.00159492
1138 0.425361 0.00168455
946 0.33672 0.00166526
1250 0.385787 0.00168047
741 0.200556 0.00157638
738 0.20611 0.00156101
720 0.187866 0.00161736
427 0.110847 0.00153154
558 0.144928 0.00155152
742 0.16483 0.00157804
499 0.107921 0.00157081
418 0.0837378 0.00154611
547 0.097091 0.00159113
366 0.0635925 0.00164131
617 0.0931476 0.00160489
658 0.0804303 0.00156304
734 0.0758393 0.00154639
853 0.0777302 0.00154445
616 0.0692254 0.00158965
420 0.0470767 0.00147616
474 0.0518577 0.0015821
575 0.0552528 0.00156698
959 0.0722951 0.00154835
1237 0.0854108 0.00158643
1033 0.0693418 0.00156742
901 0.0614123 0.00154595
824 0.0577538 0.00155688
813 0.0607789 0.00154074
773 0.0612463 0.001576
878 0.0673856 0.00157652
503 0.0417483 0.00153954
514 0.0480707 0.00150522
499 0.0467548 0.00155867
4110 0.309932 0.00146373
661 0.0476446 0.00152945
689 0.0464952 0.0014986
733 0.0439848 0.00148926
667 0.0435939 0.00150509
685 0.0464466 0.00147717
719 0.0440461 0.00154205
786 0.0477994 0.00153365
878 0.0555555 0.00153255
937 0.0510005 0.00151115
957 0.0513162 0.00152984
984 0.054552 0.00150368
1094 0.0586491 0.00154439
1256 0.0624344 0.00152284
1351 0.0639539 0.00151908
1383 0.0639775 0.00151672
1392 0.0642772 0.00152378
1606 0.0757888 0.00154316
1789 0.0837808 0.0015764
2105 0.0920249 0.00153291
2213 0.0948095 0.00151136
2368 0.105631 0.00150352
2479 0.123377 0.00155494
2619 0.134181 0.00155885
2879 0.149807 0.00150462
2645 0.145084 0.00150553
2542 0.142105 0.00152851
2497 0.136907 0.00150201
2531 0.136665 0.00149479
2474 0.130955 0.0014698
2560 0.136568 0.00150235
2653 0.142451 0.00150177
2549 0.138241 0.00148655
2652 0.144105 0.00150112
2738 0.150704 0.00149853
2858 0.159762 0.00150455
3152 0.171514 0.00147957
3448 0.185066 0.00148579
3423 0.182467 0.00148636
3504 0.187047 0.00153031
3763 0.197965 0.00153767
3763 0.200784 0.00150859
3836 0.209217 0.00151388
3538 0.187954 0.00149417
3471 0.189325 0.00149074
3763 0.211885 0.00151787
4187 0.233766 0.00151326
4313 0.252124 0.00151401
4149 0.246662 0.00150775
4397 0.281406 0.00153407
4485 0.285297 0.00152748
4716 0.2916 0.00154346
4757 0.308653 0.00155005
4876 0.302277 0.00153221
4971 0.302396 0.00152996
4850 0.326088 0.00155278
4913 0.341458 0.00154572
4958 0.30974 0.00153202
5128 0.283254 0.00151645
5455 0.305956 0.00154011
5651 0.337422 0.00155547
5563 0.333038 0.0015746
5606 0.322508 0.00155794
5588 0.325226 0.00154027
