1170 0.360635 0.00116677
1411 0.358466 0.00119015
1445 0.299807 0.00113212
1508 0.325877 0.00114762
8339 2.02368 0.00110481
1652 0.398741 0.00112808
2443 0.533639 0.00110033
7451 1.6643 0.00110378
1895 0.415187 0.00109463
2252 0.470335 0.00109168
9567 1.78786 0.00112429
5103 0.946222 0.0010949
1373 0.279434 0.00115095
2282 0.37242 0.00114564
10360 1.564 0.00108206
7403 1.29425 0.00110641
1857 0.306216 0.00113591
12164 1.64367 0.00111065
9215 1.26467 0.00110458
4973 0.696926 0.00108875
12362 2.2922 0.00105719
10302 2.55916 0.0010994
1821 0.386769 0.00115314
8294 1.75177 0.00113667
10243 1.82111 0.00114336
7388 1.23244 0.00108225
1526 0.305157 0.00110992
1740 0.285808 0.00116016
8403 1.16646 0.001144
1494 0.288106 0.0011877
4049 1.03154 0.00118082
8154 1.76164 0.00116765
4938 0.814494 0.00115572
1458 0.20321 0.00115917
1260 0.184408 0.00118023
1295 0.217844 0.0011406
1370 0.248492 0.00116605
1553 0.263284 0.00115579
4506 0.595478 0.00110766
1214 0.133456 0.00110994
1381 0.142089 0.00110402
1435 0.145926 0.00109926
10503 0.909524 0.0010627
1524 0.129889 0.00108832
1711 0.17221 0.00111506
1592 0.186309 0.00115723
1265 0.162158 0.00114703
6082 0.753975 0.00111184
1234 0.161763 0.00115027
8599 1.17643 0.00108641
4937 0.645464 0.00105183
1366 0.182776 0.00114045
4954 0.582938 0.00108603
9633 1.26746 0.00106685
1346 0.196636 0.00109726
14992 2.07817 0.0010277
1560 0.22986 0.00109166
1394 0.175853 0.00108186
1604 0.195755 0.00107796
1910 0.214351 0.00106024
1939 0.267874 0.00107757
2447 0.38735 0.00108789
16113 2.37563 0.0010704
2859 0.487743 0.00114305
3146 0.559694 0.00113108
11721 2.12525 0.00114733
3589 0.655686 0.00115141
7600 1.53478 0.00112253
1291 0.275848 0.00109254
1270 0.288362 0.00117298
4787 0.823121 0.00110843
2744 0.361528 0.0010973
1056 0.160944 0.00115326
4531 0.746134 0.0011149
1183 0.202852 0.00111277
1488 0.256707 0.00118369
2869 0.366358 0.001103
1743 0.196829 0.00114639
2082 0.218336 0.00111001
2891 0.347292 0.00112676
1885 0.258515 0.00113788
1906 0.259373 0.00114642
2115 0.302908 0.00113283
2034 0.320268 0.00114438
17094 2.86569 0.00115659
1506 0.268809 0.00112636
1764 0.315643 0.00116677
12272 1.81684 0.00114942
2021 0.274058 0.00114832
2314 0.295065 0.00114176
2839 0.322729 0.00116024
5059 0.519589 0.00115046
14400 1.70687 0.0011252
8385 1.11963 0.00108663
1012 0.141547 0.0011524
7004 0.824915 0.00107966
1208 0.127402 0.00113664
1264 0.131612 0.00113682
4321 0.447385 0.0010142
801 0.098498 0.00111152
10661 1.40544 0.000999095
1741 0.290589 0.00107212
8584 1.21961 0.00106238
7098 0.732581 0.00107958
1595 0.191563 0.00117139
3397 0.470399 0.00111829
5221 0.629496 0.00109666
1572 0.183298 0.0010925
1330 0.157198 0.00110886
14229 1.6741 0.00105775
8335 0.945483 0.00110622
8259 0.99714 0.0011665
7689 0.990015 0.0011718
9044 0.967897 0.00113334
5095 0.439431 0.001162
2298 0.189159 0.0011878
7715 0.673537 0.00112043
3305 0.291896 0.00112939
2203 0.18092 0.00112388
5704 0.455163 0.00108199
3890 0.325796 0.00107842
3767 0.283365 0.00105002
1177 0.0804614 0.0010639
1353 0.0893166 0.00109317
1595 0.144294 0.00108311
1604 0.18336 0.00110411
22908 2.23007 0.00106979
11105 1.32448 0.00105685
968 0.134928 0.00106437
1076 0.148839 0.00110494
1301 0.162099 0.00109232
13363 1.39563 0.00106318
5600 0.524444 0.00108057
11566 0.900342 0.00105942
7425 0.560991 0.00106149
16269 1.46928 0.00106775
1283 0.119428 0.00111132
7123 0.502137 0.00106419
2195 0.143022 0.00106634
6111 0.416814 0.00109759
1951 0.143632 0.00109102
12343 1.11585 0.00107823
7365 0.810818 0.00110034
1356 0.144477 0.00106426
10277 1.0279 0.00107534
8596 0.839131 0.00106519
8910 0.967656 0.00107119
5781 0.666221 0.0011071
3558 0.385437 0.00112373
1454 0.139003 0.00112013
2166 0.172432 0.00107949
5518 0.402137 0.00109108
4969 0.360966 0.00108412
1524 0.110081 0.00112716
3297 0.219531 0.00109815
1016 0.0723193 0.00111224
1569 0.107818 0.00110185
3266 0.22807 0.00108865
1264 0.0959222 0.00111521
1605 0.129494 0.0011084
760 0.0789237 0.00116847
4129 0.483108 0.00109573
2757 0.403182 0.00109518
4110 0.587374 0.00108864
7045 0.831965 0.00107848
4745 0.444672 0.00103923
2901 0.222646 0.00106105
2845 0.205987 0.00102333
770 0.0572959 0.00107014
2359 0.166896 0.00105434
1544 0.10775 0.00105955
21035 1.21814 0.00100987
2140 0.145487 0.00105403
15729 1.59449 0.00098212
1332 0.159203 0.00106151
1543 0.149169 0.00107879
1531 0.130346 0.0010716
24892 2.50408 0.00100523
2081 0.22453 0.00106734
2754 0.229262 0.00106716
3472 0.283495 0.00105201
3930 0.357437 0.00105818
2485 0.294917 0.00110733
2201 0.282638 0.00107978
2393 0.321144 0.0010914
2835 0.3699 0.00110338
1836 0.275406 0.00110313
12892 2.66798 0.00112922
8102 1.93942 0.00113421
2321 0.608638 0.00113613
1383 0.421957 0.00113981
2559 0.957992 0.00113531
887 0.333169 0.0012067
2936 1.00676 0.00112127
1944 0.785772 0.00108643
408 0.20421 0.00112921
1352 0.718615 0.00112583
907 0.528971 0.00118202
621 0.423039 0.00116523
699 0.489983 0.00118856
754 0.42394 0.00113344
765 0.36611 0.00113604
3966 1.62604 0.0011167
1211 0.442391 0.00117663
1528 0.453819 0.0011432
1759 0.440571 0.00116828
2266 0.459433 0.00117701
2625 0.465068 0.00113448
9560 1.79235 0.00114964
1963 0.419646 0.00118583
1386 0.353454 0.00112371
3093 0.89183 0.0010967
3853 1.18222 0.00111294
986 0.341212 0.0012115
1046 0.341255 0.001217
5799 1.64626 0.00109443
1755 0.433902 0.00113928
1422 0.27381 0.0011365
3648 0.714186 0.00112579
1638 0.394101 0.0011556
1800 0.475406 0.00113789
1839 0.560678 0.00112278
1714 0.70364 0.00115056
2061 0.994703 0.00114979
3140 1.83861 0.00112425
591 0.482232 0.00112704
3262 3.67052 0.00123095
756 0.772292 0.00116101
872 0.589697 0.00118004
1182 0.621858 0.00114355
952 0.627754 0.0011768
895 0.685985 0.00117368
3946 3.07218 0.00126098
1096 0.78 0.00116676
1170 0.96469 0.00121248
1029 0.893487 0.001172
878 0.82379 0.00115197
884 0.975865 0.00117941
818 0.919636 0.00117436
338 0.517417 0.00116705
457 0.912154 0.00118785
602 1.02871 0.00122065
530 0.927772 0.00121391
632 1.12947 0.00121364
1379 2.39349 0.00123186
483 0.849732 0.0012046
803 1.56275 0.00128142
225 0.597997 0.00122563
550 1.93064 0.0012292
1996 4.93802 0.00122189
624 0.9552 0.00114835
807 1.04565 0.00122731
2355 3.5231 0.00125004
1013 1.73228 0.00118469
92 0.240607 0.00122565
169 0.659446 0.00121482
131 0.433564 0.00130105
101 0.369301 0.00128192
127 0.481186 0.00117778
436 1.18338 0.00126473
272 0.769683 0.00124389
260 0.880131 0.00121964
563 1.73958 0.00122019
2083 5.31365 0.00133502
285 0.647578 0.00118169
362 1.039 0.00122476
493 1.16605 0.00124929
682 1.22889 0.00121517
651 1.04993 0.00121635
736 1.05109 0.00118125
863 1.06763 0.00117693
733 0.891033 0.00124249
2686 2.78949 0.00127254
3195 2.85895 0.00125479
754 0.61796 0.00120712
766 0.538995 0.00119851
2039 1.45695 0.00125244
1849 1.18815 0.00121219
836 0.487299 0.00124898
3643 1.69027 0.00127931
9537 3.31321 0.00125144
1519 0.425802 0.00116671
1359 0.343538 0.00120421
1504 0.356489 0.00116974
1861 0.415434 0.00118534
2179 0.478472 0.00119014
2674 0.630792 0.00117336
2857 0.686098 0.00117233
4496 1.10243 0.00120301
7858 1.94469 0.00119997
1224 0.321107 0.00106637
1797 0.518406 0.00117103
8472 2.18574 0.00115703
1878 0.585201 0.00115659
1513 0.490754 0.00111266
985 0.345547 0.00118947
883 0.357976 0.00121532
818 0.331927 0.00118185
849 0.315156 0.00118792
5888 2.25098 0.0011799
1200 0.457025 0.00118184
1007 0.332068 0.00118825
5591 1.71692 0.00118867
4471 1.30329 0.00117169
4676 1.56656 0.00120742
5166 1.67432 0.00118882
6270 1.676 0.00119499
1015 0.269653 0.00116983
2044 0.56118 0.00118328
2196 0.529224 0.00117718
11118 2.13933 0.00116104
1096 0.214148 0.00117589
1541 0.342147 0.00121278
8279 1.46386 0.00118404
7105 0.944266 0.00117702
1967 0.251927 0.00120035
2258 0.280542 0.0011685
2315 0.25461 0.00117218
2539 0.252963 0.00116245
16957 1.64011 0.00117027
7994 0.763927 0.00117131
2418 0.229675 0.00114429
11164 1.10108 0.00114132
2525 0.244756 0.00112595
3558 0.312246 0.00111701
4240 0.337472 0.00109693
4269 0.349208 0.00108238
5299 0.475896 0.00106001
7214 0.746128 0.00102989
22140 3.34388 0.00116817
9663 1.82677 0.00118926
3996 0.834679 0.001204
1635 0.322233 0.0011833
11593 2.19315 0.00122239
2537 0.436954 0.00122207
12279 1.94728 0.00118379
1955 0.308035 0.00118293
11246 1.55164 0.0010921
5732 0.793572 0.00112136
2126 0.285761 0.00114283
2577 0.312157 0.00112076
3243 0.34735 0.00111987
4323 0.42556 0.00112923
5522 0.508908 0.00111409
4927 0.488934 0.00111979
3878 0.471143 0.0011307
2054 0.304072 0.001148
2024 0.304889 0.00112139
2650 0.360858 0.00112185
2812 0.377942 0.00113331
3292 0.434681 0.00113615
3699 0.437967 0.00113337
4211 0.464712 0.00113322
5112 0.518829 0.00112179
4846 0.499619 0.00113281
4094 0.445663 0.00113209
3743 0.404351 0.00112804
3723 0.419406 0.00114524
3738 0.400523 0.00113513
22215 2.06769 0.00108437
5024 0.468536 0.00110341
1800 0.205689 0.00104359
2795 0.448855 0.00109769
11234 2.37124 0.00119337
1545 0.36949 0.00118448
1238 0.309181 0.00121192
1203 0.303338 0.00117194
1661 0.427722 0.00121935
2018 0.49701 0.00122584
2439 0.560835 0.00120994
2465 0.539669 0.00122036
11509 2.58866 0.00115711
1283 0.361089 0.00121855
1079 0.312847 0.0012119
1275 0.331147 0.00120893
1266 0.306874 0.0012135
1407 0.321973 0.00119195
3472 0.788133 0.0011624
1060 0.237081 0.00117204
1417 0.282467 0.00116927
1716 0.316931 0.00117159
1613 0.268143 0.00116527
4724 0.702068 0.00112877
2166 0.301008 0.00114885
2576 0.325488 0.00114766
2852 0.353729 0.00116058
2725 0.32026 0.00115095
2709 0.320112 0.00114476
12070 1.58446 0.00116217
1262 0.180729 0.00116215
2033 0.306837 0.00114754
1274 0.204821 0.00119996
1384 0.237338 0.00118722
1634 0.288284 0.00118073
1482 0.265829 0.00117959
1441 0.278643 0.00117
5173 1.00413 0.00114479
8478 1.61155 0.00116398
1445 0.281111 0.00121137
1680 0.293279 0.00118917
1429 0.23979 0.00122455
1426 0.23397 0.0012134
2675 0.389591 0.00119924
2845 0.401628 0.00121481
3409 0.488474 0.00115601
1286 0.200292 0.00119202
21276 3.22507 0.00112358
3915 0.66315 0.00123472
3587 0.71817 0.00123784
9957 2.18187 0.00117487
10376 2.27952 0.00118723
1419 0.323386 0.00115604
3343 0.895117 0.00123466
1197 0.325776 0.00119161
1448 0.390016 0.00122867
1997 0.512961 0.00121845
1642 0.433061 0.00124123
1794 0.476263 0.00119523
11489 3.50453 0.00123778
2008 0.710881 0.00121726
1163 0.420207 0.00120125
1170 0.400957 0.00120031
2709 0.911842 0.00119027
1200 0.363111 0.00118097
1227 0.333763 0.00118409
9020 2.18284 0.00114781
2884 0.639661 0.00116626
3190 0.647798 0.00120163
3762 0.655256 0.00121456
3490 0.55201 0.00121009
3351 0.544196 0.00120049
5186 0.844848 0.00114835
2021 0.336292 0.00113504
2300 0.38555 0.00113567
2134 0.38753 0.00115337
1858 0.345121 0.00115642
2164 0.37015 0.00113504
19136 3.35519 0.00114859
1982 0.397437 0.00113032
2132 0.549029 0.0011477
3216 0.83225 0.00116689
1234 0.293947 0.00122031
1701 0.351729 0.00122245
1993 0.358371 0.00121272
2018 0.3769 0.00123428
1989 0.389602 0.00121708
1968 0.376424 0.00122459
1801 0.308798 0.00119082
1795 0.30433 0.00117075
9209 1.51702 0.00114608
11409 1.84563 0.00118184
1857 0.269083 0.00116325
1736 0.239084 0.00118066
1884 0.251234 0.00115717
2021 0.282842 0.00116562
2770 0.429327 0.00116058
1715 0.280593 0.0011352
1547 0.262315 0.00115149
1724 0.309906 0.00114904
1780 0.368245 0.00115154
999 0.212479 0.00116737
1188 0.237249 0.00114694
1718 0.310954 0.00114553
2593 0.394383 0.00115102
3008 0.440303 0.00115755
3267 0.44519 0.00112624
3541 0.417194 0.00110928
1798 0.22313 0.00112423
19103 2.67496 0.00117312
2124 0.271219 0.00114903
2798 0.305829 0.00113848
2960 0.287758 0.00113653
3574 0.331164 0.00114396
3565 0.33299 0.00116249
3321 0.321072 0.00115527
22802 2.11645 0.00115008
12355 1.08764 0.00115106
3786 0.339014 0.00114239
3088 0.311415 0.00116573
3689 0.389195 0.00116262
3456 0.372381 0.00115761
3548 0.429588 0.00116649
2867 0.38624 0.00116518
2312 0.338015 0.00117996
12170 1.85757 0.00122543
1704 0.258799 0.00119038
5156 0.783161 0.00117671
1945 0.274262 0.00118682
2306 0.284245 0.00117277
2496 0.281739 0.00118023
2633 0.263159 0.00115213
3019 0.297351 0.00118029
3203 0.322285 0.00116348
3824 0.432115 0.00115866
15339 2.14772 0.00116499
4021 0.617856 0.00115444
1945 0.300749 0.00115199
1912 0.30703 0.00117842
2300 0.364645 0.00119379
2031 0.30764 0.00119389
1997 0.303949 0.00122584
11180 1.5348 0.00122323
6069 0.705336 0.0012162
3223 0.342766 0.00117889
2849 0.288514 0.00121296
2550 0.219388 0.00119227
4523 0.375098 0.00118891
9509 0.825099 0.00116395
1805 0.170836 0.00115984
1995 0.18592 0.00114107
7504 0.644876 0.00112876
3132 0.279339 0.00115934
1602 0.151285 0.00117941
1586 0.160419 0.00119613
10731 1.16177 0.00114751
3028 0.360753 0.0011957
11748 1.37785 0.00116964
2471 0.264725 0.00116942
2859 0.276089 0.0011507
3257 0.340565 0.00116884
4137 0.420381 0.00115011
3906 0.405898 0.00113103
4005 0.420463 0.00111667
45497 4.29935 0.00112094
15684 1.36762 0.00113094
26725 2.08948 0.00109326
5953 0.474583 0.00111326
3720 0.321062 0.00111787
12984 1.47599 0.00113477
3311 0.409854 0.00114584
25689 2.83811 0.00114008
2595 0.282891 0.00114544
3698 0.401939 0.00114492
18983 2.50458 0.00118927
1637 0.241297 0.00116887
9163 1.45134 0.00114923
1598 0.258735 0.00115303
1902 0.258832 0.00114169
14052 1.64462 0.00115214
3072 0.302929 0.00115256
2789 0.251768 0.00113892
20825 2.24764 0.00115253
2167 0.264834 0.00119405
3925 0.440951 0.00118558
2485 0.263425 0.00117156
2984 0.294726 0.00116428
3250 0.32605 0.00118261
3243 0.354841 0.00119389
3103 0.389442 0.00119876
4149 0.538582 0.00119311
5293 0.629265 0.00120425
5726 0.651356 0.00119266
5354 0.592563 0.00117621
8390 1.01877 0.00120742
3109 0.410463 0.00123295
14427 1.79687 0.00118841
2572 0.323352 0.00115859
2947 0.402763 0.00117431
3290 0.446693 0.00117329
3194 0.392054 0.00117101
3108 0.34531 0.00116326
3104 0.292125 0.00116851
3331 0.265467 0.00116077
3687 0.305426 0.00117789
3722 0.328191 0.00118233
4765 0.439077 0.00119717
3461 0.339364 0.00118674
3024 0.319484 0.0011731
14812 1.50481 0.00110902
3527 0.390827 0.00114968
3876 0.476548 0.00113725
1441 0.202853 0.00117591
14479 1.81674 0.00113951
2943 0.328158 0.00113855
2532 0.298385 0.00112961
2406 0.308902 0.00115932
3198 0.406026 0.00115783
3040 0.381973 0.0011585
19579 2.18745 0.00107064
8900 0.925048 0.00110113
5338 0.483627 0.00108701
3491 0.31971 0.00110041
5555 0.52075 0.0010944
7536 0.707781 0.00115149
52355 4.46683 0.0011168
27815 2.27951 0.00111273
7588 0.646221 0.00117868
2944 0.248232 0.00120315
2896 0.253495 0.00120855
2653 0.242237 0.00120465
2703 0.241333 0.00121676
7608 0.605093 0.00114877
2964 0.229267 0.00118997
4311 0.312239 0.00117688
4884 0.391479 0.00118931
4746 0.448007 0.00120241
4846 0.475884 0.00116783
7118 0.766506 0.00119751
2706 0.293172 0.00116564
3409 0.352084 0.00117109
8930 0.955524 0.00113064
5290 0.606967 0.0011233
2619 0.292864 0.00113247
2819 0.303039 0.00114187
7426 0.724884 0.0011353
4381 0.379209 0.00114617
4044 0.322867 0.00112662
4535 0.355642 0.00109134
4711 0.377223 0.00110272
4160 0.34088 0.00110841
27365 2.30704 0.00110811
2864 0.238587 0.00114571
2552 0.201085 0.00114319
2478 0.205307 0.00117086
9392 0.837134 0.00114204
1830 0.184783 0.00116459
1906 0.182447 0.00115429
15115 1.23919 0.00110566
14071 1.0457 0.00110706
12712 0.898487 0.00111904
15623 1.00678 0.00109561
7033 0.414947 0.00110374
3773 0.233289 0.00116861
32976 1.76304 0.00106059
3750 0.190735 0.00110545
23914 1.26185 0.00112059
4716 0.271348 0.00117107
6026 0.354467 0.00117882
5648 0.374278 0.00120416
5733 0.40158 0.00122559
15104 1.06251 0.00117367
25667 1.75123 0.00108242
3201 0.206796 0.00111036
6292 0.371748 0.00108425
3075 0.174746 0.00109196
19343 1.12784 0.00110768
13379 0.769416 0.00108711
3059 0.156774 0.00106568
12168 0.682693 0.00109443
5511 0.355755 0.00113483
6329 0.377209 0.00107575
5746 0.301929 0.00108779
6903 0.297282 0.00109518
2974 0.113748 0.00111509
11894 0.424634 0.00109233
3121 0.118564 0.00111868
3658 0.142067 0.00112472
31092 1.24143 0.00108356
13046 0.572293 0.00109534
2865 0.12176 0.00111276
3150 0.13867 0.00114476
2863 0.137494 0.00115774
2828 0.147225 0.00113612
3265 0.185371 0.00115194
3608 0.201709 0.00116601
3328 0.177588 0.00115833
3278 0.178922 0.00116421
2930 0.167157 0.00115705
2885 0.166517 0.00115169
17520 1.02011 0.00112377
4054 0.226224 0.00112693
2326 0.126421 0.0011469
2763 0.157221 0.00113721
2503 0.153281 0.00114917
2467 0.161148 0.00117207
2401 0.168891 0.00117981
2258 0.171627 0.0011928
7062 0.542746 0.00118912
2486 0.181712 0.00118433
2189 0.167639 0.00118398
2282 0.192361 0.00117718
2625 0.231667 0.00119432
2768 0.24687 0.00116614
2891 0.276835 0.00117378
2417 0.286843 0.00120951
2375 0.30326 0.00117022
2469 0.343136 0.00118817
2287 0.336201 0.0011985
3641 0.512795 0.0011729
2546 0.358341 0.00117574
2457 0.328389 0.00117363
2825 0.40015 0.00117711
3491 0.531718 0.00118513
4595 0.62309 0.00116744
4354 0.562225 0.00115249
4025 0.61236 0.00118071
3737 0.763507 0.0011749
9615 2.57031 0.0011936
4080 1.00235 0.00122203
5189 0.903136 0.00119741
6639 0.860089 0.00117948
5892 0.69181 0.00119258
20759 2.39834 0.00120851
5675 0.623574 0.00120877
5974 0.638227 0.00118781
5968 0.602702 0.00116394
6238 0.591474 0.00113342
6198 0.59454 0.00111636
56473 6.17432 0.00106336
2928 0.448606 0.00117144
2734 0.50865 0.00118301
4625 0.97966 0.00116899
9798 2.1454 0.00115676
7565 1.63757 0.00115692
9064 1.88904 0.0011797
7733 1.58721 0.00116629
1114 0.212269 0.00117583
1626 0.286979 0.00119251
1286 0.237503 0.00116377
1435 0.285079 0.001191
1137 0.23559 0.00121179
4396 0.855236 0.00116894
1480 0.289656 0.00121235
1713 0.312718 0.00120821
2180 0.350531 0.00122874
2047 0.280183 0.00116901
2091 0.27153 0.00116637
2489 0.3158 0.00117682
2874 0.333637 0.00119118
3098 0.323915 0.00116872
6124 0.691671 0.00115949
2616 0.342731 0.00117732
4145 0.603103 0.00117418
2716 0.409227 0.00117889
3669 0.513271 0.00119118
3894 0.508213 0.00115899
5401 0.651199 0.00114854
38321 4.22537 0.00111572
4226 0.523139 0.00116378
23872 3.38235 0.00114449
2703 0.351021 0.00114287
2560 0.28885 0.00116005
2929 0.342567 0.00120694
3498 0.368895 0.00118355
4127 0.413719 0.00117162
4621 0.457602 0.00114834
4071 0.392059 0.00117243
2805 0.258853 0.0011411
3096 0.297063 0.00116433
2195 0.225276 0.00116696
9960 1.08901 0.0011788
8107 0.849023 0.00116669
2329 0.224284 0.00119072
10966 0.909446 0.00116279
2023 0.167277 0.00119835
2256 0.17225 0.00114202
4590 0.349314 0.00115245
2993 0.261692 0.00114876
2258 0.229574 0.00115565
16158 1.86712 0.00117154
10042 1.25254 0.00116028
3550 0.432598 0.00116244
8185 0.862548 0.0011456
3734 0.32849 0.00114177
4986 0.3932 0.00114654
4974 0.347437 0.00112928
5619 0.3991 0.00111838
4355 0.368573 0.00112745
3480 0.313098 0.00110207
26422 2.7794 0.00111102
12562 1.45606 0.00113959
16336 1.40714 0.00108046
2666 0.184043 0.00114911
22047 1.25368 0.0010697
19279 1.01936 0.00108996
22532 1.02753 0.00105817
3645 0.156809 0.00111845
19007 0.726526 0.00107911
10120 0.38004 0.00108091
13687 0.542608 0.00109489
2477 0.117395 0.00113145
24269 1.22518 0.00111524
3087 0.155503 0.0011188
3987 0.217834 0.00115254
26306 1.70028 0.00112415
3394 0.282444 0.00116051
16531 1.48149 0.00115231
14780 1.49676 0.00117531
7127 0.771311 0.00116431
2677 0.289172 0.00115431
17209 1.77288 0.00116047
3645 0.355569 0.00116985
24059 2.40954 0.00111511
4038 0.372924 0.00108357
3914 0.323632 0.00108801
1393 0.141334 0.00117138
2167 0.229864 0.00116968
2385 0.22509 0.00115098
18417 1.63255 0.00115067
4305 0.353442 0.0011311
3851 0.319427 0.00114775
22922 2.08897 0.00116096
2378 0.229672 0.00118028
2848 0.266312 0.00119131
3224 0.292586 0.00115358
3181 0.270784 0.00114871
3520 0.307664 0.00114636
4162 0.37212 0.00113495
6083 0.47488 0.00111585
50570 4.00098 0.00114004
4521 0.366868 0.00115474
5593 0.440076 0.00112268
4922 0.423451 0.00118954
7571 0.574486 0.00116128
33736 2.06699 0.00114456
32084 1.74315 0.0011242
48422 2.68979 0.00113208
51120 3.00319 0.00112317
2678 0.192799 0.00113652
17139 1.56413 0.00115155
12504 1.23398 0.00118582
15415 1.54861 0.00115487
1393 0.151907 0.00117067
7355 0.768674 0.00114443
2026 0.204589 0.00120244
2304 0.206528 0.00115637
3086 0.239162 0.00114919
4097 0.295676 0.00117958
26296 1.87447 0.00111223
13117 0.930637 0.0011382
22710 1.53099 0.00111014
13501 0.951713 0.00113491
2993 0.211565 0.00113833
18411 1.36468 0.00114333
13666 1.07021 0.00110544
2498 0.211147 0.00114001
12925 1.05977 0.00115818
2139 0.16074 0.0011429
5544 0.421179 0.00112886
2333 0.179753 0.00113767
15410 1.05023 0.00112898
18845 1.25 0.00113945
11576 0.906503 0.00113528
1799 0.162485 0.00115968
1325 0.116451 0.00114216
1286 0.118114 0.00114849
4663 0.388478 0.00111964
6725 0.526346 0.00111518
6352 0.461845 0.00114004
2301 0.133269 0.00112791
7935 0.390664 0.00111933
4170 0.183788 0.00114951
4353 0.189165 0.00114188
4781 0.221176 0.0011413
5216 0.239673 0.00114611
33068 1.59153 0.00112962
2843 0.150805 0.00116769
21015 1.13028 0.00112752
17399 1.0016 0.00113204
2806 0.150232 0.00113882
2615 0.141711 0.00113372
2719 0.175235 0.00115231
2723 0.19389 0.00116923
3444 0.254117 0.00114952
3473 0.282912 0.00115665
4735 0.397502 0.00114295
4664 0.378514 0.00110613
10174 0.956479 0.00111499
22746 2.59807 0.00112272
1470 0.199241 0.0011306
10466 1.38912 0.00115137
6979 0.818076 0.00116496
12684 1.40145 0.00113954
2299 0.233744 0.00116131
2257 0.223505 0.00114805
2245 0.237153 0.00115595
2215 0.234942 0.0011362
2353 0.246057 0.00114361
15707 1.85509 0.00117037
7697 1.00625 0.00116964
10797 1.32835 0.00116166
1839 0.220205 0.00117378
1756 0.198675 0.00115155
2036 0.214655 0.00115334
12656 1.33881 0.00115399
4968 0.537145 0.00118469
1849 0.185429 0.00117297
2399 0.217094 0.00118553
7248 0.567775 0.00115505
15380 1.22956 0.00115685
2786 0.204003 0.00117145
3138 0.204089 0.00119278
3247 0.203961 0.00117331
3347 0.200652 0.00115814
3362 0.207332 0.00115714
21293 1.31335 0.00113883
20880 1.1375 0.00111889
27676 1.52553 0.00114661
29842 1.89575 0.00124107
18437 1.12739 0.00114142
5693 0.34509 0.00115174
3393 0.204525 0.00120195
3867 0.233433 0.00119671
14552 0.808489 0.00114015
2839 0.173802 0.00117311
3139 0.186038 0.00115251
25061 1.16381 0.00107857
3194 0.134352 0.00111972
3949 0.158837 0.00112505
4238 0.173124 0.00110582
4364 0.181845 0.00114845
4571 0.180829 0.00113693
3678 0.148266 0.00112985
3653 0.151421 0.00111286
21918 0.988355 0.00106444
2670 0.151988 0.0011355
3030 0.201338 0.00114255
15585 1.23965 0.00104731
1590 0.140343 0.00107136
3055 0.240747 0.00109308
5322 0.366439 0.00107361
15549 0.974396 0.00108309
3565 0.228866 0.00114706
26802 1.79894 0.00109668
1959 0.137505 0.00115448
2474 0.172227 0.00112102
2174 0.163231 0.00111264
2400 0.191801 0.00115364
18537 1.59533 0.00113148
2518 0.211112 0.0011435
20450 1.76942 0.00112775
2354 0.22794 0.00114903
2732 0.266451 0.00115222
16257 1.64224 0.00113694
1797 0.198192 0.00116549
1906 0.21694 0.00115896
2058 0.210388 0.00113418
2411 0.243805 0.00117658
2526 0.250914 0.00116943
2122 0.201492 0.0011272
2394 0.230405 0.00114869
3857 0.353737 0.00117258
3224 0.287219 0.00116615
15267 1.5822 0.0011616
1560 0.189201 0.0012107
1539 0.189177 0.00119267
7545 0.997309 0.0011553
1352 0.197667 0.00117536
1410 0.209688 0.00116542
2761 0.37944 0.00119728
1581 0.219171 0.00120046
10408 1.51246 0.0011507
10010 1.37481 0.0011449
10411 1.36488 0.00115522
1234 0.159701 0.00116588
10065 1.14981 0.00116166
1781 0.17436 0.00117313
8503 0.708574 0.00109795
2304 0.174696 0.00116738
2082 0.142421 0.00117043
10682 0.711866 0.00112599
9497 0.633583 0.00112146
1314 0.0900239 0.00114915
4301 0.288823 0.00110544
6272 0.398885 0.00111128
15644 0.726545 0.00107158
2753 0.109773 0.00112238
1755 0.076586 0.001132
2837 0.116706 0.00108379
1673 0.0707049 0.00112574
12759 0.61685 0.00110983
2096 0.107491 0.00113676
2501 0.121815 0.00115492
1903 0.0852514 0.0011079
11675 0.624367 0.00111926
8485 0.624589 0.00113007
8731 0.726176 0.00106435
1528 0.129282 0.00105959
1943 0.162516 0.00106362
3920 0.307802 0.00110332
4134 0.316051 0.00102446
8077 0.554613 0.00101267
2282 0.131478 0.00113978
6386 0.351178 0.00110065
7354 0.374788 0.00110358
5347 0.265625 0.00104488
2142 0.130548 0.00110005
1144 0.0666877 0.00111032
4029 0.209452 0.00107754
1532 0.0711413 0.00108217
2013 0.07927 0.00110239
2776 0.101163 0.00111926
2845 0.097339 0.00108411
4667 0.171347 0.00112524
12661 0.48139 0.00111277
3509 0.140369 0.00114091
3349 0.143665 0.00116304
23507 1.02716 0.00112294
16645 0.767542 0.00111109
2718 0.123861 0.00118362
2858 0.120315 0.00120021
2910 0.123672 0.00120373
9918 0.375533 0.00114029
3453 0.1279 0.00117486
18251 0.670189 0.00113244
4291 0.163839 0.00117498
4756 0.170921 0.00115512
5536 0.192784 0.00115897
6210 0.215581 0.00116259
5992 0.207029 0.00113169
6678 0.236251 0.00113634
6624 0.251343 0.00113393
7359 0.302522 0.00113717
8034 0.323289 0.00113364
8715 0.363156 0.00112589
51881 2.67677 0.00113847
4869 0.31532 0.00117944
4446 0.326907 0.00118591
9275 0.792714 0.00119983
3881 0.388716 0.00120592
3825 0.421189 0.00119688
3057 0.362492 0.00118114
2951 0.386738 0.00115761
22704 3.25183 0.00113979
3040 0.482389 0.00114076
3648 0.532706 0.00113619
4544 0.557769 0.00110646
6991 0.800073 0.00111109
5171 0.585861 0.00113006
3869 0.416849 0.00109243
32895 3.86701 0.0011384
4200 0.602056 0.00116035
9343 1.35804 0.00113587
4849 0.686098 0.00112684
1186 0.16415 0.00117055
2220 0.23237 0.0011238
3066 0.268633 0.00115436
2729 0.238906 0.00115438
6460 0.608127 0.00114849
1847 0.176919 0.00117891
1945 0.158795 0.00114812
3587 0.219453 0.00115167
3927 0.183634 0.00114002
8357 0.34797 0.00115939
7465 0.275695 0.00116536
7224 0.232755 0.00110558
9160 0.274912 0.00110199
9695 0.278304 0.00109667
8702 0.261626 0.00108373
22090 0.663453 0.00106165
5870 0.180714 0.00110233
6816 0.222686 0.00110889
4993 0.175372 0.00108738
10823 0.364613 0.00104972
5448 0.186362 0.00106411
5271 0.192627 0.00107157
3765 0.141814 0.00105567
4425 0.167215 0.00105929
4893 0.1761 0.00107502
4608 0.166228 0.00106917
4414 0.168201 0.00106648
5400 0.208149 0.00105994
27809 0.983797 0.00103449
42694 1.36732 0.00101713
7192 0.228841 0.00105383
6537 0.208161 0.00106751
62256 1.92941 0.00101212
6121 0.201634 0.00105487
64368 1.95113 0.000995893
18447 0.562853 0.000994714
34504 1.11021 0.00097076
25928 0.931612 0.00107962
2671 0.0940855 0.00116986
3018 0.104508 0.00114841
2745 0.102832 0.00113834
2923 0.114938 0.0011343
2874 0.108195 0.00112896
18829 0.71324 0.00111425
2807 0.115749 0.00113374
3624 0.144428 0.00113592
3113 0.117389 0.0011184
19550 0.713785 0.00105732
2797 0.111152 0.00109165
13137 0.550363 0.00108351
2604 0.114708 0.0010883
8715 0.386998 0.00108278
5846 0.27007 0.00113874
3007 0.13329 0.00114344
22768 0.932296 0.00112676
4134 0.174075 0.00114655
4318 0.202116 0.00116663
4088 0.197725 0.00117358
6695 0.339726 0.00111915
2771 0.151621 0.00116425
2305 0.118304 0.00113385
12957 0.70346 0.00108544
1906 0.116269 0.00111383
1568 0.0969617 0.00111426
2212 0.126889 0.00107879
8875 0.457424 0.00103794
5384 0.292686 0.00104198
10617 0.67262 0.00102235
1279 0.081846 0.00106721
3126 0.179104 0.00104349
4118 0.245456 0.00107026
9579 0.54632 0.00106979
1823 0.105911 0.00112732
5402 0.294782 0.00108221
10125 0.496405 0.00109575
13854 0.599422 0.00108229
9919 0.414252 0.00110289
5894 0.250471 0.0011336
14628 0.628296 0.00112982
5404 0.251287 0.00113293
4712 0.218662 0.00112821
6657 0.330975 0.00112917
3542 0.192448 0.00111187
2161 0.121186 0.00115724
4497 0.227895 0.00112579
2884 0.135125 0.00113002
3275 0.164946 0.00115725
21979 1.13268 0.00113543
2641 0.143181 0.00112739
2688 0.162297 0.00116827
2847 0.1737 0.00112889
2792 0.188815 0.00116362
2992 0.221809 0.00115149
2350 0.199169 0.00117045
2516 0.215969 0.00115922
15313 1.26654 0.00115439
3765 0.291208 0.00117067
2525 0.176589 0.00118972
3305 0.236245 0.0011983
3172 0.226622 0.00118724
3778 0.262268 0.00120499
3959 0.258538 0.00119424
3798 0.241445 0.00116831
3701 0.234869 0.00118333
3635 0.232509 0.00117285
4511 0.283417 0.00117837
4572 0.27186 0.00117188
24412 1.5953 0.00118164
3547 0.247495 0.00118438
30598 2.13212 0.00120556
2940 0.210612 0.00119115
7918 0.629179 0.00121858
2904 0.231609 0.00118801
3604 0.2919 0.00117611
3775 0.31753 0.00119233
3801 0.313891 0.00117465
3651 0.322703 0.0011722
13494 1.34853 0.00120417
9966 0.932158 0.00120526
3069 0.272751 0.00121369
2966 0.275789 0.0012097
3011 0.260679 0.00117965
3509 0.300226 0.00119412
3377 0.300292 0.00119639
3049 0.270797 0.00118484
2577 0.246685 0.00119243
13127 1.44589 0.00119664
2270 0.269469 0.00122
10981 1.40505 0.00122629
1969 0.251554 0.00119721
1818 0.211359 0.00121505
11474 1.23946 0.00121736
7991 0.894052 0.00123791
9916 1.28048 0.00123889
1477 0.211396 0.00119635
3788 0.603749 0.00118383
6684 1.21805 0.00122404
1311 0.25206 0.00120114
1054 0.218232 0.00121951
1343 0.263987 0.00120315
1654 0.308727 0.00122939
1891 0.318161 0.00119746
13325 2.0279 0.00120279
2110 0.297861 0.00118793
2333 0.306378 0.00118391
17212 2.10852 0.00116362
4566 0.53583 0.0012059
3650 0.448876 0.00124324
4698 0.612621 0.00123675
32100 3.84649 0.00120204
17684 2.05958 0.00118363
25472 3.09753 0.00111147
3348 0.481711 0.00117139
12426 1.75509 0.00120331
3002 0.377434 0.00120554
3840 0.450735 0.00119108
17255 1.88984 0.00116983
3431 0.377712 0.00118284
14533 1.64294 0.00119139
15484 1.48462 0.00118553
4121 0.323144 0.00121062
23358 1.75447 0.0011538
18130 1.38709 0.0011092
3682 0.275605 0.0011491
35407 2.44474 0.00112254
18259 0.998611 0.00109947
14746 0.70073 0.0011176
37209 1.74865 0.00109379
5623 0.268442 0.00114362
10724 0.490236 0.00113494
6821 0.326035 0.00115201
40148 2.05586 0.00112837
13546 0.732116 0.00115159
35831 1.66368 0.00109818
32333 1.3224 0.0011006
31750 1.37862 0.00113191
5555 0.234923 0.00111962
15672 0.579277 0.00111108
59658 1.96083 0.00110412
62606 1.91517 0.00107823
7072 0.214727 0.00109009
57061 1.74007 0.0011093
7532 0.224221 0.00112688
31892 0.894369 0.00110061
17017 0.462356 0.00109345
50780 1.39263 0.00112399
5496 0.158506 0.00115887
6130 0.178705 0.00115268
4255 0.129906 0.00115574
40102 1.23172 0.00108564
25593 0.772003 0.00108667
13708 0.398519 0.00108828
6691 0.195898 0.00111046
9471 0.240405 0.00107932
12471 0.278727 0.00105443
119988 2.74153 0.000993252
48214 1.28441 0.00105636
6845 0.176938 0.00108394
8120 0.198865 0.0010731
8158 0.211425 0.00105504
87682 2.45806 0.00103318
5745 0.187079 0.00110559
40678 1.4127 0.00109238
33936 1.15274 0.00107603
4671 0.157128 0.00109272
34041 1.1572 0.00107431
7764 0.286952 0.0011084
19286 0.715213 0.00106484
27072 1.05105 0.0010493
23193 0.926005 0.00104112
3757 0.153269 0.0010663
29379 1.27597 0.00105887
6009 0.290784 0.00109252
6706 0.311382 0.0010743
56507 2.66066 0.00105265
23440 1.06274 0.00101983
5148 0.186255 0.00101408
7319 0.198998 0.000938663
7292 0.190004 0.00093704
5968 0.15729 0.000921605
18522 0.49509 0.000944746
65519 1.6916 0.000955388
5167 0.126974 0.000940939
7542 0.180045 0.000933385
62711 1.53668 0.000973486
14836 0.338752 0.000942183
17454 0.393241 0.000937914
32108 0.773379 0.000954626
52010 1.31018 0.0010059
47931 1.386 0.00110151
12078 0.376216 0.00110015
56364 1.64405 0.00104584
50969 1.40365 0.00103383
44053 1.12646 0.00100858
66311 1.71814 0.0010133
7806 0.218404 0.00104626
25297 0.820166 0.00103991
66372 2.65838 0.00103773
10840 0.473548 0.00105698
13649 0.571789 0.00107546
17238 0.676593 0.00107168
29311 1.20833 0.00107735
9109 0.409211 0.00115042
2809 0.117996 0.00110435
4140 0.166152 0.001107
35542 1.40997 0.00112045
27270 1.12216 0.0011099
3874 0.164052 0.0010988
29506 1.44675 0.00115522
25463 1.29152 0.0011171
17449 0.848535 0.00110043
5058 0.234106 0.00111283
2509 0.117811 0.00115515
2535 0.112047 0.00113234
3765 0.153773 0.00112493
4810 0.196633 0.00115374
6823 0.268127 0.00114292
10118 0.365275 0.00113254
15823 0.549975 0.00112566
24312 0.822392 0.0011234
23046 0.780348 0.00112293
6166 0.205388 0.00104623
44185 1.49301 0.00110665
10614 0.36096 0.00111399
30621 1.17412 0.0011563
3736 0.142831 0.00114835
4135 0.154881 0.00116579
21886 0.835655 0.00113312
4669 0.173713 0.00112205
6099 0.208724 0.00111482
8648 0.281259 0.00110442
14663 0.424344 0.00108767
14742 0.425938 0.00107385
43466 1.37693 0.00106026
47535 1.59279 0.00102456
43381 1.71826 0.00109136
31901 1.49567 0.00111117
18324 0.864971 0.00105966
26240 1.2561 0.00109995
3593 0.150322 0.00109111
6084 0.208849 0.00110884
9844 0.306681 0.0011116
12684 0.380236 0.00112643
23869 0.727533 0.00110828
110650 3.60795 0.00111447
7912 0.255778 0.00110419
68819 2.13992 0.0010793
34287 0.966223 0.00108073
12733 0.291866 0.00105978
12609 0.270579 0.00106195
114422 2.50355 0.00105365
10743 0.243391 0.00107316
11068 0.265668 0.00107924
116830 3.12882 0.00111506
84821 2.64761 0.00116334
22950 0.777418 0.00112544
41304 1.51478 0.00114852
4519 0.159082 0.00112778
24777 0.898687 0.00115549
9925 0.377096 0.00115059
3124 0.12042 0.00116477
26526 1.09684 0.00113456
3147 0.148969 0.00114156
3084 0.145116 0.00112839
24588 1.05687 0.00110038
4712 0.192426 0.00108227
6397 0.259933 0.00108314
8721 0.348251 0.00107169
95576 4.02708 0.00105509
11318 0.523831 0.00109495
59345 2.78485 0.00110512
5098 0.219387 0.0010901
3833 0.164343 0.00112423
25577 1.14101 0.0011246
4238 0.180874 0.00111584
19702 0.813431 0.00110654
5427 0.209878 0.00110888
31769 1.10609 0.00110034
5019 0.168451 0.0011455
47281 1.495 0.00112336
24672 0.815345 0.00113712
7903 0.284632 0.00117053
11155 0.420545 0.00116807
18131 0.648911 0.00115447
20709 0.674673 0.00112541
3425 0.117359 0.00113492
5452 0.181796 0.00112688
6610 0.190774 0.00110298
8734 0.228656 0.00110364
11509 0.250781 0.00105541
20342 0.367293 0.00101787
19313 0.352911 0.00102023
20384 0.400576 0.00099929
7543 0.168622 0.000940237
80636 2.4607 0.00104899
10385 0.294462 0.00100554
70642 1.76948 0.00103566
8740 0.200202 0.00101274
11625 0.261431 0.00100034
9951 0.224889 0.00100909
9922 0.217623 0.00100443
8441 0.17838 0.00100348
71750 1.58753 0.00105382
79710 1.66324 0.00106297
60555 1.14124 0.0010506
12102 0.227977 0.00106316
34503 0.713976 0.00103237
9986 0.247204 0.00101492
162237 5.19736 0.00107693
70946 2.48916 0.00106017
6773 0.245477 0.00109059
7920 0.274919 0.00109612
9726 0.368229 0.00110991
68366 3.28556 0.00110605
44869 2.38394 0.00106701
9012 0.526775 0.00112321
7100 0.396039 0.00113624
49986 3.02277 0.00109163
4575 0.319927 0.00110803
19953 1.1392 0.00109097
24635 1.23887 0.00111591
26388 1.24077 0.0010515
3857 0.177224 0.0011176
6173 0.249393 0.00113989
6049 0.238099 0.00110229
6750 0.28901 0.00108848
6292 0.303957 0.00107249
13335 0.685889 0.00104339
61677 3.31623 0.00104084
7360 0.477944 0.00110555
7487 0.534345 0.00110201
62150 4.40909 0.00112044
9373 0.595834 0.00109006
9773 0.56625 0.00111878
20022 1.10829 0.00109898
5005 0.318225 0.00107401
5487 0.369196 0.00106877
2027 0.169425 0.00119906
12213 1.15803 0.00114962
4458 0.412737 0.00111768
7306 0.62975 0.00109833
2542 0.206926 0.0010985
10073 0.727572 0.00105864
3766 0.226911 0.00108291
5692 0.272571 0.00105002
12528 0.469473 0.00103401
162516 5.33777 0.00101976
15598 0.543509 0.00104354
168533 6.64489 0.00108196
9947 0.396606 0.00103277
10471 0.380638 0.00105765
12411 0.3686 0.0010312
14779 0.384951 0.001007
20247 0.554678 0.00100038
12631 0.396907 0.000987163
24516 0.869556 0.000997532
104235 4.41466 0.0010218
4436 0.265981 0.00101923
29049 2.57912 0.00112898
17580 1.76463 0.00115024
6712 0.638272 0.0011876
6895 0.530877 0.00117391
4432 0.303339 0.00115803
22320 1.54627 0.00113154
5849 0.46165 0.00110936
7184 0.596819 0.00111468
1167 0.10194 0.0011623
8216 0.621443 0.00104562
5043 0.369052 0.00104563
7165 0.646007 0.00106216
2515 0.251988 0.00109821
1258 0.117995 0.00109673
17428 1.57722 0.00108836
3840 0.31896 0.00106996
36381 3.40154 0.00107692
4490 0.398745 0.00109025
7541 0.504613 0.00109759
11034 0.677144 0.0011048
11974 0.725716 0.00110686
94393 6.70675 0.00115487
8775 0.738357 0.00118884
40624 3.48987 0.00117122
31854 2.64263 0.00106118
55139 4.48767 0.00105528
10546 0.670748 0.00104281
98744 5.27481 0.000995717
10243 0.666243 0.00107543
60762 4.96883 0.00110504
1543 0.147695 0.00113996
4634 0.44949 0.00113476
3913 0.385468 0.00114209
6140 0.602199 0.00111796
2683 0.295359 0.00116022
2509 0.287878 0.0011352
3351 0.356143 0.00113493
2763 0.272532 0.00110148
27145 2.71267 0.00105713
3216 0.338344 0.00108229
3172 0.36533 0.00111121
6342 0.835256 0.00108847
5740 0.943583 0.00110515
19877 3.40294 0.00107828
794 0.155151 0.00105619
9311 1.98948 0.00109246
9008 1.74564 0.0011129
11183 1.957 0.00107286
11556 1.76735 0.00107319
13932 1.90718 0.0010713
11688 1.29656 0.00106452
27229 2.22131 0.00104135
6459 0.449597 0.00101761
84187 5.40903 0.000976137
40024 2.71745 0.00103395
44082 3.70022 0.00104373
3261 0.39951 0.00108895
1228 0.205898 0.00110168
9408 1.90183 0.00110718
1526 0.379529 0.0010827
1637 0.438162 0.00111471
9598 1.94125 0.00107035
10366 1.67043 0.00109907
15035 1.80435 0.00105304
5900 0.674698 0.0010551
1994 0.215847 0.00108016
15133 1.28624 0.00104492
2687 0.210217 0.00105684
8722 0.690927 0.00103871
1277 0.113109 0.00108896
2783 0.249385 0.00109579
14436 1.23329 0.00104559
1069 0.0937107 0.0011262
6311 0.445966 0.00108
1424 0.0852413 0.0011314
13055 0.649689 0.00107712
1946 0.0893854 0.00116595
2617 0.0998331 0.00112748
2352 0.0854122 0.00114736
13093 0.412406 0.00110387
5600 0.158892 0.00112794
2941 0.0754746 0.00113832
10155 0.230799 0.00108518
2842 0.0681899 0.0011238
14836 0.318211 0.00106631
22560 0.456116 0.00104854
3960 0.0919964 0.00111692
14403 0.322629 0.00107788
34383 0.699089 0.00105851
4741 0.101832 0.00112044
5069 0.122863 0.00113642
5435 0.141895 0.00113001
14770 0.385309 0.00107501
12406 0.303976 0.00106906
11882 0.250944 0.00107076
6515 0.129911 0.0011039
14823 0.299032 0.00106616
25722 0.544953 0.00105285
6874 0.154769 0.00108914
6758 0.164339 0.00109681
10261 0.281139 0.00107963
5942 0.191308 0.00109863
6401 0.237797 0.00111109
45646 1.68518 0.00105141
6301 0.251841 0.00112057
38046 1.60451 0.00107819
6693 0.33892 0.00112648
5356 0.332799 0.00113813
8706 0.593762 0.00111535
3820 0.276634 0.00114429
6596 0.459245 0.00112309
9044 0.554173 0.00111653
3282 0.199961 0.0011296
3268 0.214663 0.00114742
10665 0.740332 0.00115844
2536 0.168327 0.00112919
3322 0.194047 0.00113158
3023 0.170027 0.00112852
17686 1.0001 0.00105442
1774 0.102081 0.0010988
14022 0.732739 0.00105418
2081 0.113427 0.00111444
2179 0.115672 0.00110333
2207 0.114652 0.00110855
2410 0.12458 0.00112419
1881 0.103051 0.00112847
2034 0.114338 0.00111841
1800 0.100191 0.00115726
2124 0.11359 0.00118815
15433 0.744378 0.00111589
3592 0.176071 0.00115206
32065 1.45735 0.0011148
3662 0.165969 0.0011684
6985 0.300891 0.00112218
3350 0.156555 0.00113256
2927 0.143412 0.00111222
3036 0.150482 0.00113439
2648 0.129362 0.00110029
16546 0.734844 0.0010433
2355 0.106146 0.00108673
9427 0.431481 0.00105298
2460 0.115878 0.00109557
2339 0.116281 0.00109877
15107 0.80779 0.00102413
2278 0.144336 0.00107799
28215 1.75164 0.00103149
1545 0.10775 0.00108187
1761 0.141833 0.0010972
1569 0.139142 0.00109556
1771 0.168413 0.00109411
11163 1.0397 0.00107348
2247 0.224522 0.00110971
2316 0.23283 0.00110373
2530 0.270173 0.00113315
2283 0.245234 0.00108173
3161 0.360073 0.00113836
3282 0.409457 0.00113852
2741 0.399466 0.00111136
2044 0.306298 0.00109116
18057 3.13894 0.00106097
10394 2.15394 0.00107045
9225 1.59414 0.0011013
1692 0.242439 0.00113034
5751 0.719359 0.00108371
2703 0.320612 0.00110459
1470 0.213498 0.00110275
11687 2.22078 0.00105089
5524 1.13808 0.00110306
