1107 0.364268 0.00122437
2064 0.627613 0.00121347
903 0.242589 0.001211
4542 1.13957 0.00118903
1016 0.245577 0.00123715
997 0.213955 0.00119259
1490 0.325603 0.00118321
906 0.219914 0.00119775
926 0.232788 0.00122849
976 0.22372 0.00122499
1069 0.221231 0.00119139
3733 0.797113 0.00123134
1324 0.264575 0.00119126
1598 0.28159 0.00119726
1913 0.362377 0.00124601
1882 0.38976 0.00121686
1697 0.364304 0.00125307
1713 0.385772 0.00123518
1213 0.30906 0.00125094
2725 0.784062 0.00119016
3079 1.06541 0.00116425
5790 2.62756 0.00117688
3091 1.89037 0.00113738
1436 1.03522 0.00117449
1036 0.91427 0.00122437
1526 1.65591 0.00119811
502 0.573336 0.00125044
429 0.455589 0.00122147
1681 1.71687 0.00122773
1753 1.7431 0.00119418
490 0.478679 0.00122808
573 0.514843 0.00119332
1058 0.930499 0.00119215
1002 0.765218 0.00120575
2514 1.42266 0.00121084
1298 0.520036 0.00116623
4939 1.51931 0.00116795
1305 0.327762 0.00117248
5240 1.13542 0.00117483
1206 0.234103 0.00121534
11640 1.97239 0.00113833
1023 0.161319 0.00117036
1233 0.17529 0.00121075
1331 0.172363 0.00119543
7091 0.765857 0.00111952
1488 0.145276 0.00116707
1441 0.128516 0.0011483
1744 0.154535 0.00116888
21460 1.71673 0.00109014
1939 0.153791 0.00115078
15374 1.08794 0.00109213
2707 0.189251 0.0011356
4810 0.319607 0.00111717
3334 0.213955 0.00111687
3778 0.22416 0.00111937
4115 0.23028 0.00112467
4298 0.232164 0.00109092
4209 0.227263 0.00111331
3484 0.18704 0.00109513
19746 1.10402 0.00107158
3322 0.191379 0.0011143
3600 0.198433 0.00110752
3277 0.187418 0.00106934
2816 0.18483 0.00111388
6098 0.431829 0.00110175
2189 0.170009 0.00110413
2456 0.198495 0.00110612
11095 0.908015 0.00108807
2622 0.229618 0.00111949
2567 0.216223 0.00110755
2848 0.209333 0.00109286
32901 2.28222 0.00106783
6058 0.462995 0.00108415
17743 1.52052 0.00107783
2345 0.233422 0.00114391
17826 1.91035 0.00105815
1102 0.148954 0.00113985
1536 0.188725 0.00115558
1560 0.149617 0.00111182
1376 0.115575 0.00111139
1428 0.112469 0.00111658
1429 0.10709 0.00112896
6073 0.404744 0.00110336
14543 0.923638 0.00101741
4843 0.338518 0.00107293
14081 0.884528 0.00107563
12453 0.754455 0.00101955
5194 0.319547 0.00107949
1362 0.0733657 0.00109809
1828 0.0924363 0.00109777
3022 0.161487 0.00109525
16762 0.866721 0.00102648
2339 0.130871 0.00108121
19307 1.22223 0.00102448
20786 1.66411 0.00103218
18729 2.03055 0.00103963
1770 0.275458 0.00109943
17389 3.69304 0.00109418
741 0.192751 0.0010961
7850 1.90972 0.00110722
451 0.0873759 0.00104188
7222 1.05783 0.000994772
3205 0.369357 0.00100588
744 0.0948234 0.00114098
10483 1.05598 0.000971132
754 0.0706913 0.00110713
1019 0.0851546 0.00106923
1732 0.143045 0.0010094
1290 0.11234 0.00105276
4253 0.35407 0.000997276
17027 1.59264 0.000950283
320 0.0416737 0.00101441
15710 2.98343 0.00107349
7550 1.78722 0.00109608
3716 0.864187 0.00114894
9001 1.84778 0.00114312
4521 0.895079 0.00113942
9596 2.17561 0.00113531
7581 1.8479 0.00112617
1779 0.470614 0.00114181
637 0.170117 0.00118336
1633 0.370641 0.00115042
7955 1.90561 0.00120938
11941 2.97889 0.00121985
894 0.215317 0.00120989
15070 2.59252 0.00113476
12982 1.59078 0.0011042
11426 1.21364 0.00110792
1579 0.164171 0.0011431
12307 1.17315 0.00105026
6665 0.672461 0.00101455
2192 0.265451 0.00105903
1701 0.226379 0.00107794
5222 0.739471 0.00107026
1329 0.217272 0.0011219
4402 0.858142 0.00117815
10644 2.49851 0.0011382
847 0.249834 0.00122184
8665 2.48421 0.00119448
9320 2.30605 0.00115378
6292 1.5111 0.00118024
3342 0.75127 0.00119679
1508 0.291478 0.00120055
1549 0.304426 0.00117651
6357 1.44843 0.00109759
595 0.194895 0.00120144
639 0.242106 0.00119166
5354 1.97319 0.00109872
5205 2.29252 0.00112464
325 0.240704 0.00126821
856 1.07431 0.00125954
321 0.54742 0.00126474
307 0.461875 0.00130236
2328 2.3394 0.00130899
1832 1.43877 0.00128842
312 0.214872 0.00124722
2222 1.27867 0.0012272
2187 0.973733 0.0012121
3119 1.10976 0.00117349
263 0.11071 0.00124928
2735 1.68929 0.00118417
587 0.519148 0.00129052
739 0.49751 0.00124044
1721 0.725616 0.00122178
735 0.238968 0.00124521
947 0.264389 0.00120613
1333 0.400897 0.0011811
10154 3.38298 0.00121388
448 0.159058 0.00115774
1819 0.740951 0.00125136
4196 1.69267 0.00123317
637 0.31374 0.0012487
4342 2.08691 0.00122307
3340 1.57315 0.00122842
3007 1.16547 0.00119551
4060 1.02737 0.00108903
3759 0.654337 0.00108146
6513 0.786594 0.00105609
1568 0.184761 0.00111129
9881 1.14267 0.00111834
1753 0.183012 0.00115731
1827 0.186828 0.0011964
6314 0.569222 0.00115003
6548 0.529944 0.0010842
6218 0.519317 0.00111346
5831 0.436733 0.0011009
3384 0.239443 0.0010392
1988 0.149152 0.00111139
4318 0.296393 0.00106599
5247 0.356494 0.00101273
3575 0.240238 0.00103992
19742 1.25898 0.0010393
23213 1.47278 0.00103349
14795 0.900029 0.00103106
13873 0.817686 0.00103625
24059 1.35682 0.00104928
7237 0.376799 0.0010324
10583 0.571252 0.00105341
8015 0.420046 0.0010319
5449 0.281009 0.0010422
33678 1.74964 0.00103037
40209 2.30617 0.0010191
39053 2.76796 0.00104222
13531 1.09592 0.00104931
33140 2.93914 0.00104686
1017 0.101953 0.00104431
783 0.0910872 0.00109469
631 0.0947322 0.0012084
618 0.122881 0.00114014
589 0.200934 0.00119628
3470 1.56193 0.00115996
3565 1.67099 0.00115826
4832 2.18819 0.00112118
570 0.251812 0.0011546
563 0.218382 0.00109061
230 0.0986288 0.00116991
2574 1.21574 0.00110774
928 0.438635 0.00114523
960 0.375447 0.00116053
1185 0.398763 0.00116629
1368 0.45203 0.00121932
1463 0.47309 0.00117042
2066 0.661741 0.00115689
1255 0.400169 0.00113711
3484 1.06567 0.00114062
6833 1.92555 0.00114908
7730 2.23202 0.00117327
1572 0.45267 0.00113233
1752 0.541322 0.00118682
1926 0.561271 0.00116402
1641 0.444151 0.00116529
1589 0.432923 0.00117358
1484 0.435624 0.00121242
1491 0.444317 0.00115676
1384 0.416984 0.0011456
1284 0.380448 0.00114175
1064 0.328053 0.00118565
5161 1.70681 0.00119532
3026 0.963738 0.00117169
1525 0.475926 0.00116991
6243 2.11647 0.00117463
5227 1.8016 0.00112499
3587 1.47583 0.00117678
3257 1.60468 0.00120308
2510 1.5336 0.0011982
2853 1.88628 0.00116108
3008 2.09598 0.00117934
3002 1.79668 0.00117454
3453 1.70662 0.00118645
3796 2.28672 0.00118266
2395 1.65057 0.00119196
2735 1.75501 0.00117638
2937 2.02682 0.00122287
3412 2.15023 0.00122257
4199 2.26174 0.00121669
3154 1.72995 0.00122649
3210 1.9667 0.00116849
3013 2.2293 0.00117863
2845 2.22486 0.0011706
1945 1.56593 0.00116993
1378 1.10757 0.00117277
1676 1.31312 0.00120819
948 0.66708 0.00118207
3809 2.63726 0.0012183
1806 1.11532 0.00121585
4638 2.74221 0.00121943
887 0.529356 0.00113733
2588 1.7582 0.00121908
2244 1.78259 0.00126985
2278 1.66304 0.00119381
3012 2.0188 0.00123931
2970 2.24388 0.00123176
2590 2.12459 0.00126781
3000 2.29503 0.00127067
855 0.635644 0.00123297
3283 2.39951 0.00127247
2905 2.19454 0.00125196
3033 2.2174 0.0012189
775 0.508544 0.00114841
848 0.593741 0.00121714
3076 2.20169 0.00124235
930 0.635385 0.0011912
2972 2.28193 0.00128851
652 0.51187 0.00122466
2692 2.10187 0.00126153
2763 2.15075 0.00126175
2805 2.18067 0.00123501
3660 2.81201 0.00128724
892 0.583496 0.00122899
744 0.477753 0.00116782
1064 0.702134 0.00116073
2973 1.95515 0.00121686
778 0.486722 0.00120691
3686 1.98247 0.00120457
1788 0.958395 0.00120464
3851 2.31213 0.00122318
2978 1.77827 0.00121318
3999 2.38279 0.00120712
2538 1.63842 0.00121822
2293 1.54169 0.00119457
2164 1.48659 0.00118971
931 0.588313 0.00117728
3314 2.02478 0.00117471
912 0.619059 0.00122238
1090 0.7742 0.00119028
1094 0.816106 0.00121252
3711 2.39001 0.00117974
3306 1.95158 0.0012163
3666 2.18352 0.00121512
1070 0.651756 0.0012067
1161 0.700522 0.00119447
2481 1.50903 0.00119298
911 0.556715 0.00114315
3824 2.49538 0.00121633
3820 2.37432 0.00120003
2204 1.4313 0.0012376
759 0.471865 0.00117624
1870 1.15018 0.00125525
803 0.457454 0.00117611
687 0.411611 0.00115926
3341 2.07567 0.00125469
2441 1.38784 0.00124087
950 0.51589 0.00122999
1187 0.63899 0.00125995
1047 0.519218 0.00125061
955 0.435038 0.0012029
2989 1.29336 0.00122198
3787 1.45275 0.00121817
1874 0.653874 0.00117995
8257 2.77128 0.00114371
6954 2.35051 0.0011655
1368 0.485825 0.00118726
1444 0.531625 0.00121571
1282 0.435075 0.0011527
1271 0.428713 0.00109557
5922 2.08497 0.00113668
3383 1.11723 0.00115352
1315 0.409771 0.00111469
2800 0.987918 0.00117715
1189 0.432963 0.00118496
2725 0.9887 0.00115491
1018 0.376591 0.00115943
2578 0.951065 0.00118799
4663 1.75087 0.00117542
3749 1.46895 0.00120678
4258 1.64416 0.00116264
2270 0.891279 0.00115678
4658 1.78224 0.00117425
4246 1.69179 0.00116128
3592 1.44938 0.00114025
6565 2.41792 0.00112255
1105 0.413056 0.00114859
4985 1.81459 0.00114123
4034 1.55243 0.00115923
2005 0.787973 0.00119432
1113 0.394241 0.0011494
4945 1.86321 0.00116833
1622 0.650238 0.00115227
3532 1.39754 0.00116015
4400 1.54415 0.00118551
1034 0.3237 0.00116465
1379 0.400771 0.00116878
1651 0.471151 0.00117464
2602 0.716003 0.00117235
7544 1.83124 0.00115912
4395 1.05603 0.00116841
4022 0.948087 0.00118761
2304 0.48936 0.00116493
13208 2.65453 0.00115823
1334 0.240603 0.00119546
934 0.170852 0.00121394
954 0.254548 0.00119418
5690 1.94781 0.00117207
777 0.272095 0.00117212
3286 1.19246 0.00117766
1028 0.375583 0.00116443
1705 0.668656 0.00122581
2899 1.0933 0.00120362
1793 0.634819 0.00117378
4705 1.75126 0.00120026
3494 1.36242 0.00122679
2388 0.824591 0.00117859
2040 0.706174 0.00120706
2199 0.746736 0.00117096
1059 0.366023 0.0011957
3882 1.55202 0.00124412
3883 1.61104 0.00125409
1640 0.588608 0.00118477
3581 1.34934 0.0012023
1573 0.581726 0.00119285
2885 0.958452 0.00117465
1368 0.456535 0.00116918
2065 0.718692 0.00120073
4047 1.36921 0.00117041
4085 1.49086 0.00117428
3040 1.12231 0.00118723
3079 1.10238 0.00115401
4565 1.71301 0.00121148
3264 1.15976 0.00118785
3336 1.17801 0.00117538
1450 0.502302 0.00120214
1274 0.407711 0.00116368
1040 0.330974 0.00116088
1302 0.447866 0.00119425
1229 0.415763 0.00116394
2699 0.96374 0.00117834
1975 0.731342 0.00117897
825 0.293717 0.00116249
3201 1.17853 0.00119022
3239 1.19179 0.0011974
4486 1.66613 0.00120123
3681 1.33612 0.00119658
4950 1.66292 0.00119456
4308 1.58468 0.00119994
2486 0.943867 0.0011824
4100 1.51614 0.00116857
1817 0.732965 0.00118713
2513 1.02315 0.00119956
1745 0.665434 0.00122226
4239 1.76131 0.00117975
3641 1.62871 0.00118462
1055 0.405421 0.00119073
4006 1.53202 0.00120619
3760 1.46118 0.00121883
2742 1.09462 0.00121442
1803 0.751076 0.00121881
3699 1.54452 0.00123882
3212 1.24235 0.00119314
3342 1.25001 0.0012097
4049 1.64215 0.00121733
2396 0.987818 0.00121976
3482 1.31108 0.00119093
2339 0.820351 0.00118421
1697 0.545682 0.00115646
2430 0.837054 0.00119806
3976 1.43823 0.00122062
3237 1.09957 0.0011859
4066 1.55811 0.0012124
634 0.235161 0.00121398
904 0.255541 0.00110206
543 0.163592 0.00119472
3824 1.16037 0.00122838
450 0.125512 0.00117001
582 0.200285 0.00121879
4442 2.09056 0.00128426
3779 1.9302 0.00129193
964 0.470774 0.00119913
4015 2.3037 0.00130946
5462 3.40468 0.00130228
948 0.548507 0.00124435
1068 0.622078 0.00124129
1034 0.613193 0.00121005
5812 3.33134 0.00125793
1337 0.757158 0.00129805
1700 0.936052 0.00128114
1836 1.03505 0.00131692
1686 0.975576 0.00131147
1655 0.965763 0.00125345
1717 1.06567 0.0012683
1491 0.877836 0.00131232
2059 1.01621 0.00125429
1912 0.859212 0.00125171
2186 0.895429 0.00123493
2162 0.830352 0.00123703
2065 0.71645 0.00120822
1935 0.640974 0.00122167
1437 0.471128 0.00118946
1495 0.464902 0.00116082
1965 0.59729 0.00121584
7232 2.01502 0.00117656
2612 0.694211 0.0011855
1775 0.439857 0.00119149
1840 0.428279 0.00116032
1551 0.390127 0.00118977
1257 0.34052 0.00117411
6188 1.62857 0.00115339
1688 0.394753 0.00113886
4395 0.936347 0.00114719
4106 0.794613 0.00107512
5365 1.17343 0.00115954
2091 0.415548 0.00104946
6070 1.12777 0.00107815
8227 1.60421 0.00110201
5301 1.12786 0.00112047
4889 1.01547 0.00111286
5324 1.24101 0.00110496
1941 0.495552 0.00113696
1482 0.398908 0.00116583
4992 1.44811 0.00116606
1245 0.370561 0.00116981
4780 1.43981 0.00118148
1251 0.38279 0.0011735
1361 0.419024 0.00115932
1345 0.403321 0.0011922
4232 1.26548 0.00117848
1454 0.475318 0.00118046
4673 1.78064 0.00119061
4698 1.72762 0.00120674
952 0.285178 0.00114312
3629 1.2405 0.00124336
4274 1.50524 0.00126058
1353 0.433518 0.00120808
5420 1.69902 0.00120913
1592 0.484193 0.00120287
3059 1.01021 0.00118851
2134 0.69954 0.00118092
1106 0.350341 0.00125467
1124 0.366169 0.00119031
1048 0.358419 0.00119275
1379 0.501597 0.00117485
860 0.351882 0.00114814
2574 1.1709 0.00122776
2292 1.09219 0.00121874
1075 0.5209 0.00120652
1787 0.899627 0.00115238
1537 1.02588 0.00129207
1050 0.806424 0.00130472
2174 1.90709 0.00133685
1500 1.58475 0.00140491
2278 2.23034 0.00131679
2003 2.12075 0.00133845
2085 2.54079 0.00137441
1844 2.02361 0.00139227
313 0.430414 0.00145988
2100 3.08996 0.00139824
256 0.333714 0.00146167
262 0.360357 0.00143981
350 0.670316 0.00139699
1473 3.16346 0.00138465
1059 2.436 0.00135673
1365 3.30621 0.00137619
308 0.669725 0.00135581
1202 2.76817 0.00139009
406 0.876091 0.00134841
1337 2.66128 0.00136536
901 2.18313 0.00134976
1547 4.39171 0.00137665
1588 3.60749 0.00137704
401 0.835743 0.00137407
1355 2.741 0.00137012
768 1.68918 0.0013915
592 1.18481 0.00135038
404 0.746973 0.00137148
395 0.768332 0.00135941
845 1.6395 0.00138339
318 0.589123 0.00137494
1309 2.18933 0.00137295
347 0.519197 0.00132196
934 1.63182 0.0014135
355 0.610605 0.00133625
1408 2.38281 0.00140402
191 0.227383 0.00125834
2462 3.27125 0.00122735
116 0.284263 0.00124808
108 0.284857 0.00126051
542 1.21133 0.00121776
1818 4.23421 0.00121068
1439 3.04129 0.00118454
358 0.731448 0.00126974
489 0.987948 0.00129134
537 1.14721 0.00131799
1127 2.20761 0.00128763
264 0.509694 0.00116947
2106 4.48931 0.00133244
1910 3.0839 0.00134612
421 0.597597 0.00134068
563 0.811356 0.00128417
421 0.902492 0.00134043
2094 4.56519 0.00135868
495 0.775825 0.00131738
568 0.617017 0.00128012
2883 2.58313 0.00131417
2624 2.28043 0.00133949
3396 2.23259 0.00126812
4236 2.68761 0.00122107
391 0.331042 0.00129305
1712 1.39459 0.00127236
2450 1.6099 0.00120999
2479 1.66768 0.00131675
741 0.422811 0.001202
3142 1.7671 0.00125742
3231 1.68272 0.00125799
4092 1.78305 0.00122322
3749 1.424 0.00126529
483 0.138898 0.00121394
2799 0.748854 0.00122
3956 1.07812 0.00116295
1992 0.549473 0.00113655
1344 0.376079 0.0011233
2988 0.807616 0.00118838
5731 1.40847 0.00116511
572 0.155367 0.00127691
380 0.125743 0.00125717
337 0.11127 0.00111615
436 0.140052 0.0011858
279 0.127262 0.00121695
320 0.18493 0.00124392
3107 1.67121 0.00124054
3071 1.71578 0.00123028
230 0.108586 0.00118822
2538 0.888636 0.00110873
2964 0.828649 0.00109936
559 0.205155 0.00119754
3002 1.5736 0.00116243
2013 1.0133 0.00116979
1423 0.568608 0.00118809
1031 0.392459 0.0012174
1205 0.472741 0.00120001
1764 0.729665 0.00122651
365 0.159984 0.00120821
2232 1.04431 0.00125578
3392 1.7218 0.0012238
867 0.413365 0.00113221
316 0.151488 0.00111484
2333 1.46156 0.00120992
1752 1.26446 0.00124741
3669 2.18248 0.00123721
296 0.151303 0.00111007
1911 1.06324 0.00109475
3385 1.38223 0.00109331
6728 2.0873 0.00110195
654 0.271679 0.00121199
371 0.23646 0.00120445
185 0.163363 0.00117747
207 0.201701 0.00117404
1947 2.03574 0.00124292
282 0.301568 0.0012569
1769 2.05243 0.00126842
1297 1.63175 0.00131148
1927 1.74146 0.00122792
263 0.222262 0.00113666
146 0.137415 0.00111906
1298 1.39667 0.00127817
188 0.197025 0.00118519
763 0.704639 0.00112504
1973 2.32428 0.00125641
135 0.179331 0.00120386
1028 1.1403 0.00118537
2071 1.78409 0.00125364
3321 2.04296 0.00123318
2421 1.11401 0.00105803
5366 2.27565 0.0010905
419 0.235709 0.00125737
2913 2.03595 0.00129792
2034 1.43918 0.00129528
167 0.109188 0.00114523
203 0.133823 0.00115821
126 0.067262 0.00113252
581 0.268321 0.00128535
1851 0.59462 0.00113514
304 0.126127 0.00107607
226 0.170889 0.00120612
2672 1.88672 0.00126532
164 0.124272 0.00110774
2064 2.10792 0.0011785
239 0.213652 0.00119794
551 0.4486 0.00115969
862 0.755741 0.00120467
238 0.254098 0.00119904
157 0.217294 0.00122343
255 0.280976 0.00116384
1524 1.18927 0.00113129
2148 1.75028 0.00119742
2961 2.00096 0.00115829
2732 1.86307 0.00119448
3169 2.09592 0.00124911
3452 1.83935 0.00115484
2740 1.52946 0.00113521
1932 1.05802 0.00109132
1517 0.716725 0.00106332
1131 0.425231 0.00108936
1524 0.480879 0.00104999
589 0.268741 0.00120442
199 0.145939 0.0011462
2005 1.91191 0.00117903
1578 1.60953 0.00124879
1790 1.78362 0.00129856
2083 1.93896 0.00121527
2916 2.4978 0.00122414
2730 2.27592 0.00116998
306 0.2284 0.00111931
3377 2.50107 0.00119802
2505 2.06287 0.00122043
741 0.561632 0.00112898
2132 1.93009 0.00121545
460 0.518101 0.00113956
2258 2.84726 0.00111253
2624 2.64421 0.00115292
2497 2.65564 0.00118231
252 0.318891 0.00108484
432 0.445279 0.00109257
624 0.526129 0.00123302
3281 2.43921 0.00127312
551 0.320617 0.00112587
2500 1.5456 0.00124699
200 0.113433 0.00115302
196 0.110117 0.00119103
351 0.175169 0.00127213
3375 1.60249 0.00131686
283 0.15315 0.00135676
2333 1.36923 0.00135864
2395 1.30805 0.00127594
751 0.34304 0.00122319
895 0.4879 0.00124069
4618 2.51957 0.00124102
1023 0.380619 0.00119051
8900 3.51104 0.00119625
5854 2.34058 0.00108984
695 0.503561 0.00119361
404 0.440692 0.00123313
601 0.528575 0.00115594
3028 2.03858 0.00104858
385 0.486083 0.00127869
1119 2.15127 0.00127392
1492 2.15887 0.00123385
1582 1.97764 0.00115319
724 0.714352 0.00115723
1211 0.751554 0.00113312
369 0.379516 0.0011508
129 0.33429 0.0012052
1576 4.29535 0.00129778
120 0.201074 0.00131339
2314 2.41361 0.00123745
2491 1.90852 0.00120388
2289 1.38167 0.00115599
1869 0.88538 0.00114298
240 0.123256 0.00120785
1684 0.960468 0.0012312
570 0.28913 0.00123519
929 0.372822 0.00114903
1500 0.378892 0.00114664
3645 0.659826 0.0011444
704 0.150068 0.00116004
6990 1.9168 0.00115019
729 0.23191 0.00118842
1459 0.408661 0.00115155
1052 0.230568 0.00110151
16667 4.03348 0.00115537
7694 2.19315 0.00112724
3011 0.931039 0.00107122
929 0.395262 0.0011998
709 0.396859 0.00119065
2420 1.76233 0.00124535
619 0.473775 0.00120352
2456 1.78797 0.00116649
378 0.232224 0.00112433
3279 1.90923 0.00128088
3003 1.58572 0.00125964
3347 1.76592 0.00125128
4416 2.12398 0.00126717
865 0.342526 0.00114433
952 0.398952 0.0011672
569 0.336418 0.00125337
3111 2.47944 0.00126075
2142 1.61641 0.00128391
2489 1.9109 0.0013041
3088 2.35125 0.00128494
1503 1.01063 0.0013017
2693 1.58249 0.00125119
2772 1.56208 0.00124066
2660 1.60805 0.00128597
3733 2.04253 0.00128598
3830 1.8902 0.00131267
4014 2.25704 0.00128034
663 0.399947 0.00119376
1919 1.19925 0.00131376
3002 1.76299 0.00128797
924 0.532735 0.00124203
3229 2.21084 0.00127976
2868 2.18494 0.0012786
3616 2.63346 0.00128443
2558 1.67569 0.00122056
791 0.522303 0.00121136
845 0.535167 0.0012027
837 0.472318 0.00121603
1252 0.629774 0.00126488
1103 0.513672 0.00127172
1834 0.846858 0.00119216
6450 2.86939 0.00121518
7936 2.48521 0.0010561
8967 2.58184 0.00102868
8645 3.28509 0.00100237
506 0.289477 0.00114949
682 0.549814 0.00119609
2285 2.091 0.00114053
731 0.571218 0.0011381
3208 2.29452 0.00115493
921 0.596255 0.00117914
3723 2.16704 0.00112701
481 0.383724 0.00120535
3030 2.45244 0.00113026
3317 2.02915 0.00114613
2838 1.42518 0.00115552
3551 1.55145 0.00112119
237 0.096235 0.000996744
2290 1.00574 0.00113279
3794 1.46991 0.00111309
1676 0.637755 0.00112737
1287 0.500195 0.00115962
1476 0.622142 0.00120881
1471 0.671038 0.00118617
7172 3.48038 0.00121384
4950 2.38823 0.00119902
987 0.476702 0.00119065
1145 0.564958 0.00118229
6698 3.27692 0.00120222
1283 0.581655 0.00118423
1207 0.582621 0.0012027
3283 1.53902 0.00122989
2255 1.02263 0.00121476
1397 0.642067 0.00122671
11271 5.73551 0.00120918
6107 3.37658 0.00127433
6207 2.86947 0.00126621
5250 2.41278 0.00128138
1491 0.694322 0.00122417
8755 4.12109 0.00127055
1799 0.724359 0.00117852
2804 1.05788 0.00116122
10156 4.42923 0.00124562
1423 0.694621 0.00120165
1664 0.908612 0.00118472
1335 0.803689 0.0011746
1613 1.01938 0.00115573
866 0.510772 0.00116646
966 0.513303 0.00118127
5886 3.66123 0.00126377
2656 1.62876 0.00123258
1449 0.771215 0.0012036
1353 0.740766 0.00121718
1826 1.00863 0.00125773
1879 1.11074 0.00124972
1510 1.02707 0.00125891
1341 0.847543 0.00122784
1192 0.769934 0.00120723
3498 2.55381 0.00121912
1079 1.02863 0.00120086
871 0.923161 0.00121594
921 0.84516 0.00121042
3683 3.06847 0.00125907
4993 3.4263 0.00127181
426 0.29755 0.00118967
189 0.219855 0.00121307
1247 1.55063 0.00115575
2285 2.2028 0.00117033
822 0.685615 0.00110242
1437 1.21435 0.00114978
1352 1.29784 0.00124843
1698 1.61197 0.00118867
289 0.319719 0.00120068
1090 1.26714 0.00118567
375 0.407671 0.00120875
1921 1.93505 0.00116717
2625 2.81952 0.00124222
1597 1.88518 0.0012223
402 0.455093 0.00113799
341 0.371872 0.00119405
449 0.403525 0.00109856
591 0.429619 0.00113373
1216 0.639459 0.00112227
1212 0.580525 0.00116252
10082 5.91294 0.00117581
7910 5.51646 0.00117135
295 0.239973 0.00115416
727 0.73437 0.00117786
366 0.375641 0.00117171
1606 1.51363 0.00119665
1817 1.71459 0.00116137
853 0.933437 0.0011425
1524 1.5212 0.00114604
1377 1.23434 0.00118651
779 0.685001 0.00123901
416 0.351064 0.00122
1866 1.42106 0.00117309
1974 1.31922 0.00117985
451 0.30746 0.00122299
550 0.349136 0.00124704
3780 1.88258 0.00114787
1050 0.469281 0.00118467
10119 3.73781 0.00117229
2336 0.80487 0.00115169
4079 1.42629 0.00115306
4750 1.53088 0.00114309
540 0.189353 0.00122536
4061 1.52936 0.00119501
3471 1.38823 0.00121006
3160 1.18803 0.00118535
5273 1.78826 0.00115064
985 0.32469 0.00115198
1602 0.502701 0.00114045
8996 3.02167 0.00116641
7955 2.84319 0.00118249
1193 0.41377 0.00115131
1449 0.555252 0.00115557
2005 0.821405 0.0011446
707 0.308541 0.00112054
1259 0.576557 0.00113726
905 0.460483 0.00115307
588 0.38403 0.00114497
334 0.301596 0.00121274
1345 1.20012 0.00114867
2256 1.64746 0.00112442
1302 0.788806 0.00109816
610 0.330342 0.00111571
837 0.405644 0.00111702
807 0.33441 0.00108826
364 0.194953 0.00117464
417 0.285633 0.00119168
566 0.351564 0.00119506
4177 2.20555 0.00116258
931 0.459999 0.00117196
762 0.356646 0.00117209
918 0.380499 0.00115727
1233 0.382394 0.00112894
596 0.209736 0.00122264
773 0.290327 0.00118909
819 0.272385 0.00117043
890 0.284329 0.00118142
1323 0.346882 0.00114656
1131 0.27105 0.00113353
1686 0.373795 0.00111956
1822 0.387179 0.00110907
1251 0.340648 0.00113657
681 0.221889 0.00114119
3785 1.23518 0.00117578
4757 1.51532 0.00115942
5396 1.81107 0.00112754
1812 0.669589 0.00118467
1384 0.564523 0.00116927
709 0.327721 0.00119216
3861 1.54827 0.00116442
3875 1.55044 0.0011791
1509 0.621902 0.00118344
4464 1.63815 0.00115084
765 0.276059 0.00116528
3536 1.18981 0.00114727
1624 0.500304 0.0011185
5986 1.94047 0.00114893
5438 1.90756 0.0011546
3385 1.24152 0.00115683
2710 0.80959 0.00112818
2981 0.826631 0.00116626
3011 0.95771 0.00116488
5464 1.75697 0.00113996
1218 0.378254 0.00115838
1867 0.57978 0.00116988
4624 1.47146 0.00116574
3153 0.961977 0.00116121
5126 1.56813 0.00113373
2738 0.910786 0.00113601
1380 0.49811 0.00116349
2936 1.11527 0.00114206
3362 1.17996 0.00112579
3536 1.25586 0.00114786
1187 0.459052 0.00114472
3346 1.27646 0.00114941
2805 1.07148 0.00118797
3900 1.50438 0.00114859
3798 1.49837 0.00112877
3199 1.22105 0.00118914
3325 1.1911 0.0011575
2692 0.968682 0.0011159
2898 1.17875 0.0011645
2233 1.03891 0.00117117
3372 1.44484 0.0012062
2814 1.04599 0.00113207
3337 1.14679 0.00119195
2715 0.707329 0.00117664
1779 0.455596 0.00115272
2811 0.713301 0.00117144
1683 0.404808 0.00117345
2106 0.463762 0.00113521
1675 0.373292 0.00117421
4375 0.976918 0.00113029
844 0.185548 0.00114583
2828 0.650983 0.00111855
5042 1.37554 0.00112257
365 0.136314 0.00114619
2597 1.13439 0.00116093
599 0.263381 0.00124101
3527 1.27864 0.00118338
3681 0.962608 0.00116103
3267 0.763748 0.00117039
1928 0.46989 0.00117691
2129 0.492793 0.00118406
4030 0.948426 0.00116183
2793 0.763174 0.00116994
3246 0.97385 0.00115653
1528 0.49527 0.00118307
3637 1.18292 0.00116855
2732 0.984907 0.00116544
3578 1.66904 0.0011984
1180 0.680602 0.00123468
3397 1.74907 0.00126626
3291 1.43897 0.00123937
3130 1.29973 0.00119412
2024 0.83045 0.00122502
1398 0.623441 0.00123538
2255 1.08553 0.00124932
2704 1.16772 0.00118647
2045 0.88096 0.00120646
2109 0.968269 0.00119357
1450 0.744134 0.00121407
3646 1.77112 0.00120478
3531 1.58517 0.00120407
3173 1.48279 0.00121358
2569 1.25768 0.00119065
3291 1.53255 0.00117602
2150 0.939585 0.0011689
1917 0.844899 0.00114865
2870 1.22171 0.0011804
2992 1.37077 0.00122225
4006 1.58836 0.00119686
3414 1.22047 0.00116624
2216 0.825919 0.00115126
5032 1.55459 0.00114514
2585 0.777093 0.00116212
3860 1.06621 0.00112121
3752 0.935776 0.0010941
1448 0.39018 0.00113131
660 0.176155 0.00110086
5001 1.11936 0.00106551
1055 0.221124 0.00110984
1168 0.239675 0.00111458
1657 0.329673 0.00111978
14063 3.24096 0.00105017
7086 2.21099 0.00118149
2953 0.938331 0.00114993
6051 1.98008 0.00117685
5805 1.89765 0.00122448
5208 1.55061 0.00119444
2226 0.625651 0.00112526
4186 1.18277 0.00114721
1183 0.301994 0.00115063
953 0.241449 0.00112989
1194 0.30058 0.00111077
1482 0.361299 0.00113685
421 0.129993 0.0011128
2940 1.11728 0.00111458
1350 0.491818 0.00113812
4178 1.43583 0.00109425
1687 0.595879 0.0011183
1027 0.36422 0.00111845
1161 0.395715 0.0011282
5718 1.87824 0.00111936
637 0.243859 0.00109492
3312 1.5254 0.00115207
2172 1.19092 0.00116839
2583 1.71173 0.00116689
2546 1.52035 0.00118482
2366 1.32029 0.00109807
2098 1.43315 0.00113949
2417 1.72004 0.00112354
2322 1.64398 0.00113911
3225 2.02108 0.00111997
3784 2.06925 0.00110609
1760 0.923893 0.0011212
1889 0.979838 0.00107048
3538 1.85249 0.00110994
3410 1.52034 0.00114466
2635 1.18488 0.00113233
2681 1.45328 0.00109168
929 0.517037 0.00106341
3786 2.30446 0.00110734
4247 2.87619 0.00112872
114 0.0997401 0.00110746
171 0.294746 0.00106636
96 0.267062 0.00111991
755 1.7831 0.00111223
395 0.836656 0.00116298
62 0.120841 0.0010716
1052 2.19786 0.00108083
49 0.180489 0.00111546
493 2.40649 0.00105226
65 0.346357 0.00107422
376 2.53859 0.00115106
741 3.431 0.00112548
972 2.69578 0.00111186
101 0.192728 0.00115412
1165 1.78382 0.0011616
423 0.60984 0.00120574
1749 2.29856 0.00116837
1154 1.47048 0.00115175
539 0.695453 0.00125672
1147 1.37647 0.00116526
1988 2.34939 0.00117391
469 0.582085 0.00121253
466 0.683643 0.00127774
852 1.15763 0.00125031
1538 1.89134 0.00117132
1577 2.04223 0.00121149
447 0.54399 0.00124582
559 0.638838 0.00125137
716 0.810099 0.00125808
545 0.642686 0.00129393
512 0.550746 0.00118479
1365 1.51659 0.00119217
437 0.509334 0.00122924
1114 1.22978 0.00121683
1635 1.67164 0.00115964
