2261 0.187739 0.00175362
1722 0.128549 0.00170572
1828 0.135031 0.00169756
3695 0.284231 0.00167346
1638 0.135626 0.00169548
1594 0.134577 0.00170034
1635 0.138193 0.00176936
1688 0.137892 0.00172816
7350 0.572754 0.00161566
1346 0.114792 0.00173159
1415 0.121273 0.00178864
1541 0.119942 0.00167247
1349 0.108878 0.00168427
1140 0.0841925 0.00156817
1349 0.0942893 0.00164167
1658 0.115653 0.00173411
20552 1.30547 0.00156584
1049 0.0584414 0.00140451
1378 0.0846309 0.00160462
1200 0.0717012 0.00167729
1300 0.0731349 0.00164418
1261 0.0708135 0.00158004
1212 0.0687619 0.00158464
1181 0.0707495 0.00161162
1052 0.0679092 0.00163049
887 0.0593439 0.00160496
714 0.048499 0.00148512
941 0.0735276 0.00157828
867 0.0723851 0.00162393
1178 0.111173 0.00175567
912 0.0861843 0.00165942
929 0.0919423 0.00164892
859 0.0816209 0.00150018
908 0.103554 0.00168606
991 0.120814 0.00167458
947 0.119242 0.00162078
999 0.131537 0.00169016
936 0.114634 0.00165016
984 0.111048 0.00156634
963 0.104314 0.00155596
983 0.106172 0.00156435
1072 0.11942 0.00164908
1059 0.0942269 0.00148561
14675 1.2184 0.00155494
1083 0.0809407 0.00150893
962 0.0711282 0.00153674
922 0.0643353 0.00145441
3126 0.210994 0.00151767
1463 0.100274 0.00158415
3372 0.229926 0.00152455
1187 0.0796599 0.00146515
1251 0.0864516 0.00150427
1058 0.067252 0.00143025
1075 0.0683448 0.00148314
1062 0.0698133 0.00154742
1127 0.0786736 0.00164457
990 0.0666056 0.00157012
944 0.0678666 0.00157181
999 0.0742504 0.00159458
892 0.0651745 0.00160917
1005 0.0746344 0.00164255
961 0.0660365 0.00157011
959 0.0611937 0.00152239
1151 0.0710209 0.00151291
1284 0.0713135 0.00150731
1377 0.0680627 0.00151655
1455 0.0618813 0.00141066
1706 0.0739737 0.00155502
1568 0.0608376 0.00146937
1607 0.0613091 0.00145803
1580 0.0597208 0.00145598
1894 0.0646446 0.00140579
2159 0.0717554 0.00148727
2018 0.0614709 0.00144254
2311 0.0687849 0.00148113
2376 0.0697327 0.00150348
2417 0.0692342 0.00150164
2372 0.0674986 0.00153695
2466 0.0660077 0.00150964
2711 0.0709412 0.00151285
2626 0.0691082 0.00148125
2575 0.0693263 0.0014735
2433 0.068755 0.00147373
2270 0.0701103 0.00147845
1910 0.0644942 0.00151553
1922 0.0622535 0.00143297
2154 0.0729227 0.00144817
2038 0.0721289 0.00143653
2128 0.0749028 0.00141081
1939 0.076205 0.00148863
1931 0.0834931 0.00151145
2009 0.0937797 0.00160754
2013 0.0867094 0.00153633
2204 0.0891958 0.00150206
2243 0.0888861 0.00151127
2558 0.0950567 0.00146233
2729 0.109089 0.00156416
2617 0.107183 0.00152684
2611 0.114677 0.00150938
2429 0.117315 0.00150548
2095 0.108225 0.0015332
2153 0.109 0.00149299
2344 0.118226 0.00152285
2443 0.1203 0.00155445
2340 0.11031 0.00153859
2479 0.111673 0.00151879
2649 0.11589 0.00155094
2653 0.112032 0.00156192
2447 0.109076 0.00162301
2107 0.0970687 0.00158916
2348 0.110441 0.00162004
2342 0.11253 0.00166316
103100 4.96318 0.00165139
2304 0.110738 0.00165272
2445 0.119385 0.00167359
2333 0.115696 0.00172672
2130 0.095135 0.00160728
25683 1.10706 0.0015767
1895 0.0870843 0.00166065
1930 0.0960156 0.00179509
2162 0.102203 0.00172401
2085 0.0984317 0.00170689
2161 0.105544 0.0017091
2015 0.101166 0.00174312
2139 0.102464 0.00171039
2521 0.116636 0.00169809
2263 0.107045 0.00172632
2217 0.112688 0.00178153
2237 0.115422 0.00176183
2198 0.109287 0.00173917
2233 0.106744 0.00170194
2013 0.0962669 0.00169783
1922 0.0902842 0.00166348
1562 0.0722423 0.00162061
1636 0.0804917 0.00166916
2174 0.112943 0.00168878
2108 0.112558 0.00172388
2109 0.119133 0.00177042
4493 0.247342 0.00164644
1972 0.118389 0.00174538
1685 0.0979142 0.00167725
1870 0.107146 0.00163036
1522 0.0886329 0.00155362
1322 0.0802878 0.00152092
1613 0.10711 0.00160269
1577 0.0998343 0.00154455
1721 0.103115 0.0015165
1839 0.109762 0.00152725
1757 0.101568 0.00154778
1731 0.0961508 0.00149252
1515 0.0903691 0.00152598
1394 0.0924147 0.00162465
1577 0.100191 0.00160001
1873 0.102304 0.00147744
2212 0.121499 0.00158782
1880 0.0992986 0.00156594
1538 0.0836686 0.00156291
1369 0.0685327 0.0014717
1268 0.0666746 0.00151406
1417 0.0779938 0.00153035
1700 0.0978775 0.00157941
1810 0.101078 0.00154059
1984 0.118009 0.00160441
2035 0.124188 0.0015523
1737 0.108394 0.00149691
1508 0.0939999 0.001448
1364 0.086124 0.00147412
1375 0.100018 0.00160273
1179 0.0864892 0.00158228
1091 0.0780012 0.00156121
1031 0.0700036 0.00149658
1003 0.0689032 0.00153728
1124 0.073562 0.00152795
1096 0.0617905 0.00141844
1386 0.0726531 0.00144832
1440 0.0719072 0.00146666
1332 0.0685278 0.0014651
1367 0.073859 0.00147811
1140 0.0648422 0.00149837
1233 0.0705474 0.00153652
1148 0.0544783 0.00140522
19984 0.982739 0.00158473
1232 0.0551737 0.0015176
1640 0.0745002 0.00153246
23494 1.16626 0.00162528
1732 0.0785968 0.00149015
1799 0.0779712 0.0014884
1742 0.0718062 0.00146692
1886 0.0788318 0.00148324
1966 0.0861555 0.00152799
1804 0.0771524 0.00145381
1784 0.0819169 0.00151087
1597 0.0732992 0.00146124
1622 0.0795316 0.00153383
1681 0.0808521 0.00147639
1465 0.0772321 0.0015428
1646 0.0886222 0.00152641
1672 0.0879383 0.00145491
1689 0.101401 0.00155732
1573 0.0963379 0.00146745
1368 0.0880321 0.00149159
1483 0.0980982 0.0015211
1748 0.115488 0.00151518
1858 0.121485 0.00150076
1904 0.121541 0.00148462
1997 0.127414 0.00153843
1879 0.119533 0.00153643
1830 0.112255 0.00153014
1896 0.108825 0.001485
1615 0.0914318 0.00149808
1755 0.0997444 0.00144287
1918 0.129044 0.00146659
1906 0.157192 0.00153602
1423 0.141915 0.0015711
1107 0.121931 0.00148789
1258 0.135353 0.00151485
1342 0.123551 0.00146405
1600 0.136662 0.001444
2049 0.156027 0.0014608
2215 0.156942 0.00149631
2346 0.152372 0.00148289
2698 0.156724 0.00143625
2481 0.143468 0.00146071
2307 0.129339 0.0014207
2255 0.12629 0.00143578
2238 0.12781 0.00144921
2065 0.1228 0.00144291
1950 0.119725 0.00140514
1975 0.121567 0.00140294
27093 1.87676 0.00161424
2119 0.136777 0.00147883
2059 0.135402 0.00148901
1958 0.124985 0.00147133
1900 0.124722 0.00146862
1608 0.108846 0.00146529
1503 0.103418 0.00152611
1420 0.0998288 0.00153841
1301 0.0821913 0.00147292
1552 0.0866249 0.00150957
2176 0.10772 0.00142884
1558 0.0796934 0.00144518
1610 0.0807848 0.0014664
1650 0.0754889 0.00143937
1648 0.0790135 0.0015065
1440 0.0654751 0.00141763
1797 0.0801251 0.00146108
2021 0.0896801 0.00149893
2031 0.0852809 0.00148502
2610 0.104464 0.00152655
2937 0.107574 0.001487
2205 0.0847291 0.00152045
1546 0.0602999 0.001453
1649 0.0653571 0.00155212
1733 0.0610282 0.00146502
1645 0.0602028 0.00151138
1546 0.06105 0.00161795
1461 0.0542565 0.00155975
1415 0.0510776 0.00154181
1390 0.0512453 0.00151688
1323 0.0552688 0.00159415
1140 0.0474973 0.00150001
976 0.0427451 0.00146516
954 0.0487576 0.00156731
56378 3.15573 0.00161991
5737 0.310054 0.00153189
998 0.0544185 0.00151999
1125 0.0659712 0.00157059
1115 0.0648715 0.00153889
1039 0.0590065 0.00152618
999 0.0586195 0.00153656
995 0.0581718 0.00150654
1053 0.0607737 0.00147393
1178 0.0639589 0.00142718
1061 0.0600964 0.0015038
906 0.0557682 0.0014737
835 0.0552571 0.00149436
875 0.0564699 0.00144937
847 0.059158 0.00150052
1044 0.0831558 0.00165476
972 0.0697788 0.00154264
2165 0.157944 0.0015752
875 0.063969 0.00159432
945 0.0630897 0.00152152
966 0.0679703 0.0015502
1134 0.0800479 0.00150985
1209 0.0873073 0.00157357
926 0.0667869 0.00158677
921 0.0664213 0.00160736
1061 0.0812085 0.00173887
1233 0.089914 0.00165145
1221 0.0897261 0.00160211
925 0.066356 0.00150631
899 0.0723116 0.00163121
790 0.0630198 0.00157433
951 0.0764473 0.0015701
874 0.0696447 0.00153424
971 0.0842207 0.00157392
666 0.0649897 0.00160629
627 0.0627267 0.00156052
753 0.0812283 0.00165756
613 0.0623696 0.00154159
741 0.0771258 0.00153898
730 0.0778842 0.0015187
729 0.0847503 0.00154911
632 0.0817709 0.00159094
702 0.0982098 0.0016439
729 0.0987091 0.00161455
725 0.097214 0.0016078
807 0.110501 0.00159595
734 0.104033 0.00161913
725 0.0974165 0.00154668
744 0.10649 0.0015832
709 0.103063 0.0016018
772 0.107963 0.00168069
735 0.0856624 0.00156734
807 0.0860725 0.00152862
846 0.091339 0.00158377
824 0.0888976 0.00161132
821 0.0834895 0.0015514
837 0.0782863 0.00155976
1095 0.0901569 0.00158855
1095 0.0704309 0.00148304
1150 0.0683067 0.00147869
1372 0.0800535 0.00153248
1488 0.0888736 0.00161672
1424 0.0809648 0.00156394
1441 0.071265 0.00154044
1892 0.0806291 0.00150216
1929 0.0768257 0.00153164
2308 0.0851367 0.00155454
2538 0.0882221 0.00153487
2033 0.0668379 0.00149815
2321 0.0743764 0.00151019
1960 0.0633055 0.00151747
1803 0.0605723 0.00151339
1677 0.0616343 0.00152512
1642 0.0649636 0.00153674
1621 0.0654365 0.00152426
1551 0.0660331 0.00149485
1473 0.0674216 0.00150252
1718 0.0793161 0.00154634
1762 0.0773476 0.0015832
2019 0.078992 0.00154995
2093 0.0752252 0.00154834
2038 0.0726022 0.00159154
1894 0.0684878 0.00155091
1739 0.0674219 0.00152439
1569 0.0693249 0.00155653
1441 0.0693435 0.00154928
1320 0.0658398 0.00156895
1253 0.0607875 0.0014985
1269 0.0638437 0.00150721
1365 0.0743875 0.00155311
1357 0.0737611 0.00152862
1342 0.0705959 0.00153675
1359 0.0727009 0.00153572
1353 0.0783877 0.00157266
1307 0.0810543 0.00162057
1332 0.0862507 0.00160851
1323 0.0912879 0.00161083
1267 0.0841222 0.00156648
1389 0.0879378 0.00155156
1537 0.103376 0.00161562
1429 0.0944646 0.00154856
1315 0.0928187 0.00158143
1278 0.0968856 0.00161004
1307 0.0927518 0.00153871
17699 1.31219 0.00157459
1229 0.0960412 0.00147784
1401 0.12136 0.00150361
2027 0.195153 0.00149332
1920 0.215881 0.00151601
1413 0.195076 0.00164818
1402 0.188983 0.00158319
1811 0.227377 0.0016163
1831 0.196647 0.00155511
2050 0.203632 0.00156045
1534 0.156523 0.00155118
1818 0.181393 0.00151108
2386 0.219526 0.00147945
6473 0.58498 0.00150511
2885 0.271255 0.00152901
2939 0.274673 0.00152727
3212 0.279467 0.00152226
3141 0.25921 0.00149762
3260 0.26246 0.00150804
41604 3.29433 0.00158904
3581 0.252229 0.00151604
3360 0.228646 0.00153015
3333 0.226718 0.0015503
3324 0.222319 0.00153552
3363 0.214953 0.00152146
2962 0.186744 0.00147637
2879 0.184612 0.00149371
2860 0.167076 0.00144144
3121 0.182174 0.00146305
3114 0.178948 0.00147491
3086 0.176041 0.00149482
3361 0.191909 0.0015152
3116 0.173086 0.0015118
2633 0.139778 0.00148241
2430 0.123832 0.00146507
2464 0.126332 0.00148427
2510 0.133638 0.00153135
2503 0.135034 0.00154935
2345 0.129757 0.00158822
2094 0.107712 0.00148663
2203 0.122752 0.00152417
2521 0.148614 0.00153296
2461 0.15193 0.001575
2340 0.155894 0.00160415
2167 0.144725 0.00158841
2297 0.145917 0.00159487
2594 0.149031 0.00151311
2837 0.164951 0.00159577
2593 0.149497 0.00161487
2453 0.139165 0.0016031
2451 0.13561 0.00164361
2382 0.130429 0.00166024
2562 0.141114 0.00166523
2757 0.159307 0.00169848
2796 0.166323 0.00170102
2699 0.152959 0.00167107
2590 0.149061 0.00168817
2492 0.139544 0.00165629
2768 0.141632 0.00161463
2777 0.138091 0.00159692
2403 0.122393 0.00160897
2066 0.10466 0.00161335
1980 0.0972353 0.00153525
1722 0.0927646 0.00165536
1956 0.101914 0.00168023
1821 0.0877021 0.00158787
1751 0.091871 0.00172714
5672 0.271325 0.00156226
1980 0.10035 0.001642
2023 0.09589 0.00154705
2319 0.118453 0.00168289
1980 0.09338 0.00162486
2138 0.0953702 0.00162286
2160 0.095322 0.00163403
2274 0.100727 0.00160056
2061 0.0980805 0.0016641
1979 0.101053 0.00169221
1926 0.105754 0.0017364
1759 0.091774 0.00166573
1640 0.0848874 0.00167728
1618 0.0849929 0.0016364
1458 0.0779224 0.00158713
9238 0.485742 0.00155976
1540 0.0820339 0.00157201
1610 0.0891161 0.00162033
20369 1.10968 0.0015747
3679 0.204751 0.00158374
1390 0.0799287 0.00158479
1503 0.0849143 0.0015661
1709 0.089165 0.00152442
1690 0.0903315 0.00149422
1412 0.0832321 0.00154068
1202 0.0698454 0.00150723
1307 0.0832504 0.00163887
1130 0.0719696 0.00152716
1013 0.0710235 0.00161188
978 0.0643597 0.00154062
1042 0.0702835 0.00149361
1063 0.0747964 0.00151914
1055 0.0750303 0.00153075
1157 0.0966886 0.00165187
980 0.0733214 0.00152848
1087 0.0784235 0.00157158
1027 0.0707371 0.00151531
1019 0.0673985 0.00149735
1011 0.0652731 0.00151837
1176 0.0730181 0.00158958
1099 0.0594648 0.00147312
1182 0.0615812 0.00151577
1556 0.0781429 0.00156743
1639 0.0772433 0.00153638
1718 0.0774348 0.00155005
1905 0.0806037 0.00156018
2108 0.0828392 0.0015612
2019 0.0743673 0.00153753
2115 0.0769379 0.00152487
2069 0.0749252 0.00152289
2180 0.0743675 0.00148647
2218 0.0711142 0.00150498
2305 0.0689419 0.00152674
2421 0.0647165 0.00147921
6642 0.170905 0.00153112
2741 0.0656141 0.00144854
2610 0.0648081 0.00147253
2559 0.0685843 0.00153402
2292 0.0569863 0.00141639
15323 0.400366 0.00148788
2480 0.0665659 0.00148571
2525 0.069831 0.00150932
2318 0.0644241 0.00149324
2404 0.0709479 0.00155766
2224 0.0673924 0.00156248
2214 0.0650523 0.00149077
2364 0.0684763 0.00145749
2063 0.0653314 0.00148499
2024 0.0711427 0.00153993
1934 0.0692951 0.00158132
2082 0.073675 0.00160081
2173 0.0766791 0.00166527
2436 0.0786954 0.001603
2584 0.0835428 0.00163577
2838 0.0910108 0.0016791
3103 0.0926907 0.00161438
2803 0.0824306 0.00158804
2843 0.0813794 0.00158383
6109 0.176424 0.00162683
2748 0.076907 0.00158345
2637 0.075139 0.00163694
2553 0.0706789 0.0016281
2688 0.0745411 0.00165637
2767 0.0796618 0.00172095
2679 0.0721472 0.00166883
15606 0.378323 0.00154005
2560 0.0673322 0.00165314
2130 0.0558575 0.00160799
2287 0.0596655 0.00158475
2144 0.0549303 0.00160552
2122 0.0563501 0.00162569
2108 0.0615044 0.00170972
2195 0.0673408 0.00175413
2053 0.0658801 0.00173593
2023 0.0693751 0.00174893
1704 0.0581322 0.00167757
1585 0.0576219 0.00169866
1445 0.0543121 0.00165226
1698 0.0686662 0.00172911
1890 0.0775589 0.00171079
1625 0.065158 0.00163982
1696 0.0709507 0.00166621
1752 0.077161 0.00172448
1870 0.0891158 0.00179414
1825 0.0849627 0.00168992
1339 0.0619562 0.00168408
1300 0.0547465 0.00150062
1421 0.069121 0.00167993
1447 0.0717535 0.00162941
1412 0.0729387 0.00165541
1404 0.0744054 0.0016348
1502 0.0812704 0.00158156
8451 0.46207 0.0015605
1512 0.0826625 0.00153832
1500 0.0804285 0.00150388
1768 0.110463 0.00167543
1501 0.0982481 0.00164599
1565 0.102717 0.001643
1773 0.113514 0.00162533
1751 0.109869 0.00156294
1594 0.0930307 0.00147833
1499 0.0874683 0.00155648
1737 0.094003 0.00153195
1836 0.0987088 0.0016164
1692 0.0832572 0.00160158
1854 0.0823419 0.00156059
1841 0.0820369 0.00159699
1940 0.086374 0.00159908
1728 0.0803626 0.00163407
1551 0.0677381 0.00153762
1680 0.068528 0.00150595
1629 0.0626507 0.00142746
1622 0.0683736 0.0014943
1741 0.0735323 0.00144837
1701 0.0758163 0.00151389
1747 0.0801646 0.00149935
1504 0.073028 0.00151778
1416 0.0719367 0.00155552
1365 0.065348 0.00151303
47370 2.33685 0.00159506
1580 0.0773915 0.00151588
1645 0.0851815 0.00151434
1623 0.0910952 0.00149115
1210 0.0739411 0.00150788
1248 0.0872645 0.0016089
1045 0.0768624 0.00157635
955 0.0704443 0.00156118
1033 0.0744739 0.00157589
1269 0.0819485 0.00151507
1270 0.0784812 0.00152451
1265 0.0742503 0.00153315
1373 0.0782659 0.00159464
1153 0.0613672 0.00151969
1274 0.0684247 0.00150662
1189 0.0647931 0.00151631
1233 0.066466 0.00154785
1351 0.070354 0.00158379
19006 0.930503 0.00158168
1336 0.0605388 0.00151541
1469 0.0648692 0.00150061
1585 0.0664313 0.00152057
1668 0.0668929 0.00161456
1744 0.0608024 0.00155032
1773 0.057481 0.00156445
1627 0.0511328 0.00148839
1707 0.0589222 0.00149415
1646 0.0587356 0.00149973
1716 0.0592465 0.00149853
4118 0.141122 0.0015205
1482 0.0519463 0.00151038
3900 0.142472 0.00151836
1576 0.0570325 0.00148294
1544 0.0596427 0.0015147
1629 0.0651048 0.00155535
1628 0.0621824 0.00153142
1801 0.0665844 0.00153781
1740 0.0618864 0.00150254
4551 0.16762 0.00152753
1553 0.0565658 0.00149464
1427 0.0540893 0.00146712
1370 0.0506671 0.00146116
1676 0.0521828 0.00147667
1922 0.0524888 0.00151593
1916 0.0492296 0.00142977
26164 0.750156 0.00153544
1824 0.0508875 0.00144528
1780 0.0536809 0.00151298
1642 0.0450503 0.00141649
1705 0.0464575 0.00146434
1691 0.0470691 0.00148091
1594 0.0416063 0.00141468
1727 0.0457046 0.00142162
1848 0.0516152 0.00143046
1663 0.0482433 0.00143005
1628 0.0524905 0.00145606
1584 0.0489076 0.0014203
1759 0.0545039 0.0015335
1567 0.0461925 0.00147742
1631 0.0504381 0.00152247
1762 0.050576 0.00148381
1982 0.0532717 0.00147175
2081 0.0583952 0.00148439
1769 0.0537224 0.00143175
1309 0.0455904 0.00148442
1324 0.0492275 0.00152805
1231 0.0456447 0.00148057
1136 0.0420282 0.00149388
1140 0.0430073 0.00152211
1329 0.0490485 0.00152217
7866 0.28343 0.00152939
1408 0.0508182 0.00154486
1394 0.0520948 0.00149651
1246 0.0530043 0.00154406
1075 0.0484146 0.00155007
1078 0.0509807 0.00150246
1148 0.0630821 0.00159171
2622 0.1554 0.00156653
1034 0.061599 0.001492
1099 0.066053 0.00150016
924 0.0568631 0.00146669
989 0.0717786 0.00158812
921 0.0649799 0.00154482
859 0.0641276 0.00159691
742 0.0571143 0.00158775
940 0.0672449 0.00159913
1120 0.0767395 0.00157632
955 0.0672252 0.00156524
981 0.0727372 0.00162323
1021 0.0761049 0.00160237
900 0.0654202 0.00159449
958 0.0635497 0.00155717
990 0.0619512 0.00154969
1196 0.0773738 0.00165526
1187 0.0739678 0.00165773
1330 0.0783746 0.00157562
1557 0.0865539 0.00148865
1456 0.0821734 0.00145041
1309 0.0830053 0.00141405
1022 0.0750393 0.00144292
1159 0.094917 0.00153082
982 0.0777705 0.00149911
2301 0.178355 0.00151154
971 0.0695798 0.00151147
997 0.0683591 0.00154177
1048 0.0787453 0.00162778
13720 1.0505 0.00155068
959 0.0839042 0.00163231
879 0.078854 0.00153698
774 0.0706998 0.00148676
816 0.0768829 0.00151581
842 0.0790862 0.00148812
11847 1.12901 0.0015776
805 0.0732379 0.00147595
820 0.0839676 0.00160179
738 0.0730608 0.00155099
771 0.0792316 0.00161716
754 0.066557 0.00153245
733 0.0588342 0.00148199
959 0.0748881 0.00158682
839 0.0556202 0.00147284
893 0.0608695 0.00150408
975 0.0641617 0.00151115
1034 0.0638082 0.00150802
981 0.0591362 0.00147072
2202 0.148762 0.0015475
973 0.0661118 0.00150183
977 0.064165 0.00151349
5900 0.373257 0.0015494
1009 0.0576085 0.00151175
1048 0.0579912 0.00152341
1110 0.0621608 0.00156224
1000 0.0541504 0.0015476
1143 0.0606739 0.00152562
1022 0.0556391 0.00155415
1159 0.062728 0.00153785
1148 0.0635974 0.00157558
3198 0.17159 0.00155201
1473 0.0793336 0.00160439
1444 0.0790446 0.00160813
1254 0.0729224 0.00158411
1130 0.0696565 0.0015428
989 0.0645981 0.00153545
1007 0.0675026 0.00156588
934 0.0597027 0.00154381
964 0.0617477 0.0015277
1063 0.0654216 0.00150291
1041 0.0587797 0.00145284
1034 0.0632513 0.00149335
907 0.053656 0.00140444
956 0.0560194 0.00144797
795 0.0463226 0.00139527
842 0.0508005 0.00143722
1002 0.058957 0.00145952
948 0.0560836 0.00151089
957 0.0609766 0.00155587
951 0.061335 0.00150039
761 0.0468019 0.00147838
920 0.0547956 0.00150166
1096 0.0574531 0.00151674
1337 0.0567822 0.00153122
1500 0.0541981 0.00152758
1657 0.0587408 0.00159098
1542 0.0550714 0.00151783
1383 0.0539057 0.00153034
1210 0.0498044 0.00154459
1150 0.049165 0.00148874
1176 0.0548105 0.00155248
1095 0.0481923 0.00146195
1169 0.0510501 0.00150363
1319 0.0591317 0.00157644
1417 0.0620968 0.0015974
1541 0.0626688 0.00159889
21308 0.818731 0.0015366
1684 0.0752969 0.00164183
1339 0.062724 0.00154368
1233 0.066726 0.00162719
1156 0.0661161 0.00160803
1094 0.0674238 0.00161292
1088 0.0725594 0.00164632
1063 0.0724246 0.00163754
1104 0.0827987 0.00163396
1008 0.0771134 0.00161189
1091 0.0745019 0.00152919
1287 0.0825831 0.00152358
1578 0.0957172 0.00153557
1535 0.0970042 0.00156335
1409 0.0913842 0.00152749
1213 0.084709 0.00155305
1305 0.100242 0.00159124
1188 0.0942903 0.0016086
1207 0.0921619 0.0015325
1354 0.0994527 0.00151931
1258 0.0942646 0.00156758
1214 0.0903338 0.00155598
1262 0.0951592 0.00161048
1288 0.0930025 0.00161947
1426 0.0943395 0.00158948
3416 0.215884 0.00161686
1647 0.0983313 0.00155146
1676 0.106887 0.00157917
1762 0.107073 0.00156591
2226 0.126449 0.00157374
2301 0.126841 0.00153999
2416 0.134782 0.00157208
2422 0.129649 0.00152529
2374 0.135979 0.00160422
2190 0.128817 0.00158427
2078 0.132933 0.00165721
2296 0.155019 0.00171912
2223 0.151434 0.00170421
2147 0.147903 0.00164088
19253 1.39633 0.00167202
2011 0.145401 0.00169114
1908 0.137222 0.00170254
1885 0.127259 0.00163746
1918 0.120466 0.00161419
1614 0.0948105 0.00151393
1673 0.110354 0.00165994
1991 0.1343 0.00173267
1825 0.122353 0.00174307
15186 0.942504 0.00163064
1781 0.116217 0.00168304
1815 0.123651 0.00173881
2013 0.128157 0.00172109
1898 0.123464 0.00176369
1762 0.108566 0.00169525
1737 0.102933 0.00166916
16591 0.969437 0.00162219
1444 0.0799778 0.00158298
1539 0.0857172 0.00161838
1659 0.0995736 0.00165573
1478 0.0936948 0.00167547
1544 0.0991966 0.00170596
1832 0.123264 0.00175186
1798 0.123317 0.00180409
1665 0.107641 0.00173832
1605 0.100499 0.00172013
1341 0.0819283 0.00168127
1423 0.0889336 0.0016424
7108 0.43841 0.00160205
1484 0.0983924 0.00174381
6849 0.442317 0.0016443
1561 0.109932 0.00177566
1522 0.103245 0.00174916
1349 0.0874131 0.00169312
1293 0.0848698 0.00170997
1476 0.0971626 0.00164031
1598 0.110046 0.00169213
1427 0.0995801 0.0017185
1449 0.0970074 0.00166859
1595 0.101496 0.00166471
7273 0.430909 0.00157308
1524 0.0992114 0.00168293
1395 0.0806179 0.00158504
1639 0.0903044 0.0016105
3633 0.199605 0.00159855
1611 0.0877986 0.00159008
1572 0.0859398 0.00162048
1556 0.0828906 0.00158343
1600 0.08853 0.00162032
1421 0.0789883 0.00160021
1306 0.0696335 0.00152581
1484 0.0795028 0.00155954
1436 0.0760731 0.00158643
1470 0.0777688 0.00164002
1589 0.0835465 0.00169817
1712 0.0792706 0.00160407
1536 0.0691657 0.00159796
1416 0.0646195 0.00153832
1560 0.0762801 0.00161861
1586 0.0791849 0.00170465
1570 0.076478 0.00167323
1612 0.0771484 0.0016197
1442 0.07179 0.00156872
6113 0.350096 0.00156053
1057 0.0685522 0.0016396
1152 0.0783706 0.0016556
30956 2.13476 0.00157637
1146 0.0821393 0.00158597
1144 0.0868166 0.00161766
1098 0.0820097 0.00157038
1019 0.0779975 0.00155942
1045 0.0936443 0.0016808
963 0.0850233 0.00153646
838 0.0872118 0.00165372
800 0.0892406 0.00164549
842 0.0953966 0.0016257
787 0.0944992 0.00164348
741 0.0927795 0.00162175
713 0.100513 0.00171846
7464 1.03893 0.00160384
796 0.119131 0.00171182
715 0.107076 0.00171644
695 0.10384 0.00177985
746 0.115109 0.00187552
782 0.118615 0.00182688
869 0.118717 0.00167537
890 0.134596 0.00185997
958 0.14172 0.0018101
1020 0.153242 0.0018225
993 0.154117 0.00187576
1069 0.156658 0.00182587
1066 0.152517 0.0018735
1084 0.14716 0.00186635
1092 0.144203 0.00185701
1057 0.140362 0.00181657
1084 0.15347 0.00192848
1022 0.129476 0.00179054
863 0.111669 0.0018337
785 0.101691 0.00183382
893 0.109896 0.0018351
1083 0.130131 0.00185864
1155 0.138512 0.00185737
836 0.0932032 0.00169982
745 0.0743735 0.00150515
877 0.0915288 0.00166367
738 0.0679349 0.00150306
908 0.0939136 0.00173684
1305 0.131348 0.00178728
1010 0.0961252 0.00169809
821 0.074182 0.00158167
791 0.0641705 0.0014575
820 0.0707637 0.00155899
899 0.0779707 0.00155052
22497 1.90278 0.00157651
754 0.058993 0.00148254
697 0.0563354 0.00148123
849 0.0743846 0.0015444
1005 0.101428 0.00173252
857 0.0778897 0.00156619
816 0.068722 0.00149446
817 0.0746652 0.00162441
716 0.065491 0.00154804
744 0.0695405 0.00153003
936 0.0849763 0.00157705
1074 0.100366 0.00168354
922 0.0771253 0.00152534
932 0.0752495 0.00147228
1035 0.0917738 0.00163635
1118 0.0922801 0.00161054
1126 0.0922439 0.00164016
1071 0.0824827 0.00161307
1163 0.0875127 0.00169061
924 0.0605561 0.00157554
946 0.057368 0.0015888
1081 0.0589215 0.00151776
1122 0.0637556 0.00162
1121 0.0645496 0.00162185
1128 0.0653655 0.00160267
1208 0.0664257 0.00151008
1220 0.0712916 0.00154417
1068 0.0624969 0.00150063
1129 0.064972 0.00147868
1116 0.0651459 0.00149071
1207 0.0693039 0.00146658
1434 0.0866137 0.00151327
1188 0.0773874 0.00154632
1129 0.0775615 0.0015173
908 0.0701386 0.00152609
979 0.08414 0.00152728
943 0.0937121 0.00162741
912 0.0926497 0.00155033
859 0.0903251 0.00150767
939 0.106902 0.00156312
872 0.104065 0.00153489
8335 1.08923 0.00162642
894 0.103345 0.00151981
806 0.0881302 0.00147308
707 0.071768 0.00146094
771 0.0725727 0.00147754
898 0.0915879 0.00161801
785 0.0736234 0.00151778
1003 0.0959521 0.00155321
1117 0.112685 0.00153103
828 0.102373 0.00163094
857 0.119568 0.00169448
835 0.106471 0.0016235
874 0.101264 0.00160055
1041 0.114442 0.00156286
914 0.0958468 0.00151595
991 0.102478 0.00160774
1202 0.10866 0.00153378
1371 0.112968 0.00149338
1592 0.112385 0.0014503
1791 0.0996421 0.00137041
1865 0.0950235 0.00142474
1999 0.0904669 0.00147723
2117 0.0787253 0.00148128
2503 0.0748344 0.00139521
2670 0.0769829 0.00147173
2637 0.0738773 0.00143773
2430 0.0706403 0.00146563
2160 0.0674965 0.00150533
2110 0.066905 0.00144769
1886 0.0645921 0.00150533
1702 0.0588791 0.00144982
1668 0.0639716 0.0015015
1507 0.0615894 0.00150278
1448 0.0629143 0.00156283
1700 0.0785286 0.00163452
1517 0.0668802 0.00150144
1328 0.0608135 0.00151904
1568 0.0709924 0.00152409
1647 0.0736892 0.00152619
1625 0.0657684 0.00144927
10235 0.424157 0.00154634
1589 0.0639784 0.00150998
1799 0.0686458 0.00148757
1656 0.0636326 0.00151506
1727 0.0671638 0.00149251
48502 1.9951 0.00159868
1223 0.0450874 0.00142235
1253 0.0476523 0.00145656
1578 0.0631299 0.0015695
1598 0.0602535 0.0014712
1711 0.0685187 0.00155803
1949 0.0799236 0.00155465
1774 0.0720376 0.00151611
1678 0.0671254 0.00151252
1730 0.0672013 0.00145203
1612 0.0653917 0.00152402
1769 0.0755301 0.0015651
1683 0.0733106 0.00156671
1850 0.0860264 0.00167418
3591 0.167895 0.00157456
1474 0.0722869 0.00156385
1475 0.0743781 0.00155716
1453 0.0775474 0.00157231
1284 0.0673594 0.00150913
1270 0.071194 0.00159793
1370 0.0742488 0.00159651
1336 0.071779 0.00152532
1264 0.078949 0.00156137
1106 0.0735023 0.0015642
1116 0.0760939 0.00155509
1182 0.0912596 0.0016767
1128 0.0826844 0.00156118
1041 0.082898 0.00159687
991 0.0845282 0.00158257
885 0.07786 0.00157355
948 0.0907755 0.00165587
763 0.07758 0.00161766
726 0.080239 0.00162334
715 0.0838953 0.00167498
762 0.0846307 0.00157425
749 0.0851321 0.00158086
865 0.105859 0.00165908
804 0.101882 0.00166539
805 0.100439 0.00158879
773 0.0985536 0.00162442
787 0.0974767 0.00156797
746 0.0890979 0.00154174
788 0.0845826 0.0014914
719 0.0765524 0.00152997
716 0.0748148 0.00151051
840 0.0867562 0.00157072
974 0.0937506 0.00159135
992 0.0851737 0.00157758
13841 1.11463 0.00159328
1048 0.0783233 0.00154949
1119 0.0779807 0.00150019
1188 0.0829587 0.00155106
1103 0.074805 0.00156037
1102 0.0693505 0.00150933
1194 0.0693076 0.00146844
1260 0.0666576 0.00147407
1246 0.0593695 0.00139893
1356 0.0609495 0.00135265
1234 0.0546354 0.00142103
1153 0.0544292 0.00151566
1079 0.052086 0.00149388
1137 0.0556738 0.00153244
1119 0.0528352 0.00156666
1227 0.0558879 0.00156168
1131 0.0485357 0.00144734
859 0.0404325 0.00148944
820 0.0398379 0.00143132
866 0.0436759 0.00141359
1039 0.0600517 0.00153518
861 0.0485893 0.00150932
892 0.0473231 0.00143085
845 0.048341 0.00147637
950 0.0586997 0.00146697
899 0.0628979 0.00154045
717 0.0499669 0.00146214
819 0.0577537 0.00141523
849 0.065418 0.0014789
833 0.0669303 0.00150088
691 0.0580292 0.00153816
643 0.052939 0.00144841
755 0.0673352 0.00155935
727 0.0606884 0.00152592
677 0.0527504 0.00147135
775 0.0652602 0.0015612
733 0.0618011 0.00155741
811 0.0675643 0.00156666
828 0.0670165 0.00151678
739 0.0593295 0.00148408
891 0.0704104 0.00149601
853 0.0635095 0.00152266
789 0.0548631 0.00149415
787 0.0481566 0.00141823
1019 0.0563811 0.00150949
1241 0.0586429 0.00146889
1517 0.0650804 0.00146511
1635 0.0655457 0.00147906
1794 0.0677045 0.00150394
1633 0.0608555 0.0015508
1479 0.053352 0.00146133
1436 0.0575173 0.00156824
1396 0.0541646 0.0014958
1250 0.0515032 0.00153081
1177 0.0515069 0.00146211
980 0.0445602 0.00143761
1346 0.0604053 0.00151308
1331 0.0557791 0.00145965
1346 0.06078 0.00149521
1272 0.0599916 0.00148097
1256 0.0592302 0.00150903
1236 0.0610507 0.00156689
1168 0.0559185 0.00145796
1215 0.0578303 0.00149697
1357 0.0585313 0.00150977
1371 0.049375 0.00143233
1406 0.0448799 0.00143291
1948 0.0578841 0.00149322
1918 0.0548193 0.00150187
1683 0.0467462 0.00142959
1481 0.0406158 0.00139582
1526 0.0405876 0.00139719
1461 0.0384488 0.00137688
1482 0.0417475 0.00142494
1289 0.0366297 0.00139396
1167 0.0344791 0.00141888
1167 0.0360669 0.00145029
1211 0.0388316 0.00144372
1279 0.0424942 0.00146507
1170 0.0371188 0.00138229
1136 0.0369478 0.00135215
1026 0.0366008 0.00140446
1003 0.0382085 0.00145489
952 0.0378517 0.00146978
909 0.0385358 0.00147834
14259 0.665421 0.0015319
972 0.0474371 0.00154305
869 0.0440267 0.00150601
912 0.0475562 0.00147638
941 0.0526096 0.00152958
926 0.0528028 0.00154719
881 0.0464024 0.00150177
2312 0.129322 0.00155596
976 0.0596431 0.00155868
895 0.0624655 0.00161418
889 0.0709277 0.0015911
762 0.0664594 0.00154113
698 0.0684474 0.00164295
537 0.0545344 0.0016103
593 0.0617019 0.0016503
718 0.0735568 0.00163439
791 0.0822763 0.00166024
788 0.078335 0.00166476
700 0.0647582 0.00157834
767 0.0621954 0.00152652
854 0.0662131 0.00156119
804 0.0682785 0.00158121
703 0.0594056 0.00148773
11184 1.01618 0.00156443
685 0.0643127 0.00154597
824 0.0829016 0.00155196
809 0.0852379 0.00157718
725 0.0799481 0.0015291
730 0.0908855 0.00159431
762 0.101614 0.00161951
595 0.0823623 0.00151784
609 0.0870542 0.00155913
827 0.108614 0.00154972
742 0.0873662 0.00151838
945 0.0986386 0.00150609
1352 0.125287 0.00153505
1548 0.122546 0.00153568
1634 0.117595 0.00151718
2020 0.137124 0.00146707
2061 0.136339 0.00144113
1631 0.118159 0.00150754
1325 0.108024 0.00152092
1223 0.109524 0.00154343
1320 0.122499 0.00158791
1375 0.124678 0.00150237
1214 0.111058 0.00149595
1251 0.116287 0.00155192
1201 0.108993 0.00153741
1300 0.119814 0.00158043
1287 0.125002 0.00165586
1153 0.108132 0.00156333
6002 0.588931 0.00159039
2533 0.238991 0.00157762
1145 0.108763 0.00170769
1218 0.112637 0.00171269
1167 0.107993 0.00172697
1050 0.0945819 0.00170722
1126 0.101359 0.0017682
1073 0.0918889 0.00174571
1236 0.100793 0.00174147
1417 0.117176 0.00184459
1324 0.103833 0.00177054
1298 0.103948 0.00177134
1285 0.109675 0.00180706
1228 0.105301 0.00177092
1367 0.110913 0.00174651
1496 0.124373 0.00185007
1490 0.123736 0.00184568
1425 0.119788 0.00184314
1241 0.10896 0.00182378
1839 0.145573 0.00174474
2689 0.18449 0.00167218
2884 0.188137 0.00165647
3093 0.186957 0.0016277
2948 0.175156 0.00164511
3056 0.174825 0.00163891
3375 0.191924 0.00169714
3478 0.182713 0.00161666
3462 0.184734 0.00165141
3800 0.204639 0.00166929
3861 0.193819 0.00165711
3756 0.183323 0.00161833
3454 0.16835 0.00162023
3544 0.170656 0.00161203
3502 0.175458 0.00162611
3836 0.205783 0.00171362
219404 12.3721 0.00176172
3264 0.180645 0.00169365
3104 0.168071 0.00165222
3421 0.185484 0.00164993
215571 11.8979 0.00172465
3193 0.167184 0.0016767
3180 0.16281 0.00166224
2999 0.142132 0.0015992
2938 0.141024 0.00165389
2848 0.129141 0.00161509
3151 0.13974 0.00162645
3221 0.131847 0.00160416
3111 0.125261 0.00162468
2921 0.12303 0.00163658
2597 0.106319 0.00159455
2381 0.0996875 0.0016176
2191 0.0909171 0.00159785
2151 0.0836531 0.00155317
1951 0.082742 0.00163979
1547 0.0656804 0.00155402
1490 0.0678728 0.00162515
1591 0.0692422 0.00153807
1695 0.0791527 0.00164277
1314 0.0592913 0.0015389
19945 0.935404 0.00152835
1188 0.0626022 0.00164218
974 0.0472116 0.00151514
992 0.0497221 0.00153095
1015 0.0498223 0.00147981
1050 0.0534917 0.00151972
1139 0.0588337 0.00153755
1273 0.0649544 0.0015844
1503 0.0849692 0.00171267
1363 0.0743986 0.00163535
1272 0.0683422 0.00161892
1137 0.0606348 0.00157442
918 0.0565938 0.00166504
803 0.0547892 0.0016063
727 0.0502748 0.00152229
719 0.0530126 0.00153356
775 0.0596271 0.00154865
727 0.052986 0.00145391
684 0.0551425 0.00148741
662 0.0629435 0.00155006
667 0.0746952 0.00161687
618 0.0852071 0.0016898
625 0.0825699 0.00152779
678 0.0856971 0.0015949
3746 0.457127 0.00161994
781 0.0947383 0.0015881
769 0.092073 0.00155422
807 0.0892113 0.00160105
921 0.0939682 0.00166218
864 0.0765055 0.00158133
976 0.0765037 0.00154527
1034 0.0733203 0.00154932
1192 0.0763908 0.0015227
1407 0.0834876 0.0015523
1477 0.0766576 0.00151324
1507 0.0768638 0.00153723
1697 0.0826878 0.0015514
1748 0.0836656 0.00157309
1736 0.080617 0.00154477
1795 0.079129 0.00152973
1730 0.0848831 0.00162329
1694 0.0922252 0.00161482
1519 0.0933805 0.00160655
1192 0.0862778 0.0015902
1040 0.0899046 0.00155222
909 0.102285 0.00168718
847 0.0977541 0.0015798
832 0.111307 0.00167657
768 0.116943 0.00173093
759 0.121049 0.00177697
713 0.115603 0.0018152
760 0.116938 0.00174725
15919 2.26217 0.00164128
755 0.10996 0.00176265
1607 0.237742 0.00179101
848 0.121217 0.00173537
902 0.124368 0.00175578
861 0.113144 0.00174728
935 0.11729 0.00185776
904 0.0998826 0.00180623
890 0.0876465 0.0017297
1005 0.0918442 0.00173942
943 0.0751765 0.00168588
961 0.072232 0.00169514
1014 0.0649169 0.00158206
1240 0.0740554 0.00169384
1446 0.0782291 0.00160926
1574 0.0868948 0.00168989
1389 0.0775038 0.00174853
1466 0.0772413 0.00168951
1663 0.0865642 0.00173059
1575 0.0787956 0.00168784
1580 0.0779447 0.0016479
1697 0.0856493 0.00166777
1515 0.0737271 0.00163369
1596 0.075406 0.00161489
1783 0.087882 0.00168875
1618 0.0797653 0.0016756
1799 0.0913003 0.00171902
1638 0.0824238 0.00163205
1459 0.0756074 0.00158657
1441 0.0753448 0.00159308
1419 0.073575 0.00160027
1822 0.100708 0.00165443
1527 0.0807183 0.00156338
1382 0.0766377 0.00154862
1456 0.087378 0.00155878
1510 0.0890787 0.001538
1603 0.0915554 0.00155712
1611 0.0875895 0.00158399
1603 0.0814439 0.00151353
1811 0.094744 0.00154479
1794 0.100126 0.00159811
1633 0.0896753 0.00155443
1547 0.0807874 0.00157192
1632 0.0760303 0.0015272
1662 0.0743498 0.00152572
1770 0.0781604 0.00148462
1762 0.0818975 0.00150707
1831 0.09195 0.00157223
1635 0.0813464 0.00153252
1502 0.0771971 0.00151954
1471 0.0812311 0.00156555
1451 0.0763125 0.00151705
1649 0.0844824 0.00154531
1500 0.0762348 0.00153748
1608 0.0790425 0.00146512
1777 0.0926406 0.001499
1471 0.0804886 0.00146824
1297 0.0837817 0.00154038
2715 0.19574 0.00153704
1020 0.0756278 0.00152715
5373 0.405996 0.00156519
1038 0.0715268 0.00154366
1218 0.0762596 0.00153189
1235 0.0725957 0.00155396
1439 0.0843849 0.00162185
1125 0.0625771 0.00155155
1157 0.0607086 0.00149479
1120 0.0621814 0.00154379
1213 0.0669671 0.00153428
3238 0.168323 0.00154812
1324 0.0656632 0.00152709
1328 0.0642004 0.00150332
1349 0.0607727 0.00145369
1550 0.0656908 0.00149269
1714 0.062245 0.00151509
1682 0.0543406 0.00150092
1572 0.0527318 0.00151954
1496 0.0521715 0.00152831
1623 0.0558248 0.0015001
1635 0.05366 0.00149474
1664 0.0519418 0.00145261
1673 0.0581178 0.0015114
1451 0.0530673 0.00150598
1415 0.0529085 0.00146768
1437 0.0576283 0.00153131
1585 0.0608282 0.00154184
1568 0.0595053 0.00155014
1646 0.0601886 0.00147583
1743 0.0662868 0.00153951
1564 0.0578355 0.00149227
1470 0.0556041 0.00151272
3680 0.141196 0.00150499
1527 0.0506731 0.00142874
1841 0.0517603 0.00149228
1892 0.0490576 0.00149446
1860 0.049274 0.00144943
1691 0.0472796 0.00144568
1643 0.0484718 0.00147799
1656 0.0450396 0.00141488
1588 0.0404235 0.00140813
1643 0.0433903 0.00144559
1613 0.0417003 0.00141268
1601 0.0408042 0.00141698
1761 0.0472747 0.0014118
1512 0.0434242 0.00139678
1512 0.0455915 0.00140577
1657 0.0487517 0.00142254
1765 0.0513657 0.00146064
1533 0.0463016 0.00147983
1532 0.0455506 0.00149059
1815 0.0506075 0.00149744
1740 0.0466302 0.00143743
1856 0.0568694 0.0014999
1506 0.0486143 0.00145959
1220 0.0435541 0.00149182
1209 0.046009 0.00150704
1142 0.0419859 0.00149382
1155 0.0412701 0.00145229
1151 0.0422987 0.00148157
1322 0.0488155 0.00151904
1264 0.045396 0.00146053
1196 0.0489373 0.00155335
14923 0.660489 0.00156907
1091 0.0495127 0.00151432
1100 0.0559907 0.00154724
952 0.053458 0.00150547
891 0.05137 0.00145
1035 0.0589426 0.00142512
902 0.054097 0.00145576
944 0.0623936 0.00151758
898 0.0608834 0.00148746
809 0.0605373 0.00157857
20061 1.52569 0.00161641
952 0.0647895 0.00157113
2505 0.171971 0.00158318
877 0.0625644 0.00156316
1028 0.0799329 0.00167071
814 0.0603254 0.00158146
903 0.0632614 0.00159668
916 0.056699 0.00152541
1072 0.0682034 0.0016081
1194 0.0712929 0.00155704
1205 0.0667704 0.00149054
1423 0.082021 0.00149145
1392 0.0828319 0.00143016
907 0.0584006 0.00140231
936 0.0689697 0.00144327
900 0.0695018 0.00148341
909 0.0715451 0.00157143
924 0.0661911 0.00150137
15762 1.07233 0.00152505
986 0.0670305 0.00149405
910 0.0738112 0.0015869
803 0.0678797 0.00153067
734 0.0651745 0.00156593
825 0.074079 0.00155874
759 0.0636681 0.00143496
803 0.0681272 0.00143067
745 0.0657078 0.00146674
697 0.0636683 0.00147189
801 0.0826265 0.00157799
663 0.0589867 0.00146099
736 0.0618447 0.00152848
771 0.0584922 0.00149294
887 0.058687 0.00142924
823 0.053369 0.00149002
895 0.0555858 0.00147387
1046 0.0694456 0.0015778
829 0.0542432 0.0015287
776 0.0510136 0.00145125
821 0.0537699 0.00145886
904 0.0549528 0.00149298
12895 0.775921 0.00156631
912 0.0523495 0.0015047
913 0.0509084 0.00151414
965 0.0518379 0.00155404
1059 0.0514861 0.00146693
1145 0.0612411 0.00156195
1070 0.0556958 0.00149112
1140 0.058481 0.00152998
1338 0.0675221 0.00151958
1315 0.0713556 0.00153772
1125 0.0693786 0.00157818
1009 0.0633477 0.00147148
955 0.0665332 0.00162591
2237 0.137934 0.0014974
875 0.0520538 0.00142732
917 0.0537912 0.00142617
921 0.0524729 0.00145605
1006 0.057037 0.00144984
976 0.0554229 0.00140936
838 0.0470347 0.00137137
802 0.0444722 0.00140309
820 0.0474838 0.00146136
892 0.0572147 0.00155486
6079 0.384314 0.00151384
810 0.0518392 0.00146708
800 0.0494255 0.00145204
963 0.0489606 0.00145247
1158 0.045585 0.00144389
1441 0.050405 0.00150985
1678 0.0601944 0.00158974
1391 0.0508271 0.00151786
1236 0.0484874 0.0014931
1042 0.0439171 0.00148093
1044 0.0450527 0.00145468
1154 0.0531665 0.00151227
1071 0.0481833 0.00148108
1246 0.0586291 0.00161755
1340 0.0579536 0.0015675
1534 0.0625821 0.00159762
1486 0.0598849 0.00157143
1383 0.056512 0.00146797
1395 0.0703253 0.00158443
1060 0.0590393 0.00152919
1037 0.0607895 0.00152364
1053 0.0663924 0.00157297
1088 0.0732396 0.00161244
984 0.0685938 0.00155298
643 0.0462995 0.00150972
826 0.0588409 0.00151436
1308 0.0914567 0.00160938
1627 0.105635 0.00159179
1469 0.095959 0.00157393
1434 0.0973253 0.00154579
1246 0.0966849 0.00159565
1197 0.0972978 0.00157328
1205 0.0940287 0.00153965
1193 0.0971228 0.00166335
1190 0.0874279 0.00156297
1167 0.0869026 0.00157174
1053 0.0764883 0.0015259
1083 0.0721174 0.00150387
1358 0.0815533 0.00152369
1499 0.0887222 0.00156107
950 0.0524952 0.00138001
1459 0.0860926 0.00142256
1636 0.102769 0.00150024
1757 0.113225 0.00155224
2068 0.129391 0.00155626
2225 0.133062 0.00154467
2286 0.14037 0.00161849
1942 0.120286 0.00162814
2106 0.131989 0.00166217
2043 0.141644 0.00178919
2012 0.139096 0.00169903
2078 0.146239 0.00171705
1954 0.136815 0.00174885
2079 0.143401 0.00174825
2185 0.159003 0.0018342
2387 0.168759 0.00179977
2541 0.185511 0.00184039
2317 0.162263 0.00173297
2163 0.155154 0.00174756
73318 5.16002 0.00169565
2115 0.150538 0.00175128
2321 0.171534 0.00183654
2208 0.163216 0.00185271
1841 0.135978 0.00183483
2029 0.152161 0.00181937
2327 0.179937 0.00188359
15537 1.08078 0.00168621
2205 0.175324 0.00192779
2171 0.164222 0.00186505
4153 0.313816 0.00191771
2436 0.179805 0.00192359
2076 0.145065 0.00179851
1743 0.118311 0.00172829
1522 0.0861772 0.0014867
1491 0.0839655 0.00151778
1639 0.10492 0.00170932
1968 0.13403 0.00180559
2079 0.144619 0.00189414
1756 0.111291 0.00176251
1632 0.0990873 0.00170416
6929 0.387378 0.0016073
1410 0.0828046 0.00173055
1396 0.0795617 0.00174756
3088 0.161114 0.00165904
1613 0.0889706 0.0017636
1437 0.0765324 0.00169412
1276 0.0664292 0.00166979
1324 0.0672403 0.00169256
1259 0.0639811 0.00170853
1025 0.0509573 0.00165968
993 0.0417083 0.00137757
1132 0.0553583 0.00163152
1393 0.0675864 0.00166771
1388 0.0675436 0.00162511
1361 0.0661095 0.00160096
1070 0.0526484 0.00152173
1280 0.0739138 0.0016742
1200 0.0706956 0.00167254
969 0.0555579 0.00152099
978 0.0601958 0.00149041
1057 0.0769517 0.00162406
1088 0.0857783 0.00167
1010 0.0783177 0.00165137
958 0.0711871 0.00163753
886 0.0625496 0.00158348
939 0.0642817 0.00156242
979 0.0708961 0.00160328
1102 0.0813011 0.00159096
1012 0.0698577 0.00158182
1057 0.0682298 0.00153849
1034 0.0686013 0.00151688
939 0.0659796 0.00148859
953 0.0690556 0.00148434
861 0.065506 0.00148228
850 0.0658394 0.00149246
1033 0.0748251 0.00148269
982 0.0682406 0.0014253
1147 0.0783169 0.00145995
1138 0.0745184 0.00147306
1224 0.080725 0.00148831
1225 0.0814165 0.00150079
992 0.0616511 0.00148566
1142 0.0718143 0.00153219
1158 0.0790802 0.00156482
1074 0.0741297 0.00150907
1047 0.0737579 0.00152565
1049 0.0774566 0.00155563
1074 0.0908305 0.00167356
916 0.0723133 0.00155626
846 0.0695958 0.00158284
908 0.0757703 0.00159551
1039 0.0881401 0.00164001
869 0.0683903 0.00153659
932 0.0781634 0.00159882
988 0.0908835 0.00164034
767 0.0637867 0.00146281
799 0.0686604 0.00148479
727 0.0655305 0.00150892
694 0.0618219 0.00150282
817 0.0706035 0.00152162
774 0.0630376 0.00147558
790 0.0631738 0.00150199
971 0.0745471 0.00150325
777 0.0600495 0.00149401
679 0.0534208 0.00145519
686 0.0600926 0.00155022
676 0.0621786 0.00154506
695 0.065739 0.00154689
773 0.0626678 0.00149438
1070 0.070677 0.00150866
1202 0.0673645 0.00153194
1439 0.0722503 0.00161539
1454 0.0583214 0.00143562
1519 0.061594 0.00149377
1251 0.0490142 0.00144596
1410 0.0531983 0.0014208
1309 0.044823 0.00137749
1508 0.0489915 0.00141933
1471 0.0447055 0.00140847
1681 0.0503235 0.00135489
1517 0.0528652 0.00140832
1283 0.0483087 0.00137975
1070 0.0467905 0.001398
1183 0.0597038 0.00146479
953 0.0467766 0.00143259
953 0.0494247 0.0014637
1086 0.0553887 0.00144077
1024 0.0516838 0.00148809
1100 0.053477 0.00142989
1181 0.0601556 0.00145405
1059 0.05625 0.00152192
1109 0.0528471 0.00145154
1232 0.0610671 0.0015563
1347 0.0658226 0.00151633
1457 0.0710628 0.00150992
1590 0.0756865 0.00146493
1707 0.0871522 0.00151829
1557 0.0845665 0.00152691
1636 0.0900555 0.00148547
1583 0.0929182 0.00151903
1606 0.106689 0.00163202
1179 0.0786685 0.00151401
5863 0.444015 0.00157245
1019 0.0794597 0.00153296
967 0.0800085 0.00158073
971 0.0833585 0.00158454
868 0.0762315 0.00155313
1123 0.103949 0.00164696
1102 0.0929295 0.00152457
1071 0.0963658 0.00148928
883 0.0877985 0.00143572
741 0.0802094 0.00147587
951 0.0993825 0.00152059
801 0.0778918 0.00145785
810 0.077634 0.00144272
733 0.0736201 0.00148047
772 0.0739452 0.00138689
906 0.0880215 0.00153921
1028 0.0813752 0.00143941
1142 0.0763635 0.00142046
1179 0.073484 0.00142199
1125 0.0746785 0.00143722
925 0.0627448 0.00141927
1002 0.0699346 0.00143385
897 0.072149 0.00155707
830 0.0664526 0.0015335
861 0.0674201 0.00155586
817 0.0603981 0.00147456
888 0.0673273 0.00153437
5530 0.425421 0.00155191
904 0.0690752 0.00152364
866 0.0671829 0.00154798
789 0.0632711 0.00155462
940 0.0690516 0.00152287
973 0.0642793 0.0014671
916 0.0613954 0.00151253
1094 0.0721711 0.00147137
1033 0.0721698 0.00143074
1177 0.0920731 0.00148769
997 0.0743377 0.00137435
1009 0.0820251 0.00147631
943 0.0789611 0.00149346
740 0.0610123 0.00144368
703 0.0626214 0.0015239
723 0.0624427 0.00146059
778 0.0676108 0.00150497
764 0.0668728 0.00154801
753 0.0596971 0.00148765
826 0.0605522 0.00147409
844 0.0561792 0.0014094
829 0.057966 0.00146324
870 0.0632565 0.00149644
866 0.0633345 0.00146121
801 0.0666188 0.00152348
784 0.0664828 0.00151192
835 0.0693005 0.00146955
649 0.0527482 0.00142553
642 0.0522934 0.00145564
736 0.0668406 0.00162295
610 0.0496805 0.00147902
690 0.0507711 0.00144041
767 0.0501764 0.0014028
787 0.0552363 0.00146242
703 0.0521023 0.0014482
622 0.0431321 0.00137843
652 0.0476958 0.00144237
709 0.0511238 0.00145546
719 0.0484628 0.00136977
809 0.0610636 0.00151615
801 0.0569803 0.00146718
685 0.0516911 0.00145866
529 0.0443643 0.00138361
527 0.0505142 0.00147283
644 0.057525 0.00149243
638 0.0530405 0.0014907
649 0.0588746 0.00162047
602 0.0562932 0.00154029
598 0.0589382 0.00150331
670 0.0701976 0.00154287
563 0.0549789 0.00154891
604 0.0512587 0.00152843
783 0.0640871 0.00155647
712 0.0551412 0.00147274
721 0.0612593 0.00154513
633 0.0525985 0.00146525
690 0.0637146 0.00151248
768 0.0751631 0.00152159
915 0.0941674 0.00156435
944 0.0871399 0.00148678
1041 0.0900667 0.00157386
993 0.0807108 0.00156527
1075 0.0829363 0.00150758
1102 0.0952749 0.00163097
967 0.0814666 0.00148715
887 0.0810354 0.00153639
797 0.0730448 0.00152301
801 0.0720331 0.00148854
770 0.0714048 0.00152857
818 0.0761354 0.00162396
893 0.0709447 0.00156602
827 0.0589494 0.00158433
1105 0.0709248 0.0015461
979 0.0621352 0.0015655
932 0.0571308 0.00159606
1018 0.0564324 0.00154628
1222 0.063827 0.00148741
1224 0.0629567 0.00150781
1248 0.0647053 0.00152979
1243 0.0628139 0.00158281
1413 0.0651893 0.00161884
1443 0.056312 0.00148816
1657 0.0605397 0.00147933
1611 0.0515848 0.00141732
1827 0.0565358 0.00149905
1663 0.0514243 0.00147819
1742 0.0563222 0.00151919
1842 0.0571393 0.00150261
1938 0.0584745 0.0014867
2141 0.0640284 0.00152509
2446 0.0666487 0.00149998
2718 0.0695655 0.00148688
42755 1.13281 0.00153761
3016 0.0779478 0.0014973
18017 0.457884 0.00149583
3385 0.0796022 0.00144447
3803 0.0932013 0.0015661
3789 0.0911278 0.00150395
3293 0.084273 0.00148932
3455 0.0927841 0.00149953
3023 0.0872506 0.00153904
2623 0.0827689 0.00155312
2529 0.0835753 0.00154025
2527 0.0871795 0.00156303
2488 0.085236 0.00153603
2565 0.0865611 0.00150903
2711 0.0930939 0.00156288
2763 0.0921817 0.0015427
2991 0.0973622 0.00155857
2939 0.0883789 0.00148423
2727 0.0878241 0.00153311
2582 0.0874617 0.00153849
2748 0.0962988 0.0015412
2628 0.0981985 0.00159719
2832 0.0998217 0.00157473
2957 0.097509 0.00155771
3114 0.0985906 0.00154152
3096 0.097668 0.00159717
3023 0.0944999 0.00160928
3141 0.0982073 0.0016474
3227 0.0962091 0.00160099
3526 0.102438 0.00159248
3534 0.0978411 0.00156908
3984 0.116369 0.00168069
4006 0.110901 0.00162819
4086 0.109796 0.00159395
4191 0.112854 0.00155589
4030 0.110914 0.00149566
4015 0.127926 0.00159809
4234 0.14147 0.00164885
4435 0.144926 0.00161211
4600 0.150123 0.00161093
3959 0.128629 0.00157868
3937 0.134238 0.00156995
3714 0.121644 0.00150281
3720 0.120043 0.001521
3813 0.125385 0.00155674
4174 0.138596 0.00158722
4310 0.137629 0.0015253
4158 0.130747 0.00155313
4925 0.151738 0.00156524
5537 0.166677 0.00154587
6459 0.181655 0.00152022
6445 0.176956 0.00152083
6416 0.173495 0.00152726
468452 12.182 0.00154869
6857 0.163207 0.00147494
6781 0.156793 0.00145727
6643 0.156631 0.00146773
5675 0.142088 0.00149599
5511 0.150131 0.00153445
5348 0.160938 0.00157204
4486 0.140394 0.00158431
4040 0.127293 0.00158137
3995 0.130275 0.00162998
3433 0.115883 0.00158663
2846 0.111377 0.00166777
2589 0.107009 0.00172347
2687 0.111431 0.00176559
2381 0.0931839 0.00166289
2154 0.0828377 0.0016495
2105 0.0788624 0.00165995
1995 0.0764205 0.00171135
2020 0.0790469 0.0017446
2275 0.0890809 0.00171822
1756 0.0648689 0.00158171
2077 0.0787765 0.00162989
2349 0.0936858 0.00170734
2062 0.0807728 0.00165273
2367 0.0917736 0.00166583
2439 0.0890625 0.00162927
2469 0.0884728 0.00158914
2478 0.08699 0.00149107
2408 0.0879614 0.00151638
2382 0.0894655 0.00154877
2247 0.0863952 0.00155314
2038 0.0787666 0.0014919
1742 0.0668485 0.00147754
2078 0.0822804 0.00152134
1888 0.0769485 0.00153001
1947 0.0789721 0.00151346
1880 0.0820963 0.00153801
1705 0.080616 0.00152542
1479 0.0771848 0.00153243
1359 0.0769747 0.00156681
1330 0.0740102 0.00157671
1283 0.0697611 0.00156645
1268 0.0669143 0.00152481
1113 0.0581564 0.00154006
1021 0.0537152 0.00149448
2291 0.125962 0.00154807
1108 0.0591172 0.00155756
1059 0.0551705 0.00156873
933 0.0472714 0.00151352
994 0.0501008 0.00147916
35769 1.83686 0.00149722
958 0.0461484 0.00142936
1050 0.0506459 0.00146424
1009 0.0533622 0.00144134
927 0.0607697 0.00152095
761 0.0510734 0.00149167
817 0.0464951 0.00139591
861 0.0450141 0.00143347
893 0.0446427 0.00150044
16788 0.764085 0.00152228
1034 0.043882 0.0014951
2611 0.117929 0.00148284
932 0.0430219 0.00143316
1005 0.0470484 0.00149189
986 0.0444044 0.00148296
1047 0.045508 0.00150429
1202 0.0512046 0.00159309
1134 0.0435431 0.00145943
1044 0.0423791 0.00145753
1021 0.0403112 0.00140415
1074 0.0420387 0.001436
1175 0.0490729 0.00154209
972 0.0381653 0.0014343
1039 0.0374035 0.0014144
1133 0.0364024 0.00143257
1153 0.0345494 0.00143116
1146 0.0354635 0.00149359
1252 0.0386805 0.00147539
1472 0.0480678 0.00156756
1376 0.0417883 0.00144417
1347 0.0422774 0.00145636
1348 0.045582 0.00151024
1383 0.0502974 0.00151409
1190 0.047603 0.00151606
1198 0.0496318 0.00146878
1106 0.0493997 0.00149051
889 0.0431205 0.00144604
838 0.044647 0.0014356
870 0.0540811 0.00152402
645 0.044243 0.00151034
782 0.0549023 0.00155168
719 0.0488453 0.00158189
686 0.0449602 0.00150645
643 0.0404997 0.00142919
589 0.0357398 0.00139047
692 0.0448419 0.00153187
664 0.0412191 0.00143629
703 0.0452445 0.00140688
633 0.0427757 0.0014577
561 0.0356251 0.00136248
665 0.0483957 0.00156311
817 0.0552746 0.00152313
752 0.0502633 0.001508
764 0.0516263 0.00150667
746 0.0485011 0.00145086
819 0.053432 0.00144375
870 0.056677 0.00151664
890 0.0594577 0.00164948
838 0.0494593 0.00150696
919 0.0565782 0.00154668
950 0.0542873 0.00143874
26639 1.57857 0.00154787
953 0.0565777 0.00161555
986 0.0532913 0.00154476
1005 0.0502538 0.0015222
6047 0.281034 0.00152857
1114 0.048875 0.00147839
1123 0.050181 0.00146939
1138 0.0496895 0.00147839
1190 0.051575 0.00153847
1102 0.0460841 0.00148245
1205 0.0483531 0.00147864
1164 0.0444049 0.00147282
1386 0.0502649 0.00147067
8928 0.316197 0.00150048
1353 0.0472192 0.00148357
1387 0.0469452 0.00145055
1194 0.042696 0.00148172
1178 0.0455431 0.00149159
1080 0.0450685 0.00156167
1126 0.043918 0.00151234
1137 0.0434182 0.00153346
1092 0.0408748 0.00150955
1133 0.039745 0.00145407
1160 0.0393823 0.00144034
1181 0.0431645 0.0015487
1216 0.0436746 0.00147335
1143 0.0432062 0.00150813
1287 0.049807 0.00155901
1159 0.0443932 0.00154156
1320 0.0500325 0.0015654
1318 0.0473241 0.00152497
1402 0.0491354 0.00149854
8463 0.305431 0.00150792
1331 0.0461457 0.00146671
1513 0.0513755 0.00150589
1545 0.051621 0.00148153
1516 0.0511005 0.00149286
1546 0.055923 0.00155591
1521 0.0537663 0.00151708
3285 0.121697 0.00156424
1384 0.0515187 0.00148635
1429 0.0541085 0.00154244
1496 0.0552893 0.00154304
1336 0.0474904 0.00145955
1545 0.0552594 0.00151044
1353 0.0516814 0.00157379
1371 0.0546481 0.00154607
1356 0.0592358 0.00164061
1232 0.0561946 0.0016352
1244 0.0535031 0.00154314
1368 0.062799 0.00160761
1294 0.0602106 0.00156689
1220 0.059998 0.00159663
1215 0.0605766 0.00156407
1126 0.0556836 0.00155884
1046 0.0503789 0.00155516
1012 0.0506935 0.0015042
940 0.055886 0.0016
891 0.0536215 0.00156002
2151 0.134898 0.00160571
932 0.0529309 0.00149323
923 0.0553136 0.00160179
12847 0.741496 0.00158907
1100 0.0616679 0.00160013
1150 0.0603929 0.00153228
1124 0.0566794 0.00155125
1058 0.0457868 0.00143751
1092 0.0481686 0.0014829
1110 0.0485142 0.00142724
1355 0.0677538 0.00166237
1167 0.0496675 0.00147738
1211 0.0491109 0.00143154
1084 0.048188 0.0015186
1086 0.0475768 0.00148287
1115 0.0508214 0.00152576
1039 0.0458701 0.00147152
1041 0.0469577 0.00147595
1054 0.051071 0.00153122
1010 0.0473718 0.00151197
1107 0.0456942 0.00147814
1303 0.0470012 0.00147457
1408 0.046877 0.00145017
1442 0.0457438 0.00143745
1602 0.0486751 0.00148898
1367 0.0385533 0.00144864
1564 0.0454155 0.0014762
1512 0.0459358 0.00147243
1600 0.0498066 0.00143771
1655 0.053942 0.00156505
1277 0.0392539 0.00142598
1174 0.038661 0.00145578
1318 0.0419043 0.00146061
3506 0.110788 0.00150291
1282 0.0376266 0.00146068
1291 0.0337254 0.00136863
1459 0.0419958 0.00146274
48896 1.6019 0.00152964
1312 0.0411325 0.00143584
1443 0.0453279 0.00149318
1365 0.0415197 0.00148896
1434 0.0463424 0.00156343
1348 0.0435422 0.00148235
1280 0.0427169 0.00146298
1338 0.0461008 0.00148421
1323 0.0480046 0.00152759
1323 0.0537741 0.00161656
1131 0.0447592 0.00150558
1112 0.043905 0.00150477
1158 0.0450029 0.00144976
1261 0.0530761 0.00154062
1311 0.0552521 0.00154949
1232 0.0493988 0.00151343
1359 0.0536792 0.00148892
1331 0.0538183 0.00151314
1282 0.0508169 0.00149191
1462 0.0571904 0.00151173
1495 0.054193 0.00149192
1938 0.0666571 0.0015089
2168 0.0710972 0.00149882
2020 0.0653371 0.00151711
2184 0.070605 0.00156643
2089 0.0621118 0.00145774
2073 0.0673218 0.00153855
1833 0.0644972 0.00152272
1638 0.064643 0.00155942
1791 0.0793431 0.00168129
1809 0.0780582 0.001583
1687 0.0749166 0.00162704
1792 0.0755009 0.00162016
1894 0.0799993 0.00166024
1773 0.0717547 0.0016164
1707 0.0667656 0.00157039
1855 0.0782548 0.00167515
1884 0.0769075 0.00164669
1838 0.0744184 0.00165401
1745 0.0756999 0.00172014
1675 0.071526 0.00165659
1771 0.0788773 0.00171337
1818 0.0813991 0.00170891
1787 0.0785008 0.00166414
1733 0.0750416 0.00161203
1633 0.0717111 0.00164578
1676 0.0771699 0.00173186
1732 0.0740537 0.0016424
1801 0.0787243 0.00168239
1692 0.0774396 0.0017495
1856 0.0843492 0.00170258
2023 0.0986518 0.00176929
1800 0.0871191 0.00175544
1595 0.0737949 0.00166226
1633 0.0781985 0.00170554
1722 0.0830961 0.00170521
1780 0.0929548 0.00181773
1643 0.0840351 0.00176716
1370 0.0686566 0.00171904
1626 0.0824301 0.00172511
1539 0.0811848 0.00176051
1510 0.0811685 0.00174463
1482 0.0774516 0.00170452
16374 0.779225 0.00153223
1330 0.0724521 0.00167188
1297 0.0749329 0.00171413
1423 0.0830097 0.00170857
1355 0.0792522 0.00170048
1405 0.0869896 0.00171659
1214 0.0738551 0.0016451
1244 0.0753432 0.00167251
1356 0.0861511 0.00170111
1182 0.0794111 0.00166451
1105 0.0776489 0.00162904
1109 0.0777005 0.00159649
1275 0.0942236 0.00169169
1324 0.102656 0.00172617
1141 0.0908267 0.00170051
1101 0.0883797 0.00162765
900 0.0752497 0.00155864
849 0.0791625 0.00159067
728 0.0664609 0.00148635
710 0.0682159 0.00148787
646 0.0686585 0.00160144
583 0.0575119 0.00149106
561 0.0573661 0.00151019
710 0.0786085 0.00168697
913 0.0998211 0.00169237
845 0.0907024 0.00166571
3735 0.383095 0.0016031
896 0.0966512 0.0016707
915 0.0984651 0.0016353
711 0.0803096 0.00162942
671 0.0806504 0.00167808
747 0.0861661 0.00165732
802 0.0903599 0.00164181
836 0.0939979 0.00159975
3638 0.426601 0.00160443
691 0.0884802 0.00166303
732 0.0898703 0.00156561
681 0.0916136 0.00164633
617 0.0793759 0.00152279
594 0.0749497 0.00148788
674 0.0950749 0.00164701
2967 0.412567 0.0016226
558 0.0742302 0.001521
556 0.0720313 0.00148907
614 0.0797663 0.00155648
548 0.0711723 0.00160368
601 0.0707368 0.00150033
791 0.0958692 0.00160833
762 0.0903899 0.00155099
621 0.0799749 0.00151684
554 0.0749994 0.00158374
630 0.0752405 0.00147471
779 0.103386 0.00164017
684 0.0867974 0.00155436
644 0.0847254 0.00157134
3429 0.432734 0.00160812
757 0.0894525 0.00160503
685 0.0738101 0.00151459
823 0.0822801 0.00151592
820 0.0778463 0.00159549
760 0.0647865 0.00152057
681 0.0555023 0.001524
804 0.0575519 0.00144999
699 0.0434999 0.00136032
779 0.0481631 0.00143607
885 0.0545462 0.00142533
851 0.053578 0.00143279
911 0.0606993 0.00147826
903 0.0613921 0.00143804
988 0.0795552 0.00158877
752 0.0618801 0.00149412
653 0.0510777 0.00145099
787 0.0594091 0.00151965
9952 0.744073 0.00157155
856 0.0606079 0.00151781
827 0.0573456 0.0014464
825 0.0603244 0.00147243
804 0.0583504 0.00143586
10798 0.796289 0.00154431
1069 0.0776127 0.00159073
835 0.0551793 0.00141017
829 0.0581172 0.00152278
26123 1.71863 0.00157844
1069 0.0621079 0.001507
1043 0.0618962 0.00160746
1014 0.0534053 0.00146658
1067 0.0547697 0.00151607
1097 0.0516536 0.00153118
1160 0.0522759 0.00150296
1330 0.0595296 0.00154856
1229 0.0506568 0.00149521
1330 0.0515979 0.00146204
1515 0.0559161 0.00150927
1623 0.0564661 0.0014885
2103 0.070166 0.00149376
2069 0.0624321 0.00140944
2259 0.0656287 0.0013716
2304 0.0698712 0.00142501
1649 0.0541396 0.00143793
1488 0.0504166 0.00139728
1293 0.0462468 0.00143901
1383 0.053214 0.00151475
1239 0.0478376 0.00144972
1173 0.0457472 0.00143688
1315 0.0505352 0.00146498
1399 0.0517243 0.00141656
1186 0.0473337 0.0014526
1092 0.0456746 0.00139899
1226 0.0552303 0.0014877
1184 0.0473388 0.00143585
1422 0.0527827 0.00144541
1486 0.0525805 0.00149788
1347 0.0431473 0.00141844
1496 0.0487392 0.00140747
1537 0.0555576 0.00145232
1349 0.0553404 0.00152274
1389 0.0591876 0.00152708
1235 0.0551446 0.00147787
1011 0.0517486 0.00149072
1018 0.057306 0.00150496
1076 0.0599798 0.00144704
1022 0.0599655 0.00152134
906 0.0539968 0.00151646
1071 0.0676513 0.00160597
1085 0.062348 0.00149375
1046 0.05851 0.00150832
1161 0.0632559 0.00151202
1133 0.0595089 0.00149072
1217 0.063086 0.00151634
993 0.0520997 0.00147651
1028 0.0584269 0.00163371
1022 0.0503531 0.00155711
1063 0.0521423 0.00149587
967 0.0543157 0.00152406
892 0.0520584 0.00151707
1059 0.063392 0.00161358
996 0.0548025 0.00151827
1092 0.0625368 0.00156765
1212 0.067202 0.00157928
1231 0.0625586 0.00151583
1391 0.0725797 0.00159665
1274 0.0648769 0.00154774
1204 0.0609269 0.00152755
1338 0.0694475 0.00158696
1291 0.0700181 0.00164719
1394 0.0791042 0.00168654
1306 0.0663334 0.00156953
1069 0.0541436 0.00155352
1011 0.0529285 0.00149398
1065 0.0581909 0.00157584
1211 0.066934 0.0016736
1004 0.0563241 0.00162393
1060 0.065051 0.00163652
997 0.0562052 0.00154839
1052 0.0623786 0.00159956
1009 0.0658755 0.00160811
1093 0.069497 0.00154573
1188 0.0774136 0.0016307
1079 0.0636369 0.00155652
1017 0.0527052 0.00148357
1113 0.0561574 0.00153509
1154 0.0528873 0.00148138
1140 0.0561673 0.00155022
924 0.0468212 0.00143683
972 0.0529832 0.00148782
1079 0.0616332 0.0015339
939 0.0559299 0.00147946
1007 0.0713725 0.00160799
807 0.055456 0.0014746
782 0.0546662 0.00145833
838 0.0624973 0.00151281
762 0.05873 0.0015128
862 0.0708744 0.00158818
793 0.062549 0.00152185
9724 0.775939 0.00153329
865 0.0707877 0.00154991
892 0.0703745 0.0015502
1086 0.0814833 0.00159999
1185 0.0744018 0.00147806
1427 0.0920854 0.00164302
1304 0.0776854 0.00156615
1324 0.0747173 0.00159105
1456 0.0738834 0.00157052
1493 0.0753026 0.00162779
1601 0.0758357 0.00153627
1539 0.0726273 0.00155318
1647 0.0783726 0.00156806
1671 0.0882803 0.00166239
1484 0.0799323 0.00161245
1510 0.0823415 0.00162088
1598 0.0820348 0.00160812
1672 0.0793186 0.00159319
1711 0.0845298 0.00160127
1541 0.0825544 0.00161161
1925 0.105593 0.00171668
1837 0.093264 0.00166075
1740 0.0893888 0.00164894
1694 0.0893286 0.00169764
1820 0.0935969 0.00168229
1868 0.0972607 0.00172892
1628 0.083489 0.00165987
1654 0.0853921 0.00163492
1744 0.0923868 0.00169616
1774 0.0962522 0.00171024
1754 0.102165 0.00178341
1590 0.0914628 0.00173883
1477 0.0829085 0.00171409
1447 0.0837267 0.00172804
1734 0.100415 0.00173443
1930 0.11975 0.00187319
1707 0.108448 0.00182702
1696 0.110112 0.00181615
1869 0.12216 0.00184734
1996 0.134086 0.00195121
1799 0.114091 0.00187472
2003 0.133267 0.0020056
2211 0.139068 0.00193566
1963 0.123745 0.00191929
2077 0.137859 0.00199869
2034 0.135117 0.00198023
18533 0.978667 0.00156643
1576 0.103742 0.00192415
1666 0.112058 0.00194744
1495 0.0984046 0.00189506
1508 0.104726 0.00195113
2008 0.140562 0.00195299
8036 0.474376 0.00169329
2086 0.146542 0.00208088
3021 0.225672 0.00219563
2370 0.178457 0.00217252
8244 0.456838 0.00159084
1602 0.110013 0.00190981
8723 0.654519 0.0020277
17526 1.07796 0.00167466
161959 9.85616 0.00167409
9808 0.703539 0.00205387
3684 0.321632 0.00258887
45135 2.54718 0.00168734
5072 0.378741 0.00220527
3071 0.22214 0.00214129
20359 1.11155 0.00163
20222 1.10711 0.00162615
9324 0.547458 0.00175263
20849 1.17806 0.00168942
3350 0.257039 0.00229661
3149 0.232383 0.00221329
46432 2.49255 0.0016209
2218 0.128966 0.00176562
20942 1.1251 0.0016228
4542 0.26196 0.00173991
9136 0.529438 0.00173101
2392 0.1561 0.00193834
9277 0.544279 0.00175513
44923 2.46017 0.00162751
2188 0.134476 0.0018332
20865 1.13476 0.00163352
96502 5.24612 0.00164681
97307 5.19435 0.00163953
2786 0.188716 0.00201207
2205 0.150427 0.00190444
3958 0.414128 0.00285156
40273 2.53095 0.00174099
4442 0.465157 0.0029715
44461 2.6209 0.00169009
44653 2.56618 0.00167661
3686 0.305315 0.00249187
9702 0.594132 0.00187508
102154 5.60841 0.00168258
49200 2.7534 0.00171729
49031 2.73535 0.00170262
4751 0.468006 0.00296196
101292 5.67026 0.00168659
22530 1.32594 0.00178157
99925 5.63111 0.00168332
101292 5.6135 0.00166956
103544 5.73835 0.00168463
102886 5.77121 0.00169189
101822 5.72408 0.00169344
101440 5.57724 0.0016794
98868 5.35284 0.0016444
2638 0.177694 0.00197543
44915 2.51918 0.00162765
46233 2.56658 0.00164062
98530 5.47009 0.00166385
97761 5.48649 0.00166632
9317 0.540278 0.00173877
4529 0.270802 0.00178727
9068 0.514372 0.0016559
94576 5.38534 0.00163955
2887 0.220548 0.00214168
2734 0.214964 0.00217043
2284 0.181254 0.00208211
14622 1.02017 0.00173065
16076 1.10972 0.00176964
3289 0.274956 0.0022668
3124 0.249811 0.00219688
37358 2.2576 0.00166402
18465 1.08537 0.00166843
2574 0.189076 0.00214829
2027 0.138541 0.00204938
1607 0.105976 0.00193588
1645 0.110858 0.0019342
1982 0.138782 0.00199458
4011 0.267994 0.00187044
2043 0.14774 0.00200449
2197 0.171935 0.00216515
2173 0.155518 0.0020346
1555 0.105868 0.00189053
1451 0.102114 0.00191817
1416 0.0980722 0.00195276
1403 0.0933333 0.00183683
1447 0.103091 0.00190502
1405 0.0969543 0.00187842
1252 0.0778401 0.0017218
1333 0.0867956 0.00181558
1352 0.0844226 0.00172362
1664 0.119568 0.0019512
1685 0.117696 0.00192181
1368 0.0888658 0.00181683
1529 0.10573 0.00190875
17824 1.00364 0.00154313
1438 0.0965092 0.00186074
1539 0.109528 0.00188903
1329 0.0972613 0.00185934
1321 0.0906378 0.00176644
1086 0.0696442 0.00169381
1184 0.0750514 0.00167227
1242 0.0829606 0.00170064
2414 0.153276 0.00155243
813 0.0498659 0.00143369
738 0.0501393 0.00148116
1062 0.0854592 0.00162484
1059 0.0915002 0.00168225
924 0.076771 0.00158589
1046 0.0968905 0.00170371
968 0.0864888 0.00158923
993 0.0894641 0.00154577
991 0.0961862 0.00155303
914 0.0922383 0.00154757
868 0.098703 0.00161778
859 0.103398 0.00157124
871 0.105205 0.00154759
887 0.10908 0.00157741
952 0.113093 0.00153874
947 0.110506 0.00154214
842 0.0938855 0.00153579
952 0.0942988 0.00150632
1012 0.092008 0.00155795
925 0.0777251 0.00152303
813 0.066211 0.00154631
914 0.0700144 0.00154369
1061 0.0713491 0.00144877
1316 0.0881282 0.0015198
1390 0.0929711 0.00150931
1261 0.0864266 0.00148366
1099 0.0760016 0.00146777
1058 0.0700023 0.00141163
1052 0.0750481 0.00148378
953 0.0702156 0.00152714
868 0.0623852 0.00154432
774 0.0553397 0.00150926
841 0.0644033 0.00156316
941 0.0743933 0.00163515
893 0.0653019 0.00155069
945 0.0702141 0.00156906
833 0.0601236 0.00152718
923 0.0631759 0.00151105
1179 0.0735741 0.00145672
1384 0.075959 0.00148668
1549 0.0722659 0.00143495
1448 0.0649094 0.00142567
1507 0.0633825 0.00143186
1555 0.0629118 0.00143399
1415 0.0560338 0.00143563
1434 0.0548226 0.00147963
1806 0.0631297 0.00145546
1627 0.0536582 0.0014428
2038 0.0632511 0.00143253
2254 0.0658826 0.00143445
2313 0.0689998 0.00149427
28197 0.893543 0.00156005
2293 0.0681172 0.00151879
2139 0.0586185 0.00147523
2054 0.0549212 0.0014386
1928 0.0540865 0.00147273
1911 0.0572117 0.00149018
1813 0.0644429 0.00159838
1540 0.0549224 0.00147353
1548 0.0537268 0.001436
1875 0.0646623 0.00142508
1828 0.0667717 0.00141346
1999 0.0780296 0.00145646
1716 0.0700527 0.00146474
1775 0.0760886 0.00145749
1697 0.0751526 0.00148329
1720 0.0790216 0.00157869
1851 0.0793913 0.00150689
1762 0.0754368 0.00146942
1983 0.0909405 0.00157346
1991 0.0891984 0.00150578
1972 0.0922931 0.00146008
1899 0.0945906 0.00148005
1882 0.0933696 0.00146711
1889 0.101909 0.00153502
1873 0.10433 0.00153645
49823 2.81309 0.00162367
1704 0.0810441 0.00151143
1683 0.0740417 0.00149709
1698 0.072326 0.00144624
20985 1.02367 0.00159514
1432 0.068218 0.00155079
1290 0.0554198 0.00146206
1421 0.0602003 0.00146049
1191 0.0509474 0.00149973
1262 0.0525141 0.00148431
1361 0.0582722 0.00153618
1499 0.0606907 0.00148826
1501 0.0609344 0.001492
1627 0.0707612 0.00154865
1385 0.0582862 0.00146394
1331 0.0581988 0.00145748
1043 0.0516101 0.00153223
6648 0.340499 0.00153698
998 0.0518058 0.00151955
1011 0.0558951 0.00153053
1056 0.0612071 0.0015053
27974 1.7806 0.0015655
894 0.0586805 0.00153176
803 0.0504049 0.00145829
1010 0.0535546 0.00134472
1311 0.0712939 0.00151499
1145 0.0602411 0.00157232
1261 0.0610093 0.00150507
1499 0.0677183 0.00148975
1401 0.0631126 0.00158831
1546 0.0592971 0.00148792
1869 0.0671667 0.00152417
1906 0.0621186 0.00146026
2103 0.0668116 0.00149224
12367 0.413859 0.0015317
1881 0.0613956 0.00144318
1590 0.0549252 0.00142945
1494 0.051465 0.00142654
1533 0.0519285 0.00148248
1659 0.0581813 0.00150172
1876 0.064112 0.00146582
2302 0.0843409 0.00150968
1819 0.0718082 0.00145056
1232 0.0524903 0.00139767
1021 0.0521142 0.0014757
925 0.0546163 0.00157294
957 0.0584522 0.00159049
842 0.04583 0.00152937
1049 0.049242 0.00153079
7270 0.318634 0.00151663
1286 0.0597378 0.00150002
1228 0.0630195 0.00155211
1259 0.0607253 0.00152452
3677 0.180767 0.00159204
1600 0.0749862 0.00147444
1704 0.0786048 0.0015095
1633 0.076265 0.00150855
1570 0.079475 0.00150001
1117 0.0693885 0.00155905
858 0.0612993 0.00152108
877 0.0684742 0.00154522
756 0.0597814 0.00148429
2195 0.179476 0.00153337
954 0.0793652 0.00152294
1102 0.0960745 0.00158274
850 0.0735072 0.00164029
4817 0.343919 0.00148958
693 0.0423404 0.00142185
869 0.053065 0.001522
1079 0.0650208 0.00158135
1141 0.0678888 0.00164704
865 0.0429843 0.00146298
962 0.0461552 0.00147935
1017 0.0496393 0.00150389
837 0.0414753 0.00147469
906 0.0487053 0.00146875
14066 0.848953 0.0015575
1016 0.0574372 0.00145886
919 0.0524821 0.00146072
32134 1.92644 0.0015571
1151 0.0688103 0.00150369
1141 0.0725947 0.00157315
1222 0.0762055 0.00155074
1220 0.0729252 0.00149025
1312 0.0777396 0.00154614
1377 0.0716818 0.00150398
1313 0.064186 0.00151388
1568 0.0824064 0.00158799
1352 0.0704804 0.00158
1260 0.0613816 0.00147245
1136 0.0513409 0.00137291
1251 0.0591271 0.00147821
1264 0.0597355 0.00151941
49803 2.21944 0.0015181
1507 0.0697398 0.00160533
49894 2.22591 0.0015067
1288 0.0548119 0.00146726
1468 0.0652649 0.00154293
1282 0.0594651 0.0015139
1160 0.0632047 0.0015725
839 0.0505182 0.00155172
797 0.0514374 0.0015676
845 0.0586003 0.00159863
952 0.0699424 0.0015683
833 0.0612518 0.0014715
952 0.0784754 0.00151196
898 0.0810659 0.00152007
694 0.0751931 0.00160206
668 0.083281 0.00158731
633 0.0849993 0.00159005
566 0.0807233 0.00157606
557 0.0920453 0.00173116
594 0.098608 0.00169777
653 0.113039 0.00176761
536 0.0860835 0.00157039
585 0.100588 0.00164117
526 0.0881894 0.00161016
593 0.100443 0.00167484
655 0.107672 0.00168172
592 0.0947242 0.00165228
627 0.103359 0.00172089
641 0.0987547 0.00168899
478 0.0697261 0.00154722
402 0.075182 0.00160648
194 0.0505451 0.00145289
212 0.085095 0.00157669
262 0.105972 0.00163184
312 0.123173 0.00170469
316 0.115222 0.00165074
404 0.118915 0.00152495
411 0.102501 0.00157755
462 0.0841427 0.00143447
562 0.0913678 0.00154723
676 0.0854248 0.00157309
799 0.0686513 0.00142281
951 0.0701483 0.00147367
1124 0.0692158 0.00148952
1237 0.0691857 0.00150451
1144 0.0641853 0.00150226
1132 0.0597564 0.00145573
1110 0.0574956 0.00145328
1226 0.0649491 0.00147911
1040 0.0552234 0.00147155
976 0.0534149 0.0015084
1099 0.0624901 0.00158639
1086 0.0565369 0.00139961
1223 0.0692147 0.00148467
1123 0.0633942 0.00151555
1182 0.0621187 0.00146209
1339 0.0726171 0.00157168
1288 0.0624039 0.00151473
1289 0.0624249 0.00155622
1291 0.0641303 0.00157272
1282 0.0592608 0.00150762
1341 0.06116 0.00151969
1391 0.0624153 0.00149279
1436 0.0726168 0.00153624
1117 0.0606952 0.00148143
1078 0.0669582 0.00152724
965 0.0608282 0.00147518
927 0.0592257 0.00144732
814 0.0608399 0.00149159
734 0.059684 0.00148277
805 0.0719321 0.00151726
685 0.0621956 0.00144323
727 0.0711648 0.00149128
695 0.0714596 0.00153275
765 0.0784689 0.00151916
820 0.094479 0.00170819
675 0.0756919 0.00161078
742 0.0932917 0.00169002
710 0.0957572 0.00166954
657 0.0940325 0.00167061
3046 0.437671 0.00170077
666 0.090761 0.00171589
715 0.0934055 0.00169667
687 0.0862176 0.00169579
922 0.105708 0.00165857
896 0.103103 0.00167827
834 0.0966143 0.00167365
952 0.112045 0.00176365
1049 0.107146 0.00163286
24994 2.44207 0.00160538
1128 0.111081 0.00163165
1108 0.110159 0.00166472
1024 0.104113 0.00174506
728 0.0675538 0.00155663
723 0.0632446 0.00150888
789 0.0695362 0.00165377
870 0.0729956 0.00161842
960 0.0792043 0.00160164
1126 0.0881541 0.00164001
2156 0.153832 0.00162683
997 0.0686644 0.00159898
1096 0.0741896 0.00155748
985 0.0701976 0.00160626
959 0.0675697 0.00155826
982 0.0692307 0.00156902
1148 0.0766441 0.00160011
945 0.0555237 0.00150393
1150 0.0639089 0.00156007
1172 0.0565302 0.00146969
1237 0.0558331 0.00144657
1627 0.0670058 0.00148093
2007 0.074536 0.00149476
2233 0.0742826 0.00143927
2144 0.0703563 0.00146891
2041 0.0688096 0.00139982
2004 0.0829326 0.00146893
1658 0.0744591 0.00143103
1609 0.0807466 0.00144777
1248 0.0715452 0.00149367
897 0.0595305 0.00152235
904 0.0649421 0.00146788
683 0.0562646 0.00156486
673 0.0616872 0.00161827
655 0.0604435 0.00161962
632 0.0546739 0.00153038
708 0.0567726 0.00152481
751 0.0519599 0.00149257
890 0.0556249 0.00148687
1138 0.0629513 0.0014424
1263 0.0627842 0.00142063
1428 0.0688862 0.00149809
1427 0.0631632 0.00143755
1481 0.0691912 0.0014852
1421 0.0666418 0.00144353
1275 0.0659745 0.00145145
1145 0.070513 0.00150982
892 0.058694 0.00148716
965 0.0677829 0.00151093
796 0.0613293 0.00149123
688 0.0618339 0.00151793
737 0.0691737 0.00155043
707 0.0654329 0.00152275
650 0.067998 0.00162426
650 0.0702909 0.00158235
677 0.0813389 0.00162039
658 0.0816358 0.00166751
688 0.0684019 0.00147038
884 0.0954269 0.00167573
834 0.0841575 0.00159916
894 0.0840877 0.00158482
810 0.0657452 0.00146352
813 0.0723197 0.0015719
834 0.0732748 0.00157355
824 0.0655324 0.00153704
864 0.0641353 0.00145015
1009 0.0842048 0.00162043
921 0.0685367 0.00151696
933 0.0635322 0.00148609
985 0.0659706 0.00155199
1054 0.0632344 0.00151186
974 0.0574668 0.00153722
1095 0.0688306 0.00161101
1196 0.0744744 0.00157384
1164 0.0734205 0.00157595
