2311 0.0800346 0.0014459
1101 0.0378697 0.00141212
1054 0.0372429 0.00144346
1076 0.0378153 0.00142983
13587 0.534218 0.00154596
1090 0.0421991 0.00152774
963 0.0338414 0.00144587
928 0.031269 0.00136308
2354 0.0911326 0.00152875
975 0.0352382 0.00146976
996 0.0358617 0.00148468
988 0.03781 0.00150858
919 0.0393272 0.0015351
4228 0.185936 0.0014776
771 0.036161 0.00149643
1707 0.0883841 0.00151822
798 0.0452608 0.00158958
732 0.0416773 0.00153261
668 0.0384249 0.00152491
748 0.0446076 0.00161348
548 0.032903 0.0015707
604 0.0407832 0.00158146
556 0.0399297 0.00150262
533 0.0422892 0.00154647
576 0.0494373 0.00156446
477 0.0421867 0.00148214
479 0.0482097 0.00155248
585 0.0660237 0.00163448
529 0.0575542 0.0015259
553 0.0615629 0.00154093
504 0.0627213 0.00157479
4144 0.572146 0.00161676
346 0.0477352 0.0015825
294 0.0439233 0.00168514
497 0.0727485 0.00164709
581 0.096863 0.00183253
496 0.076841 0.0016835
527 0.0805034 0.00166403
448 0.065859 0.00156165
447 0.066869 0.00152117
538 0.0877243 0.00169972
481 0.0674887 0.00153121
517 0.0782169 0.00163705
580 0.0886907 0.00171675
522 0.0717517 0.00158229
428 0.0594588 0.00148205
327 0.0475984 0.00144932
315 0.0501109 0.00152459
355 0.0639479 0.00159144
236 0.0442088 0.00151313
323 0.0635984 0.00150626
293 0.0641764 0.00157666
306 0.0745357 0.00162973
325 0.0842561 0.00166004
288 0.0730016 0.00160139
235 0.0587118 0.00146238
297 0.0912491 0.00162711
288 0.0843783 0.00148774
245 0.0684902 0.0014283
278 0.0924997 0.00169165
200 0.0660467 0.00159151
225 0.0843127 0.00167362
251 0.0923418 0.00159989
302 0.107146 0.00165812
362 0.123694 0.00170899
259 0.0889234 0.00165519
319 0.122581 0.00175403
314 0.103172 0.0015609
365 0.122642 0.00167166
1369 0.434701 0.00160533
281 0.0856805 0.00151122
266 0.0879624 0.00155045
321 0.114596 0.00165169
303 0.10681 0.00164465
255 0.0876325 0.00159817
274 0.0860081 0.00149636
302 0.0853544 0.00143346
320 0.092594 0.00150611
299 0.0934796 0.00159825
337 0.109597 0.00161632
454 0.158991 0.00170114
337 0.117681 0.00167705
304 0.0858115 0.00143743
340 0.0859745 0.00138932
349 0.0950136 0.00158924
404 0.106864 0.00159075
387 0.0878541 0.00143779
443 0.104447 0.00153088
396 0.0973172 0.00164021
412 0.0897337 0.0015128
397 0.0865394 0.00153885
409 0.0889768 0.00158154
323 0.0684214 0.00152476
362 0.0728836 0.00156794
408 0.0762625 0.00162517
417 0.0728029 0.00160918
480 0.0804873 0.00157931
437 0.0750324 0.00161714
391 0.0646874 0.00156628
467 0.0813851 0.00167097
420 0.0743668 0.00164793
420 0.075578 0.00158862
427 0.0855452 0.00164412
380 0.074679 0.00154295
330 0.0652177 0.00150672
318 0.0645386 0.00153075
306 0.0615759 0.0015507
383 0.0819511 0.00165068
307 0.0674182 0.00159835
205 0.0439193 0.00147232
423 0.102126 0.00168895
423 0.0928035 0.00158159
376 0.0782775 0.00157281
428 0.0943558 0.0017062
442 0.0883512 0.00165384
345 0.0629609 0.00157263
371 0.0679572 0.00149976
361 0.0636317 0.00146572
367 0.0673802 0.00152884
424 0.0859791 0.00159173
450 0.0976699 0.00162459
394 0.0788339 0.00150959
350 0.0624043 0.00140425
331 0.0576826 0.00136561
306 0.0516795 0.0012851
308 0.0615888 0.00147541
452 0.0996121 0.00149351
328 0.0734916 0.00146245
378 0.088223 0.00149079
382 0.098308 0.00154719
1731 0.468123 0.00156793
324 0.0940694 0.00155745
290 0.0901489 0.00151001
293 0.101252 0.0015862
285 0.0832894 0.00145088
350 0.0934861 0.00151675
409 0.111124 0.00159243
451 0.135407 0.00171922
401 0.103537 0.00158288
395 0.0938792 0.00154342
438 0.114299 0.00171766
420 0.0991004 0.00162707
438 0.097959 0.00161955
532 0.113077 0.00165465
480 0.101633 0.00170898
1112 0.218739 0.00163189
494 0.0870721 0.00155014
456 0.0777114 0.00160004
537 0.0899896 0.00166726
389 0.0633455 0.00158006
435 0.0733095 0.00164035
393 0.0599124 0.00153957
433 0.0668357 0.00153791
457 0.069467 0.00156163
440 0.0667759 0.00159413
470 0.0686259 0.0015578
1143 0.169478 0.00163085
476 0.0672306 0.00154266
446 0.0629965 0.00151312
398 0.0587484 0.00157451
419 0.0625514 0.00155832
339 0.05226 0.00159092
369 0.0562085 0.00153222
312 0.04738 0.0015152
399 0.0618291 0.00159225
389 0.0587257 0.0015706
500 0.0791358 0.00163686
422 0.0719194 0.00166733
453 0.0691381 0.00150018
464 0.0725308 0.00163026
410 0.0583463 0.00144576
391 0.0571369 0.00152249
415 0.0533075 0.00145222
334 0.0437145 0.0014544
374 0.052756 0.00155408
428 0.0593264 0.00157561
478 0.0659372 0.00156753
612 0.0888714 0.00163453
458 0.0637069 0.00158525
502 0.0703817 0.00160404
548 0.0840832 0.00170025
456 0.06966 0.00162784
508 0.0820858 0.00164924
518 0.0848738 0.00164648
426 0.0630176 0.00156748
522 0.0762717 0.00156382
420 0.0620256 0.00149844
381 0.0563462 0.00149684
546 0.0798282 0.00156278
460 0.0639143 0.00152082
548 0.0758949 0.00151954
600 0.0833865 0.0015722
478 0.0608689 0.00153154
473 0.0591564 0.00153039
513 0.065268 0.00154501
508 0.0638916 0.00155702
595 0.080993 0.00167418
468 0.056005 0.00152461
561 0.0666471 0.00156066
499 0.0577911 0.00154275
446 0.0488403 0.00145107
459 0.0541416 0.00150582
515 0.0612311 0.0015195
393 0.0421776 0.00143643
606 0.0668759 0.00150087
521 0.0638928 0.00155359
446 0.0537724 0.00147429
683 0.091234 0.0016353
560 0.0728042 0.00153788
507 0.0658463 0.00146195
583 0.0900042 0.00163583
502 0.0689031 0.00147023
617 0.0837409 0.00152132
602 0.0881193 0.00149972
465 0.0758625 0.00149923
503 0.0847964 0.0015167
409 0.0734609 0.00153007
421 0.0793761 0.00151154
5298 1.07169 0.0016217
396 0.0709668 0.00144796
408 0.0754981 0.00150874
564 0.114732 0.00160419
436 0.0893431 0.00152045
328 0.0702762 0.0014958
427 0.10212 0.00163571
348 0.0746488 0.00148761
302 0.0619795 0.00148982
263 0.049477 0.00140952
317 0.0625028 0.00143364
380 0.0865374 0.0015399
402 0.104201 0.00150096
336 0.101284 0.00153827
389 0.13501 0.00162526
372 0.129806 0.00155055
323 0.116236 0.00152053
316 0.117608 0.00148865
282 0.114314 0.00155133
342 0.147241 0.00154977
251 0.114471 0.00169368
247 0.105414 0.00146705
224 0.125653 0.00165266
252 0.135509 0.00166485
262 0.126469 0.00154363
289 0.154787 0.00169015
220 0.10769 0.00155699
208 0.100862 0.00150886
182 0.096882 0.00159378
195 0.102535 0.00158957
193 0.0957263 0.00156532
422 0.209179 0.00151579
168 0.0779699 0.00143437
170 0.0825138 0.00150447
109 0.0607652 0.00153501
135 0.0660247 0.00139279
190 0.102996 0.00164417
110 0.0552655 0.00143743
98 0.0542429 0.00150547
118 0.0692867 0.00151722
112 0.0690509 0.00165603
144 0.086756 0.00173489
123 0.0609368 0.00156818
111 0.0518779 0.00157882
136 0.0619122 0.00155862
127 0.0526181 0.00150008
136 0.0624009 0.00171441
130 0.0539688 0.00153672
139 0.0589023 0.00161967
192 0.0805669 0.0016441
188 0.0782572 0.00150932
158 0.0752323 0.00163756
154 0.0646403 0.00157627
160 0.0628474 0.00155915
123 0.0486033 0.00158169
126 0.0428475 0.00146434
147 0.0562507 0.00169634
160 0.062785 0.00176916
162 0.0527211 0.00161705
155 0.043196 0.00157592
208 0.0525139 0.00161187
161 0.0341817 0.00148392
209 0.0471029 0.00162415
231 0.0491136 0.00163053
268 0.0484764 0.00153782
298 0.0520294 0.00161918
325 0.0509499 0.00158749
331 0.0479886 0.00159223
301 0.0386968 0.00150863
382 0.0451434 0.00149241
371 0.0410313 0.00152398
373 0.037244 0.00153315
440 0.0428629 0.00158801
412 0.0375111 0.00149555
389 0.0337792 0.00146462
397 0.0333867 0.00150681
442 0.0364123 0.0015367
460 0.0364998 0.00150028
474 0.0346522 0.00146571
445 0.0308067 0.0014784
447 0.0305486 0.00147703
498 0.0335399 0.00150881
512 0.031884 0.00148626
1426 0.0883397 0.00150628
577 0.0362822 0.00148608
520 0.0319749 0.00144998
533 0.031973 0.00141482
545 0.0345377 0.00147737
517 0.032151 0.00145612
8011 0.515797 0.00148686
618 0.0420468 0.00154829
601 0.0450331 0.00162209
659 0.049506 0.00157443
1396 0.101504 0.00154521
579 0.0434915 0.00155733
6458 0.520656 0.00155786
597 0.0466484 0.00152437
642 0.0514861 0.0015138
560 0.0491451 0.00148533
582 0.0544159 0.00156012
675 0.0694244 0.00168271
612 0.0577767 0.00153668
634 0.0581824 0.00152273
703 0.0680743 0.00161067
751 0.066117 0.00148643
696 0.0582656 0.00142238
592 0.0545507 0.00151078
586 0.0527402 0.00149273
1560 0.137933 0.00155746
581 0.04874 0.00142362
653 0.057705 0.0014473
696 0.0672952 0.00154661
603 0.0607794 0.0014818
606 0.0632587 0.00145116
556 0.0583088 0.00148443
560 0.0581346 0.00146152
13549 1.51697 0.00156134
505 0.0585016 0.00154348
492 0.0617728 0.00156585
525 0.0654354 0.00150256
441 0.0568252 0.00149966
406 0.0541939 0.00152487
496 0.0639811 0.00147014
518 0.0689027 0.00152638
542 0.076587 0.00158663
427 0.0640765 0.00150041
432 0.0698729 0.0014946
474 0.0796594 0.00152972
376 0.0634703 0.00146149
389 0.0709135 0.00161879
408 0.0654121 0.0015216
418 0.0559799 0.00140613
412 0.0542888 0.00148274
360 0.0470128 0.0014743
360 0.0475453 0.00143264
334 0.0465661 0.0015146
306 0.0407626 0.00148496
321 0.0428724 0.00148575
415 0.0577173 0.00159028
461 0.0638157 0.001596
434 0.0553018 0.00156094
454 0.0596141 0.00167431
467 0.05624 0.00155347
511 0.059545 0.00154222
477 0.0565248 0.00159502
465 0.0509847 0.00147704
434 0.055168 0.00163711
415 0.0543511 0.00162125
429 0.0593633 0.00162117
456 0.064374 0.0016506
427 0.0547348 0.00153137
443 0.0569985 0.00156401
449 0.0584302 0.00155557
421 0.052622 0.00142585
347 0.04126 0.00135479
429 0.0497854 0.00143636
507 0.0448085 0.00138888
534 0.0420462 0.0014841
506 0.0341623 0.00141305
514 0.0322148 0.0013775
568 0.0372988 0.0014983
585 0.0306474 0.00139232
609 0.0315857 0.00149532
667 0.0345281 0.00149635
737 0.039546 0.00153913
739 0.0407409 0.00154158
644 0.0347696 0.00152052
664 0.0359283 0.00151982
1694 0.0979223 0.00156652
729 0.0431577 0.0015195
668 0.0381441 0.00146164
680 0.0374128 0.00147281
8968 0.524716 0.00155651
740 0.043356 0.00150415
763 0.0464603 0.00152776
741 0.0460487 0.00152722
863 0.0598332 0.00167929
799 0.0523885 0.00155037
774 0.0491916 0.00142522
736 0.0516939 0.00154161
659 0.0457313 0.00145004
589 0.043167 0.00142232
671 0.0530054 0.00149785
647 0.0500996 0.00148204
749 0.0616492 0.0015601
662 0.0538119 0.00154213
684 0.0511165 0.00149197
717 0.0531843 0.00156209
576 0.0381102 0.0014143
579 0.0396252 0.00146762
673 0.0437676 0.00143198
578 0.0409462 0.00147769
673 0.051889 0.0014766
512 0.0366362 0.00139455
526 0.03931 0.00144304
643 0.0547017 0.0015157
514 0.0482889 0.00148766
530 0.0543753 0.00150961
532 0.0551632 0.00152333
518 0.0589463 0.00151501
555 0.0812453 0.00165192
429 0.0639753 0.00154957
480 0.0702939 0.00154907
1318 0.188335 0.00160067
529 0.0685409 0.00154418
564 0.0728066 0.00153534
480 0.0585531 0.00140974
650 0.0862822 0.00156514
637 0.0855762 0.0016148
580 0.0735752 0.00149845
553 0.0684605 0.00144968
634 0.0844639 0.00156965
641 0.0831339 0.00156815
584 0.0708072 0.0015027
549 0.0634062 0.00146679
578 0.0687376 0.00145328
592 0.0793386 0.00158236
532 0.0651427 0.00150808
642 0.0835321 0.00155512
697 0.0894929 0.00159326
647 0.0782011 0.00155391
582 0.0770372 0.00157509
705 0.0990987 0.00163782
712 0.104119 0.00162608
515 0.0746051 0.00148506
527 0.086078 0.0015571
521 0.0764111 0.00147372
665 0.0941794 0.00156997
674 0.0978658 0.00156716
547 0.0728431 0.00143815
578 0.0909602 0.00164509
574 0.0823232 0.00145418
558 0.0789381 0.0015156
652 0.0894958 0.00156312
702 0.0925695 0.00153737
712 0.0889024 0.00157714
786 0.0994557 0.00166876
590 0.0733192 0.0014995
709 0.0957109 0.00158302
600 0.0756971 0.00149816
508 0.0570192 0.0014113
730 0.083915 0.00156336
663 0.0716453 0.00150466
675 0.0692096 0.0014269
822 0.0921717 0.00155672
782 0.0851201 0.00153146
805 0.0899238 0.00159441
864 0.0921413 0.00153266
910 0.0957578 0.0015139
648 0.0675965 0.00149919
608 0.0602208 0.00151026
880 0.0859699 0.00153792
958 0.100673 0.00166007
842 0.076401 0.00148391
1990 0.194795 0.00155559
922 0.0932862 0.00157219
823 0.082526 0.00154583
752 0.0758059 0.00149286
766 0.0774416 0.00146448
821 0.0839765 0.00142214
825 0.0978759 0.00157534
743 0.0909266 0.00157299
655 0.0781086 0.00153194
738 0.096155 0.00161654
690 0.0896958 0.00154445
594 0.0719307 0.00154188
804 0.0996198 0.00164889
655 0.0795339 0.00158281
759 0.0880658 0.00151245
751 0.0896577 0.00158266
686 0.0870964 0.00159605
721 0.0879389 0.00151393
703 0.0875894 0.00161653
652 0.0830879 0.00161484
823 0.11099 0.00170133
862 0.104524 0.00160061
738 0.0871696 0.00160088
843 0.102167 0.00168053
788 0.0891693 0.00157081
762 0.090962 0.00161307
752 0.0912271 0.00160104
595 0.0731678 0.00154279
646 0.0794765 0.00154866
717 0.0884253 0.00157781
610 0.0755343 0.00153727
654 0.0895999 0.00163218
729 0.101699 0.00161599
689 0.0943066 0.00154308
570 0.0777117 0.00152213
605 0.0845133 0.00148792
709 0.113274 0.00161905
617 0.0938538 0.00150292
512 0.081435 0.00145304
533 0.0944745 0.00158403
632 0.107765 0.00150535
494 0.0899644 0.00152497
508 0.0974537 0.00156203
450 0.086827 0.00151605
424 0.0912785 0.00154027
424 0.109375 0.00166342
475 0.117322 0.00155038
431 0.100865 0.0015104
413 0.0983588 0.0015328
381 0.0833445 0.00139523
516 0.125738 0.00152708
439 0.101416 0.00148436
426 0.101125 0.00152465
393 0.102189 0.00151619
388 0.111785 0.00157274
472 0.147707 0.00165752
448 0.137808 0.00155548
331 0.111721 0.0015783
377 0.138807 0.00165866
308 0.105725 0.00158442
301 0.0983287 0.00151351
359 0.123444 0.0015887
298 0.105257 0.00161897
315 0.114937 0.00170034
323 0.102733 0.00152124
249 0.0804018 0.00150007
333 0.113792 0.0015751
294 0.0959447 0.00148166
251 0.0883033 0.00151157
277 0.102989 0.00153586
287 0.101199 0.00145089
293 0.114744 0.00155313
311 0.117729 0.00144238
399 0.166103 0.00153567
302 0.126225 0.00148748
362 0.166965 0.00146807
343 0.182045 0.00155877
308 0.164239 0.00158935
388 0.201714 0.00157263
396 0.19608 0.00157842
383 0.169967 0.0015474
365 0.148055 0.00148266
430 0.169559 0.0015255
467 0.179929 0.00157498
429 0.170952 0.00163293
406 0.152194 0.00157689
384 0.132327 0.00156469
393 0.121036 0.00156152
408 0.112187 0.00157408
485 0.112972 0.00149079
558 0.124722 0.00155518
530 0.10219 0.00150254
490 0.086643 0.00156842
463 0.0721992 0.00149132
455 0.0645452 0.00145525
526 0.0749673 0.00164384
499 0.0655371 0.00157868
518 0.0618479 0.00149054
506 0.0601134 0.0015208
606 0.0760751 0.00156158
494 0.0639068 0.00155798
446 0.058018 0.00154965
609 0.078394 0.00157452
658 0.0833585 0.00159335
604 0.0745942 0.00150179
647 0.0782449 0.00149039
673 0.0814202 0.00157314
638 0.0676166 0.00138802
674 0.0804672 0.00153969
529 0.0654464 0.00154248
599 0.0691279 0.00151071
693 0.0769387 0.0015686
614 0.0673014 0.00155574
626 0.0631318 0.00148491
817 0.0867053 0.00163869
701 0.0645767 0.00145095
749 0.0700625 0.00148799
676 0.06358 0.00139373
657 0.0680714 0.00141822
802 0.094092 0.00152611
574 0.0685199 0.00144452
457 0.0563013 0.00142333
567 0.0770368 0.00159093
489 0.0594046 0.0014652
539 0.0650009 0.00150851
3749 0.424142 0.00157418
699 0.0640021 0.00147887
727 0.0589168 0.00144484
725 0.0525279 0.00137325
760 0.0552651 0.00146812
794 0.0594096 0.0015815
772 0.0551225 0.00151579
875 0.0639648 0.00150788
876 0.0715524 0.00159023
759 0.0647294 0.00155641
757 0.0666529 0.00150241
612 0.0628747 0.00156265
650 0.0685002 0.00147328
645 0.0808852 0.00156198
562 0.0714855 0.00145766
590 0.0745017 0.00149599
617 0.081236 0.00156757
598 0.0669338 0.00142635
630 0.0665644 0.00149568
749 0.0806267 0.00160913
659 0.0676602 0.00152554
642 0.0597876 0.00139153
605 0.0576042 0.00145561
685 0.0677042 0.00147216
865 0.0909966 0.00158701
731 0.0655565 0.00143071
760 0.0654536 0.00146246
839 0.0734648 0.00150711
763 0.0696044 0.00144819
640 0.0624839 0.00144445
565 0.0575723 0.00142073
560 0.0632458 0.00146137
660 0.0828112 0.00155767
570 0.0667762 0.00143428
561 0.0606142 0.00144225
698 0.0765475 0.00160239
647 0.0665099 0.00151068
728 0.0795326 0.00159919
769 0.0817921 0.001533
729 0.0744723 0.00151023
1875 0.196144 0.00157679
765 0.0813803 0.00154238
837 0.0860555 0.00145161
806 0.0803016 0.00144366
789 0.0761059 0.00147817
783 0.0707857 0.00141981
786 0.0703635 0.00145911
848 0.0733374 0.00145125
931 0.0859961 0.00151692
856 0.0815345 0.00149629
858 0.0863897 0.0014871
918 0.0996688 0.00152292
822 0.0878986 0.00147895
863 0.0923126 0.00149541
859 0.0964008 0.00154707
665 0.072614 0.00147151
753 0.0831633 0.00152065
832 0.0811868 0.00143501
805 0.0791321 0.00149707
791 0.0768376 0.00151953
898 0.0844557 0.00152665
865 0.081948 0.00149798
811 0.0822076 0.00153859
701 0.0746766 0.00148211
729 0.0863196 0.00148023
681 0.0866751 0.00147341
614 0.0926753 0.00152897
576 0.102457 0.0015401
442 0.0750805 0.00142402
461 0.0768238 0.00148127
550 0.102287 0.00157256
440 0.0913218 0.00160556
434 0.0857258 0.00150628
411 0.0850971 0.00153299
409 0.0899348 0.00149533
406 0.101363 0.00157385
289 0.07152 0.00146385
336 0.0904023 0.00148223
341 0.0991178 0.00152757
227 0.0662303 0.00147548
303 0.0932121 0.00142943
244 0.0732648 0.00141659
252 0.0696501 0.00147768
330 0.087384 0.00148987
312 0.076682 0.00144518
330 0.0746863 0.00141218
401 0.0919725 0.0015875
344 0.0684111 0.00151982
347 0.0731909 0.00152464
401 0.0910313 0.00166159
371 0.0742692 0.00149791
343 0.0713192 0.00146955
398 0.0790593 0.00148731
437 0.0841342 0.00149633
465 0.097214 0.00157641
377 0.0833525 0.00156679
342 0.076693 0.00145662
430 0.114443 0.00167474
388 0.0960084 0.00161484
338 0.0820924 0.0016166
356 0.0833798 0.00160152
336 0.0736277 0.00153583
437 0.11097 0.0016078
318 0.0804175 0.00148891
336 0.0842231 0.00151927
404 0.112457 0.00166364
260 0.0693827 0.00152745
286 0.0738783 0.00149023
368 0.0943362 0.00155973
330 0.0844184 0.00155968
324 0.081753 0.00144088
274 0.0706836 0.00143494
292 0.0820537 0.00147125
248 0.0678772 0.00143359
265 0.0734707 0.00154611
267 0.0717525 0.00145056
226 0.0654744 0.00141895
308 0.0992837 0.00144731
294 0.105277 0.00161453
226 0.0778072 0.00152496
224 0.0838271 0.00154479
252 0.0943798 0.00153178
204 0.0753924 0.00153497
251 0.0847517 0.00154224
340 0.0943009 0.00149897
385 0.0927662 0.00147874
440 0.0884565 0.00147212
499 0.0859431 0.00148035
488 0.075487 0.00152393
461 0.0660076 0.00151502
460 0.0670953 0.00152501
488 0.0678744 0.00150251
537 0.0768849 0.00154191
482 0.0712886 0.00146311
2582 0.451994 0.00160758
1144 0.18611 0.00158046
451 0.0584092 0.00145546
405 0.0487009 0.00146671
2958 0.345963 0.00149184
486 0.0544019 0.00146645
494 0.0628426 0.00155832
487 0.0657016 0.00151831
438 0.0595833 0.00145662
415 0.056806 0.00152056
352 0.0432944 0.00142463
298 0.0374441 0.00143209
410 0.0544684 0.0015586
333 0.0437934 0.00150594
402 0.0524456 0.00146378
383 0.0481442 0.00144543
397 0.0514742 0.0014703
428 0.0561423 0.00156842
380 0.0454856 0.00148372
379 0.0489673 0.00148384
456 0.0629703 0.00157135
375 0.051093 0.00142038
307 0.0506533 0.00148034
407 0.0710896 0.00156246
350 0.0571279 0.00138521
326 0.0602405 0.00138115
336 0.070143 0.00144657
333 0.0645445 0.00136787
488 0.10525 0.00159912
461 0.0956867 0.00152419
498 0.117623 0.00157357
461 0.120428 0.00163329
409 0.112111 0.0016145
273 0.0867464 0.0015926
304 0.114621 0.00158786
176 0.073826 0.00154952
245 0.129942 0.00177596
233 0.117648 0.00151158
233 0.130517 0.00157346
241 0.138135 0.00158126
175 0.0892022 0.00149112
218 0.0889454 0.00144544
653 0.252732 0.00156049
773 0.274116 0.00159015
346 0.108965 0.0015479
348 0.097929 0.00149273
364 0.0868235 0.00144252
415 0.0968415 0.0014966
374 0.0900635 0.00146057
324 0.0820279 0.00140748
381 0.0986158 0.00145222
460 0.110116 0.00144685
423 0.105576 0.00152545
362 0.0925504 0.00150468
393 0.105313 0.0015253
399 0.120089 0.00162031
319 0.099972 0.00167498
310 0.0837451 0.00145015
270 0.0863508 0.00162721
261 0.0810237 0.00151825
278 0.0917893 0.00157035
308 0.0976821 0.00159041
323 0.0862048 0.00149114
439 0.108064 0.00162179
465 0.0934215 0.00151714
417 0.0746068 0.00143279
488 0.0876248 0.00155553
412 0.0673655 0.00151481
414 0.0630372 0.00149072
414 0.069774 0.00158905
427 0.0700092 0.00150803
384 0.0570423 0.00154046
444 0.0621263 0.00157491
412 0.0563477 0.0014478
494 0.068754 0.0015034
425 0.0557826 0.00148249
416 0.0580778 0.00151703
436 0.0612898 0.00146544
309 0.0446542 0.00147241
368 0.0555382 0.00144026
355 0.0579404 0.00147863
385 0.064565 0.00155847
412 0.0706508 0.00155684
373 0.0601947 0.00151248
429 0.0581868 0.00138741
467 0.0718696 0.00153937
457 0.0709 0.00154128
549 0.0736711 0.00148447
582 0.0773582 0.0015729
588 0.0703897 0.00142278
570 0.0787568 0.00156429
451 0.0687821 0.00155188
508 0.0721084 0.00150791
660 0.0830968 0.00159054
633 0.0730397 0.00155533
630 0.07407 0.00149517
671 0.0819062 0.00157914
517 0.0612496 0.00154714
604 0.0732713 0.00162691
619 0.0689879 0.00156008
556 0.0678777 0.00159901
578 0.0795751 0.00163045
2523 0.366391 0.00156884
458 0.0724131 0.00153067
456 0.0729616 0.00157475
407 0.051341 0.00146421
446 0.0595548 0.00155416
458 0.0655984 0.00155687
502 0.0692311 0.00145973
498 0.071204 0.00147416
441 0.0626677 0.00141202
405 0.0614174 0.00147194
486 0.0774038 0.00156876
312 0.0446912 0.00150225
386 0.0452939 0.00146022
654 0.0702223 0.00157349
554 0.0526417 0.00146645
644 0.0579766 0.00147033
724 0.0581027 0.00141237
736 0.0584444 0.00146199
789 0.0600157 0.00146765
702 0.0536434 0.00152955
850 0.0652645 0.00157001
1028 0.0743703 0.00158134
957 0.0636245 0.0015471
814 0.0536891 0.00145944
928 0.070083 0.00149032
909 0.0694701 0.00150585
1143 0.0791879 0.00143839
1295 0.0859005 0.00151006
1429 0.0753987 0.00141485
1777 0.0833437 0.00141411
1811 0.0856 0.00140121
1374 0.0764611 0.00138707
1051 0.0740337 0.00148374
894 0.0745651 0.00150187
821 0.0715377 0.00138204
795 0.0740131 0.00147553
855 0.0768721 0.00146092
878 0.0845387 0.00157887
796 0.0723671 0.00151375
735 0.0688462 0.00147465
712 0.0759441 0.00156252
630 0.0672327 0.00150815
664 0.0670437 0.00143929
595 0.063635 0.00151633
584 0.0755713 0.00165623
477 0.0623874 0.00159431
416 0.0544705 0.00156614
421 0.0618156 0.00158763
970 0.167979 0.00159356
305 0.0549169 0.00154757
387 0.0601118 0.00150728
493 0.0744722 0.00158025
501 0.0779959 0.00160065
13559 2.19644 0.00155381
441 0.0712705 0.0015405
489 0.0753348 0.00150976
474 0.0805116 0.00164003
500 0.0806228 0.00152803
509 0.0878847 0.00158099
495 0.0847091 0.00158358
420 0.0705371 0.0015362
442 0.0789323 0.00160079
563 0.0996757 0.00150238
564 0.107228 0.00159012
607 0.124421 0.00166247
505 0.095759 0.00150764
600 0.118378 0.00163417
528 0.106704 0.00165591
527 0.117817 0.00177948
593 0.118601 0.00155237
562 0.122581 0.00170573
487 0.100206 0.00167152
534 0.113041 0.00172454
512 0.112007 0.00175509
379 0.074021 0.00163979
323 0.0648024 0.00170397
1911 0.384348 0.0016711
469 0.0973933 0.00176493
348 0.0636167 0.00164423
364 0.067473 0.0017057
299 0.0476871 0.0015051
384 0.0634221 0.00160619
329 0.0640781 0.00182387
415 0.0694445 0.00152264
525 0.102949 0.00181569
500 0.0862975 0.00164786
402 0.0740394 0.00166037
536 0.100131 0.00160947
514 0.094799 0.00157911
530 0.102649 0.0016694
455 0.0862264 0.00161246
454 0.090405 0.00159366
426 0.0833067 0.0015612
458 0.0966589 0.00164719
426 0.0847668 0.00154592
447 0.101443 0.00167418
448 0.105884 0.00164835
497 0.121496 0.00164886
377 0.0921392 0.00162993
381 0.0905415 0.00158861
276 0.0655276 0.00156123
315 0.0727004 0.00160924
447 0.106452 0.00168741
455 0.0954306 0.00158281
504 0.101412 0.0016228
530 0.104982 0.00162095
533 0.105322 0.00164804
548 0.110181 0.00168785
489 0.0893519 0.00154301
509 0.100785 0.00165377
511 0.0986855 0.00160627
452 0.0854289 0.00159537
451 0.0882311 0.00162091
419 0.0888057 0.00166993
526 0.109483 0.00162021
489 0.102285 0.00162063
437 0.0988853 0.00163812
424 0.0966093 0.00163168
10917 2.30698 0.00156557
503 0.115901 0.00169528
469 0.0972752 0.00160979
4588 0.968052 0.00161183
492 0.113758 0.00170416
406 0.0890197 0.00157394
359 0.0825681 0.00161128
443 0.102353 0.00168296
457 0.099619 0.00164655
404 0.0815206 0.00151185
371 0.080568 0.00157258
390 0.0859719 0.00165604
338 0.06819 0.00152407
385 0.0801597 0.00157232
307 0.0616279 0.00148111
291 0.0676213 0.00144927
354 0.0865531 0.00148671
399 0.0837531 0.0014053
351 0.0818684 0.001519
401 0.0895369 0.00149209
421 0.0935427 0.00148539
382 0.106338 0.00158039
370 0.11355 0.00156676
318 0.0936749 0.00147936
319 0.110272 0.00167349
300 0.0990406 0.00152881
217 0.0792267 0.00155659
269 0.108046 0.00161224
221 0.088996 0.00165204
223 0.082742 0.00154715
324 0.128864 0.00161615
298 0.12214 0.0015954
265 0.108611 0.00155683
294 0.121118 0.00154168
292 0.130044 0.00167265
291 0.130989 0.00167745
296 0.141926 0.00169229
267 0.114973 0.00153013
213 0.0977623 0.00163535
228 0.119196 0.00172835
221 0.122177 0.00179211
275 0.14257 0.00178022
247 0.119037 0.00170598
286 0.142691 0.00176985
291 0.137928 0.00173625
312 0.159205 0.00184261
354 0.17906 0.00182369
315 0.134171 0.00164321
335 0.142114 0.00171047
303 0.128898 0.00174952
315 0.125951 0.00164767
356 0.149647 0.00171438
349 0.147018 0.00168484
369 0.16066 0.00170864
349 0.163711 0.00177668
354 0.169405 0.00173755
289 0.140807 0.00169774
355 0.176259 0.0017492
327 0.154081 0.00168811
319 0.146999 0.00161827
395 0.178253 0.00165278
450 0.200277 0.00167502
408 0.16446 0.00161382
395 0.156459 0.00169888
490 0.202123 0.00177691
401 0.172577 0.00177523
380 0.160595 0.00173403
382 0.157276 0.001748
373 0.163656 0.00184747
375 0.142224 0.00164826
421 0.157357 0.00173457
424 0.157554 0.0018269
481 0.166491 0.00180831
490 0.158369 0.00183202
439 0.128741 0.00171092
4387 1.19407 0.00165765
569 0.169804 0.00190861
563 0.170997 0.00191121
454 0.11903 0.00171216
535 0.13387 0.00172217
577 0.149175 0.00177118
586 0.150766 0.00178262
560 0.146892 0.00179015
396 0.0970625 0.00168092
393 0.101993 0.00179858
407 0.111995 0.00184374
396 0.104313 0.0017397
396 0.112031 0.00181366
409 0.106272 0.00158269
438 0.135006 0.0017932
870 0.294345 0.00175763
401 0.130771 0.00153349
360 0.137578 0.0017613
422 0.161817 0.00170146
342 0.130628 0.0016564
394 0.160309 0.00175943
424 0.148971 0.00151784
487 0.219527 0.00175534
384 0.178607 0.00155635
339 0.185438 0.00161845
316 0.171162 0.00157824
290 0.162669 0.00160888
289 0.175809 0.00158433
288 0.177345 0.0015137
297 0.176357 0.0014569
385 0.231063 0.00152964
408 0.216905 0.00146945
479 0.253565 0.00154695
422 0.224338 0.0015228
450 0.2279 0.00151561
431 0.203775 0.00154667
420 0.203333 0.00167653
399 0.165227 0.00157487
432 0.159015 0.00161594
367 0.131864 0.0015797
385 0.138278 0.00156088
406 0.146397 0.00167606
365 0.116396 0.00156732
392 0.115644 0.00161446
441 0.119224 0.00160481
416 0.109309 0.00163084
529 0.130854 0.00172069
556 0.118541 0.00164172
593 0.122027 0.00161848
701 0.142504 0.00162233
606 0.12206 0.00162228
2816 0.537923 0.00156569
532 0.116109 0.00178065
589 0.118711 0.00174697
563 0.10778 0.00174327
460 0.0780246 0.00150728
514 0.0950151 0.00165262
536 0.105881 0.00172824
534 0.0944089 0.00159281
3150 0.498174 0.00152218
684 0.119188 0.00178558
720 0.11788 0.0017512
754 0.120351 0.00176563
793 0.117844 0.00175412
891 0.118664 0.00168292
932 0.128242 0.0017642
4811 0.5876 0.00155733
922 0.125565 0.00171387
962 0.141392 0.00180608
861 0.127379 0.00173926
797 0.121125 0.00164213
720 0.120949 0.00163942
723 0.140125 0.00167591
669 0.145732 0.00169116
560 0.127345 0.00163498
470 0.112075 0.00162324
484 0.131342 0.00167276
428 0.128981 0.00169883
331 0.101105 0.00160956
384 0.131485 0.00175346
344 0.115697 0.00162737
305 0.121206 0.0017092
292 0.114531 0.00167189
263 0.0954859 0.00163245
389 0.126061 0.00159063
417 0.123304 0.00154451
480 0.137516 0.00154526
407 0.122232 0.00166121
384 0.114414 0.00166754
357 0.10849 0.00163728
358 0.113825 0.00165381
380 0.111775 0.00161663
339 0.100917 0.00165093
443 0.114217 0.00159395
605 0.146372 0.00165425
552 0.131335 0.00175182
680 0.144248 0.00175742
729 0.146626 0.00172665
700 0.136208 0.00170482
521 0.103292 0.00168812
1455 0.276827 0.00157096
458 0.0828447 0.00151023
1078 0.204414 0.00157386
530 0.0994544 0.00161124
492 0.0843408 0.00151764
557 0.0988478 0.00160519
597 0.101021 0.00157098
603 0.097803 0.00152646
640 0.103349 0.00153931
543 0.0835913 0.0015029
509 0.0764982 0.00148302
564 0.0918219 0.00155293
571 0.0901404 0.00151356
581 0.0938052 0.00153237
580 0.0929079 0.00153251
652 0.105754 0.0015727
661 0.11507 0.00156825
696 0.120993 0.00154827
771 0.12635 0.00155345
811 0.12772 0.00153398
1019 0.161914 0.00152781
937 0.165472 0.00153918
877 0.164723 0.00151705
817 0.151521 0.00154808
512 0.109538 0.00162764
419 0.101348 0.00155796
457 0.107381 0.00150701
524 0.121583 0.00159659
688 0.137873 0.00153221
859 0.163233 0.00155814
941 0.176763 0.00159288
816 0.142945 0.00147558
799 0.153328 0.00152763
775 0.157762 0.00158909
1785 0.354642 0.00154321
697 0.138093 0.00165388
675 0.127765 0.00162536
657 0.128055 0.00160097
838 0.179551 0.00173724
617 0.119179 0.00156997
474 0.0843253 0.00148322
2592 0.460421 0.00149491
474 0.0953851 0.00160962
335 0.0645473 0.0014736
314 0.0628534 0.00144387
441 0.0912808 0.00143319
475 0.111915 0.00163828
459 0.10674 0.00156285
413 0.10735 0.001642
437 0.111627 0.00158351
443 0.109647 0.00155432
481 0.124554 0.00167516
442 0.10505 0.00157949
471 0.115273 0.0016127
423 0.106451 0.00168615
453 0.106964 0.00162875
424 0.0954181 0.00160959
2450 0.54113 0.00165543
525 0.0996916 0.00149497
522 0.103237 0.00156207
493 0.104624 0.00161882
492 0.0962337 0.00154716
555 0.104077 0.0016161
11631 1.9846 0.00160939
556 0.0872794 0.00152978
606 0.100515 0.00165729
598 0.0870679 0.00157423
556 0.0722396 0.00153128
586 0.0683097 0.00148223
7279 0.904158 0.0015915
771 0.0935214 0.00158914
737 0.0826292 0.00152574
603 0.0633711 0.0014465
712 0.0782715 0.00155809
667 0.0724149 0.00156027
625 0.0706035 0.00158171
718 0.0767235 0.00148864
773 0.0830626 0.001476
870 0.0991306 0.00160474
812 0.0857215 0.00155179
753 0.0829164 0.0015
722 0.0876187 0.00160984
809 0.083694 0.00155478
766 0.0762645 0.00152848
829 0.0822502 0.00152241
789 0.0727455 0.00149665
701 0.0591587 0.00145744
805 0.0604614 0.0014352
827 0.0562814 0.00141789
915 0.0641694 0.00155541
923 0.0584232 0.00149256
801 0.0463504 0.00146333
950 0.0537168 0.00148676
958 0.0554755 0.00154511
953 0.0527334 0.00146446
1072 0.0592419 0.00149891
1046 0.0577035 0.00148987
1105 0.0703782 0.00161391
974 0.0612482 0.00151182
939 0.058921 0.00149519
985 0.0653791 0.00153106
891 0.0635791 0.00150757
866 0.0646948 0.0015027
918 0.0729357 0.00157826
893 0.0712837 0.00160165
825 0.0643031 0.00153678
813 0.0661105 0.00151279
704 0.0636628 0.00154628
841 0.0872146 0.00166257
806 0.0800449 0.00156556
717 0.0673928 0.00145651
783 0.0818297 0.00164778
682 0.0621933 0.00155058
677 0.0620391 0.0015962
658 0.0595876 0.00156994
741 0.0646038 0.00157467
839 0.0762718 0.00159752
771 0.0734012 0.00155896
722 0.0672986 0.00154161
857 0.0804625 0.00163333
736 0.0659114 0.00158085
776 0.0704808 0.00159453
881 0.0764791 0.00163023
918 0.0720992 0.00156676
960 0.0757395 0.00153361
895 0.0699922 0.00151742
1012 0.0805104 0.00156937
1110 0.0889296 0.00155581
940 0.0745426 0.00152648
906 0.0688436 0.00154356
1005 0.0813612 0.00164712
922 0.0827844 0.00162983
880 0.0805137 0.0014674
803 0.0885058 0.00157477
787 0.0938063 0.00151476
740 0.103431 0.00159747
624 0.087845 0.00155572
711 0.102462 0.00164922
718 0.098236 0.00162262
593 0.0795774 0.0016144
697 0.0945574 0.00160021
615 0.0795277 0.0015858
694 0.085265 0.00161652
730 0.0909257 0.00174471
676 0.0769866 0.00167275
749 0.0852184 0.00161169
701 0.08584 0.00169985
680 0.0806105 0.00163979
656 0.0779837 0.00160857
615 0.0814447 0.0016393
495 0.0738157 0.00164194
570 0.0866965 0.00164033
581 0.0821883 0.00158427
644 0.0921261 0.00167024
671 0.0917775 0.00164344
646 0.0845305 0.00156629
703 0.0901427 0.00162648
736 0.0848607 0.00160283
744 0.0809525 0.00168054
748 0.0704186 0.00161897
823 0.0734615 0.00161322
841 0.0681391 0.00155592
969 0.0781157 0.00164281
953 0.0701465 0.00161333
4871 0.320556 0.00153531
922 0.0549288 0.00152486
1023 0.0564026 0.00157212
1225 0.0680419 0.00168917
1259 0.0683334 0.00162879
1269 0.0703946 0.00163844
1401 0.077632 0.00166038
1372 0.0776747 0.00164574
1194 0.0666519 0.0016367
1242 0.0695191 0.0016969
1265 0.0698609 0.00162161
1587 0.0966339 0.00174283
1415 0.0848624 0.0017053
1194 0.0702358 0.00163305
958 0.0522261 0.00152945
1024 0.0540836 0.00151314
1336 0.0767634 0.00162182
1272 0.0768116 0.00167902
1073 0.0651736 0.00161165
775 0.0468416 0.00153012
958 0.0580539 0.0015329
950 0.0635769 0.00169557
685 0.0397627 0.00146895
758 0.0458873 0.00151553
696 0.0424523 0.00146982
641 0.0458033 0.00160585
613 0.0474192 0.0017032
662 0.0475982 0.00157423
817 0.0629098 0.00160189
640 0.05092 0.00163477
622 0.0520143 0.00173427
585 0.0434397 0.00150861
708 0.0580547 0.0016527
882 0.0754503 0.00171608
738 0.0631902 0.0017028
614 0.0460791 0.00148979
8527 0.686355 0.00158464
738 0.0645229 0.00169139
3654 0.31072 0.00159123
656 0.0520187 0.0014689
812 0.0745998 0.00167086
578 0.0474024 0.00144046
529 0.0479785 0.00151842
516 0.0505681 0.0016403
8176 0.753957 0.00158698
503 0.0441198 0.00142234
618 0.0629908 0.00158708
630 0.0602224 0.00153876
735 0.0746555 0.0016371
721 0.0747934 0.00164936
805 0.0814774 0.00161414
755 0.0800622 0.00170632
722 0.0689843 0.00163061
812 0.0737913 0.00166894
960 0.0882584 0.00177008
857 0.0697223 0.00161099
875 0.0738375 0.001626
929 0.0806768 0.00165391
788 0.0677691 0.00164474
815 0.0727417 0.00164217
882 0.080791 0.00170172
804 0.0702409 0.00165733
721 0.0628505 0.00163092
795 0.0651247 0.00154638
759 0.0589207 0.00148518
756 0.0657078 0.00156052
714 0.0593206 0.00146296
671 0.0591064 0.00153414
621 0.0540032 0.0014483
476 0.0392656 0.00137755
539 0.0506823 0.00152225
582 0.0525322 0.00145087
651 0.061808 0.00154344
723 0.0715106 0.00162218
649 0.0579879 0.0015334
660 0.0584614 0.00157552
631 0.0519274 0.00145013
693 0.0606609 0.00149882
774 0.068075 0.00153026
635 0.056508 0.00154416
518 0.044555 0.00147663
532 0.0475253 0.00150675
577 0.0569006 0.00156814
479 0.0472626 0.0015387
500 0.0507988 0.00156305
591 0.0613135 0.00156908
604 0.0661374 0.00158322
573 0.0658182 0.00154091
575 0.0694398 0.00154024
530 0.0699383 0.00157908
1283 0.168368 0.00153923
604 0.0815773 0.00154349
617 0.0880042 0.0015641
616 0.0953407 0.00166999
641 0.102787 0.00160832
11803 2.01071 0.0016171
561 0.0948561 0.00162478
561 0.102161 0.00168274
523 0.0872848 0.0015249
601 0.100001 0.00160415
550 0.0844588 0.0015456
597 0.100344 0.00158705
626 0.124146 0.00174894
588 0.106336 0.0016341
569 0.106271 0.00156948
561 0.112273 0.00154603
502 0.108138 0.00161303
522 0.120058 0.00161724
495 0.117953 0.0015516
438 0.109422 0.00158646
390 0.103115 0.00155223
357 0.104757 0.00153706
319 0.109604 0.00162721
354 0.147432 0.00169476
312 0.125994 0.00151046
349 0.152729 0.00163601
263 0.109447 0.00148491
319 0.146139 0.00162874
362 0.158133 0.00163052
307 0.135213 0.00168065
251 0.104662 0.00154926
273 0.106943 0.00149313
313 0.122768 0.00156399
261 0.113559 0.00168597
303 0.120691 0.00158338
328 0.116838 0.00156163
