428 0.0866766 0.00161371
27774 5.06958 0.00155145
24220 4.416 0.00155766
301 0.0520177 0.00140959
16656 3.18957 0.00152385
29238 5.2077 0.00151376
23370 4.05995 0.00150005
27801 4.59303 0.00151206
39139 6.09199 0.00149518
39716 6.00825 0.00146807
43135 6.00423 0.00147224
66627 8.4686 0.00148044
62227 7.32152 0.00147363
73281 8.42632 0.00146954
1132 0.144288 0.00161631
1427 0.183756 0.00163014
132544 15.3097 0.00146591
1390 0.161642 0.00157865
1539 0.169599 0.00158503
1758 0.222792 0.00161516
1843 0.247773 0.00159414
1697 0.231521 0.00154842
1903 0.28898 0.00160771
1975 0.284181 0.00160056
1735 0.24593 0.00156379
1564 0.225148 0.00161919
1630 0.208555 0.00158683
128426 13.9336 0.00147052
2498 0.274686 0.00158649
2519 0.275499 0.00158714
2770 0.315598 0.0016124
2382 0.28992 0.0015897
2457 0.304452 0.00158117
2138 0.261346 0.00155044
1952 0.257101 0.00162574
1670 0.209345 0.00163368
1751 0.181444 0.00158502
1783 0.151026 0.00153328
1783 0.147999 0.00155805
79489 5.94341 0.00148072
94232 6.5386 0.00144121
118071 8.01636 0.00142527
143251 8.79914 0.00138728
144491 8.58307 0.00141144
181797 11.2019 0.00145177
2680 0.195214 0.00154286
128952 10.3794 0.00147014
2238 0.190851 0.00155189
2613 0.199984 0.00157643
3067 0.211492 0.00155058
2915 0.191138 0.00150566
277265 16.8244 0.00140623
294779 16.7362 0.0013949
351971 18.3664 0.00140418
5272 0.277764 0.00147269
6028 0.34331 0.00149457
6279 0.402496 0.00149429
5689 0.380999 0.00150496
3235 0.277906 0.00156656
2092 0.242069 0.00156186
1714 0.21725 0.00156244
1726 0.208767 0.00152692
1783 0.22039 0.00156173
1572 0.207518 0.00164251
1571 0.20026 0.00162189
1889 0.234867 0.00164199
1897 0.228539 0.00163104
139077 16.9545 0.00155881
1993 0.264032 0.00162054
2112 0.277175 0.00156853
1826 0.253592 0.00155196
2063 0.300075 0.00158539
1571 0.199708 0.00151101
2001 0.260528 0.00166356
148028 18.9288 0.00157629
2499 0.339095 0.00160759
2533 0.321986 0.00155355
1807 0.227359 0.00159013
1959 0.224238 0.00156121
2619 0.274842 0.00155186
2039 0.230415 0.00155887
81065 10.4044 0.00156765
2084 0.305236 0.00155238
2176 0.353536 0.00153303
2206 0.394309 0.00163777
1818 0.298452 0.00164202
1211 0.157615 0.00152942
1549 0.188232 0.00168234
2354 0.249336 0.00167841
2439 0.230726 0.00169033
2208 0.190744 0.00165498
2763 0.210612 0.00156883
1623 0.103471 0.00149233
2947 0.187406 0.00163437
3377 0.190245 0.00159465
3500 0.181326 0.00156989
3704 0.199833 0.00163423
3431 0.177778 0.00155882
202643 10.1685 0.00148773
3915 0.216232 0.00157283
192419 10.1331 0.00141897
3043 0.186205 0.00161895
2414 0.149061 0.00158452
127112 7.41235 0.00141874
122860 7.09164 0.00141032
143464 8.0916 0.00136355
107464 6.10468 0.00137667
127294 6.62923 0.00136419
122335 5.8942 0.00136176
141316 6.58458 0.00138082
202710 9.94558 0.00136575
131508 7.12443 0.00137122
1856 0.108012 0.001526
158219 7.93482 0.00137803
168933 8.31807 0.00137503
194352 9.86145 0.00134869
229509 11.6247 0.00133385
2304 0.131884 0.00150231
227847 12.076 0.00133243
2468 0.14874 0.00147937
34293 1.9833 0.00137926
2579 0.16905 0.00154339
2479 0.17186 0.00155113
2741 0.189871 0.00149266
2452 0.17935 0.00148851
179448 12.0921 0.00132227
164904 11.2626 0.0013246
3362 0.295367 0.00159161
3539 0.287453 0.00157782
3873 0.276461 0.00156102
224278 12.6621 0.00132581
279255 13.5799 0.00132196
291989 13.0412 0.00132953
321228 13.8902 0.00132616
409005 17.1919 0.00131839
7093 0.359988 0.00152185
6062 0.350898 0.00153499
4931 0.329223 0.00152742
4268 0.323329 0.00151277
3225 0.282575 0.00151014
2017 0.211224 0.00147506
1777 0.252432 0.00156689
1939 0.337376 0.00159678
47738 9.06486 0.00153441
1961 0.376353 0.00157462
41592 7.9091 0.00149848
43814 8.64027 0.00146264
1540 0.307966 0.00154093
51947 9.45285 0.00147024
52010 9.40838 0.00147802
51765 10.688 0.00151875
2066 0.492971 0.00159991
40690 9.25389 0.00148973
38918 8.92591 0.00143183
29836 8.21154 0.00150209
28225 7.95936 0.00146262
27916 6.9991 0.00148
32166 7.24703 0.00146029
34073 7.32608 0.00148574
39909 7.48337 0.00148588
44395 7.58483 0.00147239
1191 0.196567 0.00152125
41076 6.55054 0.00154535
46242 6.79934 0.00150273
48449 6.52355 0.00149948
55552 6.43371 0.00144913
77546 7.72646 0.00144239
1965 0.177107 0.00150491
73732 5.90619 0.00145122
77152 5.84961 0.00146267
82549 5.65137 0.00141591
90049 6.38113 0.00144539
1967 0.169154 0.0015411
100708 9.16713 0.00145593
2049 0.191869 0.00148326
2082 0.207399 0.00153648
2032 0.207508 0.00147979
1939 0.204677 0.00149115
2485 0.273807 0.00152625
1114 0.125228 0.0014536
76843 9.39217 0.00145606
85249 9.74201 0.00142925
1581 0.17501 0.00146604
103716 10.8289 0.00137791
2127 0.22238 0.00147883
1986 0.214754 0.00149993
2190 0.281658 0.00152925
1572 0.24586 0.00146615
1539 0.296394 0.00159873
77353 12.1298 0.00145578
1768 0.296864 0.00160627
82198 12.9998 0.00152246
2266 0.363062 0.00155671
2298 0.34809 0.00156156
2492 0.329887 0.0014854
1666 0.224122 0.00149527
2363 0.286843 0.00153552
142467 12.8574 0.00135782
121364 11.4915 0.001414
3292 0.352707 0.0015351
168876 16.3571 0.00146052
4743 0.480863 0.00153195
231900 21.4066 0.00142957
8022 0.664531 0.00145796
294927 23.9564 0.00142962
2127 0.167809 0.00131569
3790 0.32577 0.00147039
135520 10.407 0.00135718
179608 12.1531 0.0012898
203959 12.4319 0.00126603
211684 12.8774 0.00126043
207637 12.7645 0.00124253
750 0.0468172 0.00113753
140182 10.4367 0.0013131
2441 0.177729 0.00146367
2910 0.214486 0.00144698
119052 8.36652 0.001354
2251 0.156111 0.00148935
108578 6.64269 0.00138174
96425 6.04444 0.00135569
96094 6.02537 0.00136066
119224 7.52531 0.00137209
126695 8.26639 0.00136384
141167 9.48707 0.00137783
149947 9.97719 0.00138244
166097 10.5963 0.00134784
181247 11.8299 0.00135717
3792 0.285595 0.00148017
4023 0.328678 0.00148866
273816 20.0356 0.00135762
384457 26.0135 0.00136062
370455 22.9854 0.00135446
2585 0.197885 0.00143316
2887 0.280601 0.00149125
3383 0.318132 0.0014653
115133 9.48015 0.00133836
160838 12.3562 0.00129988
218075 16.3312 0.00128603
3004 0.213474 0.00135303
1878 0.168553 0.00149509
2004 0.199332 0.00142801
2166 0.220678 0.0014764
104084 10.0354 0.0014537
2153 0.195843 0.0014819
104979 9.25236 0.00140653
2425 0.204394 0.00142902
2656 0.218908 0.00145805
126810 10.2563 0.00142705
2274 0.206347 0.00148725
87546 8.27035 0.00145716
88628 8.0156 0.00145824
89632 7.72673 0.00143887
110287 9.45546 0.00143734
2614 0.2476 0.00150522
102987 10.3055 0.00144014
105440 11.4846 0.00148908
108364 10.6681 0.00144696
114647 10.4995 0.00143237
114397 11.0234 0.00143317
124877 12.8747 0.00146094
2805 0.297033 0.00150095
114821 11.665 0.00149325
3048 0.295915 0.00148033
122970 11.0955 0.00146292
140289 11.7968 0.00144673
158087 13.9867 0.00146964
151211 16.2378 0.00157263
1264 0.126425 0.00136815
1967 0.193993 0.00143028
116124 10.8044 0.00146971
2354 0.2085 0.00145853
63312 5.57073 0.0014274
79796 7.08788 0.00145158
1781 0.159967 0.00149215
1708 0.173379 0.00155902
1361 0.154861 0.00155237
68001 6.8346 0.00141892
71995 7.0132 0.00144944
85670 8.56893 0.00147084
1977 0.196423 0.00152271
2285 0.221194 0.00150081
88114 8.12648 0.00153958
95445 8.36108 0.00155175
82515 7.38773 0.00155686
76418 6.57297 0.00146983
2118 0.198101 0.0015692
83608 7.09222 0.00145758
95906 7.71795 0.00146444
116952 8.95365 0.00148156
133346 9.91754 0.00147379
129314 9.51596 0.00146344
117381 8.69625 0.00145145
2854 0.218148 0.00154669
104346 6.99213 0.00144204
111627 7.35091 0.00143401
116374 7.8913 0.0014649
122609 8.58248 0.00147792
128693 9.4715 0.00148594
119224 9.55228 0.001532
3925 0.325437 0.00152188
76605 6.08803 0.00148568
79385 6.05609 0.00149744
81849 6.29596 0.00155098
78402 6.01269 0.00156091
73701 5.69034 0.00150032
89219 6.76883 0.00151232
98669 6.85427 0.00151379
107398 7.28866 0.00148275
108746 7.31175 0.00144974
1964 0.143792 0.0015103
79766 5.90565 0.00150371
77661 5.3036 0.00147924
82240 5.18503 0.00147952
93867 5.17491 0.00146491
95409 4.5139 0.0013918
1756 0.0800057 0.00153008
2262 0.0897778 0.00150782
1828 0.0806103 0.00152111
99456 4.25397 0.0013163
2351 0.0990509 0.00148726
2301 0.0789106 0.00146208
129030 4.31885 0.00128631
140780 5.38143 0.00130188
2410 0.112167 0.00150812
118895 4.98259 0.00130363
127613 5.19152 0.00128967
2173 0.0957166 0.00146678
2509 0.109087 0.00147885
2740 0.109722 0.00144695
176094 6.3303 0.00124715
2607 0.139054 0.00150389
2542 0.153451 0.00148247
2501 0.167657 0.0014804
2488 0.181506 0.00151522
2112 0.159405 0.00146836
116419 7.68337 0.00125459
125637 7.84582 0.00126764
1945 0.142078 0.00147497
102628 6.80603 0.00127671
117160 7.58742 0.00129682
130416 8.11508 0.00131922
2553 0.176086 0.00150283
149706 9.02494 0.00136659
164243 9.5497 0.00138835
175769 10.0328 0.00137713
183537 10.3455 0.00136999
3562 0.234888 0.00152915
3797 0.265749 0.00156024
3957 0.28396 0.00155838
200440 12.8248 0.00135153
221341 14.1339 0.00134121
253792 15.5981 0.00134904
288295 16.8415 0.00135071
394342 22.6759 0.00134507
6078 0.413504 0.00146873
273688 20.3509 0.00138525
214741 18.8525 0.00136348
5394 0.639576 0.00154331
5986 0.820897 0.00159315
4656 0.650147 0.0015174
3649 0.548619 0.00149049
2799 0.49391 0.00148963
118651 22.3483 0.00141184
3756 0.812487 0.00149459
2892 0.666859 0.00149264
2854 0.60904 0.00151256
3112 0.650133 0.00150849
94476 18.1037 0.0014194
3643 0.705409 0.00152409
3135 0.642025 0.00147342
72891 14.0009 0.00137177
76428 14.4239 0.00137937
73737 13.7116 0.00138078
78845 13.2827 0.00139629
2226 0.361574 0.00153207
2459 0.343699 0.00154968
103650 11.3742 0.00140598
99522 10.4594 0.00142073
102560 10.6248 0.00143349
104617 11.2175 0.00144811
94595 9.96225 0.00144894
62929 6.54724 0.00141033
58645 6.08041 0.00139684
1010 0.10128 0.00142359
72829 6.99334 0.00139791
69049 6.77382 0.00142327
75340 7.3213 0.00144005
78915 7.45336 0.00144615
106905 9.34614 0.0014307
87202 7.36288 0.00144846
137952 11.4851 0.00152288
134295 10.2319 0.00147445
106943 8.31719 0.00144732
105549 8.03851 0.00140131
2741 0.202301 0.001429
119792 8.20215 0.00146307
92453 6.5876 0.00145536
66959 5.68366 0.0015574
79094 6.89776 0.00159638
64306 5.78907 0.00158209
967 0.0951526 0.00163719
48474 4.50972 0.00148997
49747 4.78877 0.00147881
666 0.0678342 0.00160248
753 0.0787837 0.0015382
890 0.102681 0.00158334
1024 0.12367 0.00158115
833 0.106478 0.00152175
924 0.125371 0.00161809
1089 0.132883 0.00159858
1213 0.146681 0.00157964
69603 8.57168 0.00149869
1417 0.183091 0.00156925
85409 10.1879 0.00149878
1781 0.214164 0.00155794
89532 10.0685 0.00149964
106518 11.7582 0.00150495
2213 0.252974 0.00156892
100017 10.5987 0.00154109
113410 11.5074 0.00153382
101407 9.7914 0.00151982
106911 9.81813 0.00152298
117833 10.4733 0.00152149
136726 11.1738 0.0015263
155200 11.686 0.00152439
137871 10.7719 0.00149214
125277 9.97082 0.00149949
133545 10.3141 0.00152218
4215 0.375568 0.00160357
132587 11.687 0.00148164
110078 10.2106 0.00149133
87718 9.35999 0.0014922
87864 11.138 0.0015326
79998 11.4573 0.00152005
64002 10.7055 0.00159006
55437 10.7272 0.00164296
47746 9.29039 0.00158959
57897 10.7139 0.00163245
1426 0.259316 0.0016031
48567 9.10314 0.0015785
45279 8.28981 0.00160199
1207 0.1939 0.00154686
1107 0.168132 0.00160238
53038 7.58112 0.00160797
68061 9.47614 0.00164985
69869 9.42667 0.00165454
89230 11.7172 0.00168728
1632 0.196889 0.00154358
72125 10.7658 0.00172879
1173 0.179858 0.0016339
53563 7.50804 0.00151317
65483 8.56419 0.00150351
1786 0.242188 0.0015916
2482 0.331161 0.00154375
1961 0.2706 0.00156238
103345 15.2073 0.00156107
2759 0.44051 0.00156886
102004 17.1655 0.00158807
2527 0.490613 0.00159491
1721 0.435165 0.00162163
92644 27.3017 0.00165732
2217 0.739794 0.00166496
1959 0.85513 0.00175588
1730 0.81425 0.00167315
897 0.488061 0.00164525
637 0.366352 0.00160327
454 0.233581 0.00161521
436 0.224953 0.00155494
18363 9.43991 0.00157226
19096 9.03007 0.00159308
801 0.357573 0.00159261
682 0.26353 0.00150786
432 0.160818 0.00141704
18713 8.06597 0.00162677
18054 7.07163 0.00161613
687 0.236423 0.00157002
24111 7.51206 0.00161142
961 0.255405 0.00154751
31092 7.67335 0.00161558
37993 8.14139 0.0016513
1057 0.190648 0.00161041
1184 0.184732 0.00158205
39376 5.65822 0.00156154
46280 6.467 0.00155311
53172 6.7345 0.00156541
1713 0.200078 0.00156072
2199 0.255709 0.00157033
88401 10.6041 0.00163638
94004 12.0248 0.00166744
77660 11.6951 0.00174294
1258 0.198453 0.0016091
69751 9.41294 0.00149716
78753 8.37121 0.00147353
104357 9.42662 0.00145543
2072 0.191395 0.00153328
122647 11.0037 0.00143219
143270 12.7556 0.00141559
130736 11.8151 0.0014275
171145 15.9309 0.00147655
2172 0.207247 0.00151664
164275 15.5265 0.00142055
2110 0.253983 0.00161858
1594 0.204053 0.00160013
1684 0.229676 0.00164111
87475 11.0536 0.00149557
92023 11.0306 0.00148544
101676 11.4582 0.00148361
101720 11.4367 0.00150056
121494 14.2979 0.00147844
124911 15.5682 0.00148161
2469 0.357034 0.00163951
121897 16.0374 0.001472
148971 18.2701 0.0014904
162377 18.3043 0.00148695
213657 22.6188 0.00150799
193242 21.3789 0.00152939
209064 26.4466 0.00154256
2620 0.36523 0.00163333
223811 26.8513 0.00147447
226348 24.5198 0.00146948
261731 26.3122 0.00145837
4187 0.44008 0.00165227
357939 29.3923 0.00145004
358711 27.762 0.00144301
519287 37.5812 0.00144541
573993 36.9863 0.00144733
8372 0.54525 0.00158562
9620 0.594228 0.00157246
71753 3.65021 0.00143138
12835 0.60986 0.00154196
1085138 39.6937 0.00140212
1688406 49.6489 0.00140276
1605927 42.4563 0.00139844
25144 0.674531 0.0014686
27681 0.721713 0.00147048
25406 0.701256 0.00145995
22898 0.710448 0.00142865
19993 0.720976 0.00139185
1363946 53.8889 0.00130144
1379953 56.587 0.00129962
10626 0.5188 0.0013717
927944 45.9944 0.00122304
1291255 62.1147 0.00124734
1035501 49.343 0.00123362
2049475 101.481 0.00136444
5959 0.316916 0.00112114
4740 0.549732 0.00142796
3570 0.489876 0.00147805
5930 0.630681 0.00138472
4664 0.546253 0.00140304
141175 24.4335 0.00169024
101086 17.0974 0.00163838
94957 16.3201 0.00163654
1622 0.245105 0.00151535
76158 10.4456 0.00153616
89407 10.4056 0.00152841
95835 10.6842 0.00154003
87169 9.9167 0.00154313
112756 12.5568 0.00153813
2834 0.299646 0.00157651
2770 0.287205 0.00156376
2845 0.285558 0.00151077
172343 15.5164 0.0015079
215199 18.7202 0.00150744
4743 0.40483 0.00150756
5502 0.449287 0.00148221
462320 36.8387 0.00145848
8636 0.621551 0.00142747
5691 0.479919 0.00144385
1254 0.163718 0.0015378
43171 6.08201 0.00143748
48490 6.21835 0.00143448
1432 0.171374 0.00150518
1732 0.192455 0.00148397
66077 7.60769 0.00147287
1891 0.254853 0.00156787
2093 0.285108 0.00157971
2046 0.272641 0.00160868
64718 8.17828 0.00159016
72210 8.17865 0.00155387
2117 0.227879 0.00166296
1781 0.162626 0.00156761
1601 0.148675 0.00154572
1514 0.149631 0.00155841
1827 0.161516 0.00149955
85334 7.05483 0.00142761
80727 7.00912 0.00143472
1766 0.164968 0.00154435
58334 5.4384 0.00150792
1706 0.154657 0.0015265
79043 6.52402 0.00145971
2967 0.242038 0.00150916
3485 0.273285 0.00149587
2849 0.255646 0.00151576
2406 0.264734 0.00155096
2004 0.241657 0.00154287
91960 11.9032 0.00155383
2586 0.35249 0.00158526
2389 0.375624 0.00163392
2526 0.448044 0.00166153
2567 0.439686 0.00163804
2806 0.440004 0.00157581
3192 0.461844 0.00158211
3593 0.501851 0.00156703
3783 0.523699 0.00154848
3574 0.521524 0.00152558
3215 0.50333 0.00150974
174259 25.995 0.00145921
2777 0.440233 0.00147665
2097 0.39691 0.00156389
1936 0.385374 0.00154819
48452 10.0936 0.00155933
52601 11.2702 0.00157121
1104 0.228573 0.0016039
1614 0.278642 0.00156353
2079 0.31998 0.00159671
1622 0.26385 0.00150974
1022 0.205891 0.00148532
580 0.117105 0.00150335
728 0.117888 0.00150809
1088 0.145205 0.00151545
1459 0.182694 0.00152212
1544 0.192571 0.00156617
2013 0.231156 0.00155594
2457 0.230532 0.00149618
2508 0.229897 0.00149469
2065 0.202059 0.0014941
2014 0.210978 0.0015377
2386 0.275733 0.00154396
3203 0.380605 0.00151385
2149 0.247095 0.00151115
2170 0.263279 0.00154218
2202 0.289828 0.00152914
2282 0.302709 0.00152758
2251 0.294729 0.00149759
100246 15.2807 0.00168428
105523 17.1858 0.00171271
1795 0.276823 0.00155785
1861 0.348513 0.00159694
1327 0.28104 0.00157664
1979 0.375193 0.00158507
2906 0.436256 0.00151914
2298 0.293222 0.00139289
1692 0.202686 0.0013754
1955 0.209504 0.00140555
2670 0.279835 0.00148723
1946 0.189749 0.00140022
1925 0.186944 0.00139088
135376 14.4313 0.0014384
124277 14.3443 0.00148673
2690 0.316095 0.00150091
1186 0.131034 0.0014014
2132 0.234792 0.00145038
3128 0.306373 0.00146183
3792 0.344705 0.00147485
205669 20.636 0.00154665
1663 0.197718 0.00153273
70668 8.67096 0.00146543
77062 8.86916 0.00150824
57493 6.7556 0.00154762
53603 6.13326 0.00154963
60617 6.28556 0.00152435
74793 7.75626 0.00149588
2252 0.222275 0.0015164
2115 0.188736 0.00152394
2441 0.21991 0.0015504
101713 9.04107 0.00146927
91513 9.07016 0.00156486
2612 0.270452 0.0015502
2292 0.296515 0.00158498
85798 13.5665 0.00155412
2375 0.416548 0.00155785
103735 18.0897 0.001589
97193 15.737 0.00162859
3380 0.45056 0.00160053
3099 0.353287 0.00154635
2791 0.365357 0.00155244
1595 0.272212 0.00161532
1558 0.2954 0.00156432
1527 0.308018 0.00158254
1904 0.373166 0.00157973
1919 0.339763 0.00149206
1538 0.27849 0.00155498
1403 0.241084 0.00150855
59222 9.82857 0.0015683
1612 0.246751 0.00154014
70608 10.7577 0.00162872
52630 7.36054 0.00155299
41028 5.88843 0.0015516
1072 0.144842 0.00154488
38371 4.85047 0.00155864
35088 4.08968 0.00151255
44041 4.43349 0.00146967
48423 4.52909 0.00147302
48867 4.65995 0.00151049
48872 4.51439 0.00153375
1365 0.123946 0.00152428
1783 0.168419 0.00157227
2024 0.179108 0.00154033
2234 0.186565 0.0015303
2451 0.200076 0.0014937
2838 0.248661 0.00151075
2673 0.233766 0.00157254
2609 0.220112 0.00153262
2470 0.244645 0.00158077
2836 0.301767 0.0015331
2991 0.348881 0.00156726
3053 0.349691 0.00154726
109358 12.275 0.00154527
1999 0.215964 0.00140187
2458 0.295665 0.00149761
2540 0.304737 0.00147806
2123 0.275689 0.00155448
85055 11.1421 0.00148099
1903 0.261556 0.00151036
2047 0.28515 0.00155306
75183 10.0227 0.00149831
2005 0.275006 0.0015236
82675 10.8369 0.00146774
1037 0.118125 0.00140706
83208 8.86469 0.00141506
2077 0.223457 0.00148778
120233 11.5196 0.00148137
1761 0.153035 0.00140167
118075 9.39519 0.00136282
2017 0.144306 0.00145492
2324 0.151853 0.00143724
2248 0.145367 0.00148557
2515 0.155647 0.00145338
2250 0.145811 0.00144227
2132 0.157042 0.00149223
1468 0.124413 0.00150668
1494 0.159416 0.0015522
1568 0.19613 0.00155496
61629 8.06157 0.00158504
65953 8.43863 0.00157793
68657 9.06459 0.00160711
1704 0.223638 0.00156789
1438 0.18506 0.00155403
59053 7.21033 0.00151838
1533 0.176783 0.00150694
1825 0.192719 0.00145449
89764 9.14777 0.00144956
2060 0.23972 0.00151005
2455 0.321128 0.00151039
2013 0.301887 0.00149496
74075 12.9785 0.00153084
2027 0.391658 0.00152512
88311 17.9399 0.00149077
2242 0.486832 0.00153963
2448 0.637697 0.00159286
52989 14.1409 0.0014769
1555 0.428217 0.00160055
1325 0.417652 0.0016749
23186 6.69228 0.00147527
26746 7.70435 0.00164396
34944 8.42427 0.00154104
48226 9.68267 0.00158345
897 0.188706 0.00164728
26157 5.34119 0.00152614
28784 5.02917 0.00149924
33082 4.89096 0.00143128
39086 5.18244 0.00141786
48565 5.77869 0.00141423
53943 5.71176 0.00141072
52983 5.21778 0.00139449
1833 0.173602 0.0014708
1825 0.153966 0.00151955
1269 0.0990475 0.00149362
58746 4.09973 0.00136049
50364 3.41159 0.00138155
51336 3.50301 0.00138578
42589 2.83166 0.00139218
1292 0.0879838 0.00160001
1078 0.0690917 0.001473
53680 3.20159 0.00139218
51248 2.80024 0.00140011
519 0.0315111 0.00145396
501 0.036694 0.00150184
43024 3.10904 0.00136519
43651 3.09285 0.00135431
738 0.0551585 0.00151092
801 0.0576591 0.00151687
65380 4.4486 0.00140051
58603 4.09353 0.00140287
66654 4.54748 0.00140643
63465 4.1659 0.0014135
78162 5.08514 0.0014134
63728 4.41155 0.00142842
66330 4.73935 0.00141772
65264 4.49453 0.00141366
77940 5.0696 0.0014091
64153 4.20904 0.00141389
63774 4.34365 0.00141998
61912 4.27024 0.00141871
62361 4.47772 0.00140301
63654 4.69566 0.00139909
61620 4.82149 0.00140307
65865 5.52357 0.0014042
70338 5.74752 0.00140917
73026 5.57356 0.00143282
89316 6.02085 0.00143716
97051 6.13157 0.00143985
119712 7.34854 0.0014275
119198 7.08163 0.00143373
2822 0.193085 0.00155859
2547 0.199503 0.00154859
2727 0.226292 0.00155695
111271 8.85972 0.00148133
3365 0.295882 0.00152974
2629 0.259616 0.00152085
2215 0.271173 0.00157933
2152 0.299162 0.00158813
1713 0.269254 0.00160624
1052 0.177905 0.00162196
42844 6.81664 0.00158546
47173 7.12327 0.00158925
1118 0.159624 0.00166102
50795 6.41305 0.00157278
899 0.110025 0.00157033
52037 6.45644 0.00162089
55454 7.36505 0.00164834
64804 8.86963 0.00165226
62623 8.61351 0.00159995
64812 9.34076 0.00159094
1348 0.196689 0.00157543
1537 0.20785 0.00157517
1227 0.15253 0.001583
1480 0.165067 0.00155104
1823 0.184305 0.00150814
1436 0.158558 0.00157831
76302 8.66483 0.0015638
75023 8.41431 0.00154613
72446 9.09736 0.00156565
72422 9.82407 0.00156476
1333 0.176799 0.00162043
1389 0.178698 0.00158633
1203 0.146136 0.00151865
1487 0.182963 0.00157651
1649 0.220207 0.00159622
1736 0.242775 0.00157408
78169 10.2759 0.00149428
1782 0.241316 0.00158722
103810 12.3067 0.00148682
2766 0.322596 0.00155567
2868 0.344971 0.00151809
2549 0.382045 0.0015802
2047 0.393901 0.00167381
1755 0.37019 0.00169465
1726 0.375338 0.00173033
51370 10.3587 0.00160564
51400 9.68194 0.00156442
59204 10.3098 0.00156276
68600 10.9833 0.00154452
84267 12.5444 0.00152961
92984 13.0928 0.00154402
2212 0.344813 0.00164848
1768 0.321698 0.00172694
1697 0.298734 0.00163492
68910 10.7171 0.00157321
79779 11.0823 0.00154153
93648 11.7438 0.00149576
107075 12.1924 0.00151141
101313 10.652 0.001517
77471 8.69501 0.00151762
64076 7.4423 0.00153466
68525 7.19044 0.00154506
71042 6.84436 0.00152566
67845 6.20169 0.00151014
61620 5.22781 0.00148945
61090 4.83432 0.00145462
62230 4.8153 0.0014511
62486 4.57863 0.00143742
47599 3.22114 0.00140001
71735 4.84074 0.00141705
40466 2.60367 0.00140603
82014 5.24873 0.00143937
99447 6.02409 0.00143933
118881 7.02295 0.0014242
97154 5.83564 0.00141671
113957 6.6759 0.00142471
139205 7.8765 0.00142077
159488 8.22404 0.00140438
175949 8.07114 0.00139677
2129 0.0960998 0.00148681
2029 0.0904004 0.00150526
1934 0.0859203 0.00151233
204253 8.23176 0.00135475
192612 7.62543 0.0013593
186455 7.26032 0.00136668
36849 1.47771 0.00135392
237362 10.6432 0.00137806
3329 0.185981 0.00150418
3224 0.179766 0.00151584
221455 9.93669 0.00134214
3643 0.178427 0.00149156
3998 0.199163 0.00152613
261524 10.9622 0.00132681
261108 9.93713 0.00132289
374871 13.056 0.00131914
379630 13.235 0.00131505
7124 0.299558 0.00149301
7194 0.322841 0.00147004
6798 0.340248 0.00147801
5763 0.334158 0.00148407
5571 0.377474 0.00149227
4718 0.382066 0.00151295
3828 0.385998 0.00150146
107542 13.24 0.00148406
79747 10.8793 0.00144257
64323 9.87834 0.00148638
51886 8.85848 0.00152868
1676 0.285834 0.00152504
71934 11.1785 0.00151205
82473 12.3186 0.00149616
1988 0.320041 0.00155689
1635 0.280271 0.00160137
1649 0.292138 0.00159367
2051 0.381872 0.00165502
2283 0.428406 0.00166239
168781 29.4419 0.00154534
180141 30.7172 0.00152391
2951 0.531093 0.00153014
2611 0.540473 0.00160629
4031 0.740088 0.00154996
6443 0.912643 0.00151919
272995 33.4738 0.00145394
238892 30.2317 0.00147233
253315 32.0568 0.00150148
246590 29.3764 0.0014752
227910 26.4459 0.00146972
250826 27.7551 0.00142573
234742 26.213 0.0014456
253170 27.6907 0.00148246
240943 24.4227 0.00145325
1814 0.181113 0.00136189
1771 0.211826 0.00160366
1693 0.192859 0.00154736
1329 0.179758 0.00159915
1895 0.318644 0.00166381
1749 0.307349 0.00167633
1991 0.337515 0.00169482
2211 0.358988 0.00163724
2333 0.358505 0.00165612
2865 0.383906 0.00163703
171109 21.2964 0.00152856
2696 0.364471 0.00155163
3654 0.465095 0.00153392
3862 0.453236 0.00148428
3424 0.441104 0.0015241
156302 19.0405 0.0013892
2468 0.322802 0.00146316
1940 0.292499 0.00150227
1845 0.294619 0.00157659
1737 0.285818 0.00154291
1934 0.340753 0.00153423
1747 0.315476 0.00151878
1730 0.388644 0.00156735
1716 0.399483 0.00148891
1336 0.318133 0.00147877
37840 9.04194 0.00149793
39999 8.37591 0.00148786
1670 0.313508 0.00151216
2033 0.366347 0.001527
2111 0.347178 0.00151244
96186 13.4431 0.00154959
118487 14.8218 0.00160002
2407 0.270119 0.00147178
1784 0.207573 0.00153181
135987 15.1258 0.00154082
114912 13.142 0.00155697
124941 14.0971 0.00154011
1694 0.188434 0.00153314
73300 8.05014 0.00152166
74177 8.26753 0.00155661
71810 8.45605 0.00155889
102693 11.7423 0.00155925
100706 10.7798 0.00149799
2995 0.321445 0.00150078
1765 0.211024 0.00155259
2420 0.286077 0.00149717
3414 0.383681 0.00146254
159487 18.4167 0.00149375
161416 17.9695 0.00148149
2627 0.320042 0.0014591
117053 16.8948 0.00152058
105142 16.0555 0.0015328
90040 14.633 0.00156114
63958 10.9922 0.00158499
75642 12.9126 0.00164046
78601 13.2164 0.00164112
85189 14.9558 0.0017135
1810 0.309573 0.00156701
1321 0.257949 0.00156645
1551 0.325133 0.00165229
53052 9.69878 0.00153048
64545 10.5621 0.00152767
73192 10.8928 0.00152199
84401 11.6127 0.00151381
2777 0.375947 0.00155622
89655 11.8134 0.00151961
2116 0.305888 0.00156484
87836 12.6176 0.00154855
123268 15.6005 0.00155128
151417 17.6253 0.00156766
3455 0.414999 0.00158473
2578 0.370656 0.00158313
47001 8.18423 0.00165021
48374 8.59611 0.00165847
54819 9.53492 0.00165458
64814 10.6613 0.00162177
56157 8.9872 0.00160969
2045 0.339994 0.00165105
56763 8.93263 0.00156081
53892 8.22568 0.00151337
53303 8.10437 0.00149616
51042 7.61087 0.00151203
57087 8.8923 0.00150551
60806 9.31713 0.00149572
66001 9.42095 0.00147898
1555 0.226771 0.00153713
96679 12.6523 0.00148258
1487 0.190641 0.00151316
1798 0.224662 0.00155377
112919 13.0669 0.00148837
2207 0.286928 0.00156679
130486 16.1928 0.00147493
2958 0.362427 0.00157824
3591 0.390714 0.00152503
3875 0.370884 0.00148174
4270 0.38999 0.00147584
4883 0.415018 0.00145157
4220 0.346104 0.00144926
279190 22.355 0.00129779
224542 19.4863 0.00140077
1709 0.166161 0.0014816
1503 0.160831 0.00145894
70331 7.32734 0.00146673
1747 0.167142 0.00148415
72781 6.9932 0.00148742
1469 0.163266 0.00151675
1344 0.166976 0.00152448
1604 0.209214 0.00155201
1635 0.220163 0.0015301
1687 0.255237 0.00152429
61303 10.1419 0.00161099
1858 0.279379 0.00159266
2238 0.291494 0.00154637
2243 0.267566 0.00153136
1809 0.235774 0.00149549
1726 0.280376 0.00156205
1556 0.277085 0.00158375
1566 0.28629 0.0015775
1854 0.359134 0.00158856
1667 0.337548 0.00157788
1512 0.355702 0.00170997
51637 12.2943 0.00162314
1770 0.365036 0.0015768
2238 0.407179 0.00158481
88591 15.4067 0.00155887
1840 0.336894 0.00160593
67579 10.8722 0.00154326
1589 0.206895 0.00149296
1892 0.252278 0.00159019
1963 0.247343 0.0015644
1954 0.228035 0.00153565
1504 0.191281 0.00152074
1698 0.224416 0.00151285
1769 0.202095 0.00151493
2245 0.223327 0.00154006
2254 0.200527 0.00150075
1888 0.157317 0.00144614
1946 0.150997 0.00140497
2253 0.177129 0.00147641
2117 0.170894 0.00143836
2054 0.171118 0.00143779
1915 0.163801 0.00148052
82720 7.5262 0.00146402
2160 0.215302 0.00148695
1783 0.201355 0.00150055
1877 0.218546 0.00149211
2016 0.213809 0.00146677
2263 0.227675 0.00143817
119896 11.4423 0.00138716
1933 0.213969 0.00148916
1926 0.234591 0.00152766
78066 11.0821 0.0015828
76745 11.5268 0.00159261
2979 0.402048 0.00154412
2568 0.355949 0.00149714
62532 10.873 0.00157977
56340 10.5414 0.00153468
1882 0.348205 0.00152023
1662 0.292884 0.00148418
2018 0.311128 0.00144591
1948 0.279572 0.00145632
1837 0.251328 0.00145733
2269 0.282029 0.00143719
2435 0.284948 0.00143297
1083 0.13246 0.00149642
65725 8.04878 0.00152331
1193 0.135406 0.00145098
1135 0.129314 0.00146462
1091 0.132911 0.00156652
1123 0.139687 0.00151533
1470 0.175828 0.00149971
1878 0.225756 0.00157594
1777 0.211497 0.0015024
57732 6.94661 0.00154266
1769 0.201306 0.00151395
1331 0.158028 0.00151655
53518 6.18662 0.00147052
1601 0.168677 0.00150042
69810 6.18816 0.00147255
69115 5.53394 0.00145475
65995 5.03563 0.00143263
68107 4.96533 0.00145886
74557 5.32768 0.00142307
76168 5.91033 0.00142889
1472 0.132789 0.00156774
66492 5.41207 0.00145049
95548 6.48413 0.00139714
1733 0.125593 0.00152209
1858 0.150878 0.00151991
1850 0.161615 0.00155231
1923 0.177206 0.00150529
65443 6.85426 0.00149278
58286 6.71787 0.00148842
62243 7.265 0.00146682
59411 6.91596 0.00145382
53461 6.71811 0.00145534
47614 6.21128 0.0014468
54373 6.73007 0.00141405
53753 6.34688 0.00140738
70988 7.32311 0.00132388
93005 8.74917 0.0013309
2264 0.213411 0.00150198
144203 10.9668 0.00131782
3327 0.261267 0.00149941
2912 0.219025 0.00151314
2133 0.163715 0.00146129
3627 0.273859 0.00145242
3875 0.29667 0.00147202
3493 0.284733 0.00145794
3210 0.290267 0.00144184
2136 0.233622 0.00145519
2135 0.255039 0.00145124
138073 15.6274 0.00124904
1869 0.315658 0.00147868
1900 0.301712 0.00140567
1805 0.296852 0.0014332
140984 21.1887 0.00123314
2223 0.353242 0.00143681
2276 0.348586 0.00139957
836 0.110888 0.00117778
1886 0.359789 0.00147571
1442 0.30491 0.00147594
1046 0.220519 0.00151485
627 0.133936 0.00155939
50928 9.22511 0.00138194
62294 10.1855 0.00138824
1187 0.185454 0.00148466
1162 0.170277 0.00146733
87258 13.0622 0.00139095
1335 0.198167 0.00141972
1466 0.200657 0.00141915
1466 0.19257 0.00137545
155334 21.4108 0.00141724
1230 0.175894 0.00135898
744 0.126388 0.0014669
501 0.114044 0.00152933
469 0.0962293 0.00153774
45339 6.63806 0.00147864
495 0.0844814 0.00153543
36984 7.05598 0.00143341
38135 7.462 0.00144174
33178 5.97387 0.00144782
40080 6.71322 0.00145584
40623 6.29813 0.00143881
40992 6.22202 0.0014651
39734 5.95717 0.00146409
40632 6.08447 0.00145721
45350 6.89958 0.00143816
42737 6.61461 0.00144762
43962 7.04457 0.00150273
41021 6.88895 0.00151332
36125 6.27307 0.00151056
32370 5.92864 0.00153484
29415 5.86691 0.00155087
28547 5.71371 0.00153348
29172 5.53417 0.00152309
29425 5.59316 0.00153258
610 0.114759 0.00155204
406 0.0765941 0.00157614
509 0.0907364 0.00156098
476 0.0804868 0.00158534
286 0.0457462 0.00155129
320 0.0460362 0.0014597
36306 5.48442 0.00152739
39479 5.84867 0.00152028
38604 5.6517 0.00152484
569 0.0908481 0.00162271
41992 6.17893 0.00151892
668 0.108188 0.00162879
557 0.129673 0.00167596
38582 10.6782 0.00153461
676 0.163778 0.00157672
50191 10.1875 0.00152987
67970 12.9294 0.00152643
965 0.194794 0.00163853
71224 13.0881 0.00151785
981 0.197467 0.00160804
846 0.200885 0.0015754
856 0.238893 0.00154595
903 0.300024 0.00157607
1029 0.335291 0.00158804
838 0.273401 0.00156428
881 0.321341 0.00158698
290 0.10801 0.00141871
488 0.253499 0.0016408
360 0.209975 0.00164656
451 0.254134 0.00158892
315 0.200104 0.0016726
232 0.153786 0.00152641
164 0.122498 0.00148731
247 0.228132 0.00151151
208 0.254808 0.00155434
8305 13.4959 0.00170041
311 0.38478 0.00167366
562 0.448899 0.00160771
453 0.401028 0.00159372
647 0.618832 0.00169058
771 0.573281 0.00161443
589 0.464503 0.00162283
724 0.52937 0.00163452
753 0.473 0.0016443
22902 11.8442 0.00152214
26285 12.0085 0.00151852
34966 13.9714 0.00152043
37598 13.7013 0.00155789
35445 11.4396 0.00148417
863 0.35551 0.00161233
1021 0.440742 0.0016434
28511 10.8328 0.00162609
613 0.220177 0.00161694
1299 0.369865 0.00164865
1033 0.225245 0.00153449
51890 11.3804 0.00160349
1512 0.332121 0.0016
1514 0.314456 0.00153068
1573 0.309331 0.0015554
1784 0.332008 0.00151634
2058 0.394764 0.00154006
2784 0.50901 0.00154243
2730 0.529358 0.00157166
151465 30.8357 0.00153885
2407 0.521408 0.00155911
149286 34.4216 0.00154552
2885 0.715828 0.00163487
2265 0.622656 0.00160845
1925 0.605044 0.00164752
2441 0.766901 0.00168192
2966 0.874279 0.00171436
92963 24.4862 0.00158085
83051 21.9958 0.00157671
2246 0.642305 0.00170462
2519 0.714419 0.00172905
2897 0.80825 0.00167707
2591 0.836994 0.00172469
2454 0.817915 0.00171623
2884 0.840065 0.00171426
3747 0.914632 0.0017398
204740 40.7732 0.00156074
1992 0.346782 0.00142002
200580 35.2625 0.00154751
186798 33.4334 0.00151643
151822 34.2666 0.00149533
1520 0.372258 0.00131185
624 0.18252 0.00141256
590 0.193249 0.00158457
772 0.228213 0.00160569
35062 9.60183 0.00156361
33833 9.38191 0.00156413
34286 9.91017 0.00157222
33607 9.3401 0.00156345
866 0.219542 0.00158005
938 0.239804 0.00156606
810 0.212008 0.00160395
904 0.2139 0.00152352
928 0.230331 0.00153663
774 0.214956 0.00160309
47373 12.8455 0.00153643
702 0.190372 0.00155485
1053 0.269869 0.00155806
1243 0.243369 0.0015052
1510 0.260811 0.00160082
1374 0.207251 0.00151387
1433 0.20458 0.00152422
1570 0.20511 0.00151995
140385 16.1668 0.00150909
1900 0.207419 0.0015013
2534 0.258694 0.00145391
2912 0.294316 0.00145789
2732 0.254918 0.00141864
296660 24.5504 0.00139557
3281 0.30067 0.00143695
787 0.0884941 0.0014577
2265 0.261505 0.00147228
99319 10.7348 0.00147643
79173 8.49695 0.00155215
85994 7.98577 0.00155161
2589 0.224337 0.00156682
105546 9.7878 0.00162372
2370 0.208036 0.00153293
1902 0.183257 0.00155591
98286 10.0884 0.00154115
97945 9.05323 0.0014604
2009 0.196297 0.00154655
116146 11.2889 0.00151257
133891 13.0739 0.00154054
188500 17.757 0.00153478
238880 21.3765 0.00152301
4532 0.383458 0.00154627
5758 0.423251 0.00150153
7940 0.509925 0.00147668
8952 0.543058 0.0014352
8250 0.581636 0.0014351
1427 0.153573 0.00152648
1106 0.154768 0.00151686
1182 0.170768 0.001534
1344 0.1752 0.00151344
62390 6.62442 0.00149267
1968 0.221365 0.00153966
1846 0.247624 0.00155224
63995 8.53534 0.00154383
1996 0.280768 0.00167466
60891 7.78744 0.00154931
54733 6.71223 0.0015763
2109 0.238383 0.0016307
1705 0.159021 0.00156291
1967 0.17431 0.00157514
1470 0.126179 0.00148124
1725 0.147064 0.00151033
1295 0.0955175 0.00136312
1241 0.104021 0.00145841
1697 0.161421 0.0015358
52112 4.97613 0.0015103
64168 5.89709 0.0014649
72293 6.17958 0.00145926
98128 7.85753 0.00146409
121890 9.75482 0.00145265
2725 0.247989 0.00152881
1838 0.213031 0.00155758
86697 11.294 0.00155008
87800 11.2446 0.00155492
86324 13.2094 0.0016053
2542 0.412034 0.00165867
2732 0.435897 0.00165585
2862 0.439876 0.00157333
3274 0.465146 0.00156928
3438 0.469335 0.00154004
3729 0.513426 0.0015687
3443 0.501209 0.00153857
3243 0.503736 0.0015344
190958 28.2679 0.00144562
2647 0.451093 0.00152128
2032 0.394959 0.00153923
1457 0.322764 0.00160109
46250 10.3503 0.00157359
1076 0.24022 0.00159505
47896 9.37615 0.00152389
63043 10.3105 0.00153111
1789 0.292095 0.00158693
448 0.0761687 0.00142737
773 0.162344 0.00162011
613 0.107617 0.00151533
874 0.12986 0.00151679
1424 0.191805 0.00152652
1476 0.17865 0.00156041
1909 0.20886 0.00152083
166085 15.8264 0.00148687
184475 15.5817 0.00150454
2422 0.226333 0.0015294
1924 0.221256 0.00156341
2351 0.303867 0.00155479
1867 0.221223 0.00146402
2111 0.269223 0.00154271
2235 0.287686 0.00152199
2132 0.276435 0.0015427
2207 0.299308 0.00151448
104624 15.7498 0.00165376
2318 0.340903 0.00156866
3072 0.481213 0.00163366
2229 0.386718 0.0016084
1413 0.275292 0.00152532
1554 0.317918 0.00159492
2392 0.405157 0.00151319
1950 0.26397 0.00139734
1841 0.21062 0.00139883
1980 0.204617 0.0014135
1988 0.195884 0.00137736
1927 0.17763 0.00133598
2480 0.257952 0.0014537
2566 0.276526 0.0014487
2041 0.233263 0.00146785
116579 13.7834 0.00154757
1959 0.209675 0.00144683
2427 0.234637 0.00143136
3443 0.305592 0.0014601
2045 0.175112 0.00135308
1718 0.198562 0.00155395
74807 9.13615 0.00149882
2389 0.286503 0.00151813
1638 0.190045 0.00152535
