636 0.165865 0.00158285
312 0.0936506 0.00159781
289 0.0936252 0.00156872
178 0.0598267 0.00139864
193 0.0791712 0.0014884
276 0.129499 0.00154638
207 0.107323 0.00158962
204 0.124573 0.00176124
216 0.127437 0.00153517
185 0.114214 0.001475
176 0.128316 0.00156733
152 0.116708 0.00163647
172 0.137592 0.0016545
172 0.134899 0.00151412
134 0.124837 0.00170842
113 0.0965338 0.00146938
180 0.172792 0.00159308
121 0.113154 0.00152713
80 0.0692506 0.00136432
118 0.122847 0.00156349
97 0.0933514 0.00146785
119 0.133673 0.0017772
124 0.131947 0.00171482
114 0.111451 0.00159644
123 0.10983 0.00158772
156 0.125736 0.0015924
183 0.121337 0.0014589
162 0.105574 0.00153151
170 0.11028 0.00153348
1730 1.05194 0.00154674
149 0.0889978 0.0016291
146 0.0836848 0.00159355
220 0.123293 0.00166112
216 0.103409 0.00149222
196 0.0909093 0.00147943
177 0.0780749 0.00145058
156 0.0619617 0.00138609
137 0.0535304 0.00146643
163 0.055372 0.00135778
150 0.0529554 0.0014663
210 0.071699 0.00147809
203 0.0764578 0.00162815
277 0.109843 0.00157984
271 0.113745 0.00168776
179 0.0617423 0.00153906
169 0.0539685 0.00159504
173 0.0506679 0.00159727
263 0.0802313 0.00168752
255 0.074149 0.0016024
202 0.0580584 0.0016868
230 0.0596355 0.00156755
243 0.0621978 0.00158036
233 0.0536015 0.00155851
228 0.045007 0.00146611
288 0.0598376 0.00164395
189 0.0339036 0.00151147
287 0.0492649 0.00160694
223 0.0331247 0.00140554
272 0.0474506 0.00161195
315 0.0501047 0.00157356
311 0.0472056 0.00157622
294 0.0461387 0.00163069
296 0.0455698 0.00167694
334 0.0461173 0.00150587
299 0.0420619 0.00152516
299 0.0420356 0.00158622
214 0.029064 0.00159835
219 0.0280485 0.00153022
202 0.0246836 0.00144584
203 0.0238469 0.0014827
254 0.0284225 0.00152728
239 0.0260883 0.00156209
267 0.0285225 0.00164093
263 0.0245979 0.00151784
240 0.0223235 0.00151101
283 0.0269101 0.00153893
221 0.0202359 0.00151711
239 0.0214067 0.00146623
240 0.0222689 0.00153179
245 0.0213887 0.00150131
244 0.0217387 0.00151781
232 0.0194815 0.0015267
298 0.0240179 0.00155859
281 0.0208962 0.00149166
301 0.0224634 0.00156203
259 0.0180576 0.00142954
314 0.0255138 0.00156033
290 0.0230861 0.00146988
345 0.0275794 0.00153616
349 0.028128 0.00161722
280 0.0190087 0.00139818
293 0.0191425 0.00142981
255 0.0167564 0.00148948
341 0.0209736 0.00144824
423 0.0262728 0.00155694
350 0.0193557 0.00139942
349 0.0213749 0.00152227
403 0.0241752 0.00151217
440 0.0257071 0.00143692
465 0.0308943 0.00147422
487 0.0344356 0.00143761
351 0.0256259 0.00138995
363 0.0324885 0.00159079
291 0.0250187 0.00146465
363 0.0327133 0.00144495
334 0.0383048 0.00150572
253 0.0361 0.0015533
131 0.020113 0.0015029
194 0.0336603 0.00154467
196 0.0379753 0.00156975
176 0.0391703 0.00148588
100 0.0225025 0.00139153
118 0.027104 0.0015498
222 0.0443264 0.00155703
200 0.0323021 0.00144218
206 0.0339057 0.00152356
285 0.0425514 0.0015348
247 0.0293745 0.00140746
228 0.0266078 0.00145048
221 0.0237915 0.00140349
243 0.026518 0.0014706
290 0.0309924 0.00143979
194 0.0196595 0.00141308
248 0.0246597 0.00144971
307 0.0307763 0.00148825
217 0.0206051 0.00145061
269 0.0239621 0.00141703
276 0.0255822 0.00154025
272 0.0212492 0.00139952
374 0.0253946 0.00136639
418 0.0279125 0.00147185
402 0.0225982 0.00127099
396 0.025212 0.00148326
420 0.0254597 0.00139597
331 0.0219946 0.00143396
349 0.0254337 0.00151601
342 0.0224032 0.00136389
306 0.0203903 0.00141331
271 0.0178432 0.00135316
214 0.0146193 0.00134006
278 0.0215337 0.0014982
344 0.0247861 0.00146072
386 0.0266268 0.00150081
518 0.0333692 0.00143632
392 0.0258559 0.00147002
392 0.026413 0.00147009
402 0.0307607 0.00154454
252 0.0206578 0.0014658
318 0.0309465 0.00159534
284 0.0271089 0.00151013
213 0.0207643 0.0014558
216 0.0230506 0.00146262
220 0.0270975 0.00153124
226 0.0293299 0.00150863
192 0.0273559 0.00154005
156 0.0232239 0.00145167
146 0.023548 0.00138354
190 0.0373618 0.0014222
108 0.026013 0.00148315
122 0.0334427 0.00148574
131 0.0374646 0.00139127
133 0.0445731 0.00143486
165 0.0601618 0.0014203
154 0.0565446 0.00137691
136 0.0525973 0.00140613
151 0.0601357 0.00138588
136 0.0504454 0.00130728
155 0.0630276 0.00150738
263 0.0888177 0.00143355
284 0.0830089 0.00143107
224 0.0723109 0.00145501
118 0.0377918 0.00127015
166 0.0633369 0.00146563
230 0.0739069 0.00140095
204 0.0573927 0.00133521
194 0.0544974 0.00131954
288 0.0858815 0.00141929
258 0.0874105 0.00152254
212 0.0716966 0.00145878
150 0.0545571 0.00147092
191 0.0645323 0.00135442
248 0.0873092 0.00148161
169 0.052625 0.00137864
149 0.0462669 0.00143868
164 0.051598 0.00152229
167 0.0432716 0.00143413
156 0.0388793 0.00155932
244 0.0485623 0.0013893
255 0.0425165 0.00139517
300 0.0419628 0.00137415
248 0.0347457 0.00148118
203 0.0278285 0.00151463
281 0.0321614 0.00144157
266 0.0251391 0.00138276
310 0.0296915 0.00140211
676 0.081372 0.0015277
180 0.0229633 0.00148083
141 0.0183461 0.00140042
160 0.024455 0.0015016
105 0.0165043 0.00148853
105 0.0184232 0.00159052
80 0.0134989 0.00145124
80 0.0145643 0.0014737
106 0.0218441 0.00157235
63 0.0135167 0.00159727
65 0.0122817 0.00151563
112 0.0194749 0.00154993
120 0.0165093 0.00142812
145 0.0153294 0.00129075
232 0.0248597 0.0014426
217 0.0215887 0.00134838
163 0.01732 0.00138054
175 0.0195297 0.00148218
206 0.0215243 0.00142307
292 0.0290792 0.00140983
337 0.0289807 0.00129071
442 0.0378869 0.00132894
464 0.0425102 0.00131518
270 0.031192 0.00137143
197 0.0262693 0.00130051
151 0.026033 0.00133989
126 0.0279767 0.00142416
156 0.0375225 0.00142651
102 0.0246461 0.00135458
110 0.0250931 0.00128417
195 0.0479773 0.00146347
123 0.0290944 0.00139066
146 0.0334347 0.00135128
173 0.0374838 0.00139365
138 0.0309626 0.00152898
191 0.0406802 0.00152282
153 0.0313977 0.00147117
159 0.0300874 0.00139732
224 0.0358269 0.00136141
263 0.0379319 0.0013464
224 0.0313614 0.00141278
289 0.0364333 0.00132451
286 0.0408534 0.00141959
267 0.0389347 0.00133907
293 0.0484077 0.00140293
197 0.0362989 0.00135423
232 0.0538254 0.00151927
223 0.0511928 0.00144357
159 0.0426269 0.0014333
133 0.0427724 0.00141815
86 0.0321497 0.00137172
110 0.0442273 0.00139843
124 0.0453469 0.00133682
137 0.0548806 0.00138004
152 0.0563328 0.00128283
213 0.0829677 0.00145291
152 0.0575525 0.00140118
152 0.0570006 0.00131829
90 0.0361866 0.00122798
89 0.0479374 0.00133636
146 0.08903 0.0013692
88 0.0655973 0.00147878
54 0.039251 0.0013003
118 0.0900641 0.00152085
88 0.0506301 0.00134062
146 0.0861 0.0014416
146 0.0844719 0.00136379
126 0.0759153 0.00139652
84 0.0486003 0.00129491
71 0.0491416 0.00149353
97 0.0667816 0.00148562
137 0.11177 0.00151407
72 0.0729635 0.00169248
66 0.063015 0.00148804
96 0.0986915 0.00142163
59 0.0584238 0.00137281
70 0.069438 0.00136932
96 0.105275 0.00156847
98 0.100067 0.00149697
57 0.0634517 0.00157903
70 0.0685841 0.00133719
59 0.0654466 0.00128042
62 0.10526 0.0016702
64 0.0986409 0.00145615
53 0.0731725 0.00130704
70 0.0895585 0.00130123
58 0.0721965 0.00138392
163 0.197974 0.00136331
43 0.0600785 0.00151395
58 0.0798801 0.00145828
77 0.110531 0.00151846
51 0.0663077 0.00142486
53 0.0701454 0.00140961
82 0.106711 0.00138081
65 0.0789123 0.0015198
104 0.105269 0.0013281
82 0.104028 0.00147428
55 0.0714796 0.00140155
54 0.0672359 0.00135303
69 0.0908291 0.00130975
39 0.0536068 0.00125863
51 0.0682124 0.00138559
60 0.0694004 0.00134651
70 0.088044 0.00150807
91 0.102145 0.00136189
77 0.0953959 0.00144851
60 0.083321 0.00161921
83 0.0877478 0.0013769
251 0.24418 0.00142366
53 0.0632312 0.00157045
46 0.0674517 0.00172563
69 0.0814285 0.0014866
94 0.0926977 0.00143224
85 0.0758791 0.00139091
100 0.096815 0.00145756
108 0.0925457 0.00133755
67 0.068229 0.00146558
74 0.0735156 0.00128881
73 0.0847156 0.00144714
62 0.0824846 0.00156177
74 0.0826347 0.00129407
59 0.0732391 0.00143051
77 0.0858455 0.00135993
71 0.0801895 0.00137897
56 0.0695407 0.00130204
67 0.104561 0.00150339
92 0.123591 0.00136418
65 0.0708614 0.00123644
47 0.0543579 0.00130028
66 0.0852777 0.00133238
64 0.0764373 0.00133752
90 0.101133 0.00132458
99 0.11013 0.0013762
92 0.099541 0.00134736
86 0.117116 0.0014966
70 0.0936054 0.00143104
60 0.0888352 0.00150439
52 0.0817652 0.00139337
50 0.101191 0.00164471
84 0.153885 0.00153967
65 0.0990903 0.00141994
45 0.0806237 0.00159229
60 0.107285 0.00162274
55 0.0715101 0.00136057
55 0.0751837 0.00149113
71 0.0957482 0.00143826
57 0.0719953 0.00130121
67 0.0905282 0.00141541
79 0.116194 0.00140493
63 0.111156 0.00160322
82 0.120347 0.00150404
63 0.0798453 0.00139596
70 0.0792807 0.00125936
89 0.116748 0.00133208
62 0.0954167 0.00146697
70 0.102514 0.00141636
59 0.0729517 0.00126675
67 0.0830489 0.00136396
80 0.107719 0.00141417
79 0.105534 0.00142586
68 0.116545 0.00159295
51 0.09214 0.00159214
106 0.156376 0.00146925
56 0.0886331 0.00146976
55 0.0932093 0.0015038
61 0.111845 0.0016131
49 0.0816816 0.00138285
68 0.129395 0.00145124
71 0.151304 0.00150318
59 0.137755 0.00154099
74 0.163333 0.00147794
55 0.123487 0.00152595
66 0.145357 0.00160771
66 0.117545 0.00142018
62 0.111777 0.0014664
227 0.332722 0.00136962
137 0.145092 0.00135762
162 0.13489 0.00137429
97 0.0775772 0.00128748
55 0.0425009 0.00126105
124 0.101721 0.00131689
82 0.0906585 0.00146256
57 0.0646411 0.001361
71 0.0849979 0.00146819
55 0.0654771 0.00145602
64 0.0799918 0.00142764
72 0.0964509 0.00135778
45 0.071419 0.00141024
59 0.103239 0.00144252
68 0.128856 0.00156556
60 0.0970528 0.00134382
56 0.106666 0.00160481
42 0.0734761 0.0014821
40 0.0653188 0.00130921
57 0.110682 0.00146603
50 0.0914365 0.00149025
52 0.0780519 0.00136179
40 0.0719026 0.00154691
36 0.0621428 0.00131714
47 0.101173 0.00132603
26 0.0688295 0.00134898
40 0.11202 0.0013742
44 0.114949 0.00141031
37 0.0851012 0.00137076
147 0.350658 0.00144384
39 0.0951739 0.00149615
68 0.15367 0.00141031
80 0.160852 0.00132992
61 0.118556 0.00129524
66 0.151284 0.00144312
65 0.166369 0.00163156
62 0.150115 0.00147663
66 0.159981 0.00152023
78 0.154853 0.00144214
47 0.0896021 0.0013201
42 0.0878387 0.00136172
31 0.0685767 0.00149288
45 0.0910935 0.0013561
46 0.113515 0.0016351
50 0.115562 0.0015107
53 0.12478 0.0016125
78 0.14716 0.00142431
63 0.0985164 0.0013713
66 0.0971854 0.00139207
61 0.115835 0.00153824
54 0.099611 0.00137509
47 0.0899416 0.00150541
53 0.0910638 0.00140559
75 0.138837 0.00148566
67 0.137433 0.00161375
47 0.0923733 0.00151107
70 0.129202 0.00135241
66 0.128401 0.00147687
54 0.0930751 0.00141442
41 0.0757368 0.00148524
66 0.130614 0.00170693
54 0.0860419 0.00143571
47 0.0919967 0.00153878
33 0.0661417 0.0015031
39 0.0798796 0.00144871
53 0.118215 0.0015595
48 0.0952463 0.00147271
41 0.0831023 0.00160927
59 0.113202 0.00163808
63 0.116715 0.00155418
42 0.0774115 0.00141793
67 0.128283 0.00133935
83 0.172138 0.0013894
87 0.194871 0.00144763
80 0.166814 0.00128149
90 0.233816 0.00147784
70 0.180957 0.00136997
61 0.155504 0.00145772
58 0.15524 0.00145844
74 0.23614 0.00149072
58 0.196579 0.00142912
36 0.125639 0.00141306
31 0.0986802 0.00144245
40 0.153217 0.0017304
56 0.199456 0.0014701
47 0.164243 0.00148231
33 0.103395 0.00149647
40 0.128575 0.00157662
55 0.160996 0.00144982
39 0.109724 0.00147675
38 0.0990905 0.00145215
43 0.121432 0.00143636
55 0.151541 0.0012898
41 0.127659 0.00148829
61 0.186703 0.00141941
52 0.159721 0.00144965
28 0.0830345 0.00126865
25 0.08485 0.00135937
138 0.538242 0.00145381
41 0.156625 0.00137102
69 0.327198 0.00142757
27 0.174514 0.00161734
46 0.286143 0.00169161
61 0.315509 0.00152083
50 0.232794 0.00155898
51 0.206292 0.00158459
86 0.26713 0.00140372
72 0.262638 0.00156529
54 0.190488 0.00129903
64 0.241079 0.00144077
81 0.284416 0.0014472
67 0.2647 0.00160813
76 0.31123 0.00153646
46 0.200844 0.00158415
38 0.146399 0.0013646
60 0.295795 0.00161578
61 0.304041 0.00156541
77 0.410805 0.00179613
46 0.241826 0.00169598
40 0.203241 0.00150504
64 0.312379 0.00165387
46 0.247985 0.00181368
22 0.106598 0.00152217
35 0.192744 0.00161508
33 0.149452 0.00124579
42 0.242912 0.00151447
19 0.0986373 0.00139538
36 0.155084 0.0015579
49 0.173275 0.00165801
45 0.117226 0.00128925
57 0.173447 0.00150171
57 0.183678 0.0016016
57 0.147238 0.00137164
59 0.175102 0.00150692
49 0.154739 0.00148159
47 0.140612 0.00154874
55 0.126124 0.00135841
58 0.109645 0.00134021
76 0.129443 0.00142673
70 0.117584 0.00152516
56 0.087131 0.00153783
73 0.107915 0.00159379
94 0.11586 0.00146827
91 0.0971383 0.00139671
120 0.115429 0.00140378
93 0.0890171 0.00147508
117 0.111665 0.00147432
117 0.118234 0.0014872
83 0.0869269 0.00143978
55 0.0659968 0.0015239
68 0.0846312 0.00139393
58 0.0781332 0.00150319
57 0.0715638 0.00156292
63 0.0719872 0.00159709
81 0.0857825 0.0014764
106 0.131309 0.00148944
86 0.135169 0.00161981
79 0.111104 0.00138536
102 0.165955 0.00156221
89 0.12902 0.00137235
77 0.135211 0.00153486
73 0.127819 0.00147897
62 0.0958511 0.00153741
62 0.0727348 0.00141768
65 0.0626128 0.00135826
85 0.0842014 0.00147076
90 0.0885704 0.0015041
93 0.0893253 0.00152124
82 0.064361 0.00139506
124 0.0903126 0.00145004
160 0.0996627 0.00136378
143 0.0764753 0.00138711
182 0.102891 0.00156817
122 0.0639377 0.0014119
169 0.0930604 0.0013595
103 0.0588349 0.00128664
87 0.061742 0.00148525
307 0.242564 0.00148128
75 0.0643756 0.00153534
76 0.071639 0.00156892
103 0.0957624 0.00138826
83 0.0905014 0.00150127
81 0.0888073 0.00143855
109 0.105727 0.00144969
82 0.0622984 0.00128589
98 0.0681666 0.00136745
124 0.0691188 0.00137397
150 0.0705051 0.0013621
206 0.0975279 0.00152338
172 0.0695 0.00128252
115 0.0554573 0.0014348
136 0.0624327 0.00143795
93 0.0416943 0.00137305
83 0.0482931 0.00153725
85 0.0508361 0.00141728
81 0.0519878 0.00152096
100 0.0596241 0.00149411
96 0.0531077 0.00145808
126 0.0610021 0.00142277
125 0.0671364 0.00159069
89 0.0437107 0.00144138
129 0.0544755 0.00140775
125 0.0516901 0.00148491
109 0.0517406 0.00163658
104 0.0421554 0.00131146
134 0.0514534 0.00136794
198 0.0742671 0.0014791
178 0.0671895 0.00141684
136 0.0569676 0.00145658
154 0.0698435 0.00153761
189 0.0785639 0.00160673
118 0.0475896 0.00148052
118 0.0536516 0.0014955
96 0.0458663 0.00141928
107 0.0677533 0.00147576
128 0.0882858 0.00154035
127 0.0776647 0.0014597
148 0.0831059 0.00141883
216 0.0978482 0.00142468
293 0.0893057 0.00146763
331 0.0654035 0.00139393
489 0.0828359 0.00136869
374 0.0635506 0.00138697
410 0.0657807 0.00129811
289 0.0486962 0.00134759
269 0.0447237 0.00136352
239 0.0397023 0.00138164
228 0.03777 0.00140346
187 0.0291979 0.00130667
259 0.0424424 0.0014192
147 0.019691 0.0012641
201 0.0291579 0.00136449
214 0.033349 0.00143685
171 0.0260605 0.00142546
195 0.0270403 0.00135102
212 0.0281432 0.00142392
245 0.0281269 0.00138339
300 0.0336613 0.00140173
289 0.0323148 0.00140122
235 0.025357 0.00137018
320 0.0364913 0.00145989
210 0.0249855 0.00144819
206 0.0254565 0.00140669
219 0.0250701 0.00133339
211 0.0241035 0.00136912
203 0.0231609 0.0014036
226 0.0244295 0.00138692
247 0.0281186 0.00143732
322 0.0375131 0.00143038
207 0.02227 0.00127128
176 0.0218496 0.00134567
194 0.0274134 0.00137856
173 0.0245948 0.0013835
183 0.0235786 0.00137253
230 0.0293079 0.00141853
197 0.0246637 0.00147112
212 0.0237716 0.00142324
284 0.0304703 0.00141177
232 0.0234471 0.00138917
257 0.0261093 0.00141481
232 0.023298 0.00141112
213 0.02286 0.00143868
232 0.0258429 0.00141904
187 0.0190447 0.00138026
206 0.0188306 0.00132623
308 0.0276107 0.00136482
291 0.0262656 0.00147144
312 0.0254292 0.00142701
286 0.0201154 0.00131254
374 0.0255493 0.00137505
407 0.025247 0.00139048
352 0.0207654 0.00136792
336 0.0199397 0.00130811
394 0.0236683 0.00135477
343 0.020075 0.0013747
345 0.0192722 0.00127969
387 0.0244534 0.0013747
252 0.0162497 0.00132445
239 0.0162941 0.00131796
255 0.0171343 0.00134548
294 0.0187499 0.00126178
277 0.0211866 0.00144351
247 0.017297 0.00138891
303 0.0187305 0.00129117
349 0.0238337 0.0014305
304 0.0202197 0.00134498
299 0.0188457 0.00131587
320 0.020793 0.00137786
233 0.0152595 0.00137569
265 0.016725 0.00138953
288 0.0167884 0.00136423
290 0.0168269 0.00133991
351 0.0236093 0.00141933
6661 0.443559 0.00141594
295 0.0181596 0.00133073
349 0.0232822 0.00137279
323 0.0202 0.00132458
316 0.0194302 0.00138724
423 0.0264474 0.00139803
318 0.0206018 0.00140503
288 0.0189638 0.00134183
339 0.0228191 0.00136492
311 0.0180348 0.00129375
272 0.0147959 0.00126954
318 0.0169173 0.00127733
329 0.0175275 0.00133473
410 0.0248914 0.00144632
264 0.0159171 0.00133552
272 0.0159829 0.00131482
355 0.0216034 0.00138084
321 0.019404 0.00135697
262 0.0179111 0.00136197
298 0.0251966 0.00142974
195 0.017367 0.00137109
227 0.0189705 0.00132124
219 0.0178958 0.00139515
274 0.0219855 0.00138225
310 0.0250441 0.00141484
226 0.017144 0.00134835
232 0.0171971 0.00132474
268 0.0212078 0.0013733
242 0.0200406 0.00137039
197 0.0181755 0.00140064
211 0.0200106 0.00135928
174 0.0168671 0.00139901
247 0.0243757 0.00143918
221 0.0236034 0.00149037
229 0.0229947 0.00137615
328 0.032813 0.00139566
287 0.0319333 0.00148345
249 0.0291766 0.00138871
166 0.0204181 0.00128866
178 0.0243968 0.00138332
205 0.0320703 0.00150295
173 0.0269699 0.00145877
180 0.0243282 0.00128006
290 0.0402267 0.0012962
300 0.0423587 0.00130486
227 0.0322675 0.00136395
318 0.0456578 0.00137812
317 0.0514328 0.00151179
338 0.046675 0.00141618
326 0.042727 0.00151663
290 0.0320246 0.00134331
296 0.0350017 0.00147808
195 0.0213688 0.00137753
171 0.0170773 0.00134614
702 0.0670484 0.00146766
223 0.0186989 0.00142763
249 0.0191586 0.00136567
288 0.0223183 0.00144282
265 0.0192345 0.00138117
4529 0.377769 0.00154694
285 0.0233681 0.00138663
216 0.0201629 0.00136759
350 0.0373382 0.00147788
226 0.0233181 0.00135569
198 0.0238461 0.00146114
269 0.0324082 0.00143022
231 0.0262733 0.00138482
198 0.0228001 0.00143084
264 0.0313599 0.00150242
224 0.0235853 0.0013604
270 0.0310903 0.0014778
621 0.0716982 0.00143488
220 0.0239569 0.00134042
256 0.0278597 0.00144932
204 0.0190927 0.00135106
641 0.0599505 0.00135298
252 0.0239323 0.00139363
283 0.0254578 0.00136611
276 0.0248649 0.00140836
278 0.0233323 0.00134855
282 0.0220334 0.00130921
322 0.0264112 0.00140169
196 0.0165469 0.00133561
202 0.0187502 0.00136477
239 0.0234337 0.00140944
179 0.0186749 0.00140029
160 0.0167411 0.00128952
192 0.0249481 0.0014877
158 0.0205276 0.00141655
174 0.0218334 0.0013706
214 0.0282795 0.00148594
152 0.0188139 0.00141405
162 0.0211459 0.00142833
177 0.0221603 0.0013944
205 0.023985 0.00143868
256 0.0267128 0.0014047
231 0.0233779 0.00144672
728 0.0709692 0.00143404
289 0.0298617 0.00141021
250 0.0274132 0.0014055
240 0.024657 0.00133624
272 0.0276997 0.00133074
242 0.0238097 0.00127131
280 0.0321848 0.001394
227 0.0259551 0.00130098
201 0.0248166 0.00135267
270 0.0352403 0.00144371
213 0.0261778 0.00136356
203 0.0226136 0.00127531
287 0.0343431 0.00137989
229 0.0276488 0.00133161
211 0.0262369 0.00137759
222 0.0271247 0.00140551
226 0.0269439 0.00131481
254 0.034683 0.00137111
215 0.0339243 0.00144102
164 0.0288557 0.00141661
173 0.0321402 0.00136287
166 0.037252 0.00147697
165 0.0428512 0.00146343
164 0.0461159 0.00142786
128 0.0400045 0.00147185
1067 0.337809 0.00154173
135 0.0382756 0.00141994
122 0.038765 0.00142111
147 0.0545768 0.00142854
101 0.0433656 0.0013452
108 0.0527895 0.00137628
131 0.0702369 0.00147279
108 0.061955 0.00144894
106 0.0643746 0.00141688
115 0.0706121 0.00143718
119 0.0798508 0.0014346
124 0.0967278 0.00153945
123 0.0857109 0.00152148
150 0.0815557 0.00134259
176 0.0898434 0.00145839
229 0.0889192 0.00131471
313 0.101037 0.00130427
494 0.141289 0.00133553
443 0.136474 0.0013847
438 0.152206 0.00130704
385 0.147428 0.00127939
559 0.258524 0.0013782
905 0.563861 0.00168288
1018 0.641459 0.0017298
1113 0.719243 0.00179027
1204 0.850174 0.00197955
1256 0.801041 0.00179118
1270 0.81677 0.00177537
1267 0.871532 0.00182311
1278 0.922652 0.00181943
1251 0.974914 0.00188359
1144 0.911982 0.00186852
1198 0.95005 0.00182339
1122 0.949692 0.00191961
1068 0.898712 0.00177428
1072 0.849105 0.00174271
1027 0.682204 0.001673
1091 0.86277 0.00173267
1087 0.915778 0.00179249
1391 0.935805 0.0016973
1441 0.877071 0.00166486
1623 1.04471 0.00187492
1681 0.937963 0.00176507
1657 0.870094 0.00173266
1825 1.07464 0.00197611
1813 0.926246 0.00180615
1711 0.775597 0.00169962
2002 0.943379 0.00186937
1905 0.759809 0.00169766
2094 0.773384 0.00172511
1997 0.660382 0.00168775
2318 0.69833 0.00176684
2538 0.561758 0.00163914
2523 0.453216 0.00170158
2861 0.443064 0.00171859
2655 0.426914 0.00172045
2258 0.427237 0.0016566
1614 0.345414 0.00155628
886 0.238407 0.00153067
446 0.182959 0.00156373
133 0.0725089 0.00150065
95 0.0501569 0.00136778
123 0.0613028 0.0014538
904 0.410408 0.00149222
166 0.0601616 0.00138708
172 0.0491166 0.00132481
180 0.0460777 0.00137603
168 0.0422349 0.00149424
215 0.0422816 0.00138083
221 0.038699 0.00142118
207 0.0352512 0.00143357
254 0.0440407 0.00148751
250 0.0369264 0.0013789
187 0.0245782 0.0013446
199 0.0271549 0.00143106
222 0.0299356 0.00139478
248 0.0336357 0.00140288
261 0.0308835 0.00140237
267 0.027175 0.00133116
298 0.0328598 0.00140841
243 0.0277374 0.00143164
248 0.0262415 0.00136866
272 0.0271398 0.00135447
271 0.026415 0.00133329
276 0.0285731 0.00140618
250 0.0261948 0.00144754
1863 0.185815 0.00145156
274 0.0272648 0.00143117
291 0.0271678 0.0013317
312 0.0282533 0.00140468
322 0.0291315 0.00142086
307 0.0273252 0.00134998
285 0.0267723 0.00145948
314 0.02759 0.0014606
379 0.0298797 0.00138173
448 0.0354668 0.00143983
436 0.03418 0.00142172
405 0.0314206 0.00144249
496 0.0362985 0.00141773
423 0.0348297 0.00150867
444 0.0359044 0.00142341
406 0.0337853 0.00145392
412 0.0368901 0.00149965
493 0.0455905 0.00152797
481 0.0441288 0.00154861
454 0.039736 0.00150368
556 0.0462682 0.00150608
500 0.0381907 0.00144498
433 0.0332478 0.00145998
451 0.0347693 0.00147728
485 0.0376268 0.00150265
550 0.0424483 0.0015241
519 0.0364276 0.00144206
560 0.0354819 0.00137757
588 0.0366014 0.00144461
533 0.0326648 0.00148913
626 0.0393766 0.00152155
549 0.0343363 0.00147207
527 0.032719 0.00144478
561 0.0332609 0.00145164
515 0.0277569 0.00139746
528 0.0302959 0.00146053
570 0.0337851 0.00152174
531 0.0297206 0.00147643
501 0.0273666 0.00141456
475 0.0264963 0.00137019
482 0.0284485 0.00142537
492 0.0291778 0.00147517
1124 0.0666569 0.00146029
429 0.0255781 0.00145614
480 0.0286113 0.00148982
5427 0.324116 0.00153537
454 0.0241186 0.00144016
502 0.0259301 0.001463
427 0.0217723 0.00146052
390 0.0196016 0.00145663
473 0.0240396 0.00146856
480 0.0246106 0.00144697
493 0.0262058 0.00148975
449 0.0238495 0.00144918
430 0.0209504 0.00136757
475 0.0237911 0.00144227
446 0.02172 0.00136177
532 0.026734 0.00142544
574 0.0290901 0.0014457
601 0.0298066 0.00141608
534 0.0285832 0.00149683
440 0.0234973 0.00148444
516 0.0255724 0.00138102
601 0.0324514 0.0014792
549 0.0279528 0.00138577
547 0.0304838 0.00145674
623 0.0359199 0.00151117
495 0.0262597 0.00136469
459 0.0270461 0.00136126
1218 0.0807747 0.00143231
456 0.0283717 0.00133805
2577 0.185454 0.00151139
407 0.0279247 0.0014079
439 0.0314667 0.00145156
452 0.0328983 0.00145488
406 0.0289842 0.00140581
391 0.0290422 0.00137522
432 0.0320955 0.00137933
414 0.0309032 0.00134686
439 0.0341215 0.0014149
395 0.0284068 0.00139383
424 0.0309064 0.0013901
457 0.0354702 0.00145042
412 0.0330861 0.00142766
471 0.0424067 0.00153608
425 0.0390884 0.00146159
365 0.0371352 0.00150843
424 0.0428537 0.00147869
357 0.0369653 0.00144271
333 0.0366674 0.00142427
357 0.0424405 0.00147758
309 0.0347709 0.00133413
291 0.0365028 0.0013861
343 0.0461897 0.00145847
298 0.0381988 0.00137261
256 0.0344867 0.00140981
316 0.0403804 0.00138727
342 0.0405116 0.00140577
296 0.0329517 0.00136399
295 0.0330743 0.00133676
291 0.0353135 0.00140809
2065 0.261916 0.00147985
249 0.0301877 0.001487
298 0.0317329 0.00136391
353 0.0359326 0.00139269
332 0.0293807 0.00127855
311 0.0278822 0.00140255
951 0.0793337 0.00138416
366 0.031178 0.00139416
450 0.0369089 0.00142238
400 0.0269038 0.00134242
441 0.0272343 0.00137992
528 0.0307692 0.00144185
584 0.0290625 0.00138715
592 0.0264085 0.00135936
644 0.0270524 0.00139522
636 0.0251664 0.00136647
593 0.0230794 0.00138214
532 0.0206811 0.00137652
453 0.0182356 0.00133785
543 0.0247063 0.00147103
437 0.0200406 0.00139814
450 0.0207634 0.00134143
1159 0.0586757 0.00144409
441 0.0221139 0.00143748
463 0.0217688 0.00140369
526 0.0254666 0.00141894
507 0.0229577 0.00136732
599 0.0278664 0.00151238
532 0.0221513 0.00139104
581 0.0253237 0.00140256
550 0.025297 0.00141445
438 0.0188244 0.00130264
1140 0.0539477 0.00142965
33430 1.64306 0.00150927
422 0.0176061 0.00134239
523 0.0222844 0.00142275
490 0.020417 0.00140622
567 0.0223515 0.0013553
603 0.0239625 0.00138259
481 0.0182552 0.00137772
1519 0.0575507 0.00137977
570 0.0221368 0.0014171
519 0.0187991 0.00137334
507 0.0184492 0.00138596
513 0.0182966 0.00137625
472 0.0168618 0.00139726
534 0.019788 0.00146072
476 0.0162337 0.00138905
424 0.0136265 0.00135862
563 0.0176307 0.00136399
488 0.0155416 0.00138186
453 0.0143548 0.00133573
469 0.0159365 0.00143056
537 0.0179897 0.00142934
8744 0.293426 0.00149251
470 0.0142846 0.0013868
485 0.014745 0.00136432
566 0.0172124 0.00135517
571 0.0187083 0.00139985
585 0.019526 0.00136374
585 0.0189367 0.00135153
618 0.0203143 0.00136857
18139 0.677086 0.00152986
542 0.0183405 0.00136487
574 0.0194648 0.00135992
1794 0.0633688 0.00147415
560 0.0185588 0.00139628
647 0.021535 0.0013989
631 0.0210553 0.00140025
615 0.0208222 0.00143474
730 0.0233555 0.0013808
597 0.0198031 0.00142616
636 0.0215184 0.0014704
778 0.0245636 0.00145049
698 0.020396 0.00142051
715 0.0200147 0.00136218
741 0.0201745 0.00137224
726 0.0192525 0.00136957
739 0.0206088 0.00142243
712 0.0188885 0.00136019
596 0.0168258 0.00141706
724 0.020018 0.00135303
605 0.0168409 0.00139472
585 0.0159627 0.00134557
753 0.0233221 0.00144333
682 0.0222044 0.00150436
672 0.0205727 0.00141206
608 0.0180645 0.00137425
613 0.0179523 0.00132985
746 0.0234451 0.00137199
663 0.0226851 0.00143815
685 0.0243164 0.00140112
696 0.0310545 0.00150904
571 0.0315626 0.00147989
497 0.0308057 0.00143627
420 0.0300977 0.00148444
436 0.0345861 0.00142064
444 0.041297 0.0014781
305 0.03179 0.00150631
324 0.0301041 0.00141583
490 0.0396281 0.00143084
488 0.0368269 0.00147752
532 0.0375516 0.00148213
443 0.0282067 0.00138832
412 0.0252799 0.00140388
484 0.0290575 0.00147495
377 0.0201577 0.00140543
422 0.0210993 0.00135242
432 0.0216425 0.00137196
397 0.0191476 0.00135659
500 0.0234282 0.00139379
669 0.0289143 0.00142078
539 0.0224741 0.00135233
531 0.0233245 0.001336
543 0.0237307 0.00137033
747 0.0309718 0.00137143
755 0.0314417 0.00139585
575 0.0256326 0.00140072
479 0.0230148 0.00133852
498 0.027991 0.00144148
441 0.0247484 0.00141618
426 0.0218908 0.00130246
513 0.0289008 0.00144237
463 0.0245124 0.00140452
403 0.0214668 0.00138898
353 0.0194661 0.00140014
364 0.0202454 0.001509
483 0.0227835 0.0013499
