1548 0.178659 0.00118141
1613 0.198341 0.00120633
1134 0.169014 0.00124967
1174 0.200091 0.0011901
1101 0.22113 0.00122177
1153 0.234823 0.00120903
986 0.174096 0.00116022
6994 1.01395 0.0011433
1643 0.196498 0.00117572
2304 0.223311 0.00115414
2289 0.181937 0.00111774
3114 0.233239 0.00113736
4307 0.296317 0.00115604
36676 2.35395 0.00116502
5360 0.344091 0.0011893
19690 1.35905 0.00117408
2268 0.189789 0.00118815
8138 0.658029 0.00110574
2596 0.196951 0.00112622
3404 0.26548 0.0011128
4312 0.36065 0.00111175
4970 0.413641 0.00111517
5844 0.5135 0.00112259
4318 0.45356 0.00112985
1934 0.255015 0.00119381
1769 0.268977 0.00127207
1307 0.200616 0.00126282
1254 0.192625 0.00125931
1203 0.187963 0.00120809
1346 0.218573 0.00117513
1383 0.238653 0.00118809
1651 0.271158 0.00114275
1765 0.291601 0.00113408
1884 0.298234 0.00110858
1520 0.215855 0.00112962
1881 0.233618 0.00115356
1950 0.231133 0.00113561
2205 0.239512 0.00112309
3132 0.273603 0.00109617
3947 0.299596 0.00110468
5035 0.35448 0.00110119
5254 0.39832 0.00110127
6004 0.519411 0.00111455
4744 0.49807 0.0011384
2292 0.318787 0.00118371
1862 0.321323 0.00120784
1411 0.280037 0.00122087
1191 0.240697 0.0012165
1423 0.267883 0.0012195
1402 0.232423 0.00120763
1311 0.217059 0.00119675
991 0.205765 0.00118765
967 0.232743 0.00112498
1206 0.321341 0.00115327
1274 0.350836 0.00116519
1449 0.383178 0.00117743
1329 0.36084 0.0011676
1289 0.332656 0.00116139
1451 0.317202 0.00118364
1382 0.283024 0.00115906
1349 0.319368 0.00118738
1098 0.312823 0.00118425
1394 0.311369 0.00116651
928 0.172903 0.00115579
1200 0.217987 0.00115195
1052 0.168041 0.00117441
1611 0.216722 0.00117447
1796 0.207506 0.00115853
1784 0.203661 0.00114685
2146 0.24455 0.00116611
2093 0.225111 0.001146
2267 0.233553 0.00113404
2273 0.265591 0.001177
2535 0.317329 0.00118288
2429 0.298411 0.00119491
2254 0.284196 0.00116973
2459 0.337478 0.00114398
1660 0.239889 0.00120088
1815 0.264403 0.00121099
2354 0.338413 0.00121304
1987 0.303964 0.00120132
1538 0.268367 0.00119628
1624 0.27536 0.00117959
2008 0.347623 0.00117418
2102 0.372155 0.0011874
2272 0.379504 0.00118985
2247 0.364564 0.00120275
2197 0.345647 0.0011802
2503 0.39795 0.00118533
1836 0.308942 0.00117876
1717 0.350627 0.00116996
1346 0.340632 0.00119139
1107 0.304509 0.00120385
1080 0.255218 0.00116244
1234 0.254472 0.00119132
1319 0.234383 0.00120078
1422 0.227703 0.00125026
1518 0.217754 0.00118461
1550 0.198353 0.00117657
1639 0.192018 0.00119276
2054 0.218884 0.00118817
2002 0.187733 0.00119676
2413 0.217078 0.00117705
2719 0.257794 0.00118882
3430 0.316496 0.00116842
3023 0.25767 0.00114605
2995 0.235089 0.00112654
3554 0.280432 0.00113336
3744 0.295961 0.00113155
2346 0.187149 0.00114161
2825 0.217526 0.00109324
1831 0.151825 0.00114286
2924 0.233113 0.00114949
3519 0.264074 0.00113915
2691 0.244529 0.0011865
2835 0.327799 0.0012012
2751 0.331358 0.00116618
2685 0.301458 0.00120852
3114 0.361521 0.00118447
3072 0.49538 0.00126705
3277 0.581982 0.0012605
3421 0.570965 0.00123342
3344 0.565393 0.00123751
3627 0.68067 0.00127036
2663 0.532626 0.00124995
1311 0.277981 0.0012038
1209 0.310614 0.0012048
1026 0.312666 0.00117655
1135 0.363117 0.00121646
1259 0.36684 0.00123647
1415 0.394398 0.00124209
1577 0.429075 0.00125278
1743 0.49109 0.00127645
1596 0.477251 0.00124516
702 0.215664 0.00121472
650 0.198294 0.00122192
825 0.219405 0.0012441
825 0.17474 0.00123292
1016 0.189032 0.00123218
1213 0.195371 0.00119742
1318 0.177957 0.00118339
1615 0.185157 0.0011458
2247 0.233245 0.00113689
2969 0.284224 0.00113621
2945 0.271883 0.00113092
2743 0.276788 0.00108341
2388 0.277713 0.00111425
2185 0.271359 0.00116817
2177 0.268015 0.00118209
3100 0.345896 0.00116108
4519 0.505217 0.00116664
3933 0.473979 0.00116773
2938 0.43079 0.00120054
2510 0.427407 0.0011465
1258 0.237667 0.00114736
1289 0.268881 0.0011778
1436 0.342303 0.00116713
1464 0.373319 0.00115954
1808 0.419678 0.00113886
1598 0.373421 0.0011881
1378 0.316619 0.00119994
1069 0.20861 0.00115361
1521 0.283311 0.00116736
1922 0.33535 0.00118108
2180 0.331868 0.00117397
2818 0.38179 0.00116293
3408 0.404483 0.00117314
4009 0.474763 0.00118599
3697 0.436062 0.00117508
1159 0.139776 0.00114829
1551 0.190292 0.00112388
776 0.096974 0.00115214
945 0.111402 0.00115653
916 0.0897927 0.00113647
977 0.0963073 0.00118309
1032 0.091237 0.00119599
928 0.0756775 0.00117895
999 0.0828828 0.00114976
4456 0.325238 0.00110072
1368 0.0964709 0.00113846
1518 0.10978 0.00115582
1570 0.109552 0.00114118
1720 0.123214 0.00115202
1816 0.145213 0.00112476
2058 0.188481 0.00113692
2309 0.215862 0.00112587
2779 0.267532 0.00112527
2339 0.29929 0.00112932
1700 0.375793 0.00112329
1011 0.35314 0.00117839
826 0.333172 0.00113243
771 0.379364 0.00115511
777 0.398218 0.00114289
1111 0.569246 0.00118767
1385 0.708557 0.00123746
1220 0.640205 0.00126265
1460 0.772002 0.00128114
272 0.15395 0.00117917
374 0.194822 0.00116491
470 0.164172 0.00112121
408 0.123826 0.00114668
462 0.127097 0.00117293
848 0.199855 0.00114754
882 0.172434 0.00116102
947 0.172963 0.00115774
1074 0.202123 0.00117076
1289 0.235356 0.00116826
708 0.14277 0.00118026
620 0.147635 0.00121542
396 0.102641 0.00117859
489 0.136482 0.00115501
614 0.151252 0.00116702
1806 0.412176 0.00113462
832 0.196291 0.00116695
922 0.161301 0.00116201
929 0.114273 0.00112339
1271 0.138037 0.00116327
802 0.0765083 0.0011368
837 0.0680721 0.00114268
1154 0.0891819 0.0011685
1187 0.0969904 0.0011877
1732 0.143749 0.00117212
1979 0.169759 0.001174
1564 0.157917 0.00121476
1301 0.147666 0.00119699
1184 0.151524 0.00119088
1200 0.190198 0.00120851
1200 0.222919 0.00118293
1550 0.274526 0.00115072
1266 0.249104 0.00115459
1190 0.264195 0.0011708
1166 0.224445 0.00116178
1620 0.295973 0.00116942
1977 0.338168 0.00120569
2080 0.358876 0.0012334
1045 0.19918 0.00121027
1131 0.222865 0.0011847
1545 0.312109 0.00119678
1423 0.261852 0.0011603
2130 0.342409 0.00114724
1105 0.20747 0.00117018
1081 0.229376 0.00116991
1421 0.255747 0.00116775
1787 0.263813 0.00118285
1179 0.152702 0.00119871
1016 0.11855 0.00114503
1130 0.11514 0.0011319
1092 0.0981101 0.00115608
1329 0.114838 0.00115648
1568 0.125252 0.00116479
2054 0.143956 0.00121426
1247 0.0799793 0.00118229
1655 0.102154 0.00118425
1608 0.091836 0.00113139
1444 0.086191 0.00114029
1701 0.107334 0.00113199
1275 0.0903929 0.00115961
5663 0.446419 0.00111577
1946 0.166812 0.00114627
2387 0.207211 0.00113524
2469 0.226903 0.00112804
2518 0.250322 0.00117988
2745 0.272518 0.00116784
1657 0.195497 0.00112839
1525 0.238314 0.00112923
1435 0.27336 0.00115135
992 0.246423 0.0011892
1419 0.399939 0.00122639
1264 0.345626 0.00119497
1197 0.323646 0.00121882
