0 4505
1 4505
2 4688
3 4874
4 4715
5 4614
6 4438
7 4538
8 4613
9 4586
10 4521
11 4491
12 4647
13 4624
14 4513
15 4705
16 4992
17 4980
18 4950
19 5093
20 5130
21 5472
22 5341
23 5268
24 5302
25 5074
26 4978
27 4819
28 4537
29 4452
30 4369
31 4258
32 4124
33 4040
34 3908
35 3783
36 3631
37 3545
38 3621
39 3721
40 3730
41 3851
42 3761
43 3936
44 4242
45 4415
46 4573
47 4545
48 4586
49 4903
50 4714
51 4743
52 4603
53 4729
54 4758
55 4903
56 4801
57 4907
58 4756
59 4597
60 4667
61 4719
62 4687
63 4875
64 4894
65 5010
66 5417
67 5664
68 5856
69 6124
70 6184
71 6180
72 6233
73 6608
74 6772
75 6993
76 7116
77 7199
78 7282
79 7417
80 7604
81 7603
82 7403
83 7393
84 7054
85 6786
86 6614
87 6689
88 6395
89 6347
90 6315
91 5998
92 5828
93 5909
94 6036
95 6149
96 6202
97 6345
98 6167
99 6045
100 5685
101 5483
102 5413
103 5448
104 5542
105 5696
106 5730
107 5884
108 6025
109 6139
110 5931
111 5816
112 5922
113 5845
114 5869
115 5859
116 5850
117 5952
118 6046
119 6050
120 5973
121 6041
122 6037
123 5989
124 5843
125 5942
126 6009
127 6108
128 5975
129 5866
130 5821
131 6009
132 5925
133 5992
134 5910
135 5929
136 5722
137 5681
138 5683
139 5515
140 5423
141 5361
142 5384
143 5285
144 5048
145 4961
146 4865
147 5015
148 5047
149 5070
150 5281
151 5088
152 5028
153 4874
154 5167
155 5235
156 5522
157 5369
158 5351
159 5494
160 5241
161 5305
162 5171
163 5335
164 5056
165 5031
166 4768
167 4872
168 4792
169 4598
170 4691
171 4655
172 4735
173 4726
174 4940
175 5093
176 5425
177 5414
178 5260
179 5201
180 5065
181 5302
182 5585
183 5770
184 5873
185 5744
186 5700
187 5761
188 5961
189 5970
190 5944
191 5866
192 5795
193 5678
194 5607
195 5579
196 5502
197 5319
198 5330
199 5190
200 4998
201 4794
202 4835
203 4756
204 4822
205 4760
206 4886
207 4935
208 4894
209 5097
210 5076
211 5213
212 4870
213 4476
214 4161
215 3786
216 3568
217 3946
218 4030
219 4195
220 4573
221 4618
222 4944
223 5001
224 5051
225 5017
226 5110
227 4966
228 4886
229 4684
230 4866
231 4789
232 4784
233 4733
234 4870
235 4594
236 4712
237 4707
238 4649
239 5015
240 5393
241 5352
242 5279
243 5536
244 5683
245 5529
246 5639
247 5811
248 5813
249 6084
250 6269
251 6476
252 6110
253 6097
254 6423
255 6477
256 6376
257 6426
258 6536
259 6535
260 6296
261 6061
262 5940
263 5632
264 5445
265 5315
266 5333
267 5227
268 5124
269 5162
270 5206
271 5030
272 5123
273 4985
274 5273
275 5035
276 4755
277 4749
278 4729
279 4543
280 4573
281 4699
282 4595
283 4746
284 4802
285 4588
286 4662
287 4674
288 4707
289 4735
290 4798
291 4720
292 4619
293 4546
294 4461
295 4424
296 4415
297 4361
298 4161
299 3956
300 3943
301 3897
302 3888
303 3803
304 3743
305 3560
306 3454
307 3402
308 3505
309 3421
310 3407
311 3353
312 3433
313 3222
314 3420
315 3514
316 3827
317 3745
318 3917
319 3813
320 4001
321 4168
322 4629
323 4981
324 4998
325 5255
326 5151
327 5340
328 5833
329 6043
330 6364
331 6622
332 6668
333 6834
334 6896
335 6813
336 6612
337 6276
338 6189
339 6101
340 5755
341 5704
342 5872
343 6142
344 6450
345 6679
346 6689
347 6412
348 6132
349 5745
350 5604
351 5613
352 5503
353 5444
354 5235
355 5372
356 5438
357 5279
358 5142
359 5082
360 4888
361 4776
362 4940
363 4961
364 4842
365 4838
366 4631
367 4586
368 4728
369 4492
370 4210
371 4123
372 3762
373 3584
374 3331
375 3526
376 3651
377 3966
378 3961
379 3838
380 3946
381 4075
382 4087
383 3979
384 4107
385 4260
386 4260
387 4397
388 4564
389 4716
390 4768
391 4780
392 4803
393 4956
394 4725
395 4930
396 5005
397 5008
398 5125
399 5113
400 5190
401 5244
402 5325
403 5399
404 5362
405 5364
406 5354
407 5361
408 5391
409 5074
410 5125
411 4978
412 4837
413 4917
414 5106
415 5158
416 5321
417 5264
418 5368
419 5534
420 5479
421 5518
422 5327
423 5368
424 5493
425 5340
426 5539
427 5697
428 5637
429 5604
430 5683
431 5501
432 5586
433 5773
434 5711
435 5764
436 5666
437 5718
438 5708
439 5772
440 5969
441 6095
442 6075
443 5948
444 5879
445 5637
446 5610
447 5691
448 5694
449 5471
450 5428
451 5465
452 5400
453 5421
454 5332
455 5337
456 5164
457 5368
458 5443
459 5136
460 5089
461 5097
462 5048
463 4750
464 4840
465 4837
466 4578
467 4716
468 4564
469 4331
470 4717
471 4618
472 4764
473 4752
474 4949
475 5173
476 5263
477 5528
478 5646
479 5774
480 5956
481 6191
482 6417
483 6505
484 6444
485 6526
486 6677
487 7030
488 7261
489 7621
490 7808
491 7750
492 7652
493 7480
494 7616
495 7477
496 7403
497 7372
498 7288
499 7242
500 7120
501 7126
502 7061
503 6641
504 6597
505 6690
506 6762
507 6979
508 7110
509 7116
510 7358
511 7345
512 7352
513 7526
514 7485
515 7559
516 7600
517 7738
518 7719
519 7744
520 8002
521 7939
522 7917
523 7745
524 7843
525 7990
526 7662
527 7648
528 7476
529 7236
530 7048
531 6977
532 6697
533 6564
534 6514
535 6400
536 6390
537 6233
538 6282
539 5993
540 6057
541 6009
542 5930
543 5824
544 5642
545 5680
546 5431
547 5382
548 5303
549 5306
550 5286
551 5073
552 4957
553 5050
554 5027
555 4955
556 5112
557 5218
558 5425
559 5542
560 5873
561 5983
562 5990
563 5996
564 5860
565 6008
566 6145
567 6040
568 5869
569 5843
570 5813
571 5621
572 5561
573 5506
574 5740
575 5633
576 5494
577 5323
578 4991
579 4944
580 4654
581 4605
582 4596
583 4756
584 4933
585 5001
586 5223
587 5356
588 5331
589 5262
590 5288
591 5430
592 5601
593 5768
594 5798
595 5861
596 6190
597 6504
598 6837
599 7058
600 6710
601 6451
602 6515
603 6662
604 6660
605 6470
606 6424
607 6379
608 6147
609 6331
610 6333
611 6568
612 6432
613 6448
614 6364
615 6082
616 6496
617 7301
618 7603
619 7319
620 7317
621 7080
622 7086
623 7286
624 7376
625 7213
626 7514
627 7149
628 7164
629 6881
630 6563
631 7009
632 7061
633 7098
634 6936
635 7453
636 7347
637 7200
638 6548
639 6509
640 6314
641 6324
642 6385
643 6319
644 6527
645 6503
646 6582
647 6084
648 5966
649 5769
650 5507
651 5260
652 5025
653 4984
654 5008
655 4759
656 4598
657 4762
658 4492
659 4592
660 4868
661 4726
662 4705
663 4653
664 4620
665 4748
666 4944
667 5009
668 5108
669 5208
670 5134
671 5216
672 4927
673 4526
674 4342
675 4305
676 4397
677 4435
678 4756
679 4728
680 4582
681 4420
682 4221
683 4059
684 4010
685 4012
686 3949
687 4192
688 3870
689 4042
690 3876
691 4060
692 4276
693 4318
694 4706
695 4721
696 4674
697 4913
698 4974
699 4905
700 4670
701 4733
702 4869
703 5030
704 5264
705 5230
706 5334
707 5358
708 5364
709 5322
710 5339
711 5327
712 5430
713 5486
714 5355
715 5087
716 4920
717 4778
718 4889
719 4940
720 4828
721 5058
722 5087
723 4799
724 4947
725 4995
726 4794
727 4969
728 4992
729 5116
730 4773
731 4874
732 4932
733 5112
734 5660
735 6370
736 6637
737 6762
738 6285
739 6247
740 6007
741 5797
742 5746
743 5781
744 5956
745 5904
746 6174
747 6368
748 6280
749 5847
750 5636
751 5335
752 5270
753 4966
754 4971
755 4835
756 4506
757 4676
758 4789
759 4958
760 5106
761 4845
762 4861
763 4575
764 4528
765 4476
766 4484
767 4613
768 4535
769 4611
770 4632
771 4842
772 4962
773 5156
774 5040
775 4913
776 5245
777 5282
778 5289
779 5328
780 5348
781 5237
782 5143
783 5037
784 5055
785 4949
786 4813
787 4790
788 4883
789 4848
790 5003
791 5137
792 5017
793 5016
794 5121
795 5077
796 5175
797 4984
798 5121
799 5279
800 5136
801 5357
802 5258
803 5280
804 5413
805 5368
806 5139
807 5143
808 5163
809 5043
810 5216
811 5155
812 5329
813 5164
814 5089
815 5104
816 5153
817 4941
818 5103
819 5053
820 5171
821 5038
822 4946
823 4968
824 4957
825 5028
826 5203
827 5103
828 5066
829 5414
830 5399
831 5389
832 5414
833 5475
834 5429
835 5394
836 5337
837 5362
838 5429
839 5516
840 5620
841 5747
842 6028
843 5887
844 5726
845 5781
846 5906
847 5816
848 5819
849 5415
850 5032
851 5024
852 4844
853 4719
854 4689
855 4546
856 4625
857 4405
858 4258
859 4087
860 3888
861 3794
862 3782
863 3619
864 3579
865 3406
866 3383
867 3381
868 3390
869 3514
870 3459
871 3482
872 3522
873 3492
874 3504
875 3462
876 3491
877 3569
878 3669
879 3747
880 3753
881 3645
882 3737
883 3782
884 3747
885 3778
886 3947
887 3919
888 3952
889 3858
890 3908
891 4079
892 4003
893 4195
894 4233
895 4215
896 4153
897 4326
898 4176
899 4281
900 4354
901 4352
902 4211
903 4186
904 4101
905 4202
906 4223
907 4209
908 4021
909 4071
910 4267
911 4222
912 4319
913 4222
914 4371
915 4464
916 4485
917 4670
918 4811
919 4997
920 5243
921 5311
922 5368
923 5247
924 5271
925 5210
926 5072
927 5056
928 5082
929 5025
930 5083
931 4929
932 4816
933 4586
934 4308
935 4125
936 3970
937 3844
938 3730
939 3681
940 3494
941 3562
942 3691
943 3650
944 3943
945 3981
946 3985
947 4061
948 3998
949 3796
950 3475
951 3495
952 3643
953 3792
954 3749
955 3856
956 4032
957 4208
958 4307
959 4770
960 5164
961 5415
962 6028
963 6608
964 7062
965 7228
966 7100
967 7101
968 6784
969 6730
970 6531
971 6417
972 6101
973 6027
974 5968
975 5929
976 5744
977 5775
978 5829
979 5852
980 6119
981 6098
982 6150
983 6339
984 6220
985 6170
986 6299
987 6125
988 6253
989 6274
990 6219
991 6256
992 6060
993 6161
994 6137
995 6091
996 6168
997 5943
998 6052
999 5949
1000 5661
1001 5633
1002 5482
1003 5374
1004 5353
1005 5325
1006 5532
1007 5132
1008 4871
1009 4832
1010 4720
1011 4601
1012 4629
1013 4332
1014 4283
1015 4176
1016 4141
1017 3842
1018 3823
1019 3734
1020 3796
1021 3664
1022 3700
1023 3552
1024 3585
1025 3554
1026 3562
1027 3624
1028 3834
1029 3748
1030 3857
1031 3943
1032 4193
1033 4382
1034 4515
1035 4592
1036 4688
1037 4738
1038 4856
1039 4939
1040 5122
1041 5440
1042 5397
1043 5576
1044 5756
1045 5578
1046 5548
1047 5641
1048 5882
1049 5829
1050 5786
1051 5469
1052 5387
1053 5203
1054 5105
1055 5239
1056 5148
1057 5013
1058 4736
1059 4649
1060 4513
1061 4447
1062 4316
1063 4328
1064 4232
1065 4157
1066 4206
1067 4346
1068 4345
1069 4267
1070 4329
1071 4344
1072 4314
1073 4285
1074 4418
1075 4629
1076 4642
1077 4993
1078 5464
1079 5689
1080 6003
1081 6146
1082 6484
1083 6418
1084 6312
1085 6203
1086 6215
1087 5978
1088 5589
1089 5657
1090 5960
1091 5844
1092 5666
1093 5542
1094 5774
1095 5494
1096 5543
1097 5674
1098 6169
1099 6447
1100 6963
1101 7217
1102 7281
1103 7069
1104 7200
1105 7296
1106 7171
1107 7054
1108 6954
1109 6906
1110 6795
1111 6626
1112 6655
1113 6547
1114 6350
1115 6200
1116 6160
1117 6001
1118 5811
1119 5649
1120 5597
1121 5311
1122 5331
1123 5132
1124 5287
1125 5393
1126 5158
1127 4945
1128 4677
1129 4264
1130 4144
1131 4043
1132 3922
1133 4044
1134 3945
1135 4046
1136 4139
1137 4122
1138 4567
1139 4409
1140 4223
1141 4169
1142 4130
1143 3987
1144 3869
1145 3869
1146 3584
1147 3573
1148 3399
1149 3226
1150 3381
1151 3490
1152 3695
1153 3905
1154 4242
1155 4573
1156 4610
1157 4688
1158 4647
1159 4478
1160 4166
1161 4137
1162 4136
1163 4006
1164 4082
1165 4090
1166 4142
1167 4140
1168 4118
1169 4048
1170 4004
1171 4176
1172 4305
1173 4302
1174 4338
1175 4369
1176 4496
1177 4534
1178 4710
1179 4736
1180 4767
1181 4640
1182 4563
1183 4526
1184 4756
1185 4679
1186 4750
1187 4616
1188 4500
1189 4898
1190 4976
1191 5103
1192 5277
1193 5247
1194 5460
1195 5466
1196 5630
1197 5497
1198 5639
1199 5854
1200 5664
1201 5869
1202 5704
1203 5690
1204 5614
1205 5565
1206 5499
1207 5549
1208 5484
1209 5698
1210 5620
1211 5777
1212 5841
1213 5899
1214 6038
1215 6074
1216 6452
1217 6254
1218 6213
1219 6269
1220 6163
1221 6248
1222 6392
1223 6049
1224 6051
1225 5896
1226 5994
1227 5869
1228 5811
1229 5608
1230 5557
1231 5625
1232 5430
1233 5552
1234 5373
1235 5540
1236 5605
1237 5405
1238 5543
1239 5436
1240 5431
1241 4973
1242 4734
1243 4650
1244 4473
1245 4500
1246 4433
1247 4162
1248 3917
1249 3686
1250 3325
1251 3478
1252 3628
1253 3659
1254 3578
1255 3628
1256 3992
1257 4081
1258 4376
1259 4505
1260 4850
1261 4899
1262 5340
1263 5460
1264 5520
1265 5768
1266 5698
1267 5838
1268 5944
1269 5566
1270 5329
1271 4904
1272 4480
1273 4008
1274 3741
1275 3659
1276 3425
1277 3319
1278 3357
1279 3335
1280 3405
1281 3392
1282 3568
1283 3393
1284 3578
1285 3559
1286 3736
1287 3964
1288 4124
1289 4259
1290 4469
1291 4732
1292 4766
1293 5185
1294 5470
1295 5438
1296 5629
1297 5567
1298 5760
1299 5772
1300 5845
1301 5715
1302 5782
1303 5806
1304 5887
1305 5820
1306 5840
1307 5800
1308 5592
1309 5475
1310 5565
1311 5546
1312 5397
1313 5480
1314 5096
1315 5097
1316 5115
1317 5330
1318 5466
1319 5450
1320 5418
1321 5285
1322 5356
1323 5620
1324 5833
1325 5847
1326 5750
1327 5639
1328 5552
1329 5548
1330 5329
1331 5320
1332 5422
1333 5563
1334 5438
1335 5481
1336 5246
1337 5115
1338 4662
1339 4573
1340 4504
1341 4599
1342 4871
1343 5023
1344 5263
1345 5255
1346 5308
1347 5367
1348 5181
1349 5364
1350 5552
1351 5546
1352 5607
1353 5755
1354 6120
1355 6817
1356 6815
1357 6647
1358 6593
1359 6615
1360 6885
1361 6759
1362 6437
1363 6397
1364 6136
1365 6223
1366 6456
1367 6327
1368 6379
1369 6346
1370 6359
1371 6289
1372 6237
1373 6903
1374 7689
1375 7496
1376 7299
1377 7084
1378 7072
1379 7356
1380 7520
1381 7279
1382 7507
1383 7406
1384 7101
1385 6849
1386 6807
1387 7103
1388 7066
1389 6934
1390 7230
1391 7428
1392 7221
1393 6779
1394 6670
1395 6265
1396 6321
1397 6428
1398 6323
1399 6376
1400 6452
1401 6303
1402 6023
1403 5886
1404 5669
1405 5362
1406 5000
1407 5030
1408 4975
1409 4879
1410 4706
1411 4662
1412 4525
1413 4697
1414 4915
1415 4692
1416 4670
1417 4601
1418 4638
1419 4914
1420 5015
1421 5040
1422 5174
1423 5199
1424 4977
1425 4829
1426 4510
1427 4343
1428 4423
1429 4514
1430 4643
1431 4828
1432 4552
1433 4298
1434 4213
1435 4186
1436 4147
1437 4125
1438 4088
1439 4068
1440 3961
1441 3862
1442 4252
1443 4278
1444 4600
1445 4696
1446 4893
1447 4850
1448 4900
1449 4768
1450 4630
1451 4811
1452 5105
1453 5099
1454 5141
1455 5282
1456 5477
1457 5509
1458 5301
1459 5404
1460 5519
1461 5456
1462 5194
1463 4927
1464 4757
1465 4906
1466 4950
1467 4847
1468 5016
1469 5095
1470 5019
1471 4945
1472 4941
1473 5121
1474 4928
1475 4919
1476 4868
1477 4709
1478 4991
1479 5724
1480 6408
1481 6736
1482 6579
1483 6314
1484 6028
1485 5829
1486 5783
1487 5676
1488 5800
1489 5927
1490 6115
1491 6404
1492 6089
1493 5900
1494 5327
1495 5154
1496 5043
1497 4947
1498 4842
1499 4601
1500 4557
1501 4665
1502 4934
1503 4969
1504 4849
1505 4697
1506 4378
1507 4421
1508 4463
1509 4578
1510 4647
1511 4542
1512 4625
1513 4883
1514 5196
1515 5076
1516 4920
1517 4900
1518 4874
1519 4942
1520 5033
1521 5132
1522 5136
1523 5118
1524 5182
1525 4980
1526 4935
1527 4944
1528 5052
1529 5017
1530 5024
1531 5067
1532 4975
1533 4974
1534 4898
1535 4919
1536 5002
1537 4968
1538 5045
1539 4924
1540 4927
1541 4944
1542 4903
1543 4945
1544 4986
1545 5090
1546 5120
1547 5027
1548 5065
1549 5184
1550 5199
1551 5136
1552 5162
1553 5275
1554 5272
1555 5324
1556 5400
1557 5457
1558 5619
1559 5659
1560 5650
1561 5630
1562 5697
1563 5850
1564 5747
1565 5809
1566 5646
1567 5909
1568 5817
1569 5741
1570 5741
1571 5387
1572 5382
1573 5275
1574 5029
1575 4815
1576 4633
1577 4572
1578 4658
1579 4731
1580 4741
1581 4814
1582 4599
1583 4689
1584 4887
1585 4877
1586 4688
1587 4519
1588 4533
1589 4298
1590 4483
1591 4566
1592 4492
1593 4760
1594 4726
1595 4775
1596 4729
1597 5055
1598 4820
1599 4754
1600 4599
1601 4709
1602 4474
1603 4423
1604 4457
1605 4317
1606 4429
1607 4365
1608 4473
1609 4262
1610 4184
1611 4204
1612 4110
1613 4073
1614 4142
1615 4251
1616 4262
1617 4407
1618 4443
1619 4351
1620 4251
1621 4163
1622 4035
1623 4053
1624 4548
1625 5022
1626 5443
1627 5911
1628 6055
1629 6084
1630 6066
1631 6208
1632 6480
1633 6742
1634 6874
1635 6584
1636 6138
1637 5970
1638 5355
1639 5420
1640 5385
1641 5241
1642 5390
1643 5470
1644 5377
1645 5309
1646 5397
1647 5644
1648 5563
1649 5578
1650 5550
1651 5545
1652 5363
1653 5242
1654 5148
1655 5027
1656 4887
1657 4643
1658 4472
1659 4396
1660 4346
1661 4247
1662 4164
1663 4273
1664 4231
1665 3912
1666 3691
1667 3694
1668 3939
1669 3806
1670 3955
1671 3727
1672 3885
1673 4078
1674 4459
1675 4764
1676 4789
1677 4521
1678 4628
1679 4439
1680 4361
1681 4392
1682 4524
1683 4409
1684 4590
1685 4395
1686 4537
1687 4398
1688 4408
1689 4703
1690 4722
1691 4779
1692 4667
1693 4388
1694 4334
1695 4253
1696 4270
1697 4177
1698 4192
1699 4081
1700 4144
1701 4179
1702 4232
1703 4434
1704 4535
1705 4669
1706 4482
1707 4592
1708 4351
1709 4210
1710 4235
1711 4181
1712 4195
1713 4260
1714 4195
1715 4329
1716 4522
1717 4742
1718 4394
1719 4447
1720 4470
1721 4411
1722 4576
1723 4441
1724 4523
1725 4560
1726 4239
1727 3892
1728 3948
1729 4232
1730 4237
1731 4216
1732 3907
1733 3904
1734 3772
1735 4205
1736 4283
1737 4440
1738 4283
1739 4246
1740 4153
1741 3944
1742 3942
1743 3856
1744 4177
1745 4355
1746 4422
1747 4419
1748 4269
1749 4135
1750 4067
1751 4086
1752 4051
1753 4069
1754 4288
1755 4597
1756 4835
1757 4982
1758 4951
1759 5259
1760 5304
1761 5369
1762 5460
1763 5404
1764 5796
1765 6054
1766 6299
1767 6428
1768 6886
1769 7035
1770 6795
1771 6915
1772 7005
1773 7034
1774 7250
1775 7593
1776 7651
1777 7585
1778 7638
1779 7706
1780 7971
1781 8017
1782 7800
1783 7461
1784 7484
1785 7125
1786 6908
1787 6747
1788 6715
1789 6677
1790 6697
1791 6796
1792 6804
1793 7037
1794 7014
1795 6787
1796 6692
1797 6572
1798 6504
1799 6869
1800 6877
1801 7080
1802 7151
1803 7199
1804 7319
1805 7337
1806 7471
1807 7586
1808 7585
1809 7754
1810 7650
1811 7553
1812 7195
1813 6971
1814 7079
1815 6969
1816 7083
1817 6860
1818 6712
1819 6836
1820 6895
1821 6866
1822 6962
1823 6861
1824 7199
1825 7057
1826 7277
1827 7428
1828 7457
1829 7574
1830 7863
1831 7881
1832 7997
1833 7784
1834 7676
1835 7338
1836 7119
1837 7111
1838 7058
1839 7082
1840 6637
1841 6421
1842 6494
1843 6556
1844 6481
1845 6618
1846 6695
1847 6673
1848 6681
1849 6568
1850 6519
1851 6592
1852 6494
1853 6497
1854 6613
1855 6747
1856 6573
1857 6462
1858 6424
1859 6419
1860 6293
1861 6134
1862 6277
1863 6121
1864 6133
1865 6084
1866 5789
1867 5573
1868 5269
1869 5250
1870 5397
1871 5338
1872 5413
1873 5445
1874 5217
1875 5397
1876 5409
1877 5567
1878 5366
1879 5469
1880 5331
1881 5566
1882 5454
1883 4997
1884 4643
1885 4787
1886 5124
1887 5351
1888 5609
1889 5963
1890 5908
1891 5557
1892 5587
1893 5704
1894 5773
1895 5995
1896 6238
1897 6093
1898 5893
1899 6035
1900 6079
1901 6074
1902 6014
1903 6533
1904 6825
1905 6998
1906 6897
1907 6924
1908 6933
1909 6859
1910 6765
1911 6602
1912 6306
1913 6010
1914 5899
1915 5657
1916 5270
1917 5113
1918 4795
1919 4592
1920 4813
1921 4838
1922 4751
1923 4776
1924 4798
1925 4927
1926 4696
1927 4655
1928 4634
1929 4630
1930 4639
1931 4853
1932 4649
1933 4796
1934 4653
1935 4756
1936 4895
1937 5044
1938 5062
1939 4963
1940 5073
1941 5149
1942 5285
1943 5408
1944 5629
1945 5843
1946 5767
1947 5702
1948 5938
1949 5978
1950 5930
1951 6214
1952 6213
1953 6527
1954 6491
1955 6549
1956 6544
1957 6332
1958 6093
1959 6142
1960 6313
1961 6361
1962 6340
1963 6538
1964 6489
1965 6530
1966 6282
1967 6351
1968 6343
1969 6345
1970 6509
1971 6525
1972 6553
1973 6376
1974 6635
1975 6684
1976 6634
1977 6676
1978 6443
1979 6661
1980 6339
1981 6299
1982 6467
1983 6456
1984 6360
1985 6640
1986 6205
1987 6251
1988 6008
1989 5967
1990 6013
1991 5824
1992 5782
1993 5615
1994 5587
1995 5642
1996 5723
1997 5247
1998 5129
1999 5054
2000 5066
2001 5190
2002 5150
2003 5346
2004 5339
2005 5465
2006 5629
2007 5901
2008 5697
2009 5732
2010 5800
2011 5985
2012 5898
2013 5792
2014 5844
2015 5728
2016 5819
2017 5623
2018 5620
2019 5736
2020 6243
2021 6548
2022 6652
2023 6812
2024 7194
2025 7140
2026 7120
2027 6807
2028 6785
2029 7077
2030 6555
2031 6744
2032 6812
2033 6982
2034 7128
2035 7350
2036 6914
2037 6753
2038 6782
2039 7009
2040 6984
2041 6927
2042 6625
2043 6617
2044 6510
2045 6467
2046 6150
2047 6186
2048 6161
2049 6055
2050 6045
2051 6082
2052 6206
2053 6074
2054 6161
2055 6109
2056 6326
2057 6506
2058 6743
2059 6778
2060 6920
2061 7002
2062 7002
2063 6766
2064 6396
2065 6178
2066 6143
2067 5972
2068 6135
2069 6268
2070 6271
2071 6369
2072 6304
2073 6299
2074 6404
2075 6379
2076 6216
2077 6241
2078 6164
2079 6192
2080 6118
2081 6085
2082 6159
2083 6107
2084 6290
2085 6119
2086 6247
2087 5997
2088 6050
2089 5995
2090 5993
2091 5943
2092 5946
2093 5854
2094 5902
2095 5812
2096 5855
2097 5700
2098 5694
2099 5728
2100 5621
2101 5460
2102 5434
2103 5390
2104 5394
2105 5140
2106 5261
2107 5249
2108 5101
2109 4857
2110 4773
2111 4774
2112 4795
2113 4643
2114 4601
2115 4407
2116 4230
2117 4033
2118 4037
2119 3836
2120 3928
2121 3848
2122 3838
2123 3970
2124 3899
2125 3980
2126 3927
2127 3944
2128 3853
2129 3744
2130 3729
2131 3853
2132 3782
2133 3762
2134 3637
2135 3571
2136 3571
2137 3427
2138 3454
2139 3414
2140 3420
2141 3412
2142 3351
2143 3430
2144 3493
2145 3535
2146 3606
2147 3680
2148 3553
2149 3315
2150 3529
2151 3499
2152 3532
2153 3468
2154 3444
2155 3700
2156 3671
2157 3829
2158 3960
2159 4244
2160 4203
2161 4449
2162 4553
2163 4801
2164 4838
2165 4780
2166 4761
2167 4660
2168 4539
2169 4347
2170 4177
2171 4441
2172 4533
2173 4637
2174 4623
2175 4512
2176 4463
2177 4433
2178 4724
2179 4638
2180 4601
2181 4721
2182 5082
2183 5104
2184 5307
2185 5247
2186 5629
2187 5777
2188 5773
2189 5993
2190 6053
2191 6226
2192 6568
2193 6514
2194 6873
2195 6796
2196 6947
2197 6764
2198 6475
2199 6369
2200 6317
2201 6232
2202 6025
2203 6115
2204 6234
2205 6146
2206 5922
2207 5648
2208 5847
2209 6142
2210 6340
2211 6677
2212 6632
2213 6514
2214 6168
2215 6018
2216 5955
2217 5558
2218 5240
2219 5102
2220 5088
2221 5096
2222 4993
2223 5092
2224 5105
2225 5282
2226 5254
2227 5402
2228 5415
2229 5197
2230 5531
2231 5714
2232 5337
2233 5084
2234 5113
2235 5272
2236 5234
2237 5230
2238 5446
2239 5477
2240 5587
2241 5440
2242 5549
2243 5510
2244 5512
2245 5392
2246 5731
2247 5352
2248 5332
2249 5409
2250 5598
2251 5171
2252 5157
2253 5326
2254 5065
2255 4863
2256 4999
2257 5006
2258 5272
2259 5430
2260 5603
2261 5769
2262 5454
2263 5199
2264 5250
2265 5115
2266 4856
2267 4672
2268 4593
2269 4542
2270 4466
2271 4395
2272 4395
2273 4390
2274 4377
2275 4327
2276 4541
2277 4696
2278 5013
2279 5079
2280 5176
2281 5447
2282 5682
2283 5680
2284 5710
2285 5764
2286 5717
2287 5504
2288 5439
2289 5465
2290 5732
2291 5859
2292 5532
2293 5438
2294 5755
2295 5684
2296 5647
2297 5701
2298 5738
2299 5787
2300 5593
2301 5662
2302 5655
2303 5574
2304 5493
2305 5503
2306 5549
2307 5382
2308 5565
2309 5425
2310 5301
2311 5277
2312 5356
2313 5423
2314 5451
2315 5530
2316 5565
2317 5471
2318 5504
2319 5416
2320 5477
2321 5337
2322 5425
2323 5307
2324 5294
2325 5270
2326 5443
2327 5442
2328 5401
2329 5342
2330 5374
2331 5175
2332 5222
2333 5214
2334 5276
2335 5427
2336 5464
2337 5472
2338 5397
2339 5485
2340 5443
2341 5457
2342 5470
2343 5466
2344 5476
2345 5477
2346 5513
2347 5508
2348 5484
2349 5501
2350 5430
2351 5470
2352 5469
2353 5434
2354 5489
2355 5472
2356 5536
2357 5548
2358 5354
2359 5214
2360 5227
2361 5300
2362 5354
2363 5355
2364 5448
2365 5522
2366 5545
2367 5527
2368 5552
2369 5497
2370 5470
2371 5508
2372 5496
2373 5435
2374 5543
2375 5484
2376 5500
2377 5477
2378 5577
2379 5446
2380 5385
2381 5389
2382 5484
2383 5465
2384 5433
2385 5519
2386 5416
2387 5390
2388 5342
2389 5248
2390 5260
2391 4988
2392 4973
2393 5155
2394 5260
2395 5223
2396 5272
2397 5384
2398 5432
2399 5520
2400 5318
2401 5397
2402 5278
2403 5304
2404 5226
2405 5294
2406 5370
2407 5171
2408 5271
2409 5349
2410 5162
2411 5180
2412 5255
2413 5270
2414 5291
2415 5217
2416 5205
2417 5286
2418 5291
2419 5217
2420 5253
2421 5278
2422 5029
2423 5052
2424 5096
2425 5183
2426 5090
2427 5002
2428 4888
2429 4782
2430 4559
2431 4429
2432 4396
2433 4342
2434 4236
2435 4199
2436 4086
2437 3916
2438 3916
2439 3633
2440 3593
2441 3566
2442 3597
2443 3601
2444 3670
2445 3753
2446 4052
2447 4229
2448 4286
2449 4430
2450 4549
2451 4736
2452 4792
2453 4709
2454 4597
2455 4617
2456 4621
2457 4501
2458 4605
2459 4666
2460 4524
2461 4512
2462 4584
2463 4626
2464 4565
2465 4635
2466 4763
2467 4901
2468 5527
2469 5565
2470 5715
2471 5957
2472 5950
2473 6093
2474 6352
2475 6555
2476 6674
2477 6916
2478 7096
2479 7059
2480 6974
2481 7331
2482 7343
2483 7327
2484 7165
2485 6947
2486 6473
2487 6383
2488 6482
2489 6375
2490 6070
2491 6147
2492 5837
2493 5825
2494 5750
2495 5976
2496 5879
2497 5838
2498 5877
2499 5719
2500 5455
2501 5447
2502 5429
2503 5241
2504 5263
2505 5464
2506 5816
2507 5851
2508 5803
2509 5635
2510 5777
2511 5891
2512 5852
2513 5991
2514 5954
2515 6026
2516 6100
2517 6025
2518 5910
2519 5886
2520 5663
2521 5468
2522 5488
2523 5334
2524 5190
2525 5004
2526 4915
2527 4748
2528 4893
2529 5183
2530 5375
2531 5560
2532 5595
2533 5894
2534 5982
2535 6485
2536 6540
2537 6851
2538 6856
2539 6676
2540 6623
2541 6248
2542 6628
2543 6603
2544 6485
2545 6614
2546 6230
2547 5898
2548 5562
2549 5198
2550 5125
2551 5081
2552 5530
2553 5897
2554 5868
2555 5503
2556 5496
2557 5751
2558 5631
2559 5587
2560 5857
2561 5515
2562 5373
2563 4671
2564 4558
2565 4342
2566 4323
2567 4338
2568 4220
2569 4302
2570 4409
2571 4732
2572 4918
2573 5068
2574 5178
2575 5346
2576 5507
2577 5599
2578 5503
2579 5408
2580 5052
2581 5108
2582 5052
2583 5063
2584 5130
2585 4903
2586 5043
2587 4931
2588 5056
2589 5161
2590 5598
2591 5532
2592 5462
2593 5549
2594 5447
2595 5577
2596 5608
2597 5733
2598 5942
2599 5838
2600 5785
2601 5960
2602 5823
2603 5605
2604 5149
2605 5005
2606 4853
2607 4750
2608 4494
2609 4453
2610 4119
2611 4088
2612 3617
2613 3520
2614 3364
2615 3285
2616 3189
2617 3207
2618 3184
2619 3071
2620 3108
2621 3090
2622 3200
2623 3197
2624 3230
2625 3232
2626 3392
2627 3127
2628 2747
2629 2030
2630 1935
2631 2085
2632 2071
2633 2186
2634 2370
2635 2669
2636 2951
2637 3225
2638 3860
2639 4290
2640 4657
2641 5194
2642 5179
2643 5170
2644 5334
2645 5260
2646 5308
2647 5221
2648 5279
2649 5285
2650 5087
2651 5157
2652 5206
2653 5344
2654 5423
2655 5765
2656 5574
2657 5680
2658 5742
2659 5803
2660 5733
2661 5299
2662 5145
2663 4779
2664 4897
2665 4626
2666 4314
2667 4227
2668 4017
2669 3957
2670 3850
2671 3872
2672 3825
2673 3876
2674 3706
2675 3627
2676 3413
2677 3420
2678 3461
2679 3638
2680 3570
2681 3785
2682 3822
2683 3816
2684 3786
2685 3958
2686 4039
2687 4068
2688 4073
2689 4111
2690 4175
2691 4018
2692 4293
2693 4371
2694 4413
2695 4399
2696 4762
2697 4788
2698 4849
2699 4745
2700 4750
2701 4656
2702 4780
2703 5014
2704 5105
2705 5499
2706 5541
2707 5784
2708 6217
2709 6474
2710 6683
2711 6698
2712 6199
2713 5726
2714 5565
2715 5184
2716 5026
2717 4564
2718 4477
2719 4243
2720 4161
2721 4218
2722 4194
2723 4534
2724 4758
2725 5000
2726 5215
2727 5480
2728 5667
2729 5731
2730 5547
2731 5549
2732 5055
2733 4850
2734 4660
2735 4616
2736 4193
2737 4028
2738 4101
2739 4012
2740 3870
2741 3781
2742 3567
2743 3768
2744 3925
2745 3955
2746 4007
2747 4205
2748 4288
2749 4121
2750 4346
2751 4447
2752 4393
2753 4420
2754 4612
2755 4732
2756 4897
2757 5146
2758 5063
2759 5062
2760 4993
