0 5220
1 5220
2 5441
3 5469
4 5348
5 5213
6 5173
7 5156
8 5009
9 4978
10 4995
11 5023
12 5276
13 5311
14 5439
15 5386
16 5310
17 5394
18 5649
19 5608
20 5700
21 5882
22 5851
23 5988
24 5806
25 5704
26 5448
27 5622
28 5530
29 5747
30 5784
31 5744
32 5738
33 5673
34 5637
35 5725
36 5804
37 6374
38 5934
39 5815
40 5786
41 5919
42 6039
43 6294
44 6441
45 6368
46 6599
47 6586
48 6823
49 6543
50 6677
51 6463
52 6663
53 6597
54 6337
55 6114
56 6364
57 6604
58 7019
59 7121
60 7401
61 6937
62 6593
63 6062
64 5916
65 6111
66 5940
67 5634
68 5782
69 5509
70 5057
71 4569
72 4302
73 4412
74 4549
75 4436
76 4214
77 4256
78 4243
79 4379
80 4225
81 4372
82 4423
83 4133
84 4468
85 4537
86 4326
87 4459
88 4395
89 4398
90 4431
91 4351
92 4166
93 4083
94 4053
95 3989
96 3935
97 4056
98 4116
99 3905
100 3982
101 4176
102 4247
103 4170
104 4046
105 3856
106 3851
107 4007
108 3977
109 4164
110 4329
111 4202
112 4266
113 4079
114 4047
115 3975
116 3959
117 3963
118 3942
119 4061
120 4184
121 4429
122 4312
123 4477
124 4930
125 4965
126 4814
127 4943
128 5070
129 5174
130 5121
131 5157
132 5183
133 5277
134 5320
135 5471
136 5643
