0 4192
1 4192
2 4257
3 4148
4 4110
5 4118
6 4044
7 3964
8 4270
9 4237
10 4424
11 4569
12 4701
13 4753
14 5071
15 5224
16 5483
17 5524
18 6126
19 6070
20 6128
21 5746
22 5569
23 5372
24 5215
25 5173
26 5054
27 4757
28 4605
29 4562
30 4440
31 4531
32 4515
33 4870
34 4965
35 4687
36 4814
37 4903
38 4756
39 4718
40 4383
41 4427
42 4361
43 4797
44 4941
45 5213
46 4842
47 4854
48 4639
49 4672
50 4557
51 4434
52 4359
53 4160
54 3930
55 4042
56 3969
57 4063
58 3966
59 3950
60 3893
61 3819
62 3995
63 3960
64 3959
65 4084
66 4079
67 4319
68 4420
69 4608
70 4734
71 5256
72 5750
73 6048
74 6215
75 6768
76 7019
77 7289
78 7462
79 7406
80 7815
81 7843
82 7681
83 7882
84 8045
85 7853
86 7979
87 8180
88 7956
89 7720
90 7422
91 7516
92 7143
93 6736
94 6265
95 5872
96 5388
97 4952
98 4898
99 4367
100 3894
101 3765
102 3647
103 3547
104 3157
105 3321
106 3285
107 3281
108 2894
109 2890
110 2796
111 2625
112 2758
113 2845
114 2927
115 3009
116 3194
117 3501
118 3777
119 4123
120 4204
121 4066
122 3954
123 3743
124 3828
125 3814
126 3593
127 3235
128 2989
129 2931
130 2941
131 3093
132 3029
133 3642
134 3965
135 4062
136 4163
137 3952
138 4115
139 4452
140 4554
141 4842
142 5067
143 4999
144 5403
145 6282
146 6248
147 6317
148 5915
149 5812
150 5757
151 5279
152 5432
153 5859
154 5490
155 5112
156 4816
157 4468
158 4490
159 4096
160 3972
161 3514
162 3210
163 3059
164 2962
165 2991
166 3208
167 3271
168 3395
169 3326
170 3218
171 3044
172 2977
173 3060
174 2963
175 2889
176 2985
177 3074
178 3089
179 3177
180 3152
181 3390
182 3459
183 3642
184 3855
185 3636
186 3326
187 3174
188 3279
189 3079
190 3283
191 3374
192 3781
193 4198
194 4685
195 5283
196 5629
197 5829
198 6488
199 7245
200 7550
201 7937
202 8229
203 8749
204 8803
205 9002
206 8788
207 9015
208 9196
209 9025
210 8668
211 8516
212 7842
213 7420
214 7099
215 6577
216 6117
217 5764
218 5758
219 5712
220 5355
221 5328
222 5696
223 5848
224 5953
225 5991
226 6380
227 6193
228 6013
229 6088
230 5919
231 5806
232 5920
233 5768
234 5538
235 5252
236 5650
237 5800
238 5787
239 5930
240 5795
241 5734
242 6098
243 6124
244 6071
245 5990
246 6088
247 6239
248 6180
249 6186
250 6021
251 6296
252 6591
253 6326
254 6500
255 6593
256 6716
257 6878
258 6962
259 7157
260 7120
261 7635
262 7717
263 7361
264 7523
265 7976
266 8310
267 8115
268 8045
269 8283
270 8173
