0.000000 0.000000 0.000000 0.000000
0.263111 2.998350 0.106448 -2.081220
0.918881 5.900160 0.263724 -3.852360
1.970020 8.659130 0.176603 -3.423750
3.440740 11.289100 -0.020492 -0.474534
5.230050 13.642700 0.268819 2.506130
7.280450 15.672400 0.871024 5.411270
9.537540 17.350500 1.871960 8.227700
12.080800 18.734400 3.274030 10.777900
14.772600 19.765700 4.984450 13.120500
17.668200 20.597400 6.971520 15.413000
20.663100 21.098600 9.187330 17.544300
23.858500 21.383700 11.639000 19.543300
27.136700 21.400100 14.352900 21.391000
30.542200 21.220700 17.238700 23.147800
34.012300 20.935400 20.481200 24.956700
37.587600 20.494800 23.861600 26.724900
41.444000 19.985400 27.263300 28.468100
45.416200 19.402800 30.804200 30.355500
49.573300 18.764500 34.530100 32.314800
53.969800 18.061000 38.408900 34.342600
58.535000 17.344600 42.350100 36.536500
63.268500 16.610400 46.552900 38.781200
68.128200 15.902700 50.944900 41.139400
73.155200 15.152800 55.323800 43.550300
78.290000 14.357300 59.778600 46.035300
83.620600 13.558900 64.616000 48.592600
89.037600 12.748800 69.416100 51.094000
94.617200 11.922200 74.070400 53.808100
100.297000 10.970800 79.107300 56.520500
106.082000 9.896110 84.535100 59.060000
111.886000 8.779030 89.990100 61.628200
117.778000 7.501420 95.561300 64.032200
123.739000 6.105920 101.239000 66.162700
129.759000 4.586310 107.206000 68.160200
135.818000 2.981790 112.774000 70.229200
141.946000 1.321710 118.921000 72.358900
148.166000 -0.486941 125.003000 74.440500
154.377000 -2.399440 131.049000 76.309200
160.665000 -4.411790 137.336000 78.097800
166.981000 -6.583140 143.767000 80.017000
173.383000 -8.787060 150.314000 81.839100
179.810000 -11.122000 156.861000 83.650400
186.379000 -13.571600 163.522000 85.506300
192.770000 -16.087900 170.419000 87.061500
199.353000 -18.696600 176.607000 88.789600
205.902000 -21.419400 183.600000 90.721600
212.479000 -24.222700 190.520000 92.725900
219.079000 -27.111600 197.499000 94.610200
225.627000 -30.115800 204.003000 96.484800
232.223000 -33.143100 210.868000 98.338200
238.727000 -36.238200 218.031000 100.251000
245.225000 -39.450300 225.053000 102.152000
251.680000 -42.656900 232.004000 104.128000
258.030000 -45.990600 239.071000 105.607000
264.507000 -49.480100 246.503000 107.023000
270.936000 -53.005100 253.691000 108.576000
277.319000 -56.628200 261.029000 109.892000
283.796000 -60.385000 268.290000 111.298000
290.259000 -64.279600 275.792000 112.458000
296.898000 -68.260800 283.184000 113.648000
303.532000 -72.336400 290.805000 114.880000
310.263000 -76.513000 298.847000 116.082000
316.974000 -80.890200 306.194000 117.423000
323.607000 -85.387700 313.987000 118.625000
330.207000 -89.970400 321.783000 119.696000
336.798000 -94.715800 329.903000 120.406000
343.415000 -99.580200 337.983000 121.000000
349.896000 -104.496000 346.323000 121.351000
356.347000 -109.499000 354.517000 121.679000
362.852000 -114.586000 362.601000 121.595000
369.748000 -120.182000 370.730000 121.370000
375.779000 -125.134000 378.877000 120.910000
382.207000 -130.638000 386.957000 120.309000
388.368000 -135.854000 395.089000 119.753000
394.562000 -141.287000 403.096000 119.028000
400.682000 -146.760000 411.102000 118.255000
406.860000 -152.370000 419.158000 117.352000
412.870000 -157.933000 427.187000 116.481000
418.944000 -163.510000 435.083000 115.600000
424.838000 -169.068000 443.114000 114.660000
430.875000 -174.830000 451.034000 113.754000
436.743000 -180.434000 459.167000 112.832000
442.745000 -186.029000 466.969000 111.831000
448.675000 -191.517000 474.879000 110.819000
454.622000 -196.955000 482.791000 109.906000
460.556000 -202.362000 490.685000 109.032000
466.569000 -207.780000 498.455000 108.096000
472.448000 -213.029000 506.321000 107.520000
478.485000 -218.426000 514.306000 106.918000
484.449000 -223.679000 522.362000 106.164000
490.463000 -228.974000 530.084000 105.615000
496.555000 -234.343000 538.208000 105.225000
502.697000 -239.775000 545.879000 104.795000
508.717000 -245.079000 553.933000 104.619000
514.662000 -250.399000 561.799000 104.306000
520.697000 -255.705000 569.918000 104.004000
526.695000 -261.056000 577.857000 103.701000
532.684000 -266.327000 585.866000 103.484000
538.725000 -271.681000 593.770000 103.124000
544.680000 -276.959000 601.755000 103.056000
550.860000 -282.422000 609.298000 102.760000
556.784000 -287.734000 617.352000 102.586000
562.735000 -293.026000 625.428000 102.410000
568.668000 -298.282000 632.942000 102.070000
574.634000 -303.589000 640.997000 102.017000
580.655000 -308.876000 649.026000 101.844000
586.630000 -314.157000 656.751000 101.917000
592.567000 -319.379000 664.766000 101.736000
598.636000 -324.632000 672.600000 101.529000
604.396000 -329.771000 680.493000 101.301000
610.451000 -334.995000 688.361000 101.170000
616.454000 -340.253000 696.316000 101.021000
622.304000 -345.271000 704.247000 100.870000
628.334000 -350.543000 712.059000 100.845000
634.422000 -355.734000 720.242000 100.682000
640.463000 -360.849000 728.151000 100.506000
646.530000 -366.022000 735.995000 100.439000
652.653000 -371.136000 743.815000 100.319000
658.823000 -376.295000 751.811000 100.084000
664.856000 -381.366000 759.595000 99.948300
670.911000 -386.434000 767.590000 99.829100
677.033000 -391.573000 775.625000 99.640800
683.044000 -396.621000 783.298000 99.365700
689.122000 -401.708000 791.203000 99.310500
695.231000 -406.822000 799.211000 99.013000
701.430000 -411.890000 807.056000 98.786700
707.500000 -416.910000 815.030000 98.694800
713.825000 -422.033000 823.012000 98.602200
720.001000 -427.088000 830.970000 98.516100
726.269000 -432.147000 838.925000 98.554400
732.453000 -437.163000 846.816000 98.492200
738.732000 -442.298000 854.631000 98.364400
744.926000 -447.228000 862.712000 98.394600
751.226000 -452.273000 870.486000 98.333800
757.479000 -457.249000 878.322000 98.507500
763.790000 -462.236000 886.214000 98.692400
770.074000 -467.132000 893.993000 98.726200
776.229000 -472.004000 901.834000 99.005100
782.474000 -476.884000 909.645000 99.253300
788.690000 -481.769000 917.335000 99.287900
794.830000 -486.600000 925.116000 99.565300
801.124000 -491.573000 932.920000 99.833800
807.350000 -496.453000 940.720000 99.998000
813.554000 -501.329000 948.526000 100.172000
819.843000 -506.205000 956.393000 100.510000
826.145000 -511.038000 964.113000 100.727000
832.476000 -515.901000 971.978000 101.245000
838.727000 -520.746000 979.820000 101.736000
845.145000 -525.683000 987.601000 102.262000
851.607000 -530.598000 995.345000 102.760000
858.852000 -536.137000 1003.150000 103.050000
865.199000 -540.920000 1010.880000 103.494000
871.724000 -545.793000 1018.640000 103.995000
878.441000 -550.734000 1026.390000 104.709000
884.797000 -555.404000 1034.020000 105.284000
891.110000 -559.988000 1041.510000 105.826000
897.518000 -564.629000 1049.090000 106.455000
904.040000 -569.338000 1056.660000 107.018000
910.542000 -574.001000 1064.020000 107.599000
917.111000 -578.668000 1071.580000 108.269000
923.366000 -583.141000 1078.990000 108.925000
929.897000 -587.804000 1086.480000 109.728000
936.270000 -592.314000 1094.050000 110.402000
943.355000 -597.344000 1101.560000 111.122000
950.002000 -602.029000 1109.100000 112.002000
956.401000 -606.520000 1116.730000 113.010000
963.012000 -611.127000 1124.380000 113.885000
969.579000 -615.682000 1131.930000 114.656000
976.008000 -620.153000 1139.680000 115.503000
982.474000 -624.690000 1147.040000 116.057000
988.965000 -629.227000 1154.660000 116.984000
995.409000 -633.667000 1162.200000 117.768000
1001.720000 -638.077000 1169.600000 119.298000
1008.120000 -642.482000 1177.250000 119.893000
1014.430000 -646.846000 1184.770000 120.697000
1020.730000 -651.244000 1192.590000 121.745000
1027.020000 -655.565000 1200.070000 122.516000
1033.310000 -659.929000 1207.410000 123.450000
1039.640000 -664.321000 1214.910000 124.530000
1045.930000 -668.650000 1222.390000 125.401000
1052.150000 -672.914000 1229.720000 126.287000
1058.390000 -677.121000 1237.220000 127.149000
1064.570000 -681.292000 1244.770000 128.170000
1070.800000 -685.496000 1252.150000 129.193000
1077.090000 -689.701000 1259.590000 130.209000
1083.420000 -693.939000 1266.900000 131.267000
1089.650000 -698.014000 1274.310000 132.283000
1095.980000 -702.139000 1281.900000 133.579000
1102.300000 -706.255000 1289.200000 134.738000
1108.690000 -710.331000 1296.780000 136.010000
1115.090000 -714.398000 1304.340000 137.106000
1121.630000 -718.519000 1311.790000 138.350000
1128.000000 -722.523000 1318.990000 139.616000
1134.510000 -726.582000 1326.550000 140.764000
1141.080000 -730.698000 1334.010000 142.019000
1147.570000 -734.751000 1341.310000 143.260000
1154.100000 -738.882000 1348.830000 144.650000
1160.630000 -743.027000 1356.110000 146.110000
1167.230000 -747.223000 1363.460000 147.579000
1173.850000 -751.372000 1371.050000 148.831000
1180.410000 -755.479000 1378.440000 150.161000
1186.990000 -759.619000 1386.180000 151.531000
1193.720000 -763.765000 1393.830000 152.862000
1200.340000 -767.901000 1401.400000 154.275000
1207.080000 -772.048000 1408.900000 155.690000
1213.780000 -776.171000 1416.500000 157.148000
1220.720000 -780.321000 1424.060000 158.737000
1227.540000 -784.432000 1431.700000 160.312000
1234.500000 -788.575000 1439.290000 162.046000
1241.420000 -792.730000 1446.900000 163.753000
1248.370000 -796.856000 1454.470000 165.362000
1255.310000 -800.964000 1462.170000 167.131000
1262.300000 -805.107000 1469.880000 168.814000
1269.340000 -809.229000 1477.640000 169.958000
1276.330000 -813.342000 1485.100000 171.842000
1283.380000 -817.454000 1492.720000 173.709000
1290.420000 -821.577000 1500.510000 175.495000
1297.420000 -825.680000 1508.170000 177.388000
1304.530000 -829.755000 1515.770000 179.472000
1311.590000 -833.835000 1523.380000 181.456000
1318.660000 -837.896000 1531.050000 183.280000
1325.770000 -841.964000 1538.370000 185.210000
1332.930000 -846.065000 1545.930000 187.210000
1340.020000 -850.196000 1553.630000 189.051000
1347.010000 -854.227000 1560.980000 191.076000
1354.140000 -858.254000 1568.380000 193.102000
1361.210000 -862.275000 1575.880000 195.042000
1368.320000 -866.330000 1583.290000 196.967000
1375.570000 -870.351000 1590.690000 199.000000
1382.550000 -874.232000 1597.910000 201.257000
1389.610000 -878.141000 1605.510000 203.490000
1396.660000 -882.001000 1612.570000 205.803000
1403.650000 -885.803000 1619.980000 208.133000
1410.760000 -889.676000 1627.300000 210.398000
1417.880000 -893.492000 1634.390000 212.748000
1424.950000 -897.306000 1641.540000 215.203000
1432.070000 -901.181000 1648.710000 217.633000
1439.110000 -904.904000 1656.190000 219.892000
1446.130000 -908.709000 1663.360000 221.975000
1453.120000 -912.450000 1670.390000 224.448000
1460.080000 -916.129000 1677.510000 227.085000
1467.010000 -919.805000 1684.420000 229.459000
1473.830000 -923.379000 1691.360000 231.789000
1480.380000 -926.898000 1698.120000 234.400000
1487.160000 -930.441000 1704.960000 237.069000
1493.760000 -933.936000 1711.720000 239.647000
1500.440000 -937.425000 1718.520000 242.334000
1507.180000 -940.892000 1725.040000 245.081000
1514.340000 -944.584000 1731.620000 247.802000
1520.890000 -947.959000 1738.220000 250.615000
1527.510000 -951.357000 1744.600000 253.336000
1534.120000 -954.745000 1750.930000 255.856000
1540.710000 -958.076000 1757.290000 258.459000
1547.160000 -961.356000 1763.760000 261.148000
1554.060000 -964.868000 1769.930000 263.829000
1560.470000 -968.159000 1776.100000 266.558000
1566.930000 -971.506000 1782.270000 269.301000
1573.600000 -974.964000 1788.390000 272.050000
1579.930000 -978.259000 1794.680000 274.674000
1586.340000 -981.699000 1800.870000 277.140000
1592.870000 -985.346000 1807.020000 279.734000
1599.020000 -988.832000 1813.090000 282.184000
1605.550000 -992.361000 1819.100000 284.482000
1611.200000 -995.679000 1825.180000 286.780000
1617.160000 -999.021000 1831.050000 289.151000
1622.910000 -1002.310000 1836.860000 291.530000
1629.060000 -1005.700000 1842.680000 293.920000
1634.850000 -1008.890000 1848.540000 296.319000
1640.570000 -1012.000000 1854.320000 298.675000
1646.560000 -1015.180000 1859.970000 301.069000
1652.420000 -1018.230000 1865.610000 303.458000
1658.470000 -1021.320000 1871.220000 305.888000
1664.910000 -1024.640000 1876.860000 308.299000
1670.730000 -1027.630000 1882.500000 310.692000
1676.600000 -1030.650000 1887.950000 313.053000
1682.480000 -1033.680000 1893.490000 315.329000
1688.360000 -1036.680000 1898.850000 317.609000
1694.300000 -1039.690000 1904.260000 319.918000
1700.140000 -1042.600000 1909.630000 322.126000
1705.750000 -1045.380000 1915.090000 324.397000
1711.500000 -1048.230000 1920.440000 326.623000
1716.980000 -1050.900000 1925.660000 328.826000
1722.510000 -1053.610000 1930.890000 330.960000
1727.740000 -1056.260000 1936.050000 333.064000
1733.300000 -1059.100000 1941.190000 335.200000
1738.310000 -1061.670000 1946.330000 337.304000
1743.480000 -1064.370000 1951.060000 339.438000
1748.460000 -1066.930000 1955.750000 341.278000
1753.320000 -1069.500000 1960.430000 343.127000
1758.090000 -1072.050000 1965.180000 344.993000
1762.580000 -1074.540000 1969.740000 346.746000
1766.920000 -1076.970000 1973.980000 348.381000
1771.240000 -1079.550000 1978.490000 349.878000
1775.080000 -1082.080000 1982.830000 351.186000
1778.970000 -1084.900000 1987.150000 352.359000
1782.600000 -1087.760000 1991.550000 353.342000
1785.870000 -1090.830000 1995.840000 353.970000
1788.870000 -1094.080000 2000.230000 354.357000
1791.810000 -1097.680000 2004.720000 354.503000
1794.320000 -1101.380000 2009.230000 354.342000
1796.520000 -1105.200000 2013.730000 353.800000
1798.390000 -1109.410000 2018.160000 352.996000
1799.860000 -1113.550000 2022.490000 351.840000
1800.920000 -1117.820000 2026.770000 350.417000
1801.600000 -1122.080000 2031.000000 348.697000
1801.980000 -1126.480000 2035.040000 346.727000
1801.980000 -1130.900000 2038.860000 344.501000
1801.610000 -1135.390000 2042.540000 342.042000
1800.920000 -1139.710000 2046.050000 339.351000
1799.840000 -1144.130000 2049.420000 336.413000
1798.390000 -1148.350000 2052.550000 333.260000
1796.580000 -1152.500000 2055.390000 329.949000
1794.320000 -1156.610000 2057.970000 326.483000
1791.830000 -1160.390000 2060.250000 322.878000
1788.950000 -1163.950000 2062.140000 319.133000
1785.870000 -1167.220000 2063.660000 315.332000
1782.470000 -1170.200000 2064.810000 311.522000
1778.710000 -1172.910000 2065.490000 307.770000
1774.730000 -1175.280000 2065.900000 303.843000
1770.500000 -1177.390000 2065.850000 300.011000
1766.050000 -1179.130000 2065.500000 296.225000
1761.440000 -1180.570000 2064.730000 292.385000
1756.940000 -1181.610000 2063.730000 288.629000
1752.020000 -1182.490000 2062.360000 284.857000
1747.180000 -1183.120000 2060.810000 281.210000
1742.210000 -1183.560000 2059.110000 277.531000
1737.060000 -1183.880000 2057.190000 273.938000
1732.040000 -1184.110000 2055.230000 270.364000
1726.870000 -1184.270000 2053.110000 266.849000
1721.940000 -1184.350000 2050.970000 263.239000
1716.800000 -1184.430000 2048.750000 259.777000
1711.640000 -1184.460000 2046.580000 256.284000
1706.390000 -1184.490000 2044.370000 252.755000
1701.460000 -1184.470000 2042.060000 249.231000
1696.300000 -1184.440000 2039.710000 245.807000
1691.300000 -1184.410000 2037.430000 242.382000
1686.330000 -1184.290000 2035.100000 239.049000
1681.430000 -1184.070000 2032.810000 235.759000
1676.650000 -1183.690000 2030.450000 232.718000
1672.050000 -1183.060000 2027.960000 229.830000
1667.600000 -1182.230000 2025.310000 227.170000
1663.340000 -1181.070000 2022.490000 224.809000
1659.250000 -1179.560000 2019.430000 222.694000
1655.260000 -1177.690000 2016.120000 220.897000
1651.530000 -1175.420000 2012.580000 219.438000
1648.100000 -1172.830000 2008.870000 218.446000
1644.890000 -1169.780000 2005.010000 217.744000
1642.170000 -1166.600000 2001.000000 217.506000
1639.830000 -1163.130000 1996.890000 217.645000
1637.900000 -1159.470000 1992.870000 218.154000
1636.340000 -1155.590000 1988.770000 219.014000
1635.130000 -1151.470000 1984.610000 220.178000
1634.270000 -1147.320000 1980.610000 221.658000
1633.840000 -1143.290000 1976.710000 223.424000
1633.920000 -1138.870000 1972.970000 225.463000
1634.360000 -1134.720000 1969.360000 227.952000
1635.250000 -1130.490000 1966.470000 230.658000
1636.620000 -1126.300000 1965.200000 231.866000
1638.330000 -1122.240000 1963.690000 233.071000
1640.430000 -1118.200000 1964.150000 232.559000
1642.660000 -1114.430000 1964.540000 232.073000
1645.310000 -1110.470000 1964.880000 231.558000
1648.090000 -1106.570000 1965.350000 231.004000
1650.970000 -1102.720000 1965.810000 230.389000
1653.990000 -1098.720000 1965.960000 230.033000
1657.050000 -1094.730000 1966.090000 229.672000
