-0.000000 0.000000 0.000000 0.000000
-0.001380 3.602420 0.089215 3.608460
0.005153 7.197720 0.052642 7.252030
0.011210 10.820800 0.043637 10.885600
-0.001541 14.386500 -0.007617 14.520600
-0.037539 17.983800 -0.100621 18.192200
-0.078184 21.556000 -0.174011 21.860000
-0.096660 25.167300 -0.319530 25.458600
-0.131116 28.754900 -0.416528 29.105400
-0.171217 32.335200 -0.426174 32.736100
-0.214775 35.936100 -0.443874 36.439200
-0.265506 39.536300 -0.445391 40.117600
-0.288552 43.141500 -0.500794 43.781000
-0.318578 46.742800 -0.590945 47.479200
-0.324075 50.359100 -0.610356 51.128600
-0.311859 53.968300 -0.723561 54.765900
-0.346908 57.583900 -0.849589 58.407600
-0.357212 61.233800 -0.904244 62.079300
-0.396352 64.818900 -0.887393 65.741900
-0.402409 68.392200 -0.929844 69.371300
-0.422841 71.970400 -0.986670 72.968300
-0.444504 75.518700 -1.061740 76.594800
-0.430414 79.060800 -1.019450 80.155400
-0.378574 82.561400 -0.940146 83.703500
-0.266095 86.007400 -0.818823 87.222100
-0.136670 89.490200 -0.640295 90.718700
0.000891 92.908300 -0.427434 94.220100
0.163896 96.381800 -0.263345 97.648900
0.341325 99.849900 0.071973 101.184000
0.542794 103.418000 0.338597 104.650000
0.709131 106.995000 0.531136 108.277000
0.852410 110.634000 0.568749 111.963000
0.946123 114.314000 0.454505 115.562000
0.992574 117.989000 0.509762 119.433000
0.989021 121.694000 0.508342 123.208000
0.968400 125.423000 0.335711 126.984000
0.950108 129.182000 0.316814 130.671000
0.951356 132.969000 0.288319 134.590000
0.975925 136.788000 0.234967 138.437000
1.019820 140.620000 0.127027 142.305000
1.058900 144.435000 0.047522 146.139000
1.083280 148.249000 -0.187365 150.007000
1.089350 152.054000 -0.420064 153.829000
1.145850 155.823000 -0.491694 157.709000
1.136160 159.595000 -0.506635 161.635000
1.174950 163.398000 -0.598475 165.490000
1.193460 167.176000 -0.893105 169.265000
1.188600 170.987000 -1.082540 173.092000
1.168130 174.776000 -1.263250 176.954000
1.134010 178.578000 -1.494020 180.794000
1.093530 182.374000 -1.594780 184.669000
1.052560 186.174000 -1.622790 188.505000
0.991481 189.926000 -1.658810 192.262000
0.981923 193.645000 -1.667870 196.034000
0.956315 197.327000 -1.684090 199.753000
0.981237 200.961000 -1.659840 203.441000
1.006980 204.545000 -1.748220 207.029000
1.048710 208.067000 -1.798370 210.604000
1.115650 211.446000 -1.745570 214.061000
1.168110 214.690000 -1.718950 217.368000
1.214820 217.826000 -1.741840 220.524000
1.227160 220.843000 -1.700130 223.612000
1.196220 223.675000 -1.693600 226.502000
1.145750 226.320000 -1.751930 229.178000
1.092860 228.752000 -1.855490 231.656000
1.029020 231.040000 -1.938770 233.956000
0.989652 233.237000 -2.009680 236.211000
0.952000 235.371000 -2.046310 238.419000
0.931500 237.514000 -1.987330 240.552000
0.933709 239.613000 -1.963080 242.668000
0.945919 241.696000 -1.892160 244.773000
0.990315 243.797000 -1.859810 246.917000
1.033260 245.939000 -1.836310 249.069000
1.105550 248.126000 -1.767820 251.258000
1.170750 250.342000 -1.709070 253.452000
1.255700 252.591000 -1.646230 255.676000
1.345830 255.034000 -1.597980 258.076000
1.422480 257.415000 -1.502990 260.529000
1.563540 259.935000 -1.434420 263.053000
1.708640 262.439000 -1.319220 265.591000
1.878960 265.013000 -1.170550 268.117000
2.066170 267.481000 -1.009240 270.619000
2.280100 269.987000 -0.874424 273.154000
2.472030 272.541000 -0.718201 275.714000
2.661310 275.121000 -0.487679 278.291000
2.818370 277.673000 -0.325393 280.838000
2.973520 280.201000 -0.148168 283.346000
3.077080 282.668000 -0.029486 285.798000
3.146340 285.004000 -0.012687 288.045000
3.189070 287.205000 0.040666 290.229000
3.183130 289.236000 0.081159 292.216000
3.118520 291.093000 -0.047009 294.043000
2.918780 292.839000 -0.410180 295.806000
2.567730 294.455000 -0.837752 297.415000
2.066180 295.941000 -1.545180 298.626000
1.405920 297.271000 -2.626910 299.714000
0.582258 298.445000 -3.640640 300.895000
-0.387732 299.411000 -4.760450 301.920000
-1.490910 300.157000 -6.072950 302.477000
-2.683490 300.650000 -7.446560 302.702000
-3.914710 300.897000 -8.829310 302.830000
-5.184950 300.906000 -10.148900 302.743000
-6.533500 300.663000 -11.496800 302.586000
-7.903340 300.117000 -12.902800 302.183000
-9.255330 299.324000 -14.363600 301.494000
-10.633700 298.181000 -15.882300 300.527000
-12.018400 296.722000 -17.396500 299.273000
-13.285700 294.906000 -18.799300 297.636000
-14.437900 292.796000 -20.165900 295.618000
-15.432100 290.307000 -21.279600 293.288000
-16.202800 287.537000 -22.308600 290.645000
-16.700500 284.534000 -23.168400 287.552000
-16.959000 281.259000 -23.890400 284.364000
-16.963100 277.709000 -24.426600 280.817000
-16.739200 274.071000 -24.754300 277.142000
-16.475100 270.297000 -25.109800 273.281000
-16.241700 266.390000 -25.476900 269.274000
-16.079800 262.350000 -25.828000 265.243000
-15.926100 258.310000 -26.335600 261.124000
-15.834800 254.266000 -26.938500 257.069000
-15.863100 250.265000 -27.438200 252.992000
-15.870300 246.200000 -28.045100 248.896000
-15.903700 242.046000 -28.639200 244.793000
-15.958800 237.822000 -29.210400 240.671000
-15.984100 233.633000 -29.746500 236.563000
-16.010300 229.424000 -30.383200 232.360000
-16.030400 225.202000 -31.016200 228.128000
-16.047200 220.936000 -31.645400 223.810000
-16.065600 216.659000 -32.284300 219.475000
-16.095900 212.298000 -32.890000 215.192000
-16.103700 207.925000 -33.601200 210.786000
-16.134000 203.542000 -34.225300 206.440000
-16.115600 199.120000 -34.773700 202.065000
-16.126100 194.722000 -35.421200 197.800000
-16.157100 190.353000 -36.099100 193.366000
-16.200400 186.007000 -36.918000 188.892000
-16.219600 181.660000 -37.645800 184.581000
-16.241500 177.363000 -38.376600 180.453000
-16.338100 173.139000 -38.764800 178.446000
-16.429800 169.008000 -39.535800 174.367000
-16.499500 165.086000 -40.256300 170.553000
-16.590600 161.390000 -40.958600 166.810000
-16.695300 157.918000 -41.537000 163.331000
-16.782500 154.664000 -42.177700 160.107000
-16.859000 151.600000 -42.824400 157.198000
-16.923200 148.818000 -43.310800 154.366000
-16.980000 146.217000 -43.843100 151.747000
-17.040800 143.782000 -44.348700 149.329000
-17.080400 141.487000 -44.882300 147.018000
-17.134600 139.255000 -45.341700 144.884000
-17.191400 137.095000 -45.801300 142.762000
-17.241800 134.990000 -46.313400 140.712000
-17.302500 132.905000 -46.823300 138.621000
-17.334700 130.834000 -47.338300 136.517000
-17.389000 128.731000 -47.852200 134.278000
-17.413000 126.548000 -48.201200 132.077000
-17.443800 124.231000 -48.592000 129.749000
-17.447000 121.768000 -49.020600 127.274000
-17.433800 119.169000 -49.405400 124.722000
-17.384100 116.418000 -49.842100 121.953000
-17.300000 113.496000 -50.270700 119.037000
-17.168500 110.428000 -50.710700 115.954000
-16.999700 107.200000 -51.175900 112.725000
-16.834600 103.811000 -51.633100 109.358000
-16.684900 100.271000 -52.125800 105.786000
-16.516100 96.595300 -52.574800 102.118000
-16.345300 92.752200 -53.179400 98.232500
-16.200500 88.801700 -53.816100 94.311700
-16.096700 84.689900 -54.516000 90.221200
-16.035900 80.468600 -55.270500 85.995100
-16.005800 76.113200 -56.087300 81.661900
-15.973900 71.635400 -56.950100 77.286800
-15.950000 67.239900 -57.836000 72.883900
-15.968500 62.822100 -58.726900 68.508700
-15.978600 58.408200 -59.667900 64.137400
-15.965300 53.984400 -60.558400 59.814100
-15.939100 49.688100 -61.410500 55.471100
-15.906000 45.321600 -62.230000 51.174800
-15.880100 40.981500 -63.055700 46.785000
-15.864300 36.628900 -63.893500 42.543800
-15.851700 32.328500 -64.742400 38.302000
-15.862000 28.096900 -65.548200 34.033800
-15.840700 23.876800 -66.426800 29.832800
-15.808100 19.701300 -67.256500 25.722500
-15.784400 15.558400 -68.096400 21.597100
-15.748700 11.434900 -68.895700 17.523400
-15.721700 7.286740 -69.722300 13.457300
-15.711100 3.150630 -70.535700 9.450170
-15.691000 -0.968553 -71.313700 5.355430
-15.683900 -5.112500 -72.157700 1.268070
-15.652100 -9.270420 -73.000300 -2.894400
-15.612700 -13.510400 -73.777800 -7.008840
-15.567800 -17.722500 -74.621800 -11.201700
-15.519200 -21.950500 -75.475800 -15.385900
-15.478400 -26.226100 -76.376700 -19.646100
-15.415800 -30.505200 -77.244000 -23.978000
-15.340200 -34.788000 -78.130600 -28.205200
-15.300000 -39.054400 -79.039800 -32.467100
-15.238100 -43.290000 -79.899100 -36.688700
-15.189500 -47.508400 -80.720300 -40.881700
-15.133800 -51.738800 -81.568100 -45.089800
-15.067300 -55.980000 -82.428100 -49.343900
-15.041600 -60.194900 -83.234700 -53.543700
-15.018800 -64.389800 -84.035000 -57.699700
-14.986000 -68.601400 -84.913300 -61.889200
-14.969400 -72.743400 -85.807100 -66.108900
-14.952500 -76.913300 -86.641000 -70.250300
-14.916600 -81.052900 -87.323400 -74.251700
-14.877100 -85.129800 -88.116800 -78.234700
-14.827700 -89.165900 -88.868900 -82.267300
-14.798600 -93.176000 -89.673400 -86.226900
-14.773700 -97.138300 -90.495800 -90.196500
-14.766600 -101.093000 -91.280700 -94.122500
-14.758500 -105.002000 -92.053100 -97.997800
-14.766500 -108.878000 -92.821700 -101.857000
-14.773100 -112.742000 -93.590000 -105.675000
-14.772500 -116.543000 -94.346500 -109.461000
-14.781500 -120.346000 -95.123900 -113.228000
-14.782400 -124.033000 -95.816000 -116.898000
-14.799400 -127.649000 -96.528500 -120.450000
-14.823900 -131.191000 -97.159400 -124.025000
-14.849800 -134.612000 -97.841800 -127.355000
-14.885000 -137.847000 -98.485400 -130.586000
-14.928200 -140.898000 -99.088200 -133.608000
-14.980500 -143.656000 -99.683500 -136.369000
-15.003200 -146.173000 -100.169000 -138.875000
-14.884900 -148.422000 -100.479000 -141.075000
-14.575100 -150.425000 -100.521000 -143.068000
-14.054900 -152.128000 -100.232000 -144.860000
-13.313200 -153.598000 -99.358200 -146.662000
-12.332300 -154.827000 -98.228500 -147.939000
-11.152700 -155.771000 -96.846600 -148.787000
-9.823690 -156.413000 -95.171700 -149.335000
-8.443330 -156.748000 -93.557600 -149.687000
-7.043390 -156.768000 -91.963900 -149.710000
-5.569440 -156.513000 -90.516500 -149.566000
-4.124180 -155.927000 -88.931100 -149.265000
-2.770860 -155.014000 -87.510200 -148.601000
-1.580890 -153.758000 -86.068100 -147.538000
-0.531946 -152.226000 -84.696200 -146.298000
0.252127 -150.399000 -83.571300 -144.698000
0.756788 -148.306000 -82.484800 -142.785000
1.066680 -145.959000 -81.521500 -140.585000
1.191140 -143.421000 -80.587400 -138.191000
1.197350 -140.673000 -79.633700 -135.583000
1.233430 -137.736000 -78.580600 -132.823000
1.244240 -134.648000 -77.546700 -129.946000
1.252320 -131.383000 -76.410800 -126.816000
1.227380 -127.961000 -75.335300 -123.564000
1.209140 -124.414000 -74.129800 -120.096000
1.201400 -120.684000 -72.958200 -116.572000
1.214720 -116.839000 -71.557300 -112.884000
1.217670 -112.860000 -70.304600 -109.177000
1.186110 -108.751000 -68.965000 -105.252000
1.130030 -104.509000 -67.551200 -101.196000
1.073400 -100.117000 -66.057300 -96.919600
1.012690 -95.629300 -64.616500 -92.678000
0.945709 -91.053300 -63.031500 -88.312100
0.887455 -86.543000 -61.499300 -84.008700
0.845793 -82.026200 -59.973900 -79.699000
0.798001 -77.534100 -58.395400 -75.408100
0.766949 -73.012400 -56.874200 -71.162100
0.718345 -68.549000 -55.381500 -66.845100
0.677153 -64.088700 -53.840500 -62.524700
0.622363 -59.649700 -52.432600 -58.272900
0.551644 -55.218400 -51.091700 -53.987300
0.471664 -50.819100 -49.640100 -49.757600
0.380628 -46.423400 -48.159100 -45.567700
0.308438 -42.055400 -46.681900 -41.386700
0.233052 -37.729700 -45.190800 -37.256100
0.156767 -33.412100 -43.712400 -33.159700
0.083049 -29.130200 -42.374900 -29.046500
0.036631 -24.895200 -41.090400 -24.951800
0.000608 -20.672300 -39.723800 -20.960200
0.003830 -16.475100 -38.256600 -16.976500
0.038908 -12.332600 -36.794500 -12.975600
0.027024 -8.215080 -35.369200 -9.073810
0.029579 -4.101520 -33.982900 -5.154710
-0.006104 0.006741 -32.618800 -1.237580
-0.026357 4.106040 -31.137300 2.668940
-0.050420 8.169520 -29.701700 6.517080
-0.062517 12.255300 -28.230300 10.409100
-0.117433 16.343300 -26.812200 14.281800
-0.134711 20.360900 -25.446000 18.143800
-0.160893 24.405700 -24.026600 22.022600
-0.168653 28.444700 -22.624900 25.896800
-0.168048 32.440700 -21.180700 29.673300
-0.152116 36.382700 -19.715100 33.430800
-0.145437 40.331800 -18.245200 37.183600
-0.155517 44.231700 -16.833300 40.991900
-0.160542 48.108000 -15.544100 44.671500
-0.205724 51.985900 -14.283100 48.343000
-0.255176 55.842100 -13.031300 52.019200
-0.287562 59.663800 -11.735100 55.625100
-0.317155 63.414600 -10.448100 59.214900
-0.363117 67.112000 -9.142650 62.773700
-0.455466 70.829700 -7.846270 66.280700
-0.460951 74.524000 -6.646070 69.798200
-0.447168 78.056700 -5.365570 73.158200
-0.461148 81.447200 -4.133900 76.308600
-0.374686 84.708700 -2.906120 79.402400
-0.306605 87.975100 -1.694990 82.470800
-0.279003 91.222500 -0.507434 85.490900
-0.225123 94.466200 0.374002 88.251800
-0.220894 97.632700 0.653287 90.911800
-0.245627 100.828000 1.419540 93.464000
-0.320755 104.042000 3.095330 96.118900
-0.485141 107.332000 5.111490 98.733000
-0.608031 110.700000 7.103580 101.400000
-0.684057 114.123000 9.336970 103.976000
-0.637411 117.596000 11.883200 106.567000
-0.487728 121.119000 14.452700 109.077000
-0.332230 124.722000 16.913400 111.752000
-0.052271 128.432000 19.549000 114.390000
0.234650 132.202000 22.341500 117.024000
0.531931 136.072000 25.171700 119.752000
0.735908 140.035000 27.940200 122.618000
0.852352 144.106000 30.708800 125.628000
0.902133 148.287000 33.472200 128.877000
0.938139 152.495000 36.161700 132.159000
0.959476 156.800000 39.116100 135.383000
0.948961 161.174000 42.037800 138.663000
0.894203 165.481000 44.769100 141.983000
0.823943 169.821000 47.464800 145.384000
0.805469 174.079000 50.323400 148.663000
0.812810 178.358000 53.114100 151.964000
0.802184 182.595000 56.038000 155.204000
0.830629 186.800000 58.959800 158.331000
0.890152 190.979000 61.816600 161.386000
0.937662 195.137000 64.739900 164.415000
0.961461 199.220000 67.629600 167.456000
1.000090 203.298000 70.275700 170.450000
1.035030 207.342000 73.028800 173.464000
1.067190 211.358000 75.903200 176.408000
1.123960 215.319000 78.693600 179.298000
1.128130 219.104000 81.336800 182.072000
1.162180 222.661000 83.894500 184.690000
1.149740 225.939000 86.158500 187.157000
1.113340 228.973000 88.186400 189.418000
1.057220 231.673000 90.029300 191.473000
1.002280 234.102000 91.708500 193.374000
0.964621 236.446000 93.315400 195.084000
0.983323 238.753000 94.904700 196.812000
1.012560 241.035000 96.553500 198.465000
1.060350 243.315000 98.178300 200.104000
1.125320 245.530000 99.784700 201.695000
1.176640 247.779000 101.421000 203.263000
1.243050 250.097000 103.021000 204.856000
1.289960 252.458000 104.627000 206.475000
1.335130 254.815000 106.369000 208.170000
1.411760 257.195000 108.128000 209.877000
1.513490 259.679000 109.907000 211.618000
1.649800 262.184000 111.694000 213.371000
1.786110 264.803000 113.539000 215.139000
1.933650 267.473000 115.535000 216.950000
2.105740 270.216000 117.555000 218.914000
2.262090 273.024000 119.620000 220.866000
2.402690 275.843000 121.692000 222.760000
2.505430 278.578000 123.741000 224.660000
2.608220 281.378000 125.731000 226.619000
2.689260 284.149000 127.383000 228.570000
2.762280 286.818000 129.327000 230.448000
2.812870 289.342000 131.099000 232.220000
2.867890 291.821000 132.868000 234.094000
2.928500 294.272000 134.003000 236.903000
2.997430 296.700000 135.745000 238.690000
3.065870 299.089000 137.503000 240.372000
