0.000000 0.000000 0.000000 0.000000
-0.022988 0.257472 -0.059078 0.275691
-0.074857 0.592901 -0.116134 0.608383
-0.161378 1.029490 -0.237681 1.027300
-0.325799 1.539970 -0.471514 1.521040
-0.558983 2.097080 -0.786531 2.031370
-0.879079 2.669940 -1.149780 2.545250
-1.270560 3.238260 -1.532990 3.088410
-1.794350 3.784400 -2.003670 3.619350
-2.441380 4.280070 -2.630020 4.124860
-3.230790 4.711290 -3.444480 4.539810
-4.179830 5.017620 -4.357080 4.880870
-5.286930 5.213560 -5.377100 5.042060
-6.529830 5.279790 -6.597110 5.090460
-7.921480 5.233360 -7.987660 5.113100
-9.455480 5.101270 -9.509340 5.038750
-11.123200 4.926100 -11.196500 4.907130
-12.920600 4.738890 -13.013600 4.754640
-14.862700 4.538960 -15.005200 4.617820
-16.985800 4.339820 -17.104500 4.503560
-19.195700 4.135520 -19.365700 4.379480
-21.528100 3.938810 -21.711300 4.203820
-23.915000 3.745280 -24.146800 4.053150
-26.384900 3.542560 -26.597000 3.940490
-28.887500 3.324010 -29.110200 3.776380
-31.406300 3.099310 -31.644300 3.632990
-33.923700 2.880800 -34.162300 3.474660
-36.393100 2.675880 -36.664600 3.333410
-38.889200 2.469560 -39.197700 3.258570
-41.378500 2.264250 -41.686400 3.087090
-43.843700 2.044660 -44.167600 2.975220
-46.300000 1.847310 -46.638400 2.781020
-48.735500 1.635910 -49.122700 2.630140
-51.127300 1.380790 -51.525800 2.371400
-53.496400 1.139140 -53.913800 2.134710
-55.830500 0.902182 -56.222500 1.900290
-58.129300 0.674480 -58.520900 1.664430
-60.310700 0.451558 -60.710100 1.445250
-62.380200 0.239942 -62.851700 1.230870
-64.317200 0.093315 -64.816900 1.080960
-66.121800 0.028777 -66.682700 1.045320
-67.736000 0.117255 -68.373500 1.216540
-69.155400 0.375873 -69.847000 1.625090
-70.440700 0.843686 -71.199000 2.156040
-71.584600 1.533280 -72.440000 2.917380
-72.576500 2.391120 -73.474100 3.775570
-73.428700 3.333950 -74.369600 4.806390
-74.173200 4.517150 -75.157600 5.962130
-74.808900 5.956710 -75.842700 7.440040
-75.334100 7.573850 -76.439200 9.051900
-75.774200 9.348090 -76.929700 10.842300
-76.187900 11.277600 -77.425100 12.718100
-76.539600 13.356800 -77.819300 14.742300
-76.826500 15.539200 -78.174000 16.892100
-77.085400 17.834300 -78.494300 19.107400
-77.317700 20.154800 -78.814400 21.384000
-77.516700 22.463900 -79.068200 23.646500
-77.717700 24.727200 -79.372300 25.944800
-77.905300 26.992400 -79.613600 28.212200
-78.074000 29.276300 -79.851700 30.495600
-78.226900 31.544500 -80.111700 32.810000
-78.379700 33.832400 -80.445600 35.102800
-78.549000 36.190400 -80.810800 37.437700
-78.761300 38.600600 -81.131600 39.784700
-78.968700 41.045600 -81.481500 42.256600
-79.194300 43.567200 -81.860900 44.789000
-79.426200 46.142500 -82.251900 47.343300
-79.638500 48.758200 -82.647300 49.935600
-79.836700 51.395100 -83.039100 52.504600
-80.038700 53.944100 -83.380200 55.080000
-80.244200 56.496300 -83.750700 57.667100
-80.425800 59.052000 -84.088600 60.199700
-80.634200 61.531000 -84.390400 62.699200
-80.882300 63.978600 -84.815800 65.136100
-81.156400 66.376300 -85.240200 67.540800
-81.438900 68.764900 -85.701200 69.898500
-81.768300 71.102300 -86.213100 72.192800
-82.125600 73.380600 -86.735400 74.418700
-82.532900 75.651200 -87.289500 76.652700
-82.974800 77.867800 -87.921700 78.873400
-83.500900 80.061500 -88.662700 80.961000
-84.088300 82.194400 -89.414400 83.100400
-84.762800 84.326300 -90.197700 85.169300
-85.498200 86.445100 -91.114200 87.224000
-86.300400 88.545900 -92.033100 89.248000
-87.174400 90.636900 -93.040800 91.249600
-88.106700 92.733900 -94.091100 93.213700
-89.055000 94.811800 -95.166400 95.198100
-90.066200 96.894800 -96.285500 97.196600
-91.095900 98.955800 -97.454900 99.179800
-92.158700 101.004000 -98.595000 101.171000
-93.232100 103.016000 -99.817500 103.076000
-94.335400 105.006000 -101.062000 104.996000
-95.433400 106.935000 -102.266000 106.823000
-96.517500 108.818000 -103.488000 108.579000
-97.557300 110.571000 -104.694000 110.254000
-98.525500 112.177000 -105.775000 111.763000
-99.407300 113.622000 -106.798000 113.113000
-100.201000 114.876000 -107.678000 114.248000
-100.896000 115.966000 -108.546000 115.243000
-101.557000 116.890000 -109.314000 116.097000
-102.120000 117.666000 -109.939000 116.833000
-102.639000 118.274000 -110.519000 117.414000
-103.127000 118.738000 -111.036000 117.843000
-103.622000 119.108000 -111.614000 118.236000
-104.146000 119.475000 -112.148000 118.536000
-104.735000 119.790000 -112.765000 118.712000
-105.325000 120.011000 -113.388000 118.820000
-105.975000 120.213000 -114.033000 118.993000
-106.802000 120.364000 -114.829000 119.123000
-107.775000 120.403000 -115.739000 119.155000
-108.845000 120.300000 -116.808000 118.995000
-110.018000 120.015000 -117.975000 118.621000
-111.297000 119.527000 -119.228000 118.053000
-112.652000 118.796000 -120.434000 117.249000
-114.054000 117.849000 -121.661000 116.235000
-115.556000 116.732000 -123.093000 115.120000
-117.153000 115.485000 -124.617000 113.748000
-118.840000 114.117000 -126.269000 112.239000
-120.627000 112.651000 -127.998000 110.661000
-122.537000 111.079000 -129.814000 108.970000
-124.530000 109.419000 -131.818000 107.123000
-126.591000 107.708000 -133.791000 105.223000
-128.748000 105.898000 -135.853000 103.219000
-130.971000 104.009000 -137.960000 101.142000
-133.267000 102.090000 -140.119000 99.036800
-135.538000 100.171000 -142.251000 96.972800
-137.796000 98.273000 -144.424000 95.073500
-140.062000 96.360500 -146.548000 92.905800
-142.310000 94.441700 -148.672000 90.793900
-144.548000 92.522400 -150.807000 88.630400
-146.804000 90.595500 -152.868000 86.502100
-149.055000 88.704100 -154.987000 84.414500
-151.306000 86.826000 -157.107000 82.290300
-153.538000 84.945700 -159.220000 80.171300
-155.765000 83.073600 -161.359000 78.076000
-157.987000 81.205000 -163.448000 75.973400
-160.184000 79.347400 -165.547000 73.909000
-162.353000 77.503500 -167.563000 71.807300
-164.515000 75.675400 -169.578000 69.747300
-166.639000 73.890700 -171.547000 67.694800
-168.768000 72.119900 -173.508000 65.682800
-170.860000 70.381100 -175.472000 63.689000
-172.889000 68.681500 -177.296000 61.796600
-174.842000 67.049000 -179.055000 59.941100
-176.705000 65.499300 -180.742000 58.176800
-178.467000 64.027000 -182.329000 56.459000
-180.146000 62.631700 -183.822000 54.734200
-181.732000 61.301300 -185.137000 53.147600
-183.182000 60.020600 -186.437000 51.610600
-184.494000 58.738500 -187.625000 50.068800
-185.664000 57.401400 -188.647000 48.611600
-186.570000 56.042000 -189.227000 47.019000
-187.246000 54.644100 -189.666000 45.474000
-187.648000 53.225900 -189.854000 43.942100
-187.863000 51.791600 -190.005000 42.527300
-187.816000 50.367800 -189.841000 41.084500
-187.628000 48.997600 -189.485000 39.720500
-187.197000 47.718600 -189.038000 38.477000
-186.610000 46.509500 -188.385000 37.337200
-185.871000 45.308600 -187.541000 36.247800
-185.004000 44.131900 -186.605000 35.169400
-184.074000 42.954900 -185.640000 34.090700
-183.076000 41.737800 -184.602000 32.939300
-182.009000 40.460800 -183.514000 31.711400
-180.882000 39.086400 -182.337000 30.364100
-179.651000 37.612200 -181.065000 28.911500
-178.334000 36.012300 -179.710000 27.364100
-176.887000 34.303200 -178.261000 25.737300
-175.367000 32.446800 -176.767000 23.978100
-173.774000 30.514600 -175.177000 22.141500
-172.125000 28.508500 -173.643000 20.309900
-170.418000 26.410500 -172.255000 18.658700
-168.634000 24.247200 -170.687000 16.778000
-166.877000 22.072400 -168.979000 14.754100
-165.109000 19.893100 -167.207000 12.604900
-163.363000 17.750700 -165.411000 10.507700
-161.642000 15.624400 -163.659000 8.441340
-159.930000 13.489600 -161.938000 6.391030
-158.308000 11.336300 -160.374000 4.299390
-156.845000 9.121660 -158.972000 2.112380
-155.597000 6.805130 -157.717000 -0.132261
-154.610000 4.430080 -156.690000 -2.522030
-153.838000 1.999890 -155.918000 -4.967750
-153.263000 -0.536986 -155.329000 -7.448450
-152.798000 -3.158040 -154.905000 -10.042000
-152.465000 -5.857400 -154.520000 -12.797100
-152.174000 -8.685460 -154.146000 -15.642100
-151.840000 -11.567300 -153.837000 -18.576400
-151.498000 -14.548200 -153.430000 -21.552500
-151.154000 -17.589000 -153.062000 -24.636900
-150.786000 -20.711500 -152.639000 -27.777600
-150.432000 -23.858100 -152.229000 -30.887100
-150.098000 -27.021400 -151.879000 -33.970500
-149.770000 -30.149500 -151.551000 -37.116600
-149.469000 -33.215200 -151.221000 -40.267400
-149.181000 -36.287100 -150.935000 -43.394100
-148.939000 -39.349100 -150.714000 -46.352200
-148.707000 -42.392300 -150.448000 -49.421700
-148.490000 -45.374900 -150.204000 -52.460800
-148.279000 -48.340200 -149.978000 -55.412900
-148.073000 -51.300000 -149.742000 -58.408900
-147.858000 -54.182400 -149.446000 -61.313300
-147.634000 -57.044100 -149.191000 -64.193100
-147.390000 -59.891000 -148.925000 -67.064000
-147.138000 -62.664600 -148.621000 -69.870800
-146.903000 -65.342800 -148.355000 -72.559500
-146.721000 -67.877800 -148.179000 -75.061500
-146.618000 -70.252000 -148.066000 -77.461800
-146.575000 -72.398000 -148.001000 -79.603900
-146.577000 -74.292600 -147.977000 -81.508100
-146.601000 -75.977800 -147.964000 -83.163800
-146.641000 -77.384800 -146.887000 -84.522400
-146.678000 -78.499400 -143.989000 -85.585200
-146.685000 -79.313500 -140.326000 -86.389800
-146.681000 -79.934800 -136.558000 -87.260600
-146.685000 -80.462200 -132.698000 -88.021200
-146.672000 -80.912500 -130.191000 -88.748700
-146.647000 -81.312700 -130.080000 -89.080300
-146.603000 -81.642100 -129.840000 -89.392100
-146.576000 -81.822700 -129.794000 -89.589800
-146.560000 -81.901900 -129.748000 -89.641100
-146.559000 -81.906800 -129.752000 -89.665100
-146.562000 -81.910900 -129.777000 -89.651900
-146.562000 -81.909400 -129.782000 -89.634900
-146.559000 -81.910800 -129.766000 -89.628000
-146.561000 -81.911200 -129.759000 -89.638400
-146.560000 -81.906800 -129.762000 -89.651200
-146.560000 -81.909000 -129.764000 -89.641800
-146.560000 -81.906300 -129.761000 -89.633100
-146.560000 -81.904700 -129.769000 -89.627700
-146.557000 -81.911500 -129.779000 -89.654500
-146.560000 -81.905800 -129.779000 -89.622300
-146.560000 -81.901500 -129.782000 -89.642700
-146.558000 -81.903200 -129.783000 -89.626100
-146.558000 -81.899900 -129.792000 -89.645000
-146.559000 -81.901000 -129.801000 -89.624500
-146.556000 -81.901600 -129.796000 -89.638800
-146.556000 -81.901800 -129.793000 -89.644100
-146.559000 -81.903800 -129.791000 -89.619500
-146.547000 -81.930900 -129.752000 -89.656900
-146.523000 -81.996800 -129.588000 -89.696600
-146.483000 -82.098200 -129.407000 -89.771100
-146.429000 -82.221000 -129.115000 -89.883600
-146.334000 -82.417200 -128.769000 -90.090400
-146.193000 -82.752300 -128.474000 -90.366900
-145.983000 -83.202000 -128.210000 -90.775200
-145.699000 -83.730000 -127.919000 -91.194800
-145.303000 -84.300600 -127.545000 -91.667700
-144.720000 -84.919500 -126.999000 -92.331300
-143.890000 -85.636600 -126.363000 -93.315300
-142.738000 -86.385500 -125.482000 -94.303900
-141.257000 -87.068900 -124.194000 -95.124400
-139.506000 -87.578200 -122.684000 -96.021500
-137.529000 -87.882900 -120.911000 -96.911700
-135.307000 -88.021400 -118.825000 -97.716600
-132.865000 -88.073300 -116.516000 -98.500800
-130.241000 -88.029400 -114.002000 -99.295100
-127.403000 -87.889900 -111.256000 -100.034000
-124.326000 -87.742200 -108.359000 -100.771000
-121.128000 -87.553400 -105.292000 -101.601000
-117.771000 -87.314200 -102.007000 -102.436000
-114.266000 -87.023900 -98.629700 -103.161000
-110.691000 -86.735600 -95.152700 -103.912000
-107.104000 -86.456700 -91.633500 -104.781000
-103.551000 -86.185100 -88.169000 -105.594000
-99.999500 -85.921500 -84.701000 -106.475000
-96.483700 -85.677500 -81.228500 -107.322000
-92.977400 -85.416400 -77.814700 -108.091000
-89.516900 -85.166000 -74.404000 -108.938000
-86.058900 -84.922500 -71.080300 -109.718000
-82.624100 -84.682500 -67.719100 -110.350000
-79.241800 -84.413600 -64.329600 -111.068000
-75.891600 -84.121000 -61.046700 -111.811000
-72.569000 -83.808100 -57.850600 -112.517000
-69.278400 -83.487000 -54.606100 -113.282000
-65.984900 -83.188600 -51.396500 -114.044000
-62.732300 -82.923800 -48.189800 -114.831000
-59.480700 -82.668200 -45.009100 -115.583000
-56.249400 -82.433600 -41.848100 -116.393000
-53.031900 -82.216300 -38.727200 -117.251000
-49.849600 -82.000200 -35.586800 -118.093000
-46.658600 -81.761100 -32.504100 -118.809000
-43.496000 -81.528600 -29.417700 -119.576000
-40.319600 -81.315900 -26.327700 -120.347000
-37.188200 -81.092700 -23.255000 -121.098000
-34.051000 -80.860700 -20.228500 -121.845000
-30.988200 -80.648700 -17.199800 -122.641000
-27.888800 -80.438400 -14.176600 -123.406000
-24.869100 -80.229600 -11.177500 -124.183000
-21.852200 -80.035400 -8.365970 -124.822000
-18.901700 -79.846400 -5.504150 -125.640000
-16.116100 -79.669800 -2.796990 -126.407000
-13.528600 -79.492800 -0.279151 -127.019000
-11.118000 -79.288000 2.035470 -127.539000
-8.904910 -79.062300 4.218670 -127.981000
-6.900370 -78.771900 6.225500 -128.424000
-5.128910 -78.414500 8.042100 -128.451000
-3.495490 -77.960700 9.835460 -128.342000
-2.005400 -77.404200 11.407200 -128.164000
-0.645083 -76.724600 12.823900 -127.813000
0.539524 -75.846000 14.264900 -127.429000
1.540950 -74.837600 15.557000 -126.844000
2.347700 -73.661900 16.681100 -126.016000
2.983740 -72.387600 17.660400 -125.011000
3.393810 -71.006500 18.477000 -123.844000
3.666750 -69.591500 19.188100 -122.541000
3.835870 -68.071200 19.849100 -121.164000
3.950890 -66.459000 20.501400 -119.732000
4.009950 -64.750300 21.130500 -118.139000
4.011940 -62.900500 21.723300 -116.396000
3.952690 -60.889300 22.326600 -114.481000
3.865910 -58.725200 22.964200 -112.431000
3.764290 -56.460900 23.581200 -110.362000
3.644760 -54.182300 24.205900 -108.227000
3.500680 -51.894300 24.829200 -106.058000
3.323950 -49.611800 25.436500 -103.889000
3.151380 -47.308200 26.025700 -101.737000
2.978150 -45.028100 26.631400 -99.604000
2.807150 -42.773700 27.209400 -97.458900
2.655980 -40.581800 27.810900 -95.336700
2.514360 -38.444400 28.393800 -93.296700
2.380300 -36.401400 28.937300 -91.381800
2.239410 -34.409300 29.433900 -89.493000
2.110370 -32.508900 29.957200 -87.628500
1.982710 -30.645100 30.412400 -85.812800
1.855430 -28.789100 30.791400 -84.154700
1.722050 -26.990200 31.286000 -82.463900
1.594940 -25.201300 31.749200 -80.778800
1.450210 -23.428200 32.208300 -79.103600
1.300410 -21.726000 32.643200 -77.464500
1.165700 -20.114300 33.039300 -75.885900
1.060810 -18.588300 33.423400 -74.403100
0.964733 -17.172100 33.804000 -73.025600
0.883142 -15.867800 34.168900 -71.771800
0.816023 -14.692200 34.476800 -70.663100
0.759991 -13.729800 34.742900 -69.728700
0.706949 -12.872900 34.953500 -68.929700
0.653530 -12.101700 35.168400 -68.201700
0.611054 -11.327200 35.394600 -67.488300
0.565045 -10.590000 35.610700 -66.803800
0.510632 -9.842890 35.765100 -66.164400
0.422541 -9.137130 35.838400 -65.587300
0.325789 -8.430540 35.867900 -65.108300
0.228600 -7.733810 35.895800 -64.620300
0.143583 -7.056930 35.947600 -64.154600
0.070457 -6.376310 36.037700 -63.654400
0.002469 -5.710880 36.146500 -63.094700
-0.039825 -5.071680 36.264100 -62.507800
-0.092090 -4.332740 36.467900 -61.855500
-0.137944 -3.486260 36.670500 -61.091000
-0.182102 -2.542550 36.959200 -60.294900
-0.208659 -1.562840 37.279700 -59.364700
-0.230522 -0.506607 37.599000 -58.377300
-0.275394 0.652266 37.973800 -57.286800
-0.252054 1.862910 38.403100 -56.290500
-0.318169 3.003170 38.693800 -55.231600
-0.459573 4.107430 38.895200 -54.203400
-0.675918 5.164430 38.985800 -53.171700
-0.970111 6.168110 38.967700 -52.215000
-1.294110 7.161360 38.943800 -51.285400
-1.513920 8.139540 39.089100 -50.417800
-1.650520 8.843600 39.190100 -49.834700
-1.696880 9.221240 39.286800 -49.505000
-1.712800 9.306550 39.312700 -49.394600
-1.714910 9.283690 39.302900 -49.368500
-1.715400 9.294150 39.313900 -49.365000
