0.000000 0.000000 0.000000 0.000000
0.026806 0.442467 0.272332 0.376803
0.227418 1.020570 0.587988 0.928007
0.551430 1.700040 1.037470 1.594670
0.994020 2.464660 1.688920 2.395920
1.663870 3.075950 2.445260 3.128530
2.530110 3.771790 3.433110 3.839500
3.616630 4.377880 4.511270 4.531810
4.900690 4.983670 5.881320 5.166500
6.454420 5.497790 7.456870 5.739770
8.285790 6.074930 9.313940 6.316220
10.328200 6.631310 11.381000 6.900970
12.531700 7.175780 13.580900 7.466740
14.888400 7.658330 15.906300 8.017470
17.280700 8.061490 18.323300 8.531530
19.792800 8.345420 20.814200 8.878870
22.337100 8.383780 23.380600 9.027170
24.874000 8.171980 25.943100 8.917260
27.390700 7.699070 28.474800 8.575220
29.939200 6.949050 30.933700 7.964840
32.237800 6.098790 33.313800 7.184980
34.546600 5.041050 35.639800 6.246270
36.780800 3.828570 37.836600 5.214160
38.830200 2.630520 39.855600 4.204210
40.873400 1.345660 41.902400 3.088440
42.983100 -0.006441 44.084500 1.914590
45.261400 -1.410640 46.473600 0.728625
47.731700 -2.837470 49.033200 -0.529514
50.277900 -4.324080 51.647800 -1.897180
52.920300 -5.879300 54.265900 -3.300570
55.621900 -7.447910 57.030600 -4.680570
58.266300 -8.982700 59.653900 -5.969210
60.933300 -10.510700 62.360800 -7.323430
63.537100 -11.989500 65.032100 -8.632490
66.135900 -13.515500 67.671600 -9.927110
68.635400 -15.098000 70.233500 -11.290900
71.120400 -16.690800 72.827000 -12.754500
73.516700 -18.230800 75.339900 -14.187800
75.867900 -19.799800 77.813900 -15.601100
78.268600 -21.366500 80.342400 -17.029500
80.630500 -22.862700 82.868100 -18.394800
82.965400 -24.356300 85.280000 -19.791600
85.375400 -25.794100 87.767500 -21.071000
87.837800 -27.118700 90.233600 -22.216400
90.297600 -28.332200 92.717800 -23.266300
92.805400 -29.441700 95.297000 -24.189200
95.310500 -30.439300 97.849200 -25.020500
97.866300 -31.428400 100.426000 -25.775900
100.401000 -32.363700 102.981000 -26.550700
102.900000 -33.202800 105.550000 -27.170600
105.416000 -34.021900 108.097000 -27.831800
107.954000 -34.790000 110.667000 -28.418200
110.547000 -35.501900 113.244000 -28.995600
113.138000 -36.166100 115.788000 -29.448700
115.739000 -36.759800 118.290000 -29.894700
118.319000 -37.336600 120.865000 -30.293600
120.919000 -37.870300 123.440000 -30.642100
123.500000 -38.360900 125.993000 -30.988200
126.075000 -38.859500 128.600000 -31.386600
128.628000 -39.342700 131.141000 -31.630100
131.149000 -39.808500 133.682000 -31.929500
133.645000 -40.261700 136.152000 -32.198000
136.147000 -40.737600 138.546000 -32.469000
138.577000 -41.171800 140.936000 -32.727700
140.923000 -41.536800 143.307000 -32.927500
143.284000 -41.821700 145.613000 -33.032400
145.686000 -41.997400 147.882000 -33.037700
147.933000 -42.041600 150.129000 -32.924300
150.214000 -42.018900 152.324000 -32.715700
152.414000 -41.951200 154.473000 -32.483100
154.675000 -41.921500 156.636000 -32.278800
156.861000 -41.910400 158.831000 -32.099400
159.039000 -41.944000 160.952000 -31.952600
161.175000 -42.005300 163.022000 -31.849500
163.278000 -42.086500 165.016000 -31.755000
165.367000 -42.111000 166.990000 -31.625200
167.424000 -42.008500 168.904000 -31.379000
169.447000 -41.810300 170.812000 -31.052600
171.398000 -41.502000 172.660000 -30.628300
173.293000 -41.102800 174.436000 -30.125600
175.102000 -40.666800 176.191000 -29.588100
176.869000 -40.210800 177.899000 -28.996100
178.681000 -39.699400 179.670000 -28.343600
180.487000 -39.207000 181.448000 -27.711900
182.303000 -38.671700 183.261000 -27.059000
184.148000 -38.119500 185.052000 -26.364900
186.005000 -37.492800 186.767000 -25.556100
187.875000 -36.783600 188.553000 -24.755500
189.723000 -35.987900 190.378000 -23.809000
191.655000 -35.126400 192.213000 -22.884000
193.636000 -34.260800 194.111000 -21.932800
195.688000 -33.380600 196.029000 -20.892100
197.770000 -32.472000 197.933000 -19.840500
199.817000 -31.584000 199.957000 -18.855000
201.907000 -30.693200 201.887000 -17.727900
203.965000 -29.827100 203.960000 -16.731300
206.040000 -29.050400 205.982000 -15.837300
208.158000 -28.347200 208.017000 -15.013600
210.273000 -27.671600 210.146000 -14.253300
212.407000 -26.988300 212.307000 -13.486600
214.584000 -26.292100 214.486000 -12.779000
216.769000 -25.587600 216.640000 -11.967200
218.969000 -24.828700 218.771000 -11.071700
221.141000 -24.022600 220.918000 -10.182800
223.350000 -23.193000 223.090000 -9.197520
225.556000 -22.327500 225.268000 -8.252070
227.756000 -21.425700 227.415000 -7.278630
229.930000 -20.494500 229.484000 -6.499670
232.114000 -19.524500 231.557000 -5.329230
234.311000 -18.549200 233.688000 -4.194330
236.461000 -17.562900 235.813000 -3.107410
238.626000 -16.534600 237.912000 -1.990660
240.770000 -15.490100 240.007000 -0.822360
242.916000 -14.429400 242.112000 0.362504
245.072000 -13.334800 244.190000 1.566270
247.249000 -12.231000 246.540000 2.459300
249.434000 -11.133700 248.639000 3.817220
251.618000 -10.015100 250.731000 5.169150
253.813000 -8.888240 252.811000 6.512480
255.981000 -7.716380 254.871000 7.903730
258.120000 -6.510670 256.878000 9.295230
260.250000 -5.242390 258.875000 10.778100
262.290000 -3.887880 260.822000 12.376000
264.286000 -2.417790 262.658000 14.053600
266.265000 -0.947867 264.478000 15.725800
268.326000 0.404149 266.351000 17.288300
270.415000 1.689890 268.292000 18.865900
272.542000 2.908500 270.253000 20.370500
274.698000 4.144470 272.228000 21.816700
276.849000 5.344090 274.258000 23.252700
279.045000 6.572300 276.291000 24.717700
281.290000 7.778090 278.350000 26.149900
283.525000 9.035780 280.415000 27.689300
285.760000 10.330800 282.503000 29.216600
288.015000 11.679300 284.513000 30.928000
290.263000 13.138600 286.572000 32.664000
292.487000 14.645700 288.580000 34.382500
294.702000 16.209300 290.536000 36.185500
296.930000 17.840600 292.579000 38.132100
299.154000 19.573800 294.533000 40.184200
301.324000 21.378700 296.484000 42.257700
303.486000 23.218400 298.389000 44.370800
305.624000 25.112300 300.381000 46.542000
307.725000 27.010800 302.312000 48.717900
309.807000 28.966400 304.188000 50.938600
311.866000 30.947400 305.958000 53.139000
313.852000 32.973500 307.712000 55.416700
315.831000 35.018700 309.421000 57.692000
317.742000 37.100000 311.089000 60.035200
319.625000 39.161600 312.708000 62.332600
321.512000 41.237400 314.389000 64.692000
323.412000 43.299000 316.014000 66.946300
325.368000 45.344400 317.673000 69.300100
327.424000 47.374700 319.391000 71.635700
329.553000 49.377500 321.222000 73.950400
331.726000 51.318900 323.116000 76.183000
333.969000 53.270900 325.077000 78.434600
336.267000 55.189200 327.054000 80.686200
338.591000 57.077300 329.075000 82.950300
340.978000 58.946100 331.105000 85.179400
343.394000 60.801100 333.218000 87.466500
345.803000 62.611900 335.361000 89.645300
348.229000 64.412800 337.487000 91.834800
350.673000 66.201400 339.599000 94.047700
353.143000 67.999600 341.709000 96.229800
355.587000 69.794500 343.804000 98.361000
358.021000 71.573700 345.843000 100.524000
360.457000 73.374400 347.839000 102.732000
362.905000 75.147900 349.956000 104.977000
365.347000 76.900200 352.006000 107.155000
367.746000 78.644900 354.086000 109.293000
370.074000 80.376100 356.055000 111.390000
372.319000 82.072300 357.921000 113.420000
374.433000 83.692300 359.694000 115.378000
376.423000 85.237900 361.409000 117.204000
378.337000 86.664200 362.979000 118.906000
380.143000 87.987100 364.449000 120.497000
381.899000 89.234500 365.215000 121.203000
383.625000 90.401100 363.750000 121.779000
385.449000 91.544200 365.736000 122.542000
387.350000 92.626800 367.780000 123.233000
389.305000 93.649600 369.856000 123.848000
391.364000 94.701600 371.977000 124.448000
393.477000 95.762000 374.097000 125.058000
395.637000 96.786500 376.418000 125.697000
397.789000 97.749400 378.752000 126.269000
399.910000 98.662800 381.022000 126.791000
401.999000 99.488900 383.236000 127.242000
404.027000 100.214000 385.405000 127.607000
406.036000 100.859000 387.517000 127.882000
408.084000 101.342000 389.624000 127.975000
410.231000 101.695000 391.743000 127.991000
412.463000 101.979000 393.952000 127.895000
414.722000 102.220000 396.174000 127.739000
416.981000 102.445000 398.453000 127.517000
419.228000 102.618000 400.648000 127.264000
421.522000 102.799000 402.920000 127.026000
423.737000 103.002000 405.131000 126.780000
425.959000 103.208000 407.251000 126.612000
428.078000 103.412000 409.255000 126.426000
430.113000 103.620000 411.274000 126.241000
432.067000 103.810000 413.166000 126.089000
433.967000 103.857000 414.895000 125.755000
435.688000 103.802000 416.594000 125.318000
437.241000 103.684000 418.035000 124.875000
438.511000 103.459000 419.174000 124.365000
439.586000 103.272000 420.212000 124.012000
440.512000 103.049000 421.008000 123.663000
441.294000 102.911000 421.774000 123.323000
441.878000 102.775000 422.257000 123.041000
442.328000 102.672000 422.677000 122.902000
442.784000 102.567000 423.030000 122.900000
443.215000 102.502000 423.426000 122.758000
443.701000 102.442000 423.899000 122.649000
444.334000 102.409000 424.456000 122.488000
445.070000 102.329000 425.033000 122.314000
445.868000 102.299000 425.777000 122.113000
446.757000 102.340000 426.585000 122.007000
447.725000 102.480000 427.505000 121.956000
448.824000 102.674000 428.568000 121.938000
450.007000 102.986000 429.756000 121.999000
451.351000 103.415000 431.084000 122.186000
452.806000 103.969000 432.575000 122.480000
454.379000 104.646000 434.134000 122.840000
456.033000 105.480000 435.837000 123.354000
457.821000 106.446000 437.630000 123.976000
459.705000 107.515000 439.537000 124.645000
461.689000 108.669000 441.570000 125.388000
463.786000 109.889000 443.689000 126.218000
465.974000 111.190000 445.752000 127.172000
468.228000 112.548000 448.029000 128.111000
470.580000 113.979000 450.416000 129.015000
473.024000 115.462000 452.885000 129.962000
475.563000 116.995000 455.447000 130.829000
478.151000 118.590000 458.144000 131.847000
480.826000 120.255000 460.886000 132.860000
483.559000 121.941000 463.693000 133.878000
486.378000 123.568000 466.673000 134.862000
489.327000 125.062000 469.683000 135.644000
492.361000 126.378000 472.768000 136.326000
495.497000 127.514000 475.850000 136.773000
498.651000 128.392000 478.966000 136.999000
501.942000 129.001000 482.073000 136.872000
505.258000 129.291000 485.231000 136.413000
508.631000 129.370000 488.334000 135.738000
512.045000 129.227000 491.386000 134.864000
515.436000 128.961000 494.484000 133.834000
518.837000 128.685000 497.597000 132.828000
522.322000 128.359000 500.771000 131.783000
525.923000 127.992000 503.960000 130.776000
529.573000 127.616000 507.180000 129.613000
533.302000 127.254000 510.489000 128.515000
537.118000 126.845000 513.876000 127.366000
540.992000 126.400000 517.315000 126.144000
544.935000 125.907000 520.798000 124.931000
548.943000 125.362000 524.419000 123.523000
553.019000 124.759000 527.953000 121.999000
557.113000 124.113000 531.649000 120.601000
561.328000 123.421000 535.473000 119.041000
565.583000 122.680000 539.287000 117.381000
569.890000 121.916000 543.158000 115.663000
574.312000 121.128000 547.121000 113.865000
578.768000 120.303000 551.035000 112.239000
583.194000 119.498000 554.964000 110.456000
587.623000 118.678000 558.868000 108.680000
592.101000 117.874000 562.846000 106.899000
596.586000 117.088000 566.797000 105.079000
601.039000 116.324000 570.681000 103.212000
605.510000 115.547000 574.549000 101.274000
609.949000 114.789000 578.441000 99.342800
614.386000 114.049000 582.242000 97.394800
618.799000 113.338000 586.217000 95.704600
623.216000 112.613000 590.063000 93.776000
627.625000 111.898000 593.795000 91.958200
631.911000 111.236000 597.484000 89.990200
636.161000 110.571000 601.168000 88.125000
640.329000 109.930000 604.752000 86.402400
644.380000 109.291000 608.145000 84.534900
648.165000 108.678000 611.349000 82.869800
651.711000 108.100000 614.367000 81.250100
654.975000 107.589000 617.138000 79.836500
657.877000 107.147000 619.585000 78.560700
660.422000 106.772000 621.733000 77.437300
662.602000 106.415000 623.533000 76.469500
664.452000 105.960000 625.011000 75.414100
666.112000 105.284000 626.269000 74.235100
667.569000 104.375000 627.383000 72.580300
668.738000 103.258000 627.888000 70.812900
669.594000 101.984000 628.321000 69.279900
670.217000 100.590000 628.499000 67.684400
670.533000 99.061900 628.525000 66.046400
670.567000 97.429800 628.102000 64.329000
670.276000 95.754200 627.415000 62.672400
669.625000 94.055100 626.269000 61.214700
668.646000 92.389000 624.920000 59.736500
667.404000 90.753200 623.395000 58.364500
665.982000 89.054400 621.766000 57.006800
664.412000 87.372800 620.025000 55.638400
662.669000 85.730500 618.202000 54.355900
660.778000 84.195100 616.245000 53.213400
658.709000 82.821400 614.116000 52.253600
656.532000 81.559000 611.969000 51.472200
654.245000 80.258900 609.775000 50.734600
651.889000 78.880500 607.439000 49.949000
649.521000 77.511900 604.956000 49.080700
647.085000 76.021000 602.406000 48.166700
644.524000 74.463800 599.854000 47.231800
641.995000 72.927800 597.286000 46.298700
639.457000 71.347200 594.659000 45.309200
636.937000 69.721000 592.024000 44.284900
634.445000 68.072600 589.398000 43.245600
632.026000 66.466700 586.827000 42.174500
629.639000 64.884300 584.374000 41.168200
627.343000 63.340600 581.975000 40.132300
625.147000 61.832200 579.594000 39.117500
623.098000 60.401000 577.446000 38.188500
621.202000 59.047600 575.414000 37.292600
619.464000 57.829700 573.555000 36.443900
617.946000 56.722700 571.973000 35.648500
616.672000 55.790300 570.672000 35.024000
615.625000 55.022200 569.647000 34.447500
614.789000 54.418500 568.762000 34.029300
614.131000 53.924200 568.080000 33.682000
613.601000 53.536800 567.552000 33.334300
613.090000 53.164500 566.998000 33.016800
612.592000 52.783000 566.391000 32.732400
612.103000 52.411000 565.810000 32.488200
611.638000 52.054800 565.232000 32.266900
611.198000 51.720000 564.708000 32.059800
610.826000 51.431900 564.276000 31.822300
610.473000 51.175200 563.860000 31.659800
610.130000 50.912800 563.482000 31.454700
609.817000 50.676600 563.139000 31.293800
609.486000 50.430000 562.763000 31.147100
609.100000 50.147700 562.310000 30.991600
608.548000 49.724600 561.671000 30.753400
607.808000 49.145400 560.828000 30.397100
606.910000 48.409100 559.818000 29.916000
605.888000 47.503000 558.641000 29.281400
604.731000 46.413800 557.313000 28.528300
603.470000 45.160300 555.860000 27.607500
602.118000 43.773300 554.304000 26.588900
600.632000 42.288600 552.595000 25.427800
599.063000 40.649800 550.799000 24.217800
597.399000 38.934000 548.901000 22.978800
595.615000 37.095100 546.863000 21.555600
593.776000 35.125800 544.781000 20.077900
591.905000 33.066200 542.601000 18.482800
590.079000 31.018600 540.453000 16.912800
588.249000 28.962200 538.322000 15.279800
586.386000 26.922500 536.066000 13.736800
584.477000 24.864500 533.790000 12.173000
582.542000 22.790600 531.493000 10.563200
580.605000 20.746500 529.152000 9.013390
578.601000 18.638300 526.799000 7.468160
576.617000 16.519600 524.487000 5.883200
574.628000 14.399100 522.261000 4.359760
572.663000 12.256600 519.921000 2.703740
570.737000 10.138400 517.624000 1.069740
568.834000 8.016570 515.312000 -0.518025
566.979000 5.906060 513.024000 -2.026570
565.171000 3.837690 510.761000 -3.680300
563.341000 1.840300 508.498000 -5.200580
561.540000 -0.125168 506.335000 -6.682090
559.886000 -1.921230 504.279000 -8.060240
558.303000 -3.605910 502.373000 -9.312630
556.893000 -5.092400 500.712000 -10.371100
555.655000 -6.390320 499.255000 -11.419500
554.541000 -7.574750 497.876000 -12.333100
553.543000 -8.654760 496.646000 -13.181400
552.592000 -9.682510 495.494000 -13.950000
551.705000 -10.598000 494.415000 -14.653300
550.876000 -11.458000 493.427000 -15.311800
550.121000 -12.248800 492.499000 -15.934900
549.436000 -12.957500 491.655000 -16.492000
548.843000 -13.615100 490.932000 -17.019300
548.350000 -14.185300 490.332000 -17.482700
547.941000 -14.636300 489.820000 -17.849100
547.605000 -15.022600 489.408000 -18.146200
547.318000 -15.340100 489.061000 -18.383400
547.085000 -15.596400 488.774000 -18.583100
546.899000 -15.819400 488.536000 -18.748800
546.736000 -15.995600 488.338000 -18.881700
546.605000 -16.145900 488.182000 -18.986600
546.496000 -16.265200 488.049000 -19.066700
546.415000 -16.359400 487.947000 -19.129000
546.359000 -16.423900 487.877000 -19.170000
546.325000 -16.461600 487.840000 -19.207800
546.297000 -16.489400 487.806000 -19.234700
546.252000 -16.539700 487.756000 -19.277300
546.195000 -16.606800 487.682000 -19.334600
546.111000 -16.701400 487.578000 -19.407900
546.009000 -16.818500 487.448000 -19.493900
545.866000 -16.983300 487.278000 -19.601100
545.695000 -17.175100 487.083000 -19.731300
545.497000 -17.399100 486.860000 -19.908700
545.288000 -17.638800 486.594000 -20.083800
545.053000 -17.898400 486.310000 -20.302300
544.828000 -18.147000 486.019000 -20.418500
544.637000 -18.364300 485.792000 -20.600800
544.486000 -18.540300 485.626000 -20.760600
