1305031102.175304 0.00640125 0.00893939 0.0271593 -0.000795836 -0.00613181 -0.00513893 0.999968
1305031102.211214 -8.48686e-05 0.00494403 0.0362225 -0.0123047 -0.00962368 -0.00527014 0.999864
1305031102.275326 0.000440525 0.00425679 0.0505674 -0.016865 -0.0121053 -0.00452823 0.999774
1305031102.311267 -0.00222043 0.00262107 0.064971 -0.0202383 -0.0129639 -0.0028595 0.999707
1305031102.343233 -0.00019557 0.00384056 0.0765386 -0.022277 -0.015691 -0.00225245 0.999626
1305031102.375329 0.01505 0.00283613 0.0917231 -0.0236172 -0.0229184 -0.00862723 0.999421
1305031102.411258 0.0124667 0.00937165 0.097673 -0.0271328 -0.0250493 -0.00856848 0.999281
1305031102.443271 0.0162346 0.0130577 0.109142 -0.0327438 -0.0288239 -0.00869386 0.99901
1305031102.475318 0.0172618 0.0184535 0.138328 -0.0377244 -0.0284393 -0.0102599 0.998831
1305031102.511219 0.0219238 0.0140207 0.153168 -0.0437316 -0.0273846 -0.0135929 0.998575
1305031102.575286 0.0155366 0.0125981 0.175907 -0.0426365 -0.022077 -0.0128116 0.998765
1305031102.611233 0.0179455 0.0178919 0.186784 -0.0406323 -0.0234198 -0.0134285 0.998809
1305031102.675285 0.018415 0.0185899 0.201151 -0.0415272 -0.0241494 -0.0122546 0.99877
1305031102.711263 0.0165911 0.0225463 0.211879 -0.0421814 -0.0237721 -0.0104055 0.998773
1305031102.743234 0.0261697 0.0268021 0.225531 -0.0425333 -0.0259896 -0.0113855 0.998692
1305031102.775472 0.0245657 0.0290818 0.238046 -0.0441874 -0.0224941 -0.0119006 0.998699
1305031102.811232 0.0267628 0.031508 0.251353 -0.045148 -0.0199742 -0.0130727 0.998695
1305031102.843290 0.0234479 0.0311443 0.265384 -0.0461723 -0.0163815 -0.0148519 0.998689
1305031102.875363 0.0163899 0.0388173 0.286804 -0.0442413 -0.0120102 -0.0170308 0.998803
1305031102.911185 0.0140745 0.0374706 0.300434 -0.0455374 -0.0175482 -0.0237711 0.998526
1305031102.975203 0.00839974 0.0421535 0.31013 -0.046123 -0.0212208 -0.0205636 0.998499
1305031103.011215 0.00642447 0.0457489 0.320473 -0.0475057 -0.0266688 -0.0182038 0.998349
1305031103.043227 0.00722753 0.0464756 0.333234 -0.0480043 -0.0304113 -0.0149729 0.998272
1305031103.075319 0.0112819 0.0484726 0.342804 -0.0474832 -0.0323727 -0.0141139 0.998248
1305031103.111240 0.0109051 0.0551833 0.350516 -0.0461257 -0.0323841 -0.0130126 0.998326
1305031103.143318 0.0135889 0.0578388 0.359648 -0.0474847 -0.0323772 -0.0126126 0.998267
1305031103.175452 0.0119937 0.0722906 0.37068 -0.0539495 -0.030717 -0.0100498 0.998021
1305031103.243216 0.00938402 0.0760472 0.377994 -0.0611927 -0.0324567 -0.00825605 0.997564
1305031103.275370 -0.000942456 0.0743277 0.386873 -0.0697717 -0.0367664 -0.00496033 0.996873
1305031103.311210 0.00416935 0.0696171 0.393649 -0.0755715 -0.0431304 -0.00351572 0.996201
1305031103.343223 0.0110509 0.071471 0.394693 -0.0769899 -0.0454433 -0.00222522 0.995993
1305031103.375327 0.00876512 0.0677062 0.397566 -0.0799006 -0.0443205 -0.00104559 0.995817
1305031103.411260 0.00616932 0.0617642 0.397105 -0.0828507 -0.045424 -0.00128818 0.995525
1305031103.443280 0.00744464 0.0583182 0.395078 -0.0831476 -0.0489222 -0.00274845 0.995332
1305031103.475274 0.00848602 0.0523479 0.392195 -0.0825847 -0.0510124 -0.00467594 0.995267
1305031103.511333 0.00658059 0.0458298 0.387148 -0.0802234 -0.0516888 -0.00679489 0.995413
1305031103.543444 0.00227428 0.0411272 0.37847 -0.0769586 -0.0512375 -0.00633645 0.995697
1305031103.575474 -2.81942e-05 0.0385876 0.367796 -0.0736287 -0.0531838 -0.00529879 0.995853
1305031103.611223 -6.26275e-05 0.0331953 0.358436 -0.0717214 -0.0570189 -0.00455905 0.995783
1305031103.643445 0.00455223 0.0282029 0.347786 -0.069701 -0.0612043 -0.00409517 0.99568
1305031103.675523 0.00950855 0.0232397 0.33629 -0.0678972 -0.063912 -0.00392058 0.995636
1305031103.711610 0.0138671 0.0172526 0.325046 -0.0658206 -0.0650676 -0.00494224 0.995696
1305031103.743326 0.0154713 0.0121711 0.311477 -0.0639083 -0.0651415 -0.00696094 0.995803
1305031103.775342 0.0171558 0.0134473 0.293664 -0.0618234 -0.0644645 -0.00936759 0.995959
1305031103.811242 0.0144213 0.0149123 0.275463 -0.0632689 -0.0630791 -0.0111852 0.995938
1305031103.843251 0.0121734 0.0110834 0.264179 -0.0669283 -0.0655996 -0.0163506 0.995465
1305031103.875361 0.00882138 0.000331055 0.256612 -0.0700722 -0.0673786 -0.0184162 0.995093
1305031103.911221 0.0109574 -0.00630897 0.243027 -0.0699252 -0.0704363 -0.0186767 0.994887
1305031103.943211 0.014792 -0.0113933 0.229328 -0.0681748 -0.0731302 -0.0200646 0.994787
1305031103.975373 0.0191659 -0.0198298 0.217616 -0.0659244 -0.0737834 -0.0215947 0.994859
1305031104.011232 0.0262346 -0.0272766 0.205285 -0.0608225 -0.0731344 -0.0228999 0.995202
1305031104.043249 0.0322508 -0.0256536 0.186094 -0.0555243 -0.0698958 -0.0227456 0.995748
1305031104.075425 0.0379018 -0.0292791 0.172963 -0.0514132 -0.0653967 -0.025278 0.996213
1305031104.111235 0.0332413 -0.0351718 0.159767 -0.0479021 -0.0579448 -0.0253697 0.996847
1305031104.143230 0.0305892 -0.0385471 0.14468 -0.0438338 -0.0535511 -0.0261987 0.997259
1305031104.175424 0.0294579 -0.0420332 0.131479 -0.0394955 -0.050375 -0.0262904 0.997603
1305031104.211283 0.0314599 -0.0453582 0.118475 -0.0351789 -0.0483953 -0.0260387 0.997869
1305031104.243196 0.0340969 -0.0479066 0.105009 -0.0309115 -0.0466011 -0.0260991 0.998094
1305031104.275546 0.0361066 -0.0496815 0.0920043 -0.0268983 -0.043884 -0.0258404 0.99834
1305031104.311219 0.0423935 -0.0507748 0.0794246 -0.023556 -0.041507 -0.0258425 0.998526
1305031104.343342 0.0428931 -0.0504762 0.0666682 -0.0208641 -0.0368826 -0.025187 0.998784
1305031104.375837 0.0392868 -0.0507086 0.0554508 -0.0189828 -0.0320648 -0.0246937 0.999
1305031104.411509 0.0337071 -0.0501268 0.0440009 -0.0177908 -0.0291759 -0.0241739 0.999124
1305031104.443288 0.029446 -0.0521863 0.034966 -0.0180437 -0.0294124 -0.0242063 0.999111
1305031104.475456 0.0259795 -0.0554449 0.027966 -0.0178616 -0.0309812 -0.0236106 0.999081
1305031104.511329 0.0276137 -0.0593601 0.0211957 -0.0156999 -0.0332736 -0.0229656 0.999059
1305031104.543368 0.0338033 -0.0646191 0.0145122 -0.0120281 -0.0347473 -0.0228793 0.999062
1305031104.575343 0.0333205 -0.0753439 0.0106196 -0.00510274 -0.0296872 -0.0220267 0.999304
1305031104.611336 0.0391827 -0.0771683 -0.00108489 0.0066625 -0.0236663 -0.021765 0.999461
1305031104.643243 0.0414864 -0.0798777 -0.013857 0.0182385 -0.0160962 -0.0209792 0.999484
1305031104.675525 0.0391281 -0.0812184 -0.0241128 0.032096 -0.0077596 -0.0193917 0.999267
1305031104.711277 0.0396406 -0.0794965 -0.0376352 0.0462376 -0.000599685 -0.0180093 0.998768
1305031104.743280 0.0419751 -0.0779627 -0.0502163 0.0591312 0.00607903 -0.0166849 0.998092
1305031104.775327 0.0435694 -0.0753731 -0.0615939 0.0706719 0.0123204 -0.0142914 0.997321
1305031104.811465 0.0464401 -0.0713089 -0.0732268 0.0798357 0.0183073 -0.0115392 0.996573
1305031104.843258 0.0450361 -0.0655336 -0.0815191 0.0863208 0.0217481 -0.00879417 0.995991
1305031104.875350 0.0529974 -0.0636018 -0.0874737 0.0887138 0.0208626 -0.00596236 0.995821
1305031104.911534 0.0554421 -0.0605129 -0.0893417 0.0901252 0.0210151 -0.00474157 0.995697
1305031104.943262 0.0613943 -0.0576917 -0.0909398 0.0893574 0.019135 -0.00381434 0.995809
1305031104.975202 0.0689832 -0.0568426 -0.0906008 0.0845153 0.0168294 -0.00290666 0.996276
1305031105.011290 0.0739127 -0.054448 -0.0847399 0.0790499 0.0151027 -0.00396331 0.996748
1305031105.043373 0.0745362 -0.0538333 -0.0771776 0.0718745 0.0140431 -0.00570018 0.997299
1305031105.075320 0.0705479 -0.0552706 -0.0641919 0.0655323 0.0139745 -0.00743026 0.997725
1305031105.111299 0.0685765 -0.050167 -0.0551524 0.0599776 0.011535 -0.010172 0.998081
1305031105.143106 0.0781431 -0.0460257 -0.0460464 0.0482687 0.00512597 -0.0127393 0.99874
1305031105.175159 0.0704603 -0.0525777 -0.0277134 0.0339954 0.00269315 -0.0154363 0.999299
1305031105.211268 0.0628474 -0.0509539 -0.0105474 0.0253056 -0.00133385 -0.0178745 0.999519
1305031105.243270 0.0624957 -0.0473505 0.00356648 0.0155469 -0.00838149 -0.0192525 0.999659
1305031105.275288 0.0573294 -0.0498684 0.0205129 0.0041361 -0.0149753 -0.0203554 0.999672
1305031105.311290 0.050535 -0.0510425 0.0365782 -0.00509271 -0.0202713 -0.0202047 0.999578
1305031105.343302 0.0479428 -0.0535817 0.0547555 -0.0104796 -0.0252269 -0.020554 0.999416
1305031105.375338 0.0475231 -0.0504159 0.0644243 -0.0159314 -0.0300403 -0.0210764 0.9992
1305031105.411286 0.0464521 -0.0482619 0.0790783 -0.0217475 -0.0344036 -0.0217342 0.998935
1305031105.443316 0.0419321 -0.0492782 0.0954074 -0.026667 -0.0366243 -0.0220873 0.998729
1305031105.475280 0.0411146 -0.046297 0.107078 -0.0308173 -0.0391434 -0.0219847 0.998516
1305031105.511332 0.0407428 -0.0453076 0.122517 -0.0346619 -0.0402693 -0.0212861 0.998361
1305031105.543282 0.038579 -0.0462751 0.137562 -0.0388149 -0.0412762 -0.0210213 0.998172
1305031105.575449 0.0376192 -0.0460653 0.152882 -0.0416707 -0.0419669 -0.0204894 0.998039
1305031105.611378 0.0407081 -0.0411905 0.181797 -0.0430068 -0.0439469 -0.0168991 0.997965
1305031105.643273 0.0434693 -0.0455387 0.200968 -0.0452033 -0.0439962 -0.0170541 0.997863
1305031105.711309 0.043977 -0.0437802 0.213764 -0.0444962 -0.0405282 -0.01637 0.998053
1305031105.743312 0.0499347 -0.0397398 0.227636 -0.0433228 -0.037769 -0.0167497 0.998207
1305031105.775339 0.0467797 -0.0391009 0.243116 -0.0428724 -0.031879 -0.0157029 0.998448
1305031105.811283 0.0489822 -0.0370318 0.257723 -0.0414735 -0.0288059 -0.0150927 0.99861
1305031105.843271 0.0495182 -0.0311231 0.268567 -0.04015 -0.0236498 -0.0122262 0.998839
1305031105.875337 0.0485474 -0.0235175 0.279213 -0.040162 -0.0189606 -0.0084648 0.998978
1305031105.911262 0.0514512 -0.0189613 0.291692 -0.0428311 -0.0170002 -0.00562995 0.998922
1305031105.943272 0.0522479 -0.0131381 0.302745 -0.0460338 -0.0151069 -0.00412982 0.998817
1305031105.975329 0.052953 -0.00836041 0.31527 -0.0500844 -0.0132242 -0.00238052 0.998655
1305031106.011285 0.0537973 -0.00378177 0.32722 -0.0540612 -0.01143 -0.00195362 0.99847
1305031106.043355 0.0519375 -0.000256267 0.339391 -0.0584181 -0.0100185 -0.000475098 0.998242
1305031106.075330 0.049151 0.00696241 0.348761 -0.0622104 -0.00883044 -0.00027662 0.998024
1305031106.111327 0.0450264 0.0126048 0.359427 -0.0672237 -0.00889472 0.000320322 0.997698
1305031106.143355 0.0440082 0.012 0.373036 -0.0734799 -0.0109209 0.00235708 0.997234
1305031106.175534 0.0427784 0.0133363 0.38406 -0.077242 -0.0122616 0.00315896 0.996932
1305031106.211275 0.0394338 0.0135853 0.393925 -0.079753 -0.0126187 0.00631868 0.996715
1305031106.243267 0.0381508 0.0193216 0.399292 -0.0800306 -0.0140864 0.00832903 0.996658
1305031106.276385 0.0362715 0.0256227 0.40383 -0.0815047 -0.0142193 0.0104885 0.996516
1305031106.311238 0.0359652 0.0321324 0.406606 -0.0855631 -0.0161329 0.0118687 0.996131
1305031106.343258 0.0444066 0.0366119 0.410496 -0.0918094 -0.0199294 0.00534514 0.995563
1305031106.375388 0.051199 0.0321971 0.41785 -0.0996109 -0.0184925 -0.00109947 0.994854
1305031106.411320 0.0470443 0.0261401 0.421384 -0.103658 -0.0139317 -0.00632461 0.994495
1305031106.443278 0.0399327 0.0224465 0.419861 -0.104631 -0.0110335 -0.00883881 0.994411
1305031106.475345 0.0370677 0.017892 0.416911 -0.104301 -0.0131613 -0.0095844 0.994413
1305031106.511129 0.0381643 0.0124675 0.411499 -0.10291 -0.0175564 -0.0104022 0.994481
1305031106.543302 0.0388631 0.00922922 0.402731 -0.100399 -0.0199432 -0.011053 0.994686
1305031106.575282 0.0365891 0.00865622 0.389838 -0.0985644 -0.0218967 -0.013724 0.994795
1305031106.611151 0.0373153 0.00452803 0.380971 -0.0982494 -0.0249546 -0.0163585 0.994714
1305031106.643207 0.0318308 -0.00108613 0.368722 -0.0983194 -0.0255713 -0.0167232 0.994686
1305031106.675279 0.0297113 -0.00238213 0.353524 -0.0977791 -0.0304121 -0.0176446 0.994587
1305031106.711508 0.02819 -0.010012 0.342609 -0.0992424 -0.0362009 -0.0171054 0.994258
1305031106.743341 0.029977 -0.0139868 0.328312 -0.0985612 -0.0427069 -0.0166539 0.994075
1305031106.775390 0.03299 -0.0159364 0.311352 -0.0984037 -0.0475577 -0.0159834 0.993881
1305031106.811289 0.0363399 -0.0211996 0.298912 -0.0986525 -0.0529091 -0.0177851 0.993555
1305031106.843416 0.0407542 -0.0336204 0.288718 -0.0979673 -0.056678 -0.021077 0.993351
1305031106.875905 0.0449123 -0.0363621 0.268322 -0.0943989 -0.0576463 -0.0235904 0.993584
1305031106.911243 0.0506144 -0.0399121 0.252055 -0.0909597 -0.0584586 -0.0291306 0.99371
1305031106.943439 0.0493667 -0.0505117 0.239874 -0.0877401 -0.0557731 -0.0331486 0.994028
1305031106.975547 0.0478745 -0.0538258 0.218722 -0.082876 -0.0520661 -0.0337532 0.994626
1305031107.011576 0.0521968 -0.054568 0.200335 -0.07857 -0.0519757 -0.0390067 0.994788
1305031107.043281 0.043243 -0.0651899 0.189479 -0.0772997 -0.0482411 -0.0402456 0.995027
1305031107.075432 0.0429495 -0.0688637 0.171883 -0.0730574 -0.0483283 -0.0403518 0.995339
1305031107.111229 0.0467579 -0.0669724 0.152414 -0.0688289 -0.0482108 -0.0400341 0.995658
1305031107.143260 0.0584603 -0.0779335 0.145222 -0.0673017 -0.0514637 -0.0457194 0.995355
1305031107.175399 0.0604804 -0.0885748 0.135869 -0.0642927 -0.0496124 -0.0467223 0.995601
1305031107.211358 0.0621235 -0.0907721 0.120298 -0.0580069 -0.0465898 -0.0464909 0.996144
1305031107.243378 0.0669433 -0.0945297 0.108265 -0.051977 -0.0443907 -0.0472713 0.996541
1305031107.275398 0.0681666 -0.100431 0.0972935 -0.0456932 -0.040709 -0.0472721 0.997006
1305031107.311226 0.0658417 -0.108749 0.0881164 -0.0363938 -0.0360134 -0.0488768 0.997492
1305031107.343509 0.0755695 -0.108701 0.0746103 -0.0263209 -0.0337775 -0.0481396 0.997922
1305031107.375413 0.0825592 -0.109536 0.0642167 -0.0189573 -0.0308552 -0.0482118 0.998181
1305031107.411271 0.085766 -0.108945 0.0545209 -0.0131812 -0.0266917 -0.0477062 0.998418
1305031107.443419 0.0899309 -0.109052 0.0480454 -0.00945544 -0.0229079 -0.0462754 0.998621
1305031107.475377 0.0922007 -0.104726 0.0397145 -0.00691128 -0.0192039 -0.0449635 0.99878
1305031107.511352 0.0961087 -0.103477 0.0367661 -0.00795453 -0.0172555 -0.0434745 0.998874
1305031107.543605 0.0968806 -0.109397 0.0426355 -0.00967361 -0.0150053 -0.0410818 0.998996
1305031107.575454 0.0996049 -0.104027 0.0382107 -0.00870878 -0.0135408 -0.0389168 0.999113
1305031107.611271 0.106256 -0.101349 0.0380892 -0.0107267 -0.0138806 -0.0375319 0.999142
1305031107.643323 0.103403 -0.102127 0.0430957 -0.0125181 -0.0123047 -0.037546 0.999141
1305031107.675568 0.103165 -0.0978207 0.0426752 -0.0133906 -0.0121855 -0.036422 0.999173
1305031107.711307 0.102043 -0.0932558 0.0430794 -0.0155711 -0.0134057 -0.0359238 0.999143
1305031107.743538 0.102018 -0.0928704 0.0477497 -0.0185715 -0.0161922 -0.0370383 0.99901
1305031107.775802 0.101369 -0.0919991 0.050153 -0.0209811 -0.0178325 -0.0374947 0.998917
1305031107.811596 0.105602 -0.0909546 0.053087 -0.0232185 -0.0194593 -0.0381022 0.998815
1305031107.843332 0.113364 -0.0925999 0.0587796 -0.0245195 -0.0201361 -0.0409395 0.998658
1305031107.875358 0.116714 -0.0932841 0.0621233 -0.0238628 -0.0174311 -0.0435143 0.998616
1305031107.911541 0.120875 -0.0972221 0.0677727 -0.022615 -0.014169 -0.0451839 0.998622
1305031107.943122 0.129088 -0.0981048 0.0703236 -0.020197 -0.0105314 -0.0449955 0.998728
1305031107.975807 0.140466 -0.0998841 0.0730802 -0.0169121 -0.0071118 -0.0464807 0.998751
1305031108.011320 0.150962 -0.100719 0.0738421 -0.014073 -0.000598568 -0.0466291 0.998813
1305031108.043418 0.16061 -0.100047 0.0760211 -0.0124437 0.00871237 -0.0410993 0.99904
1305031108.075352 0.169727 -0.102655 0.0790287 -0.0102783 0.0149517 -0.0401061 0.999031
1305031108.111378 0.181184 -0.104015 0.0818629 -0.00809505 0.0183151 -0.0402881 0.998987
1305031108.143334 0.189372 -0.101686 0.0818089 -0.00885426 0.0226154 -0.0371834 0.999013
1305031108.176058 0.205767 -0.103294 0.0863732 -0.0135195 0.0226626 -0.0367965 0.998974
1305031108.211475 0.222975 -0.108354 0.0967977 -0.0150874 0.0242999 -0.0391765 0.998823
1305031108.243347 0.232703 -0.107334 0.0996362 -0.0143401 0.0290913 -0.0398266 0.99868
1305031108.275358 0.23859 -0.104764 0.100338 -0.0174312 0.0318643 -0.038305 0.998606
1305031108.311332 0.245961 -0.10449 0.104258 -0.0230099 0.0316612 -0.0366113 0.998563
1305031108.343278 0.251717 -0.103972 0.108697 -0.0287519 0.0305777 -0.0324072 0.998593
1305031108.375410 0.264151 -0.103167 0.113382 -0.0338386 0.026705 -0.0265439 0.998718
1305031108.411361 0.279522 -0.102326 0.117609 -0.0381262 0.024301 -0.0197911 0.998781
1305031108.443610 0.292904 -0.10458 0.124118 -0.0417596 0.0236083 -0.0127557 0.998767
1305031108.475471 0.310867 -0.109301 0.129773 -0.042472 0.0248575 -0.00748563 0.99876
1305031108.511378 0.327068 -0.112116 0.132658 -0.0395732 0.0302468 -0.00652924 0.998738
1305031108.543737 0.334991 -0.11234 0.131501 -0.0363293 0.0364182 -0.00896442 0.998636
1305031108.575414 0.351218 -0.110135 0.131815 -0.034647 0.041306 -0.00874171 0.998507
1305031108.611407 0.358786 -0.109095 0.132727 -0.0345522 0.0479416 -0.00760117 0.998223
1305031108.643303 0.373245 -0.107299 0.131845 -0.0362544 0.0528917 -0.00473113 0.997931
1305031108.675375 0.384054 -0.106613 0.13439 -0.0394186 0.0603945 0.000576002 0.997396
1305031108.711411 0.392161 -0.107514 0.137821 -0.0411328 0.0655416 0.00314697 0.996997
1305031108.743502 0.398628 -0.107894 0.138113 -0.042589 0.0699018 0.00486786 0.996633
1305031108.775493 0.399807 -0.110689 0.141556 -0.0442791 0.0745903 0.0109517 0.996171
1305031108.811244 0.402177 -0.111069 0.142353 -0.0436051 0.0748537 0.0174333 0.996088
1305031108.843264 0.403104 -0.111793 0.141189 -0.0423256 0.0723106 0.0232925 0.996212
1305031108.876515 0.404755 -0.114746 0.141484 -0.0402555 0.0687395 0.0294577 0.996387
1305031108.911364 0.405994 -0.116916 0.139897 -0.0361711 0.064129 0.0322085 0.996766
1305031108.943243 0.403337 -0.114179 0.134178 -0.0319333 0.057996 0.0304891 0.99734
1305031108.975268 0.401558 -0.113837 0.131829 -0.031232 0.0541938 0.0295346 0.997605
1305031109.011269 0.398186 -0.115525 0.131978 -0.0305451 0.0524947 0.0286184 0.997744
1305031109.043277 0.392075 -0.109541 0.124601 -0.0305006 0.0493308 0.0236151 0.998037
1305031109.075410 0.382532 -0.107994 0.124186 -0.0330825 0.0482665 0.0206457 0.998073
1305031109.111282 0.380703 -0.114614 0.131232 -0.0350143 0.0456483 0.0173433 0.998193
1305031109.143334 0.368051 -0.113078 0.128984 -0.0353494 0.0401291 0.0129648 0.998485
1305031109.175464 0.356699 -0.109747 0.126254 -0.039061 0.0359393 0.0130153 0.998506
1305031109.211379 0.344838 -0.106453 0.126648 -0.0462808 0.0330411 0.0188607 0.998204
1305031109.243290 0.32557 -0.107122 0.129992 -0.0492573 0.0310576 0.0239981 0.998015
1305031109.275308 0.308133 -0.104438 0.128802 -0.0472512 0.0239599 0.0255581 0.998269
1305031109.311329 0.2945 -0.0988727 0.127062 -0.047912 0.014353 0.0248492 0.998439
1305031109.343248 0.28181 -0.100432 0.12619 -0.0513486 0.00580009 0.0246358 0.99836
1305031109.375397 0.266285 -0.0976837 0.124633 -0.0511591 -0.000553353 0.0209845 0.99847
1305031109.411329 0.251576 -0.096077 0.121281 -0.0541313 -0.00529961 0.0154736 0.9984
1305031109.443302 0.238885 -0.095445 0.122168 -0.0562362 -0.00797093 0.0115079 0.998319
1305031109.475363 0.224325 -0.096988 0.122888 -0.056641 -0.00969439 0.006923 0.998324
1305031109.511273 0.209054 -0.0990744 0.121513 -0.0553168 -0.0106721 0.00367355 0.998405
1305031109.543294 0.194673 -0.0977561 0.117187 -0.0546405 -0.0105839 0.00315316 0.998445
1305031109.575362 0.181769 -0.0963436 0.115288 -0.0541347 -0.0123878 0.00029123 0.998457
1305031109.611310 0.167149 -0.0947294 0.111849 -0.0546729 -0.0124539 -0.000526653 0.998427
1305031109.643229 0.152256 -0.0898489 0.107667 -0.0556151 -0.0120415 0.0010959 0.998379
1305031109.675263 0.140014 -0.0868603 0.105946 -0.0579428 -0.0153585 0.000251241 0.998202
1305031109.711312 0.129198 -0.0835655 0.105339 -0.0609996 -0.0190367 -0.00142098 0.997955
1305031109.743274 0.114932 -0.0842111 0.107218 -0.0648463 -0.0202287 -0.000712281 0.99769
1305031109.775277 0.102645 -0.0827703 0.107291 -0.0673941 -0.0214089 -0.00122342 0.997496
1305031109.811371 0.0881258 -0.0804997 0.107437 -0.0702015 -0.0233935 -0.00217842 0.997256
1305031109.843296 0.0738046 -0.07835 0.109251 -0.0735314 -0.0266404 -0.00376558 0.99693
1305031109.875306 0.056368 -0.083175 0.114282 -0.0771256 -0.0311628 -0.00841363 0.996499
1305031109.911265 0.0501581 -0.08014 0.115218 -0.0782647 -0.0370754 -0.0132085 0.996156
1305031109.943299 0.0373001 -0.0737359 0.115759 -0.0799679 -0.0395668 -0.0183024 0.995844
1305031109.975258 0.0218327 -0.0744502 0.120051 -0.0833243 -0.0414072 -0.0250761 0.995346
1305031110.011256 0.00910949 -0.072507 0.122048 -0.0853931 -0.0426412 -0.0319485 0.994922
1305031110.043299 -0.00713414 -0.0704177 0.123965 -0.0874052 -0.0418888 -0.0374859 0.994586
1305031110.075319 -0.0218234 -0.0656819 0.123864 -0.0902071 -0.0426095 -0.0427539 0.994092
1305031110.111325 -0.0418563 -0.0713215 0.131211 -0.0943092 -0.043594 -0.0469683 0.993479
1305031110.143432 -0.0530278 -0.067784 0.130399 -0.0954553 -0.0471189 -0.0484817 0.993135
1305031110.175641 -0.0634201 -0.0634939 0.130802 -0.0973086 -0.050461 -0.0508068 0.992675
1305031110.211637 -0.0841007 -0.0687533 0.135902 -0.100652 -0.0514032 -0.050891 0.992289
1305031110.243323 -0.0956832 -0.0707396 0.138377 -0.100386 -0.0548758 -0.050698 0.99214
1305031110.279321 -0.106243 -0.0716775 0.139767 -0.0983477 -0.0585149 -0.0533779 0.991995
1305031110.311404 -0.116663 -0.0664301 0.13727 -0.0957906 -0.0633168 -0.0546989 0.991879
1305031110.343355 -0.12853 -0.0649068 0.137094 -0.0948218 -0.0687625 -0.0576599 0.991441
1305031110.379281 -0.138333 -0.0606848 0.135317 -0.0938906 -0.0759363 -0.0607256 0.990823
1305031110.411469 -0.145284 -0.0516476 0.130044 -0.0947282 -0.0829816 -0.0644447 0.989943
1305031110.443260 -0.161449 -0.0535471 0.133691 -0.0988092 -0.0886637 -0.0701765 0.988661
1305031110.479331 -0.178439 -0.055582 0.135845 -0.101088 -0.094277 -0.073967 0.987635
1305031110.511429 -0.18799 -0.0501937 0.132483 -0.101419 -0.10099 -0.077661 0.986653
1305031110.543408 -0.193911 -0.0435109 0.12886 -0.103852 -0.108308 -0.0827584 0.985208
1305031110.579426 -0.20722 -0.0436754 0.130471 -0.108261 -0.110645 -0.0869539 0.984112
1305031110.611307 -0.223889 -0.0524321 0.136498 -0.111402 -0.110577 -0.0886828 0.983615
1305031110.643418 -0.227943 -0.0468175 0.131947 -0.109901 -0.114028 -0.0916033 0.983122
1305031110.679606 -0.233585 -0.0399063 0.128499 -0.110149 -0.115856 -0.0942584 0.982629
1305031110.711412 -0.244203 -0.0466513 0.132829 -0.113888 -0.116269 -0.0942676 0.982153
1305031110.743249 -0.24872 -0.047123 0.13263 -0.114454 -0.117726 -0.0946118 0.981881
1305031110.779193 -0.25129 -0.0451548 0.131056 -0.114514 -0.118139 -0.0966722 0.981623
1305031110.811386 -0.252275 -0.0437959 0.130797 -0.115386 -0.120549 -0.0991177 0.980984
1305031110.843218 -0.256549 -0.0466596 0.132406 -0.116969 -0.121288 -0.0984884 0.980769
1305031110.879313 -0.253162 -0.0450266 0.131577 -0.116991 -0.123486 -0.0988042 0.98046
1305031110.911333 -0.251727 -0.0459852 0.133197 -0.117507 -0.125183 -0.0995509 0.980108
1305031110.943862 -0.244348 -0.0442368 0.131898 -0.117097 -0.124928 -0.100514 0.980091
1305031110.979345 -0.23621 -0.041361 0.131471 -0.116881 -0.121218 -0.0996316 0.980673
1305031111.011431 -0.233084 -0.0461789 0.136702 -0.117823 -0.11468 -0.0966993 0.981639
1305031111.043327 -0.225523 -0.0398821 0.132296 -0.116877 -0.111531 -0.095851 0.982198
1305031111.079283 -0.218957 -0.041799 0.135224 -0.118673 -0.108619 -0.0925626 0.982625
1305031111.111508 -0.209315 -0.0495084 0.140358 -0.11994 -0.106577 -0.0898201 0.982949
1305031111.143257 -0.196499 -0.0510984 0.141095 -0.117602 -0.10344 -0.0894293 0.983602
1305031111.179326 -0.183871 -0.0500948 0.139383 -0.114832 -0.0958361 -0.0866194 0.98495
1305031111.211433 -0.176608 -0.0523726 0.140129 -0.114226 -0.0923919 -0.0868437 0.98533
1305031111.243236 -0.168069 -0.0595224 0.144826 -0.112746 -0.0892556 -0.0851631 0.985936
1305031111.279308 -0.154083 -0.0583168 0.141971 -0.108377 -0.0858586 -0.0805226 0.987117
1305031111.311547 -0.142741 -0.0486545 0.135346 -0.106388 -0.0893101 -0.0834008 0.986788
1305031111.343397 -0.136834 -0.0607847 0.145515 -0.110184 -0.0894815 -0.0795741 0.986672
1305031111.379134 -0.125658 -0.0686705 0.148733 -0.10931 -0.0916299 -0.0777763 0.986715
1305031111.411296 -0.102317 -0.063303 0.145178 -0.105684 -0.099689 -0.083182 0.985887
1305031111.443386 -0.0826787 -0.0725453 0.150733 -0.105046 -0.0949074 -0.0832809 0.986419
1305031111.479259 -0.0675784 -0.0761696 0.150615 -0.101436 -0.0853488 -0.0816839 0.987803
1305031111.511264 -0.0566892 -0.0802412 0.1518 -0.0979277 -0.0777389 -0.0812613 0.988819
1305031111.543250 -0.0421683 -0.0802827 0.149531 -0.0933309 -0.0684001 -0.0759914 0.990372
1305031111.579237 -0.0334904 -0.0753164 0.145359 -0.0913673 -0.0624367 -0.0687901 0.991475
1305031111.611271 -0.0250569 -0.0891908 0.151671 -0.0932701 -0.0604022 -0.0633794 0.991784
1305031111.643395 0.00234245 -0.0917723 0.149465 -0.0888709 -0.0574425 -0.0543038 0.992902
1305031111.679320 0.0251132 -0.0880922 0.146034 -0.0855192 -0.0520351 -0.0514034 0.993648
1305031111.711760 0.0401549 -0.0971911 0.150018 -0.0840164 -0.0403784 -0.0501398 0.994383
1305031111.743386 0.0656548 -0.0939142 0.147649 -0.0786142 -0.0267763 -0.0451743 0.995521
1305031111.779423 0.0734256 -0.0972326 0.147173 -0.0763203 -0.0108389 -0.0439448 0.996056
1305031111.811406 0.0798393 -0.101154 0.146652 -0.0735725 0.00133251 -0.0439852 0.996319
1305031111.843299 0.0900974 -0.0945138 0.141144 -0.0707955 0.00945839 -0.0391137 0.996679
1305031111.879442 0.0919932 -0.102249 0.148012 -0.0721303 0.0119874 -0.0350792 0.996706
1305031111.911354 0.101817 -0.104435 0.148087 -0.0713101 0.0103843 -0.0267198 0.997042
1305031111.943300 0.13074 -0.105275 0.147653 -0.0699088 0.00680277 -0.018314 0.997362
1305031111.979449 0.154248 -0.106273 0.146784 -0.0681256 0.0107985 -0.0155215 0.997498
1305031112.011433 0.169329 -0.110799 0.146903 -0.065589 0.0181902 -0.017454 0.997528
1305031112.043270 0.186231 -0.108967 0.144583 -0.0619247 0.02839 -0.0172047 0.997529
1305031112.079339 0.19344 -0.109649 0.14354 -0.0595096 0.0384798 -0.0203697 0.997278
1305031112.111423 0.210648 -0.110375 0.142884 -0.0581664 0.0419312 -0.0271467 0.997057
1305031112.144342 0.228851 -0.108805 0.141225 -0.0585713 0.052629 -0.0296537 0.996454
1305031112.179390 0.241979 -0.118514 0.143111 -0.0618186 0.0625782 -0.0346284 0.995522
1305031112.211254 0.256166 -0.129704 0.145334 -0.059989 0.0711298 -0.0399418 0.99486
1305031112.243369 0.266103 -0.132585 0.143866 -0.0553439 0.07742 -0.0438502 0.994495
1305031112.279353 0.270732 -0.139888 0.145849 -0.0512945 0.0813092 -0.0467477 0.99427
1305031112.311312 0.277473 -0.144824 0.145035 -0.0462641 0.0826998 -0.0469142 0.994394
1305031112.343323 0.284771 -0.147252 0.143721 -0.0423974 0.0822669 -0.0438045 0.994744
1305031112.379360 0.296294 -0.150089 0.143844 -0.0404439 0.0801738 -0.0399962 0.995157
1305031112.411442 0.308744 -0.152822 0.144599 -0.0384767 0.0786879 -0.0338897 0.99558
1305031112.443391 0.315803 -0.153878 0.143576 -0.0356174 0.0782694 -0.0249027 0.995985
1305031112.479418 0.324428 -0.156198 0.143479 -0.0340104 0.0752399 -0.0171138 0.996439
1305031112.511504 0.33564 -0.157819 0.143204 -0.0319295 0.0714006 -0.0127803 0.996855
1305031112.543212 0.344035 -0.157452 0.142165 -0.029685 0.0685072 -0.00758344 0.99718
1305031112.579252 0.361243 -0.155731 0.138891 -0.0291228 0.0662187 -0.00293255 0.997376
1305031112.611261 0.373425 -0.153738 0.137465 -0.0303835 0.0708694 0.00484679 0.997011
1305031112.643246 0.380296 -0.155556 0.140099 -0.0322079 0.0766569 0.0100895 0.996486
1305031112.679952 0.384847 -0.153804 0.139747 -0.033692 0.080596 0.0120634 0.996104
1305031112.711251 0.387338 -0.146671 0.134338 -0.0367888 0.0840285 0.0138532 0.995688
1305031112.743245 0.384287 -0.14704 0.139815 -0.0430465 0.0892835 0.0185615 0.994903
1305031112.779310 0.376862 -0.147477 0.144808 -0.0453781 0.0907371 0.0188056 0.994663
1305031112.811310 0.372287 -0.142687 0.14383 -0.0464766 0.0863673 0.0169 0.995035
1305031112.843286 0.37011 -0.139675 0.145331 -0.0491198 0.0831597 0.0185752 0.995152
1305031112.879421 0.363486 -0.142963 0.151522 -0.0521714 0.0814509 0.022073 0.995066
1305031112.911411 0.356878 -0.1435 0.153499 -0.0545598 0.0763867 0.0216477 0.995349
1305031112.943321 0.350811 -0.14455 0.154509 -0.0560075 0.070681 0.0193242 0.995738
1305031112.979278 0.344272 -0.142942 0.151983 -0.0575306 0.0674643 0.0184156 0.995892
1305031113.011353 0.337256 -0.142312 0.151546 -0.0608697 0.0655591 0.0176826 0.995834
1305031113.043231 0.322695 -0.147557 0.156506 -0.0630878 0.0645631 0.0139677 0.99582
1305031113.079251 0.309295 -0.147853 0.154439 -0.0618675 0.060134 0.0081421 0.996238
1305031113.111316 0.298774 -0.144637 0.149128 -0.063428 0.0576126 0.00569554 0.996306
1305031113.143306 0.285315 -0.144862 0.15153 -0.0657315 0.0570157 0.00725331 0.996181
1305031113.179343 0.267091 -0.147548 0.151635 -0.0658805 0.0538321 0.00847669 0.996338
1305031113.211259 0.256751 -0.142194 0.148262 -0.0656387 0.045974 0.00949791 0.996739
1305031113.243227 0.244782 -0.141986 0.147673 -0.0678561 0.0398214 0.011738 0.996831
1305031113.279312 0.226114 -0.146087 0.149542 -0.0648428 0.0340205 0.0153139 0.997198
1305031113.311452 0.208226 -0.142723 0.147776 -0.0591478 0.0252534 0.0146849 0.997822
1305031113.343252 0.193158 -0.140308 0.148523 -0.0610616 0.016035 0.0127424 0.997924
1305031113.379312 0.169422 -0.146903 0.151444 -0.0631038 0.011864 0.0120204 0.997864
1305031113.411625 0.154853 -0.142304 0.150708 -0.0604087 0.00447026 0.00776683 0.998134
1305031113.443266 0.14008 -0.137421 0.151391 -0.0617522 -0.00346538 0.00174858 0.998084
1305031113.479311 0.121252 -0.137571 0.154168 -0.0657811 -0.00858315 -0.000610687 0.997797
1305031113.511523 0.101779 -0.13881 0.156233 -0.0683397 -0.0133377 -0.0032501 0.997568
1305031113.543242 0.0870128 -0.140045 0.158497 -0.0685811 -0.0191832 -0.00961942 0.997415
1305031113.579301 0.0746596 -0.13802 0.156891 -0.0706051 -0.0230921 -0.0138773 0.997141
1305031113.611268 0.0602637 -0.137128 0.15648 -0.0732427 -0.0233212 -0.0172514 0.996892
1305031113.643222 0.0480258 -0.139541 0.159711 -0.0751182 -0.0237791 -0.0222159 0.996644
1305031113.679288 0.0345209 -0.140173 0.160964 -0.0756367 -0.0235 -0.0270599 0.996491
1305031113.711931 0.0227912 -0.139186 0.161105 -0.0748847 -0.0217456 -0.0321108 0.996438
1305031113.743590 0.00863394 -0.140276 0.163572 -0.0739511 -0.019234 -0.037757 0.996361
1305031113.779320 -0.00870064 -0.139288 0.163738 -0.0729687 -0.0168905 -0.0402811 0.996377
1305031113.811237 -0.018626 -0.133988 0.162094 -0.0718074 -0.0160283 -0.0433476 0.996347
1305031113.843295 -0.0399354 -0.138033 0.16735 -0.072544 -0.0129346 -0.0475732 0.996146
1305031113.879281 -0.0574948 -0.138132 0.168326 -0.0701825 -0.0127697 -0.0493394 0.996231
1305031113.911290 -0.0649168 -0.135518 0.168613 -0.0668451 -0.0127856 -0.0510163 0.996376
1305031113.943291 -0.0794041 -0.134876 0.169637 -0.0637651 -0.0110168 -0.0558053 0.996343
1305031113.979293 -0.0959958 -0.132192 0.169219 -0.0602244 -0.00936901 -0.0608647 0.996284
1305031114.011257 -0.11747 -0.127242 0.168841 -0.0573532 -0.00976673 -0.0637779 0.996267
1305031114.043301 -0.135777 -0.127275 0.171284 -0.0556481 -0.0139243 -0.0647148 0.996254
1305031114.079285 -0.14697 -0.124886 0.171546 -0.0531139 -0.020404 -0.0675907 0.99609
1305031114.111263 -0.160056 -0.120452 0.171595 -0.0519452 -0.0254288 -0.0701775 0.995857
1305031114.143284 -0.175866 -0.123173 0.177689 -0.0504568 -0.0272728 -0.0739439 0.995612
1305031114.179337 -0.186007 -0.116312 0.174373 -0.0473437 -0.0285076 -0.0759404 0.99558
1305031114.211303 -0.199046 -0.110578 0.174903 -0.0475638 -0.0314106 -0.0792965 0.99522
1305031114.243337 -0.220026 -0.109418 0.17946 -0.0482474 -0.0351689 -0.0816372 0.994872
1305031114.279390 -0.232182 -0.106025 0.180027 -0.0489144 -0.0430713 -0.0822322 0.99448
1305031114.311429 -0.242412 -0.107543 0.182403 -0.0509178 -0.0493787 -0.0842522 0.993917
1305031114.343331 -0.254368 -0.108905 0.18514 -0.051755 -0.051061 -0.087973 0.993466
1305031114.379320 -0.266576 -0.108207 0.186589 -0.0511364 -0.052608 -0.0919297 0.993059
1305031114.411397 -0.280479 -0.106056 0.186703 -0.0510885 -0.0558874 -0.0940285 0.992686
1305031114.443345 -0.293978 -0.106368 0.188703 -0.052104 -0.0622054 -0.0949826 0.992166
1305031114.479332 -0.301091 -0.105293 0.188279 -0.0529848 -0.0706508 -0.0971763 0.991342
1305031114.511266 -0.306949 -0.103919 0.188168 -0.0551733 -0.0749788 -0.0968401 0.990937
1305031114.543236 -0.315499 -0.106467 0.191628 -0.0578199 -0.0747881 -0.0934459 0.991126
1305031114.579237 -0.31858 -0.104627 0.190577 -0.059728 -0.0760753 -0.0910598 0.991137
1305031114.611391 -0.323325 -0.103104 0.190748 -0.0638018 -0.0787448 -0.089943 0.990777
1305031114.644136 -0.331422 -0.106581 0.195264 -0.0682221 -0.0837889 -0.0902778 0.990038
1305031114.679251 -0.33667 -0.109758 0.197414 -0.0702907 -0.0875018 -0.0892743 0.989663
1305031114.711306 -0.33862 -0.114016 0.198559 -0.0710886 -0.0908937 -0.0914459 0.989102
1305031114.743200 -0.338182 -0.115267 0.198794 -0.0695349 -0.0929755 -0.0944569 0.988736
1305031114.779289 -0.334251 -0.111053 0.195367 -0.0678525 -0.0939175 -0.0958057 0.988634
1305031114.811303 -0.33425 -0.111763 0.195683 -0.0682254 -0.0943376 -0.0977415 0.988379
1305031114.843208 -0.330171 -0.108013 0.193917 -0.0674734 -0.0949651 -0.0979178 0.988353
1305031114.879281 -0.325626 -0.106054 0.193232 -0.0681203 -0.09564 -0.0981434 0.988221
1305031114.912879 -0.316571 -0.101936 0.191759 -0.0689899 -0.0964407 -0.100013 0.987895
1305031114.943234 -0.310662 -0.100795 0.193056 -0.0710352 -0.0940541 -0.100794 0.987901
1305031114.979280 -0.301115 -0.0946338 0.190962 -0.0730271 -0.09348 -0.102152 0.987671
1305031115.011300 -0.292291 -0.0960398 0.195531 -0.0770102 -0.0909737 -0.10222 0.987595
1305031115.043508 -0.28247 -0.0966205 0.198126 -0.0791492 -0.0879812 -0.102026 0.987717
1305031115.079238 -0.268689 -0.092294 0.19802 -0.0802975 -0.0837553 -0.101344 0.988062
1305031115.111230 -0.256427 -0.0961144 0.203264 -0.0826212 -0.0752654 -0.0978395 0.988907
1305031115.143275 -0.247659 -0.0961525 0.204929 -0.0838107 -0.0709343 -0.0972519 0.989185
1305031115.179440 -0.234981 -0.0997384 0.210807 -0.0850375 -0.0681345 -0.0935495 0.989634
1305031115.211374 -0.221833 -0.108498 0.218317 -0.084006 -0.0629428 -0.0878698 0.990586
1305031115.243297 -0.205758 -0.103252 0.21531 -0.0801461 -0.0608923 -0.08508 0.991277
1305031115.279966 -0.187329 -0.106766 0.220413 -0.0804132 -0.0562487 -0.0779974 0.992112
1305031115.311704 -0.167861 -0.110833 0.224026 -0.0779786 -0.0489857 -0.0732039 0.993056
1305031115.343235 -0.153152 -0.101678 0.219368 -0.0774558 -0.047123 -0.0716974 0.993297
1305031115.379166 -0.13889 -0.102742 0.224955 -0.0835737 -0.0527658 -0.0683015 0.992757
1305031115.411237 -0.120874 -0.105768 0.229019 -0.0883918 -0.0541675 -0.0614121 0.992714
1305031115.443159 -0.102793 -0.106039 0.231291 -0.0921359 -0.054698 -0.0558332 0.992674
1305031115.479241 -0.0765524 -0.111553 0.23683 -0.0966243 -0.055224 -0.0518586 0.992434
1305031115.511253 -0.0494274 -0.117477 0.239989 -0.0978673 -0.0455467 -0.0446795 0.993152
1305031115.543604 -0.0349591 -0.121412 0.240747 -0.0974839 -0.0323499 -0.0396762 0.99392
1305031115.579315 -0.021345 -0.126061 0.241266 -0.0976419 -0.0246362 -0.03478 0.994309
1305031115.611424 -0.00564476 -0.129181 0.240133 -0.0964586 -0.0171214 -0.0274348 0.994812
1305031115.643254 0.000144057 -0.129603 0.237698 -0.0951017 -0.00999246 -0.0159019 0.99529
1305031115.679241 0.0208381 -0.12924 0.234895 -0.0936799 -0.0108336 -0.00677378 0.99552
1305031115.711320 0.0476084 -0.126701 0.231915 -0.0915325 -0.00680561 0.000950816 0.995779
1305031115.743250 0.0626035 -0.131419 0.230504 -0.0905907 0.00347448 0.00655273 0.995861
1305031115.779425 0.0808362 -0.13001 0.225369 -0.0885846 0.0123985 0.0129583 0.995907
1305031115.811277 0.0975596 -0.125857 0.220559 -0.0879416 0.022785 0.0214835 0.995633
1305031115.843224 0.106942 -0.13092 0.222845 -0.0891225 0.0308929 0.030319 0.99508
1305031115.879198 0.121337 -0.128929 0.220169 -0.0864138 0.0348515 0.036916 0.994965
1305031115.911118 0.134728 -0.122246 0.216522 -0.0839812 0.0420539 0.0445173 0.994584
1305031115.943311 0.147556 -0.118764 0.215327 -0.0841411 0.0486153 0.0512161 0.993949
1305031115.980740 0.166603 -0.1128 0.213795 -0.0839539 0.0558259 0.0555382 0.993353
1305031116.011379 0.181772 -0.11036 0.214096 -0.0856737 0.0679203 0.0584487 0.992286
1305031116.043164 0.190632 -0.10718 0.212636 -0.0892232 0.0803244 0.0624321 0.990803
1305031116.080030 0.205822 -0.105248 0.213914 -0.0945498 0.0892643 0.0664693 0.98928
1305031116.111300 0.216437 -0.107658 0.218583 -0.100011 0.0979081 0.0705411 0.987642
1305031116.143441 0.227772 -0.110571 0.222175 -0.103639 0.103372 0.0748525 0.986393
1305031116.179572 0.240776 -0.107933 0.221312 -0.106288 0.108313 0.0787987 0.985273
1305031116.211299 0.257435 -0.110809 0.225778 -0.108675 0.11268 0.0828891 0.984186
1305031116.243320 0.273015 -0.112146 0.22472 -0.109841 0.119062 0.0858813 0.983048
1305031116.279385 0.2833 -0.113128 0.223118 -0.111679 0.128116 0.0909659 0.981244
1305031116.311336 0.289698 -0.116886 0.226387 -0.113406 0.134058 0.0944718 0.97992
1305031116.343292 0.293379 -0.126707 0.230607 -0.112493 0.138499 0.0969098 0.979169
1305031116.379384 0.290692 -0.124271 0.225284 -0.107726 0.142586 0.100577 0.978749
1305031116.411333 0.28878 -0.118423 0.219058 -0.106116 0.145791 0.109322 0.977514
1305031116.443369 0.293306 -0.119174 0.21963 -0.1063 0.144656 0.114203 0.977104
1305031116.479850 0.292937 -0.120438 0.217696 -0.105133 0.142587 0.111093 0.977893
1305031116.511205 0.288395 -0.121306 0.215855 -0.103725 0.142049 0.106474 0.978635
1305031116.543262 0.277968 -0.119078 0.212972 -0.103058 0.140735 0.103292 0.979236
1305031116.579313 0.266903 -0.120317 0.215513 -0.102049 0.136904 0.0998439 0.980242
1305031116.611261 0.25183 -0.120659 0.215412 -0.101012 0.129802 0.0913413 0.982143
1305031116.643355 0.238746 -0.121977 0.216746 -0.100287 0.123732 0.0831855 0.983724
1305031116.679281 0.224568 -0.121906 0.216032 -0.100413 0.11928 0.0739221 0.985
1305031116.711634 0.206633 -0.121339 0.215313 -0.101894 0.11566 0.0624748 0.986072
1305031116.743291 0.189452 -0.120462 0.215168 -0.103911 0.111903 0.0520646 0.986899
1305031116.779298 0.171997 -0.119657 0.216053 -0.103809 0.108739 0.043015 0.987699
1305031116.811318 0.149611 -0.120005 0.216569 -0.10261 0.102685 0.0349596 0.98879
1305031116.846089 0.133409 -0.120101 0.21534 -0.104009 0.091666 0.0291896 0.989913
1305031116.880165 0.113896 -0.122114 0.215616 -0.104954 0.081536 0.0240092 0.990838
1305031116.912044 0.0934098 -0.11894 0.214931 -0.104578 0.0692861 0.0180133 0.991937
1305031116.943296 0.0708345 -0.119187 0.215451 -0.104526 0.0591264 0.0075819 0.992734
1305031116.979351 0.0497451 -0.116212 0.216997 -0.102383 0.0488317 -0.00201728 0.993544
1305031117.011382 0.0324447 -0.110507 0.217438 -0.101122 0.0391846 -0.00742838 0.994074
1305031117.043261 0.018459 -0.105715 0.218028 -0.102097 0.0288053 -0.0123589 0.994281
1305031117.079520 -0.000194138 -0.105708 0.220308 -0.104681 0.0197036 -0.0150892 0.994196
1305031117.111238 -0.010046 -0.101911 0.220129 -0.106435 0.00860891 -0.0151011 0.994168
1305031117.143218 -0.0163581 -0.0969534 0.220405 -0.108106 -0.00191848 -0.0193053 0.99395
1305031117.179264 -0.0269459 -0.0957918 0.221742 -0.110344 -0.00758922 -0.0226045 0.993608
1305031117.211361 -0.0310949 -0.0891546 0.21895 -0.111761 -0.0105571 -0.0234186 0.993403
1305031117.243277 -0.0285671 -0.0878008 0.221022 -0.115513 -0.0122688 -0.0282502 0.992828
1305031117.279299 -0.0345485 -0.0908043 0.224101 -0.120053 -0.00919197 -0.0303297 0.992262
1305031117.311200 -0.0391709 -0.0959581 0.227624 -0.123335 -0.00831333 -0.0313029 0.991837
1305031117.343243 -0.0400955 -0.10173 0.229696 -0.124727 -0.0080871 -0.0310933 0.991671
1305031117.379454 -0.0442856 -0.107169 0.230884 -0.124361 -0.00815789 -0.0301185 0.991746
1305031117.411221 -0.0456367 -0.11261 0.231532 -0.122442 -0.00955474 -0.0290255 0.992005
1305031117.443274 -0.0457523 -0.116468 0.230572 -0.120259 -0.0104466 -0.0272408 0.992314
1305031117.479403 -0.0476946 -0.124991 0.232546 -0.118267 -0.0112381 -0.0255992 0.992588
1305031117.511325 -0.0469952 -0.132125 0.232981 -0.114324 -0.0126635 -0.0246765 0.993056
1305031117.544285 -0.0469918 -0.137063 0.232703 -0.110633 -0.0150004 -0.0263667 0.993398
1305031117.579155 -0.049881 -0.140881 0.232944 -0.108334 -0.0157442 -0.0258788 0.993653
1305031117.611159 -0.0506256 -0.150538 0.237439 -0.107789 -0.017811 -0.0247705 0.993706
1305031117.643252 -0.050782 -0.155832 0.238578 -0.106745 -0.0208623 -0.0242146 0.993773
1305031117.679262 -0.0516277 -0.164456 0.243511 -0.107481 -0.0231706 -0.0219871 0.993694
1305031117.711184 -0.0516766 -0.17433 0.248102 -0.10805 -0.0252153 -0.0183562 0.993656
1305031117.743184 -0.0498551 -0.182706 0.251898 -0.107794 -0.0287654 -0.016486 0.99362
1305031117.779467 -0.0489394 -0.192072 0.257306 -0.108579 -0.0308473 -0.0148489 0.993498
1305031117.811320 -0.0426028 -0.206198 0.264414 -0.108539 -0.0328227 -0.014191 0.993449
1305031117.843291 -0.0416916 -0.213587 0.26709 -0.106778 -0.030414 -0.0139627 0.99372
1305031117.879451 -0.0441153 -0.224307 0.273115 -0.106494 -0.0280554 -0.0145527 0.993811
1305031117.911407 -0.0442598 -0.233673 0.278119 -0.105649 -0.0264863 -0.0148491 0.99394
1305031117.943253 -0.046213 -0.239889 0.281632 -0.106052 -0.0247655 -0.0154444 0.993932
1305031117.979228 -0.0454863 -0.254147 0.291849 -0.108629 -0.025095 -0.0179742 0.993603
1305031118.011228 -0.0456293 -0.266049 0.299027 -0.108978 -0.0240311 -0.0179173 0.993592
1305031118.043521 -0.0431603 -0.274298 0.3032 -0.108673 -0.0234345 -0.0194686 0.993611
1305031118.079334 -0.0425476 -0.285226 0.309552 -0.108656 -0.0196167 -0.0203019 0.993679
1305031118.111217 -0.0448342 -0.293947 0.31399 -0.107572 -0.0145332 -0.0211398 0.993866
1305031118.143256 -0.045781 -0.305431 0.320718 -0.106982 -0.0118419 -0.0246383 0.993885
1305031118.179323 -0.054354 -0.316563 0.326435 -0.105643 -0.00629873 -0.02193 0.994142
1305031118.211202 -0.0568589 -0.325151 0.329263 -0.102417 -0.00640367 -0.021998 0.994478
1305031118.243173 -0.0563843 -0.336443 0.334071 -0.0995127 -0.00675685 -0.0220319 0.99477
1305031118.279194 -0.0589425 -0.347536 0.339431 -0.0945557 -0.0065072 -0.0225993 0.995242
1305031118.311299 -0.0531601 -0.352012 0.340073 -0.0887382 -0.00748911 -0.0235556 0.995748
1305031118.343324 -0.0560349 -0.35844 0.343651 -0.0846641 -0.00516986 -0.0246278 0.996092
1305031118.379208 -0.0565019 -0.359351 0.345136 -0.0803389 -0.00694316 -0.0245794 0.996441
1305031118.411296 -0.0521777 -0.360991 0.346451 -0.079102 -0.0083073 -0.0216495 0.996597
1305031118.445692 -0.0528327 -0.364746 0.349922 -0.0791726 -0.0084106 -0.0191103 0.996642
1305031118.479285 -0.0487134 -0.364251 0.350698 -0.0773854 -0.00994653 -0.0176318 0.996796
1305031118.511255 -0.0419596 -0.357848 0.348222 -0.0769885 -0.0112706 -0.0172752 0.996819
1305031118.544414 -0.0404241 -0.356262 0.349244 -0.0791648 -0.0105771 -0.0175909 0.99665
1305031118.579285 -0.036594 -0.353463 0.349524 -0.0802655 -0.00975766 -0.0191602 0.996542
1305031118.616142 -0.0360359 -0.344402 0.346421 -0.0802162 -0.00795157 -0.0219601 0.996504
1305031118.645325 -0.0345467 -0.33604 0.344121 -0.0823846 -0.00742378 -0.0237529 0.99629
1305031118.679295 -0.0361645 -0.334062 0.345627 -0.0848123 -0.00768149 -0.0273107 0.995993
1305031118.711421 -0.0420596 -0.327141 0.343404 -0.0836288 -0.00838029 -0.0278683 0.996072
1305031118.746770 -0.0345691 -0.309494 0.334461 -0.0829463 -0.0148509 -0.027186 0.996073
1305031118.779277 -0.0321292 -0.305353 0.335373 -0.0876203 -0.0183264 -0.0292226 0.995557
1305031118.811221 -0.0345001 -0.306178 0.335874 -0.0885242 -0.0173608 -0.0286866 0.99551
1305031118.846753 -0.0277968 -0.288348 0.323909 -0.0845513 -0.0182371 -0.0321424 0.995734
1305031118.879208 -0.0277435 -0.281123 0.321855 -0.0867182 -0.017729 -0.0363731 0.995411
1305031118.911177 -0.0248516 -0.273231 0.317485 -0.0868519 -0.0178472 -0.0391688 0.995291
1305031118.946974 -0.0234877 -0.257879 0.307169 -0.0861931 -0.0177224 -0.0434371 0.995173
1305031118.979374 -0.0247065 -0.245861 0.300475 -0.0886553 -0.0177624 -0.0464167 0.994822
1305031119.011363 -0.0265393 -0.238451 0.296775 -0.0915295 -0.0181791 -0.0477917 0.994489
1305031119.047172 -0.0293814 -0.230608 0.291251 -0.0931761 -0.0196653 -0.0477316 0.994311
1305031119.079223 -0.0316567 -0.219833 0.284077 -0.0931062 -0.0223158 -0.046958 0.994298
1305031119.111328 -0.0313098 -0.208182 0.275968 -0.0928714 -0.0258419 -0.0457871 0.994289
1305031119.147616 -0.0327814 -0.20147 0.272005 -0.0935376 -0.0298978 -0.0461267 0.994097
1305031119.179226 -0.0316636 -0.192714 0.265713 -0.0917449 -0.0316939 -0.0442185 0.994295
1305031119.211364 -0.031659 -0.180187 0.257818 -0.0896108 -0.0330138 -0.0438466 0.994464
1305031119.247399 -0.0310534 -0.168693 0.250759 -0.08873 -0.0338379 -0.0434268 0.994533
1305031119.279212 -0.0322008 -0.159425 0.245799 -0.0885822 -0.033676 -0.0414984 0.994634
1305031119.311212 -0.0329517 -0.152255 0.242816 -0.0881031 -0.0352992 -0.0396616 0.994695
1305031119.347741 -0.0323709 -0.139036 0.234728 -0.0865028 -0.0373929 -0.0383085 0.994812
1305031119.379239 -0.0289835 -0.127544 0.229083 -0.0862807 -0.0378742 -0.0375901 0.994841
1305031119.411484 -0.0256779 -0.118764 0.226031 -0.0865422 -0.036812 -0.0379796 0.994843
1305031119.447706 -0.0280197 -0.109692 0.221079 -0.0862439 -0.0336172 -0.0375097 0.995
1305031119.479267 -0.028781 -0.095935 0.214281 -0.0856765 -0.0320628 -0.0375965 0.995097
1305031119.511240 -0.0306025 -0.0853747 0.210178 -0.0869363 -0.0312499 -0.036058 0.995071
1305031119.547382 -0.0281539 -0.0712488 0.203761 -0.087794 -0.0308001 -0.0358821 0.995016
1305031119.579559 -0.0281802 -0.0602941 0.200711 -0.0907224 -0.0286417 -0.0359451 0.994815
1305031119.615017 -0.0306018 -0.048963 0.196667 -0.0933428 -0.0272458 -0.0350262 0.994645
1305031119.647903 -0.0261026 -0.0341555 0.191472 -0.0959588 -0.0263208 -0.0365462 0.994366
1305031119.679208 -0.0270373 -0.0230588 0.189056 -0.100756 -0.021191 -0.035645 0.994047
1305031119.715232 -0.0325852 -0.0166538 0.189534 -0.105573 -0.0172678 -0.0309172 0.993781
1305031119.747193 -0.0336108 -0.00688819 0.187515 -0.108233 -0.0183557 -0.028489 0.993548
1305031119.779169 -0.0349012 0.00262372 0.185437 -0.110434 -0.0183491 -0.0243048 0.993417
1305031119.814537 -0.032222 0.0139609 0.182599 -0.111839 -0.0181911 -0.0203441 0.993352
1305031119.847429 -0.0258882 0.0196754 0.184255 -0.112851 -0.0193751 -0.0208588 0.993204
1305031119.879214 -0.0305692 0.0273274 0.178643 -0.113754 -0.0154143 -0.018854 0.993211
1305031119.911401 -0.0282807 0.0394776 0.174507 -0.115508 -0.0145543 -0.0193861 0.993011
1305031119.947392 -0.0255005 0.0466874 0.174073 -0.117316 -0.0122741 -0.0203944 0.992809
1305031119.979537 -0.0274137 0.0525977 0.168785 -0.12216 -0.00820691 -0.0182947 0.992308
1305031120.015264 -0.0299746 0.0658997 0.168693 -0.124074 -0.00629755 -0.0175367 0.992098
1305031120.047290 -0.0327243 0.0682403 0.171315 -0.12563 -0.00702128 -0.0155824 0.99193
1305031120.079418 -0.0333431 0.0713467 0.169246 -0.126478 -0.00918557 -0.0139252 0.991829
1305031120.115232 -0.0300517 0.0732254 0.170824 -0.126817 -0.0112937 -0.0139461 0.991764
1305031120.148157 -0.0266112 0.0714582 0.173222 -0.125191 -0.0118503 -0.0119024 0.991991
1305031120.179246 -0.0250619 0.0648968 0.175679 -0.122174 -0.0125704 -0.0118576 0.992358
1305031120.215249 -0.024179 0.0596177 0.175355 -0.118684 -0.0129281 -0.0135443 0.992756
1305031120.248003 -0.0229564 0.0529445 0.176834 -0.115804 -0.0128316 -0.0161268 0.993058
1305031120.279430 -0.0234027 0.0463335 0.178617 -0.112974 -0.0125136 -0.0182626 0.993351
1305031120.315196 -0.023898 0.0367854 0.182163 -0.11018 -0.0121036 -0.0202265 0.993632
1305031120.347787 -0.0231991 0.0283778 0.185374 -0.108059 -0.0126763 -0.0213925 0.993834
1305031120.379437 -0.0268247 0.0137222 0.19353 -0.104107 -0.0119049 -0.0214941 0.994263
1305031120.415445 -0.0251514 0.00328231 0.196226 -0.0981159 -0.0135661 -0.0210969 0.994859
1305031120.447417 -0.0226181 -0.00493871 0.200325 -0.0941214 -0.0153975 -0.0210971 0.995218
1305031120.479432 -0.0279757 -0.0188625 0.208158 -0.0895006 -0.0155094 -0.0192511 0.99568
1305031120.514819 -0.0274556 -0.0285241 0.212514 -0.0833118 -0.0190696 -0.0169402 0.996197
1305031120.547736 -0.0280086 -0.033269 0.214893 -0.0781967 -0.022564 -0.0134017 0.996593
1305031120.579551 -0.0264512 -0.0441364 0.221561 -0.0754721 -0.0277369 -0.011332 0.996698
1305031120.615236 -0.0236732 -0.054911 0.22687 -0.0714968 -0.031705 -0.0103808 0.996883
1305031120.647354 -0.0205525 -0.0611514 0.229718 -0.067962 -0.0342006 -0.00929956 0.997058
1305031120.679318 -0.0200662 -0.0700432 0.234806 -0.0660264 -0.0351249 -0.0085598 0.997163
1305031120.714522 -0.0202688 -0.0794272 0.239395 -0.0651289 -0.037374 -0.00806523 0.997144
1305031120.747369 -0.0187237 -0.0917047 0.245671 -0.0640257 -0.0399876 -0.0084444 0.997111
1305031120.779894 -0.0172268 -0.100088 0.248691 -0.0614636 -0.0412926 -0.00852817 0.997218
1305031120.814944 -0.0152101 -0.106407 0.250805 -0.0608343 -0.0428078 -0.0105667 0.997174
1305031120.847921 -0.0136716 -0.120965 0.257394 -0.0608154 -0.0429783 -0.0127256 0.997142
1305031120.883435 -0.0148498 -0.127576 0.258949 -0.0587497 -0.0416224 -0.0143714 0.997301
1305031120.915444 -0.0169822 -0.137696 0.262882 -0.0590086 -0.0409141 -0.0167858 0.997278
1305031120.947488 -0.017786 -0.147392 0.266311 -0.0589573 -0.0408173 -0.0187575 0.997249
1305031120.983366 -0.0193068 -0.158499 0.270365 -0.0581668 -0.0411485 -0.0199963 0.997258
1305031121.015019 -0.0193508 -0.164936 0.271229 -0.05699 -0.04121 -0.0207413 0.997308
1305031121.047498 -0.0229142 -0.178253 0.276593 -0.057435 -0.041526 -0.0222374 0.997237
1305031121.083099 -0.0220309 -0.187907 0.278994 -0.0551704 -0.0434529 -0.0221485 0.997285
1305031121.114696 -0.023383 -0.196383 0.280345 -0.0535358 -0.0438333 -0.0220123 0.997361
1305031121.147331 -0.0254866 -0.206879 0.282792 -0.0524753 -0.0445316 -0.0224264 0.997377
1305031121.183271 -0.0243875 -0.216687 0.285044 -0.0502557 -0.0443224 -0.0226706 0.997495
1305031121.211420 -0.0267311 -0.224711 0.286672 -0.0482553 -0.0427889 -0.0228398 0.997657
1305031121.247194 -0.0315002 -0.234481 0.288912 -0.048685 -0.0421232 -0.0214297 0.997696
1305031121.282876 -0.0332281 -0.247378 0.293314 -0.0478517 -0.0415538 -0.0195322 0.997799
1305031121.313568 -0.0348529 -0.254867 0.295377 -0.0455323 -0.0424936 -0.0188167 0.997881
1305031121.347517 -0.0338488 -0.26738 0.300269 -0.0450581 -0.0440688 -0.0177029 0.997855
1305031121.383226 -0.0335004 -0.277289 0.30326 -0.0413175 -0.043515 -0.0184915 0.998027
1305031121.414318 -0.0331713 -0.283588 0.304641 -0.0392982 -0.0433661 -0.0176861 0.998129
1305031121.447319 -0.0337475 -0.298169 0.309835 -0.0392978 -0.0409576 -0.0166505 0.998249
1305031121.482964 -0.0360788 -0.303751 0.31126 -0.0355531 -0.0390229 -0.0159522 0.998478
1305031121.514107 -0.0341136 -0.310048 0.311394 -0.0363784 -0.0395465 -0.0152643 0.998439
1305031121.547270 -0.0342041 -0.322359 0.316006 -0.0388578 -0.038103 -0.0158842 0.998392
1305031121.583204 -0.0356317 -0.331504 0.319452 -0.0382351 -0.035938 -0.0170558 0.998477
1305031121.614700 -0.0318636 -0.337194 0.32042 -0.0373651 -0.0332148 -0.0191292 0.998566
1305031121.647183 -0.0364075 -0.343982 0.322264 -0.0390827 -0.0283059 -0.0214621 0.998604
1305031121.683200 -0.0415134 -0.352124 0.326379 -0.040246 -0.0261477 -0.02088 0.998629
1305031121.714520 -0.0386197 -0.356912 0.328031 -0.041581 -0.0269093 -0.0205297 0.998562
1305031121.747145 -0.03967 -0.364409 0.33232 -0.0438482 -0.0261614 -0.0187355 0.99852
1305031121.782835 -0.0361267 -0.368686 0.334571 -0.044948 -0.0260466 -0.0164773 0.998514
1305031121.811540 -0.0355971 -0.371644 0.337328 -0.0467087 -0.0246601 -0.0137102 0.99851
1305031121.847335 -0.0382016 -0.373812 0.339393 -0.0489414 -0.0235669 -0.00783756 0.998493
1305031121.882060 -0.0370022 -0.373712 0.339611 -0.0505957 -0.0255102 -0.00460755 0.998383
1305031121.914931 -0.0355597 -0.374563 0.341827 -0.0509821 -0.0280125 -0.0049366 0.998295
1305031121.947288 -0.0308499 -0.371581 0.340427 -0.0509528 -0.0291742 -0.00525915 0.998261
1305031121.982926 -0.0321227 -0.367842 0.339217 -0.0514152 -0.0287757 -0.00681135 0.99824
1305031122.014256 -0.032537 -0.362863 0.337779 -0.0504452 -0.0300376 -0.0104662 0.99822
1305031122.047306 -0.0308572 -0.356736 0.33477 -0.049733 -0.0310767 -0.0139255 0.998182
1305031122.082959 -0.0288954 -0.346024 0.330434 -0.0478948 -0.0317853 -0.0171378 0.9982
1305031122.114672 -0.0263366 -0.337609 0.326582 -0.0483199 -0.0328627 -0.0221138 0.998046
1305031122.150725 -0.0249613 -0.328007 0.322946 -0.0469111 -0.0322988 -0.0269694 0.998013
1305031122.183042 -0.0180895 -0.308319 0.314991 -0.0472308 -0.0330744 -0.0302372 0.997878
1305031122.214959 -0.0214547 -0.30134 0.313355 -0.0533901 -0.0314716 -0.0342022 0.997492
1305031122.251319 -0.0231041 -0.289183 0.309925 -0.0542546 -0.0318995 -0.0360196 0.997367
1305031122.283560 -0.0193692 -0.269746 0.301691 -0.0568275 -0.0359012 -0.0407455 0.996906
1305031122.314289 -0.0208241 -0.262557 0.300286 -0.064195 -0.0380336 -0.0441771 0.996233
1305031122.351327 -0.0207921 -0.252047 0.296148 -0.0688284 -0.0404573 -0.0457166 0.995759
1305031122.382630 -0.0193092 -0.247118 0.295337 -0.0735784 -0.0457076 -0.048318 0.995069
1305031122.414997 -0.0206104 -0.236332 0.289103 -0.0756846 -0.0498444 -0.0470815 0.994772
1305031122.451257 -0.021748 -0.226674 0.284226 -0.0782839 -0.0548971 -0.0478158 0.994269
1305031122.483360 -0.0217545 -0.216164 0.278312 -0.0797484 -0.05844 -0.0485054 0.993918
1305031122.515097 -0.0184398 -0.204993 0.271861 -0.0806289 -0.0602329 -0.0502345 0.993654
1305031122.551490 -0.0186125 -0.195858 0.26741 -0.0821775 -0.0589204 -0.0522024 0.993504
1305031122.583208 -0.0212842 -0.189039 0.264192 -0.0834742 -0.0586157 -0.0523163 0.993408
1305031122.614980 -0.0217518 -0.179714 0.258779 -0.0828132 -0.060197 -0.0510482 0.993435
1305031122.648788 -0.0198671 -0.167273 0.252441 -0.0813341 -0.061735 -0.0499095 0.99352
1305031122.683402 -0.0212944 -0.156597 0.248106 -0.0807997 -0.0640245 -0.0479526 0.993515
1305031122.715208 -0.0187845 -0.143205 0.241723 -0.0798419 -0.0671691 -0.0470917 0.993427
1305031122.751298 -0.0174506 -0.126118 0.234159 -0.0803673 -0.0673163 -0.047934 0.993334
1305031122.783423 -0.0157139 -0.116406 0.231943 -0.0848324 -0.0670165 -0.0493002 0.992916
1305031122.812555 -0.0124007 -0.109803 0.230122 -0.0881138 -0.0637862 -0.0504677 0.992784
1305031122.851418 -0.0129687 -0.0981368 0.225357 -0.0899354 -0.0574074 -0.0506339 0.993002
1305031122.883754 -0.0143856 -0.092994 0.226171 -0.0935903 -0.054867 -0.0516331 0.992756
1305031122.914571 -0.0153336 -0.0882244 0.224878 -0.095742 -0.0536868 -0.0510761 0.992644
1305031122.951341 -0.0161405 -0.0771936 0.219834 -0.0964 -0.0529473 -0.047578 0.992794
1305031122.982815 -0.0161808 -0.0701715 0.217912 -0.0986958 -0.0540517 -0.0447236 0.992642
1305031123.015450 -0.0144638 -0.0659657 0.216874 -0.0993964 -0.0541839 -0.0428476 0.992647
1305031123.051827 -0.0156943 -0.0544434 0.210582 -0.09825 -0.0522851 -0.0396336 0.992997
1305031123.082975 -0.0139597 -0.0406477 0.205132 -0.0988351 -0.0515529 -0.0380463 0.993039
1305031123.113873 -0.0143126 -0.0318588 0.203179 -0.101678 -0.050339 -0.0371333 0.992849
1305031123.150822 -0.0134624 -0.0211518 0.199313 -0.103707 -0.0483428 -0.0360527 0.992778
1305031123.182155 -0.00841324 -0.00824381 0.195953 -0.106205 -0.0453294 -0.0365822 0.992637
1305031123.214704 -0.00429165 0.00426397 0.193431 -0.110039 -0.0424196 -0.0397375 0.992226
1305031123.250618 -0.00358364 0.0185662 0.191703 -0.115787 -0.0388345 -0.0381378 0.991782
1305031123.282347 2.58433e-05 0.028399 0.192368 -0.120733 -0.0358878 -0.0375154 0.991327
1305031123.311327 -0.000101536 0.0382752 0.191052 -0.124979 -0.0311529 -0.0365373 0.990997
1305031123.350481 0.000250442 0.0481506 0.189325 -0.128913 -0.0258941 -0.0330871 0.990766
1305031123.382255 0.00529408 0.0573794 0.190902 -0.130428 -0.0233287 -0.0327633 0.990642
1305031123.411363 0.00230638 0.0636372 0.18797 -0.133697 -0.0190669 -0.0297939 0.990391
1305031123.451255 0.00320644 0.0759306 0.184885 -0.135509 -0.0168473 -0.025749 0.990298
1305031123.483594 0.00759924 0.0841718 0.185276 -0.137437 -0.0169274 -0.0240357 0.990074
1305031123.511360 0.00706873 0.090796 0.18337 -0.139681 -0.0161162 -0.020708 0.989849
1305031123.551513 0.00998843 0.102095 0.181914 -0.139591 -0.0164297 -0.0185344 0.9899
1305031123.579583 0.01473 0.106728 0.180277 -0.142282 -0.0167798 -0.017437 0.98953
1305031123.611335 0.0184542 0.114896 0.177778 -0.145364 -0.0157596 -0.0180959 0.989087
1305031123.652411 0.0208065 0.121596 0.176879 -0.149168 -0.013231 -0.0177725 0.988564
1305031123.683753 0.0225648 0.130231 0.17518 -0.151824 -0.00965259 -0.0160412 0.98823
1305031123.711323 0.0253548 0.135591 0.176671 -0.154143 -0.00830093 -0.0155778 0.987891
1305031123.751723 0.0264882 0.139512 0.176618 -0.154999 -0.00897612 -0.0140095 0.987775
1305031123.783858 0.0282378 0.140943 0.176111 -0.156255 -0.00981219 -0.0130579 0.987582
1305031123.811608 0.0285156 0.14298 0.175546 -0.156399 -0.00989856 -0.0106982 0.987586
1305031123.851444 0.0305446 0.145458 0.176306 -0.154409 -0.0119779 -0.0101386 0.987882
1305031123.883786 0.032455 0.140174 0.177257 -0.153254 -0.0144483 -0.0114644 0.988015
1305031123.911243 0.0277707 0.137339 0.174594 -0.1538 -0.0130989 -0.00939348 0.987971
1305031123.951442 0.0268048 0.142032 0.176924 -0.150529 -0.0147769 -0.00684405 0.988472
1305031123.983415 0.0282757 0.135313 0.18179 -0.146524 -0.0196458 -0.00757411 0.988983
1305031124.011302 0.0253445 0.125407 0.182167 -0.144927 -0.0217736 -0.00658369 0.989181
1305031124.051505 0.0247693 0.124767 0.183956 -0.140922 -0.0244548 -0.0062444 0.989699
1305031124.083837 0.0257797 0.117866 0.190026 -0.134684 -0.0282166 -0.00696092 0.990462
1305031124.111331 0.0230756 0.105293 0.190485 -0.132874 -0.0287325 -0.00825188 0.990682
1305031124.147446 0.0227123 0.0977436 0.193228 -0.131591 -0.0297677 -0.00971752 0.990809
1305031124.182694 0.0186727 0.0894049 0.198591 -0.125352 -0.0295887 -0.0111692 0.991608
1305031124.211396 0.0165312 0.0763017 0.199751 -0.12283 -0.0306195 -0.0102241 0.991903
1305031124.249327 0.013914 0.0701586 0.201028 -0.121215 -0.0339483 -0.010166 0.991994
1305031124.282545 0.0142574 0.0605778 0.206681 -0.117344 -0.0383778 -0.0107557 0.992291
1305031124.311361 0.0151958 0.0501835 0.208588 -0.11295 -0.0424187 -0.0116818 0.992626
1305031124.350354 0.0167592 0.0393706 0.210999 -0.109843 -0.0456148 -0.0128968 0.992818
1305031124.382420 0.015686 0.0266387 0.214279 -0.105767 -0.0470063 -0.013783 0.993184
1305031124.411439 0.0154528 0.0123914 0.217108 -0.100621 -0.0486059 -0.0158675 0.99361
1305031124.450245 0.014465 0.00163557 0.218575 -0.0941075 -0.0497631 -0.0182281 0.994151
1305031124.480099 0.0134707 -0.0101245 0.220831 -0.0881491 -0.0515878 -0.0200294 0.994569
1305031124.511324 0.0137637 -0.0185466 0.222251 -0.0828473 -0.0538641 -0.0225162 0.994851
1305031124.550437 0.0116474 -0.0296724 0.225288 -0.0788762 -0.0559748 -0.0247546 0.995004
1305031124.579404 0.0111615 -0.0440002 0.229817 -0.0751139 -0.0587603 -0.0269531 0.995077
1305031124.611358 0.0111703 -0.0548602 0.232468 -0.0712242 -0.061488 -0.0281794 0.995165
1305031124.651271 0.0121449 -0.0687794 0.237588 -0.0678869 -0.0640024 -0.0307237 0.995164
1305031124.679362 0.0134473 -0.0802052 0.240978 -0.0636998 -0.0651468 -0.0321211 0.995322
1305031124.711251 0.012117 -0.090867 0.244516 -0.0607775 -0.0651052 -0.0337854 0.995453
1305031124.749890 0.00934982 -0.105107 0.250367 -0.0584708 -0.0659203 -0.0346387 0.995508
1305031124.779365 0.0101072 -0.114858 0.254167 -0.055674 -0.0675723 -0.0346266 0.995558
1305031124.811360 0.010275 -0.127698 0.260147 -0.055484 -0.0693573 -0.0356653 0.995409
1305031124.850535 0.0119146 -0.142221 0.267482 -0.0544022 -0.0702722 -0.0366924 0.995367
1305031124.879355 0.0108168 -0.151789 0.27211 -0.0526006 -0.0679137 -0.0367895 0.995624
1305031124.911448 0.0101118 -0.160823 0.27732 -0.0542597 -0.0664155 -0.0369596 0.99563
1305031124.950730 0.00511769 -0.179414 0.287142 -0.0557839 -0.0642869 -0.0345396 0.995772
1305031124.979438 0.00102635 -0.192522 0.292761 -0.052607 -0.0658753 -0.0326808 0.995904
1305031125.011454 0.00168091 -0.197722 0.29445 -0.0494207 -0.0678471 -0.0316146 0.995969
1305031125.050763 0.00144218 -0.208621 0.300299 -0.0503272 -0.0671346 -0.0289967 0.996052
1305031125.079364 0.0034588 -0.222954 0.307295 -0.0502694 -0.0690977 -0.0299181 0.995893
1305031125.111364 0.00268107 -0.232248 0.309732 -0.0473817 -0.0690413 -0.0300295 0.996036
1305031125.151013 0.00042044 -0.23425 0.309104 -0.0460064 -0.0658832 -0.0287121 0.996353
1305031125.179353 -0.00247365 -0.246278 0.314288 -0.049557 -0.0639624 -0.0293361 0.996289
1305031125.211320 -0.00762231 -0.260699 0.319588 -0.0496388 -0.0626088 -0.0308641 0.996325
1305031125.250632 -0.00949209 -0.265449 0.320433 -0.046321 -0.0620582 -0.0315224 0.996499
1305031125.279467 -0.0105442 -0.274838 0.323445 -0.0461074 -0.0601017 -0.031233 0.996638
1305031125.311493 -0.0128108 -0.282912 0.326474 -0.0432976 -0.0588395 -0.0337133 0.996758
1305031125.348880 -0.00776757 -0.287473 0.327579 -0.0424668 -0.0582878 -0.0381348 0.996667
1305031125.379401 -0.00814148 -0.293594 0.330668 -0.0428447 -0.0519688 -0.0389567 0.996968
1305031125.411335 -0.00914322 -0.299128 0.332662 -0.0452483 -0.0465699 -0.0408262 0.997054
1305031125.451195 -0.0122235 -0.308429 0.338186 -0.0457503 -0.0418725 -0.042604 0.997165
1305031125.479424 -0.011285 -0.308092 0.337882 -0.0442162 -0.0386671 -0.0429155 0.997351
1305031125.511316 -0.0105363 -0.311175 0.339187 -0.0452046 -0.0358819 -0.0445169 0.99734
1305031125.551020 -0.0083816 -0.313373 0.340219 -0.0465236 -0.0330108 -0.046727 0.997278
1305031125.579308 -0.0133605 -0.318585 0.341789 -0.0466916 -0.028293 -0.0475171 0.997377
1305031125.611533 -0.0198004 -0.321377 0.340958 -0.043096 -0.0262324 -0.0446022 0.99773
1305031125.650575 -0.0167395 -0.313097 0.335616 -0.0376806 -0.0317851 -0.0421415 0.997895
1305031125.679328 -0.0164606 -0.313247 0.334274 -0.0366465 -0.0373654 -0.0411358 0.997782
1305031125.711443 -0.0104264 -0.303762 0.329278 -0.031359 -0.0416766 -0.0386223 0.997892
1305031125.751260 -0.00564208 -0.296816 0.324456 -0.0313396 -0.0440432 -0.0408194 0.997703
1305031125.779348 -0.00239034 -0.288203 0.320055 -0.0309979 -0.0440417 -0.0418863 0.99767
1305031125.811573 0.000590398 -0.280597 0.316873 -0.033046 -0.0436247 -0.0432675 0.997564
1305031125.847412 -0.00255275 -0.272701 0.313597 -0.0333579 -0.0432219 -0.0443357 0.997524
1305031125.879318 -0.00151845 -0.25977 0.308106 -0.0357939 -0.0467799 -0.0427829 0.997347
1305031125.911305 -0.00571306 -0.255416 0.306979 -0.0404737 -0.05206 -0.0406997 0.996993
1305031125.947343 -0.00491805 -0.243433 0.302828 -0.0406912 -0.0594602 -0.0371838 0.996708
1305031125.979324 -9.31029e-05 -0.230159 0.298405 -0.0421112 -0.0660239 -0.0371827 0.996235
1305031126.011333 0.00506077 -0.216319 0.295369 -0.0441584 -0.0685544 -0.0370056 0.995983
1305031126.047324 0.00950916 -0.2039 0.293745 -0.04791 -0.0684581 -0.0370103 0.995816
1305031126.079356 0.0120941 -0.194861 0.293826 -0.0519865 -0.0684033 -0.0382774 0.995567
1305031126.111370 0.0142246 -0.179867 0.290002 -0.0538981 -0.067382 -0.0368051 0.99559
1305031126.147432 0.0162714 -0.164608 0.28683 -0.0591718 -0.0678817 -0.0364115 0.995271
1305031126.179384 0.0177714 -0.155792 0.28671 -0.064815 -0.068428 -0.0358454 0.994903
1305031126.211319 0.0194661 -0.140864 0.282653 -0.0670897 -0.067161 -0.0357786 0.994841
1305031126.247298 0.0207916 -0.12739 0.279316 -0.070617 -0.0652999 -0.0366897 0.994687
1305031126.279363 0.0233785 -0.11284 0.275588 -0.0738837 -0.062667 -0.0386434 0.994546
1305031126.311332 0.0232231 -0.102819 0.273677 -0.0787459 -0.0585522 -0.0402327 0.99436
1305031126.347363 0.0229726 -0.0914247 0.270433 -0.0820438 -0.0552773 -0.0416406 0.994223
1305031126.379423 0.023204 -0.0794647 0.266765 -0.0859883 -0.0532692 -0.0437877 0.993907
1305031126.411465 0.0261647 -0.072779 0.266207 -0.0908433 -0.0524782 -0.0452538 0.993451
1305031126.447361 0.0279568 -0.0655856 0.264246 -0.0938659 -0.052745 -0.043588 0.993231
1305031126.479533 0.0298411 -0.0519346 0.258946 -0.0958547 -0.0546463 -0.0418507 0.993013
1305031126.511410 0.0322695 -0.0397839 0.255372 -0.100585 -0.0553611 -0.0411245 0.992535
1305031126.547374 0.0340435 -0.0322232 0.253638 -0.10564 -0.0533391 -0.0389376 0.992209
1305031126.579454 0.0355753 -0.0224763 0.250874 -0.110081 -0.0516206 -0.037839 0.99186
1305031126.611528 0.0377405 -0.0177504 0.250478 -0.114796 -0.0500712 -0.0361471 0.991468
1305031126.647376 0.0382449 -0.012816 0.24875 -0.117206 -0.0474413 -0.0318052 0.991464
1305031126.679479 0.0412269 -0.00532428 0.245732 -0.119136 -0.0468122 -0.0291266 0.991346
1305031126.711583 0.0429841 -0.00328352 0.245997 -0.120861 -0.0453961 -0.0267933 0.991269
1305031126.747316 0.0430565 0.00232849 0.24234 -0.120377 -0.0438702 -0.0232332 0.991486
1305031126.779379 0.0494587 0.0061579 0.240497 -0.120471 -0.0437082 -0.0230172 0.991487
1305031126.811602 0.0504269 0.0099745 0.237785 -0.120492 -0.0399992 -0.0225468 0.991652
1305031126.847343 0.0507986 0.0131026 0.236022 -0.120564 -0.0380304 -0.0224854 0.991722
1305031126.879357 0.0542522 0.0141787 0.23518 -0.120785 -0.0369655 -0.0233055 0.991716
1305031126.911364 0.0512739 0.0167004 0.232932 -0.120732 -0.0344762 -0.0216846 0.991849
1305031126.947437 0.0521456 0.0174393 0.232908 -0.120585 -0.0356541 -0.0208804 0.991843
1305031126.979337 0.0534336 0.0153606 0.23311 -0.120109 -0.0370396 -0.0206191 0.991855
1305031127.011371 0.05348 0.0163633 0.231525 -0.119001 -0.0373436 -0.0191286 0.992007
1305031127.047297 0.053759 0.0172138 0.231588 -0.118511 -0.0379297 -0.0191626 0.992043
1305031127.079299 0.0515594 0.0155906 0.232217 -0.118491 -0.0389944 -0.0179352 0.992027
1305031127.111435 0.0502246 0.0135117 0.232981 -0.117418 -0.0420728 -0.0172879 0.99204
1305031127.147307 0.0504416 0.0107132 0.233596 -0.116142 -0.0453351 -0.0176534 0.99204
1305031127.179349 0.0519448 0.00927195 0.234191 -0.115419 -0.047282 -0.0174801 0.992037
1305031127.211700 0.0521393 0.00612885 0.236038 -0.113742 -0.0476422 -0.0183622 0.992198
1305031127.247374 0.0510464 0.00244109 0.237111 -0.112314 -0.0478534 -0.0193394 0.992332
1305031127.279465 0.0496667 0.00123107 0.238179 -0.112066 -0.0483937 -0.019898 0.992322
1305031127.311362 0.0488081 -0.00331527 0.241266 -0.110749 -0.0499718 -0.0208705 0.992372
1305031127.347356 0.0483406 -0.0046048 0.241919 -0.107913 -0.0511392 -0.0210648 0.992621
1305031127.379262 0.0481182 -0.00530934 0.243285 -0.107071 -0.0524363 -0.0218392 0.992628
1305031127.411371 0.046565 -0.00864704 0.245701 -0.106553 -0.0532063 -0.0219019 0.992641
1305031127.447333 0.0455473 -0.00973071 0.246869 -0.104633 -0.0541441 -0.0226503 0.992778
1305031127.479362 0.0446822 -0.00891093 0.247705 -0.104652 -0.0551064 -0.0237753 0.992696
1305031127.511356 0.0438272 -0.0136254 0.250988 -0.105689 -0.0557695 -0.0239674 0.992545
1305031127.547348 0.0434139 -0.0148479 0.251756 -0.104215 -0.0563076 -0.0240517 0.992668
1305031127.579345 0.0425233 -0.0136342 0.251884 -0.103818 -0.0566435 -0.0241429 0.992689
1305031127.611271 0.0418236 -0.0153547 0.25374 -0.104842 -0.0565261 -0.0230363 0.992614
1305031127.647358 0.0419718 -0.0189898 0.255578 -0.104506 -0.0572172 -0.0222254 0.992628
1305031127.679298 0.0417917 -0.0166921 0.254543 -0.102815 -0.0581055 -0.0224283 0.992749
1305031127.711375 0.0423799 -0.0175159 0.255512 -0.103885 -0.0587521 -0.0223469 0.992601
1305031127.747304 0.0426152 -0.0215942 0.257009 -0.104172 -0.0590753 -0.0224359 0.99255
1305031127.779346 0.0419417 -0.021311 0.25612 -0.102465 -0.0594271 -0.0233086 0.992686
1305031127.811829 0.0405634 -0.0201965 0.255575 -0.101932 -0.0589324 -0.0241388 0.992751
1305031127.847366 0.0396061 -0.0217958 0.256233 -0.102373 -0.0589783 -0.0246045 0.992691
1305031127.879380 0.0392683 -0.0222601 0.256312 -0.102135 -0.0599422 -0.025057 0.992647
1305031127.911476 0.039241 -0.0210361 0.256363 -0.102333 -0.0607043 -0.0248264 0.992586
1305031127.947366 0.0393002 -0.0212871 0.25796 -0.103775 -0.0616787 -0.0251104 0.992369
1305031127.979371 0.0396059 -0.0212598 0.259228 -0.104963 -0.0618283 -0.0248747 0.992241
1305031128.011427 0.0401851 -0.0216251 0.261673 -0.106866 -0.0609883 -0.0243007 0.992104
1305031128.047369 0.0398088 -0.0262315 0.264965 -0.10847 -0.0604629 -0.0233722 0.991984
1305031128.079334 0.0393292 -0.0275695 0.266207 -0.108214 -0.0606665 -0.0223917 0.992022
1305031128.111391 0.0404967 -0.0268829 0.266736 -0.108337 -0.0610278 -0.0208321 0.992021
1305031128.147418 0.0419331 -0.0312912 0.269864 -0.1089 -0.0616899 -0.020082 0.991933
1305031128.179350 0.0415173 -0.0316956 0.269749 -0.107192 -0.0615566 -0.0192369 0.992144
1305031128.211447 0.0415056 -0.029397 0.268951 -0.106404 -0.0620568 -0.0188401 0.992206
1305031128.247480 0.0419341 -0.0323951 0.270836 -0.107431 -0.0625653 -0.0189972 0.99206
1305031128.279336 0.0413773 -0.0325368 0.270386 -0.10633 -0.0625612 -0.0192647 0.992174
1305031128.311483 0.0418372 -0.0321038 0.270281 -0.105784 -0.0629568 -0.0205787 0.992181
1305031128.347423 0.0412458 -0.0331251 0.270389 -0.106245 -0.0630676 -0.0221724 0.99209
1305031128.379404 0.0400149 -0.0339645 0.27043 -0.105649 -0.0627681 -0.0234198 0.992144
1305031128.411337 0.039508 -0.0339277 0.269914 -0.105151 -0.0627088 -0.0247292 0.992169
1305031128.447296 0.0394442 -0.0348539 0.270144 -0.105463 -0.0630752 -0.0259915 0.99208
1305031128.479296 0.0384664 -0.0360955 0.270359 -0.105371 -0.0626757 -0.0266554 0.992098
1305031128.511433 0.0408542 -0.0355396 0.269202 -0.105281 -0.0624647 -0.0271933 0.992106
1305031128.547399 0.0407373 -0.0380486 0.269897 -0.105484 -0.0617973 -0.0272465 0.992125
1305031128.579455 0.0392489 -0.0392301 0.269527 -0.10456 -0.0614942 -0.0269608 0.992249
1305031128.611395 0.0384461 -0.0389564 0.268696 -0.103899 -0.0624372 -0.0265887 0.99227
1305031128.647352 0.0387674 -0.0400395 0.268896 -0.103766 -0.0641268 -0.0270336 0.992164
1305031128.679282 0.0397674 -0.0411359 0.26876 -0.103027 -0.0644807 -0.0276722 0.992201
1305031128.711457 0.0400881 -0.040651 0.267581 -0.101991 -0.0636508 -0.0287121 0.992332
