1305032922.381130 -0.0079063 0.000840355 0.0013584 -0.00319179 8.16392e-05 -0.000445126 0.999995
1305032922.413086 -0.0150297 0.00287552 0.00214991 -0.00537735 -0.000451824 -0.00198793 0.999983
1305032922.445132 -0.0219542 0.00618756 0.0023073 -0.00897911 -0.0013495 -0.00433924 0.999949
1305032922.481114 -0.0307165 0.00735373 0.00456746 -0.0133541 -0.00161861 -0.00677099 0.999887
1305032922.513425 -0.0374399 0.0112854 0.00636765 -0.0180372 -0.00235347 -0.00905504 0.999794
1305032922.545269 -0.0440682 0.0132681 0.00817574 -0.0248064 -0.00163912 -0.0127123 0.99961
1305032922.581163 -0.0529312 0.0156645 0.0116437 -0.0314229 0.000965397 -0.016615 0.999368
1305032922.613194 -0.0626469 0.019222 0.0136571 -0.0392155 0.00358789 -0.020669 0.999011
1305032922.645203 -0.0766047 0.020317 0.0190659 -0.0472934 0.00663739 -0.0244705 0.998559
1305032922.681125 -0.0909006 0.020676 0.0246907 -0.0539794 0.00812157 -0.0270237 0.998143
1305032922.713088 -0.101007 0.0267635 0.0275898 -0.0607128 0.00651394 -0.0273475 0.997759
1305032922.745156 -0.112284 0.0311697 0.0306508 -0.0703405 0.00591729 -0.0269347 0.997142
1305032922.781150 -0.129709 0.0312687 0.0368527 -0.0790371 0.00790685 -0.0267995 0.99648
1305032922.813208 -0.146333 0.0331529 0.0415517 -0.0841962 0.0081698 -0.0268572 0.996054
1305032922.845381 -0.157036 0.0410455 0.0420818 -0.0906015 0.00640436 -0.0263717 0.995517
1305032922.881139 -0.174159 0.0452399 0.0461345 -0.0995677 0.00739392 -0.0243118 0.994706
1305032922.913072 -0.191243 0.0469933 0.0512508 -0.107769 0.00793001 -0.0211581 0.993919
1305032922.945112 -0.208039 0.0515163 0.05438 -0.1141 0.00852997 -0.0183649 0.993263
1305032922.981149 -0.223993 0.0500875 0.0591071 -0.1204 0.00993237 -0.0162652 0.992542
1305032923.013020 -0.23665 0.0556629 0.06015 -0.124201 0.0114985 -0.0127259 0.992109
1305032923.045225 -0.253889 0.0571541 0.0631345 -0.128723 0.0152105 -0.0106719 0.991506
1305032923.081280 -0.266949 0.0586401 0.0642955 -0.1324 0.017371 -0.00873412 0.991006
1305032923.113380 -0.280929 0.0570406 0.0676722 -0.135188 0.0215164 -0.00539806 0.990572
1305032923.145397 -0.295872 0.0570306 0.0683144 -0.135441 0.0270352 -0.000307202 0.990416
1305032923.181154 -0.309222 0.0594263 0.0679436 -0.135095 0.0311322 0.00374482 0.990336
1305032923.213146 -0.322081 0.0579849 0.0692303 -0.135024 0.0352341 0.00786824 0.990184
1305032923.245314 -0.336539 0.0585766 0.0688898 -0.133542 0.0395731 0.0124132 0.990175
1305032923.281328 -0.351015 0.0576167 0.0701626 -0.131634 0.0430857 0.0172112 0.990212
1305032923.313168 -0.366129 0.0567548 0.0703453 -0.128473 0.0463256 0.0237126 0.990347
1305032923.345527 -0.378363 0.0602619 0.067348 -0.125357 0.0487631 0.0296063 0.99047
1305032923.381136 -0.391185 0.0584942 0.0685092 -0.124524 0.0514416 0.035477 0.990247
1305032923.413153 -0.404959 0.0557831 0.0697348 -0.12328 0.0534778 0.041201 0.990073
1305032923.445815 -0.413256 0.057166 0.0671803 -0.121526 0.0542832 0.0469035 0.989992
1305032923.482121 -0.420274 0.0538202 0.0678727 -0.121091 0.0575625 0.0523586 0.989587
1305032923.513098 -0.429314 0.0505025 0.0685617 -0.119486 0.0630614 0.055052 0.989301
1305032923.545405 -0.438105 0.047364 0.0693474 -0.116854 0.0708605 0.0587211 0.988876
1305032923.581101 -0.443632 0.0494966 0.065879 -0.113844 0.0798073 0.0627426 0.988298
1305032923.613029 -0.452078 0.0512152 0.0648958 -0.112714 0.0927501 0.0683912 0.986922
1305032923.645140 -0.460979 0.0526763 0.0645348 -0.113516 0.106074 0.0757543 0.984949
1305032923.681350 -0.47579 0.0452994 0.0716332 -0.1149 0.119739 0.0814421 0.982765
1305032923.713284 -0.487639 0.0366027 0.0786415 -0.112539 0.13051 0.0884678 0.981058
1305032923.745077 -0.499253 0.0397635 0.0797631 -0.105515 0.139819 0.0982957 0.97962
1305032923.780885 -0.509412 0.0434286 0.0811251 -0.102011 0.147694 0.110686 0.977512
1305032923.812989 -0.518078 0.0390041 0.08701 -0.101936 0.153896 0.120197 0.975437
1305032923.844971 -0.524608 0.0342507 0.0925785 -0.101568 0.157938 0.125387 0.974175
1305032923.881103 -0.535459 0.0311121 0.0985879 -0.100965 0.162506 0.128797 0.973041
1305032923.913065 -0.541252 0.0281306 0.1042 -0.100891 0.16569 0.129915 0.972363
1305032923.945148 -0.55256 0.0291134 0.109784 -0.101487 0.172289 0.130689 0.97105
1305032923.981059 -0.564349 0.0222258 0.120486 -0.10386 0.180224 0.13488 0.968783
1305032924.013082 -0.574773 0.0215349 0.126839 -0.105144 0.186422 0.140555 0.966662
1305032924.045133 -0.584834 0.0112126 0.139082 -0.108487 0.192958 0.147383 0.96399
1305032924.081054 -0.597091 9.22354e-05 0.152964 -0.107711 0.197872 0.152293 0.962316
1305032924.112882 -0.607826 -0.00500072 0.162574 -0.103982 0.198743 0.154158 0.96225
1305032924.145179 -0.617676 -0.0138305 0.174382 -0.0991405 0.200211 0.157046 0.961989
1305032924.180965 -0.627495 -0.0164899 0.181457 -0.0916022 0.200726 0.159577 0.962213
1305032924.213023 -0.634604 -0.0233889 0.191417 -0.0846864 0.20209 0.161303 0.962273
1305032924.244979 -0.639937 -0.031656 0.199796 -0.0751158 0.205548 0.163737 0.961924
1305032924.281091 -0.648657 -0.0316656 0.203033 -0.0641458 0.210701 0.164386 0.961493
1305032924.313156 -0.658974 -0.0334411 0.207639 -0.0573177 0.215242 0.163122 0.961133
1305032924.348428 -0.669577 -0.0407836 0.21614 -0.0524529 0.219556 0.161745 0.960668
1305032924.381022 -0.682235 -0.0478918 0.224645 -0.0454945 0.223853 0.163651 0.959707
1305032924.413079 -0.69372 -0.0528044 0.231247 -0.0376888 0.225336 0.166245 0.959253
1305032924.446338 -0.699741 -0.0617826 0.238141 -0.0300756 0.226341 0.168859 0.958828
1305032924.481196 -0.707377 -0.069738 0.244924 -0.0199139 0.229313 0.171731 0.957876
1305032924.513237 -0.710773 -0.0756575 0.24815 -0.00835295 0.232964 0.174266 0.956707
1305032924.545826 -0.711832 -0.0818094 0.250466 0.00333435 0.242423 0.174513 0.95434
1305032924.581026 -0.719427 -0.0893366 0.255682 0.0173812 0.257753 0.174453 0.950172
1305032924.613119 -0.7303 -0.0929442 0.258976 0.0327011 0.272209 0.175037 0.945619
1305032924.645113 -0.742059 -0.0966917 0.263385 0.0462307 0.284396 0.174544 0.94155
1305032924.681142 -0.755971 -0.0966039 0.268687 0.058253 0.293203 0.174256 0.938229
1305032924.713154 -0.767938 -0.0948122 0.272914 0.0644122 0.29871 0.174595 0.936023
1305032924.749042 -0.778561 -0.103811 0.283175 0.0666318 0.304774 0.175021 0.933831
1305032924.781008 -0.788963 -0.106735 0.290397 0.0719236 0.310238 0.173581 0.931906
1305032924.813166 -0.800269 -0.113028 0.297419 0.0765004 0.318748 0.17315 0.928745
1305032924.848566 -0.814578 -0.120305 0.30955 0.0835193 0.328603 0.174678 0.924409
1305032924.881077 -0.828919 -0.126493 0.319097 0.0917429 0.335631 0.175909 0.920864
1305032924.913135 -0.844747 -0.130528 0.328697 0.100416 0.340607 0.177427 0.917836
1305032924.948063 -0.86001 -0.13826 0.341401 0.108413 0.342166 0.180405 0.915764
1305032924.981105 -0.870765 -0.149439 0.353499 0.119175 0.339849 0.182443 0.914885
1305032925.013077 -0.87905 -0.153795 0.359436 0.132906 0.336687 0.181428 0.914364
1305032925.048096 -0.891559 -0.156606 0.363667 0.141396 0.338144 0.179248 0.912982
1305032925.080993 -0.898848 -0.164664 0.369718 0.147847 0.341636 0.178637 0.910777
1305032925.113124 -0.903379 -0.175483 0.374951 0.156485 0.347232 0.17588 0.907749
1305032925.148695 -0.912826 -0.181394 0.377901 0.16792 0.354717 0.170984 0.903738
1305032925.181121 -0.92873 -0.180872 0.379444 0.175287 0.360822 0.168344 0.900412
1305032925.213130 -0.940301 -0.187612 0.384473 0.176336 0.364432 0.167072 0.898989
1305032925.247748 -0.950301 -0.188693 0.387581 0.17742 0.365106 0.165408 0.89881
1305032925.281117 -0.962537 -0.191813 0.394186 0.174205 0.364722 0.164878 0.899692
1305032925.313081 -0.969121 -0.195264 0.399464 0.166734 0.362058 0.166092 0.901958
1305032925.345075 -0.970616 -0.19841 0.408183 0.161833 0.359712 0.166973 0.903625
1305032925.381079 -0.977964 -0.199073 0.41472 0.156841 0.357998 0.167401 0.905105
1305032925.413064 -0.981038 -0.200923 0.42076 0.148993 0.354723 0.168571 0.9075
1305032925.447572 -0.981726 -0.202922 0.428325 0.14267 0.352215 0.16893 0.909424
1305032925.481128 -0.984938 -0.201727 0.434603 0.136244 0.351592 0.170035 0.910444
1305032925.513087 -0.988019 -0.201042 0.440524 0.129 0.351256 0.172205 0.911221
1305032925.547611 -0.989271 -0.203711 0.449049 0.121066 0.34992 0.174812 0.912326
1305032925.581049 -0.991101 -0.201076 0.455358 0.115847 0.348712 0.176723 0.913098
1305032925.614743 -0.992191 -0.198602 0.459397 0.108669 0.348362 0.181086 0.913259
1305032925.645261 -0.994276 -0.196429 0.466165 0.100346 0.348586 0.185469 0.913247
1305032925.681109 -0.996651 -0.193683 0.473362 0.0907655 0.347359 0.190731 0.913633
1305032925.713160 -0.99711 -0.192279 0.48072 0.0801515 0.345344 0.196933 0.914073
1305032925.746664 -0.997544 -0.190652 0.487082 0.0692672 0.342502 0.203768 0.914534
1305032925.780916 -0.998465 -0.186948 0.492242 0.0567645 0.339038 0.210839 0.915083
1305032925.815061 -0.997567 -0.186354 0.501147 0.0414866 0.335468 0.218324 0.915464
1305032925.846359 -0.997271 -0.190418 0.511719 0.0271526 0.332671 0.223905 0.915674
1305032925.881520 -0.997312 -0.190685 0.519554 0.0157296 0.329699 0.226752 0.916316
1305032925.917048 -0.998782 -0.189096 0.525248 0.00408154 0.327373 0.22934 0.916632
1305032925.949458 -1.00011 -0.190676 0.534861 -0.00807964 0.326589 0.232717 0.916033
1305032925.981186 -1.0017 -0.192638 0.54419 -0.0180262 0.326577 0.23545 0.915197
1305032926.016860 -1.00408 -0.191549 0.550891 -0.026378 0.326256 0.237847 0.914489
1305032926.049186 -1.00631 -0.193332 0.559637 -0.0358934 0.326458 0.241219 0.913209
1305032926.081072 -1.00909 -0.196497 0.570011 -0.0445476 0.3263 0.244646 0.911972
1305032926.117136 -1.01117 -0.197129 0.578118 -0.0516967 0.32542 0.24791 0.911027
1305032926.149250 -1.01424 -0.196733 0.586236 -0.0583775 0.325126 0.253859 0.909088
1305032926.181566 -1.01693 -0.199934 0.597844 -0.0646529 0.325359 0.262179 0.906214
1305032926.217214 -1.01894 -0.203837 0.60907 -0.0689237 0.325908 0.271657 0.902904
1305032926.249761 -1.02131 -0.204495 0.617133 -0.0711024 0.325309 0.281195 0.900027
1305032926.281472 -1.02174 -0.207685 0.626498 -0.0741444 0.325231 0.290535 0.896837
1305032926.316929 -1.02242 -0.211169 0.635929 -0.074566 0.326951 0.29845 0.893572
1305032926.349667 -1.02312 -0.213885 0.643983 -0.0733716 0.32875 0.305309 0.890689
1305032926.381526 -1.02322 -0.21522 0.649248 -0.0719432 0.330544 0.310659 0.888288
1305032926.416980 -1.02322 -0.218136 0.656325 -0.071011 0.33435 0.315492 0.88523
1305032926.449261 -1.02491 -0.222624 0.664419 -0.0693562 0.339553 0.320174 0.881693
1305032926.481351 -1.02957 -0.225261 0.671951 -0.0667196 0.343531 0.324253 0.87886
1305032926.517175 -1.03393 -0.228781 0.680342 -0.0652316 0.34633 0.328775 0.876189
1305032926.549259 -1.03755 -0.232377 0.687893 -0.0636937 0.34821 0.33288 0.874004
1305032926.581174 -1.04058 -0.23687 0.695057 -0.0619828 0.349786 0.338409 0.871371
1305032926.616942 -1.04377 -0.241389 0.700798 -0.0606752 0.350673 0.342849 0.869369
1305032926.646860 -1.04583 -0.248934 0.707613 -0.0592173 0.352639 0.346214 0.867338
1305032926.681076 -1.04896 -0.254392 0.711625 -0.0562752 0.355302 0.347171 0.866064
1305032926.717181 -1.05469 -0.25857 0.715248 -0.0544031 0.360354 0.3462 0.864483
1305032926.748861 -1.05948 -0.263361 0.719087 -0.0540311 0.366911 0.345461 0.862041
1305032926.781056 -1.0654 -0.269746 0.724611 -0.0545041 0.374934 0.344096 0.8591
1305032926.817262 -1.07489 -0.275095 0.731855 -0.0543136 0.382786 0.34395 0.855701
1305032926.847038 -1.08223 -0.281922 0.739454 -0.0552574 0.388424 0.345309 0.852546
1305032926.884150 -1.08741 -0.289431 0.745257 -0.0550922 0.393469 0.347191 0.849474
1305032926.915422 -1.0949 -0.295989 0.751334 -0.0536185 0.399646 0.349133 0.845881
1305032926.945473 -1.10396 -0.3023 0.75749 -0.0520119 0.406482 0.350559 0.842126
1305032926.985431 -1.11467 -0.307548 0.763498 -0.0520939 0.413246 0.351041 0.83862
1305032927.016554 -1.12349 -0.315804 0.77074 -0.0537156 0.4211 0.351675 0.834334
1305032927.046940 -1.13293 -0.325501 0.778761 -0.0537916 0.430916 0.351709 0.829288
1305032927.085227 -1.14626 -0.333976 0.786011 -0.0531555 0.440209 0.350008 0.825157
1305032927.115258 -1.16307 -0.341016 0.794224 -0.0535176 0.448524 0.348715 0.821194
1305032927.149350 -1.17846 -0.348911 0.802394 -0.0554337 0.455905 0.349743 0.816552
1305032927.185520 -1.1932 -0.360366 0.813913 -0.0577662 0.463106 0.356209 0.809513
1305032927.216979 -1.20513 -0.375898 0.828053 -0.0572615 0.466826 0.364537 0.803684
1305032927.249261 -1.21751 -0.38769 0.837655 -0.0549002 0.46457 0.37032 0.802511
1305032927.285328 -1.22659 -0.397859 0.843825 -0.0528219 0.461449 0.373763 0.802854
1305032927.317092 -1.2382 -0.405563 0.848408 -0.0515056 0.460195 0.375071 0.80305
1305032927.349464 -1.24454 -0.417204 0.855901 -0.0515288 0.462233 0.375231 0.801803
1305032927.385454 -1.25546 -0.427502 0.863148 -0.0497523 0.467127 0.37183 0.800662
1305032927.417165 -1.27188 -0.435467 0.872564 -0.0476159 0.471567 0.370629 0.798744
1305032927.449459 -1.28262 -0.445727 0.883973 -0.0465973 0.47333 0.371725 0.797251
1305032927.484342 -1.28632 -0.458411 0.894428 -0.0452832 0.473752 0.372476 0.796725
1305032927.516803 -1.29582 -0.465396 0.899972 -0.0418685 0.473815 0.369866 0.798089
1305032927.546472 -1.3066 -0.469468 0.90486 -0.0411785 0.475353 0.368157 0.798
1305032927.585246 -1.31259 -0.476802 0.911552 -0.042771 0.479251 0.367825 0.795735
1305032927.614983 -1.31684 -0.487135 0.920642 -0.0444057 0.484947 0.367684 0.792252
1305032927.645793 -1.32564 -0.495863 0.930968 -0.0438678 0.490121 0.367369 0.789239
1305032927.684642 -1.33589 -0.501796 0.941765 -0.0438084 0.493275 0.367982 0.786988
1305032927.716847 -1.33938 -0.50899 0.949937 -0.0453322 0.495204 0.370039 0.784722
1305032927.748597 -1.34442 -0.516035 0.960277 -0.0452458 0.499522 0.371787 0.781156
1305032927.784248 -1.35223 -0.519783 0.968919 -0.0442456 0.503461 0.373943 0.777648
1305032927.814251 -1.35661 -0.525779 0.979703 -0.0442004 0.507044 0.378091 0.773305
1305032927.848898 -1.35963 -0.531455 0.989006 -0.0427352 0.511005 0.382145 0.768774
1305032927.884240 -1.36407 -0.536856 1.001 -0.0401655 0.516361 0.385955 0.763412
1305032927.916413 -1.3655 -0.545061 1.01458 -0.0369018 0.520801 0.390698 0.758129
1305032927.949151 -1.36639 -0.551771 1.02455 -0.0306678 0.523613 0.394659 0.754409
1305032927.981990 -1.37183 -0.55482 1.03424 -0.0241646 0.526398 0.397651 0.75113
1305032928.016238 -1.37359 -0.560826 1.04375 -0.0191013 0.529672 0.400896 0.747238
1305032928.045122 -1.38191 -0.564501 1.05299 -0.0132892 0.532304 0.404789 0.743385
1305032928.082758 -1.38773 -0.569358 1.06262 -0.00930472 0.533807 0.41056 0.739191
1305032928.115073 -1.39139 -0.576549 1.07136 -0.00600824 0.534693 0.4178 0.734514
1305032928.145150 -1.38979 -0.585763 1.07741 -0.00197362 0.53689 0.423232 0.729808
1305032928.184609 -1.39425 -0.593975 1.08262 0.00320127 0.540475 0.425106 0.726059
1305032928.216708 -1.39926 -0.603047 1.08778 0.00694375 0.543961 0.425967 0.722918
1305032928.245386 -1.40073 -0.613599 1.08999 0.0122241 0.547687 0.427027 0.7194
1305032928.284836 -1.40919 -0.623052 1.09428 0.0184297 0.553015 0.426062 0.715755
1305032928.314058 -1.42193 -0.631281 1.10037 0.0223909 0.556937 0.426471 0.71235
1305032928.352776 -1.42523 -0.642414 1.10546 0.0249429 0.560117 0.428203 0.708724
1305032928.384296 -1.43053 -0.652853 1.11008 0.0282066 0.563912 0.428592 0.705348
1305032928.416466 -1.44008 -0.659711 1.11383 0.030205 0.567966 0.426912 0.703028
1305032928.452775 -1.4515 -0.663941 1.11625 0.0280316 0.573727 0.424737 0.69975
1305032928.481549 -1.45527 -0.673407 1.12166 0.0236919 0.583625 0.422557 0.693012
1305032928.516883 -1.46792 -0.680409 1.12979 0.0219492 0.595889 0.419969 0.684149
1305032928.552671 -1.47969 -0.685747 1.13513 0.015776 0.606934 0.420961 0.673924
1305032928.584995 -1.47808 -0.697097 1.14367 0.00920252 0.619481 0.421173 0.662398
1305032928.616579 -1.48566 -0.707868 1.15419 0.00900014 0.630532 0.422367 0.651118
1305032928.652472 -1.49594 -0.714821 1.16564 0.00889699 0.638497 0.424323 0.642022
1305032928.684444 -1.50043 -0.723631 1.17665 0.00746627 0.644445 0.42879 0.633067
1305032928.716368 -1.50413 -0.731138 1.18564 0.00904454 0.650707 0.433802 0.623149
1305032928.752700 -1.51112 -0.739265 1.19726 0.0102332 0.65744 0.438457 0.612718
1305032928.784640 -1.51096 -0.747768 1.20752 0.0116004 0.663619 0.443704 0.602164
1305032928.816377 -1.51494 -0.754868 1.22023 0.0176756 0.671481 0.447162 0.590633
1305032928.852488 -1.51539 -0.765395 1.23586 0.0223937 0.67761 0.452722 0.579125
1305032928.883989 -1.51168 -0.774482 1.24864 0.0280332 0.681967 0.455231 0.571752
1305032928.916289 -1.51296 -0.787261 1.26486 0.0315387 0.684382 0.458169 0.566311
1305032928.952416 -1.50849 -0.797433 1.2796 0.0327886 0.684263 0.462337 0.562987
1305032928.984700 -1.49723 -0.804513 1.28922 0.0377437 0.684875 0.463815 0.560711
1305032929.015792 -1.49094 -0.81316 1.30257 0.0474019 0.68806 0.460246 0.559016
1305032929.052552 -1.48962 -0.824721 1.32294 0.0549041 0.690425 0.457741 0.557469
1305032929.084755 -1.4884 -0.835067 1.33947 0.0603694 0.689772 0.460198 0.555687
1305032929.116403 -1.4803 -0.842997 1.35095 0.0669519 0.688615 0.463316 0.553773
1305032929.152303 -1.48176 -0.849197 1.36413 0.074915 0.688553 0.466054 0.550522
1305032929.184588 -1.47974 -0.856547 1.37505 0.0800204 0.687938 0.47149 0.545925
1305032929.216474 -1.46794 -0.864721 1.37585 0.0855868 0.688402 0.474909 0.541515
1305032929.252240 -1.46798 -0.869004 1.38202 0.0919571 0.692532 0.472112 0.537636
1305032929.284797 -1.46941 -0.877376 1.39353 0.091079 0.69682 0.46988 0.53419
1305032929.313254 -1.46222 -0.886824 1.40091 0.0872118 0.700153 0.468549 0.531641
1305032929.352211 -1.45526 -0.897162 1.40962 0.0852391 0.703684 0.465665 0.529829
1305032929.384370 -1.45405 -0.907491 1.42297 0.0834769 0.70568 0.463535 0.529323
1305032929.413245 -1.44695 -0.915111 1.42357 0.079203 0.706187 0.462039 0.530609
1305032929.452679 -1.44341 -0.922731 1.42866 0.0766246 0.710993 0.457322 0.528652
1305032929.485040 -1.44113 -0.93374 1.43921 0.0725995 0.716433 0.454456 0.524331
1305032929.513280 -1.43011 -0.944683 1.44374 0.0690138 0.720172 0.451127 0.522564
1305032929.549303 -1.42552 -0.955449 1.45459 0.0692625 0.724295 0.446375 0.520911
1305032929.584736 -1.41943 -0.966468 1.4623 0.0701782 0.726153 0.443947 0.520276
1305032929.613122 -1.41409 -0.975054 1.46721 0.0726817 0.727611 0.440771 0.520595
1305032929.651992 -1.41307 -0.982564 1.47308 0.075446 0.729979 0.437367 0.519758
1305032929.683670 -1.41334 -0.991175 1.48078 0.0767776 0.731547 0.437127 0.517555
1305032929.713052 -1.40494 -1.00039 1.48264 0.0775676 0.732803 0.436759 0.515968
1305032929.752589 -1.40051 -1.00934 1.48801 0.0808947 0.73543 0.435853 0.512474
1305032929.784539 -1.40095 -1.01562 1.49197 0.085291 0.737551 0.436925 0.507779
1305032929.813274 -1.39663 -1.02169 1.49398 0.086559 0.74013 0.438193 0.502695
1305032929.852384 -1.39346 -1.03098 1.50634 0.0869088 0.742187 0.439531 0.498416
1305032929.884745 -1.38656 -1.0399 1.51563 0.086798 0.738669 0.445514 0.498348
1305032929.913197 -1.37854 -1.04587 1.5193 0.0883601 0.732506 0.452306 0.501046
1305032929.952893 -1.3706 -1.05025 1.51914 0.0889415 0.725443 0.458262 0.505784
1305032929.984891 -1.36153 -1.0525 1.51035 0.0902446 0.720407 0.460531 0.510666
1305032930.013216 -1.36012 -1.05449 1.50842 0.0898683 0.71987 0.458369 0.513429
1305032930.052387 -1.35107 -1.05897 1.50551 0.0859573 0.72077 0.456428 0.514562
1305032930.083041 -1.34597 -1.06393 1.50746 0.0824748 0.723288 0.452712 0.514883
1305032930.113278 -1.33561 -1.07029 1.51223 0.0792216 0.725429 0.450652 0.514187
1305032930.152375 -1.32424 -1.07623 1.51628 0.078365 0.725527 0.449772 0.514951
1305032930.184532 -1.31648 -1.07762 1.51538 0.079339 0.724776 0.448898 0.516619
1305032930.213224 -1.30911 -1.07884 1.51377 0.0780619 0.724738 0.448264 0.517416
1305032930.252394 -1.29825 -1.0822 1.51622 0.0771109 0.724369 0.448476 0.517892
1305032930.284795 -1.28941 -1.08316 1.51607 0.07657 0.722511 0.450032 0.519216
1305032930.313246 -1.27683 -1.08466 1.515 0.0758689 0.720498 0.452045 0.520367
1305032930.352795 -1.2661 -1.08501 1.51492 0.0773107 0.71777 0.453858 0.522343
1305032930.384738 -1.25601 -1.08368 1.51296 0.0795781 0.714903 0.455845 0.524199
1305032930.413362 -1.24898 -1.08139 1.51143 0.0816801 0.712714 0.457946 0.525027
1305032930.452396 -1.24187 -1.07696 1.5076 0.0820246 0.711181 0.4601 0.525168
1305032930.484796 -1.23425 -1.07239 1.50914 0.0815551 0.711644 0.462208 0.522757
1305032930.513243 -1.22729 -1.06816 1.51112 0.0781891 0.710749 0.466012 0.52111
1305032930.552822 -1.21251 -1.06542 1.51078 0.0731866 0.708865 0.47038 0.520478
1305032930.581225 -1.19992 -1.06248 1.51367 0.0697352 0.707468 0.472583 0.520856
1305032930.613293 -1.18904 -1.0586 1.51528 0.0644319 0.705354 0.47473 0.522451
1305032930.652763 -1.17228 -1.05751 1.52032 0.0592289 0.703623 0.477061 0.523278
1305032930.681223 -1.15574 -1.05616 1.52206 0.0563719 0.699728 0.47929 0.526767
1305032930.713190 -1.14367 -1.0532 1.52364 0.054635 0.697493 0.479321 0.529876
1305032930.752333 -1.13108 -1.05165 1.52913 0.051552 0.69627 0.479405 0.531715
1305032930.781168 -1.11586 -1.05132 1.53481 0.048229 0.694119 0.479762 0.53451
1305032930.813204 -1.10101 -1.05156 1.54145 0.0460075 0.689888 0.481283 0.538799
1305032930.853054 -1.08514 -1.05183 1.54672 0.0445237 0.683357 0.482703 0.545929
1305032930.881175 -1.06847 -1.05332 1.55053 0.0426741 0.675942 0.484133 0.553981
1305032930.913309 -1.05154 -1.05534 1.55529 0.0417362 0.668291 0.484471 0.562968
1305032930.953127 -1.03817 -1.05581 1.55606 0.0397318 0.660241 0.484433 0.572562
1305032930.981173 -1.02304 -1.05801 1.56067 0.0367435 0.654539 0.483426 0.580111
1305032931.013151 -1.0085 -1.0613 1.56744 0.0345698 0.650556 0.483794 0.584402
1305032931.051151 -0.993805 -1.06383 1.5739 0.0332576 0.646542 0.485414 0.58758
1305032931.081177 -0.974071 -1.06936 1.5772 0.03151 0.639357 0.485832 0.595145
1305032931.113335 -0.960303 -1.07494 1.58341 0.0295575 0.632885 0.483438 0.604045
1305032931.152217 -0.945878 -1.07893 1.58973 0.026573 0.626938 0.481378 0.611979
1305032931.181171 -0.926989 -1.08419 1.59396 0.0240693 0.620315 0.479551 0.62021
1305032931.213203 -0.911371 -1.08891 1.59951 0.0233562 0.61563 0.477124 0.626743
1305032931.250252 -0.897616 -1.09328 1.60465 0.023656 0.610967 0.474797 0.633031
1305032931.281263 -0.885127 -1.10014 1.61464 0.0212231 0.608213 0.471195 0.638436
1305032931.313212 -0.873884 -1.10383 1.62797 0.0200026 0.604012 0.469028 0.644036
1305032931.352315 -0.861088 -1.10841 1.63656 0.0197171 0.592725 0.470124 0.65366
1305032931.381297 -0.842224 -1.11115 1.63519 0.0176261 0.582966 0.468145 0.663837
1305032931.413158 -0.830878 -1.11403 1.64106 0.0153897 0.578281 0.465086 0.670112
1305032931.453271 -0.815015 -1.11898 1.64775 0.012141 0.573312 0.46259 0.676148
1305032931.481263 -0.793922 -1.12379 1.64603 0.0114794 0.569013 0.458286 0.68269
1305032931.513288 -0.786405 -1.12841 1.65559 0.01181 0.56772 0.453414 0.687001
1305032931.552372 -0.772597 -1.13347 1.66042 0.0108749 0.564288 0.447811 0.693489
1305032931.581149 -0.761633 -1.14047 1.6703 0.00913038 0.560579 0.441288 0.700666
1305032931.613162 -0.747134 -1.1464 1.67539 0.00795215 0.554846 0.434587 0.709377
1305032931.653143 -0.737973 -1.1512 1.68212 0.00747808 0.549407 0.427401 0.71793
1305032931.681116 -0.72724 -1.15942 1.69335 0.00604836 0.543016 0.421109 0.726473
1305032931.713166 -0.709986 -1.169 1.69858 0.00538773 0.534218 0.413296 0.737407
1305032931.749346 -0.7016 -1.17713 1.70637 0.00592948 0.526359 0.402795 0.748778
1305032931.781191 -0.696829 -1.18678 1.71814 0.00336391 0.519082 0.393651 0.758671
1305032931.813118 -0.683661 -1.19518 1.72224 -0.000237863 0.511218 0.383705 0.769043
1305032931.849197 -0.672396 -1.20348 1.72525 -0.0017952 0.504491 0.37334 0.778526
1305032931.881186 -0.665878 -1.21232 1.73129 -0.00143225 0.499171 0.364049 0.786317
1305032931.913227 -0.662015 -1.22023 1.7397 -0.00152662 0.494635 0.356034 0.792827
1305032931.949512 -0.657684 -1.22669 1.74662 -0.00151247 0.487437 0.349189 0.800294
1305032931.981126 -0.652506 -1.23239 1.75199 -0.00045403 0.478564 0.3437 0.80799
1305032932.013283 -0.648149 -1.23769 1.75654 -0.000741708 0.469881 0.337513 0.815657
1305032932.049430 -0.644668 -1.24311 1.76226 -0.000824005 0.461946 0.332242 0.822326
1305032932.081202 -0.638081 -1.24767 1.76491 -0.00240452 0.453677 0.325335 0.829656
1305032932.113244 -0.636382 -1.25368 1.77416 -0.00406225 0.44548 0.318457 0.836729
1305032932.149265 -0.633986 -1.25897 1.77977 -0.00644051 0.436041 0.31395 0.843364
1305032932.181475 -0.627832 -1.26347 1.78444 -0.00846194 0.428346 0.310354 0.848604
1305032932.213261 -0.623743 -1.26905 1.78948 -0.0101206 0.42059 0.305527 0.854198
1305032932.249168 -0.619275 -1.26862 1.79235 -0.0111734 0.414284 0.297101 0.860218
1305032932.281366 -0.61556 -1.27218 1.79731 -0.012406 0.410088 0.287757 0.865373
1305032932.313198 -0.614655 -1.27815 1.80441 -0.0138624 0.404616 0.279809 0.870518
1305032932.349115 -0.612459 -1.28319 1.80963 -0.0144626 0.39599 0.271044 0.877222
1305032932.381286 -0.613206 -1.28664 1.81564 -0.0171396 0.384839 0.262518 0.884697
1305032932.413194 -0.611871 -1.29285 1.82207 -0.0205326 0.374982 0.256665 0.890556
1305032932.449203 -0.611409 -1.29935 1.82885 -0.0238289 0.365003 0.249811 0.896549
1305032932.481389 -0.613408 -1.3018 1.8366 -0.0284619 0.353404 0.243077 0.902889
1305032932.513127 -0.613298 -1.30369 1.84446 -0.0305761 0.34537 0.236506 0.907662
1305032932.549184 -0.614081 -1.30881 1.85076 -0.0309337 0.337657 0.228811 0.912511
1305032932.581150 -0.619175 -1.30997 1.85775 -0.0285582 0.3283 0.221826 0.917713
1305032932.613212 -0.621982 -1.31335 1.86605 -0.0307998 0.317835 0.212548 0.923502
1305032932.649316 -0.621989 -1.31729 1.87242 -0.034695 0.306461 0.202518 0.929443
1305032932.681181 -0.625002 -1.31917 1.87898 -0.036783 0.298353 0.187674 0.9351
1305032932.713193 -0.628838 -1.32198 1.88477 -0.0394224 0.297526 0.171976 0.938269
1305032932.749197 -0.631301 -1.32593 1.88816 -0.0424467 0.295881 0.163445 0.94018
1305032932.781159 -0.634093 -1.33119 1.89195 -0.0438561 0.289451 0.156897 0.943227
1305032932.813154 -0.638494 -1.33738 1.89729 -0.0458749 0.278256 0.151655 0.947349
1305032932.849173 -0.643384 -1.34227 1.90427 -0.0468153 0.261623 0.148107 0.952589
1305032932.881183 -0.643008 -1.33945 1.9065 -0.0456867 0.243085 0.143055 0.95831
1305032932.913276 -0.649997 -1.34155 1.9149 -0.0460956 0.229502 0.137119 0.962498
1305032932.949107 -0.6542 -1.34279 1.92124 -0.0475117 0.214777 0.130539 0.966733
1305032932.981122 -0.658298 -1.34304 1.9267 -0.0493792 0.201271 0.121922 0.970663
1305032933.013330 -0.662622 -1.34419 1.93184 -0.0517685 0.18767 0.116084 0.973974
1305032933.049214 -0.667372 -1.34559 1.93835 -0.0553955 0.175991 0.10965 0.976696
1305032933.081197 -0.668523 -1.3357 1.9386 -0.0549053 0.168135 0.100635 0.979075
1305032933.113131 -0.668235 -1.3336 1.93987 -0.055268 0.162958 0.0899814 0.980966
1305032933.149118 -0.671607 -1.33555 1.9452 -0.0590606 0.160171 0.0818453 0.981916
1305032933.181191 -0.675562 -1.33624 1.94903 -0.0620752 0.15719 0.075787 0.982697
1305032933.213234 -0.677665 -1.33671 1.95158 -0.0633193 0.150299 0.071963 0.983983
1305032933.249270 -0.679779 -1.33468 1.9553 -0.0670241 0.141035 0.0655827 0.985554
1305032933.281207 -0.683599 -1.33366 1.96041 -0.0724314 0.136544 0.0600146 0.986158
1305032933.313249 -0.686562 -1.33144 1.96355 -0.0754786 0.135602 0.054786 0.986364
1305032933.349223 -0.690443 -1.32991 1.96527 -0.0793071 0.134988 0.0497008 0.986417
1305032933.381201 -0.689711 -1.32651 1.96624 -0.0832293 0.131728 0.0474983 0.986643
1305032933.413177 -0.68994 -1.32376 1.96597 -0.085729 0.127208 0.0475411 0.98702
1305032933.449194 -0.691606 -1.32199 1.96865 -0.0881204 0.121593 0.0450653 0.987633
1305032933.481237 -0.691798 -1.31939 1.97025 -0.090178 0.115217 0.0442525 0.988248
1305032933.513346 -0.693487 -1.31672 1.97145 -0.0911818 0.110544 0.0423715 0.988772
1305032933.549177 -0.697303 -1.31422 1.97345 -0.0935717 0.109457 0.0419102 0.98869
1305032933.581237 -0.696978 -1.31141 1.9735 -0.0948183 0.108745 0.0398921 0.988733
1305032933.613179 -0.698103 -1.31134 1.97452 -0.0971059 0.10824 0.0363215 0.988704
1305032933.649207 -0.699904 -1.31268 1.97646 -0.102481 0.10735 0.0319384 0.98841
1305032933.681196 -0.702287 -1.30835 1.97652 -0.104008 0.107611 0.0277062 0.988349
1305032933.713336 -0.704414 -1.30942 1.97684 -0.107603 0.109019 0.0221214 0.987951
1305032933.749178 -0.705834 -1.30864 1.97666 -0.11052 0.112383 0.0181768 0.987332
1305032933.781142 -0.709699 -1.30707 1.97543 -0.108721 0.119342 0.0160857 0.986752
1305032933.813289 -0.707895 -1.30681 1.97302 -0.109369 0.123486 0.0141911 0.986199
1305032933.849235 -0.708539 -1.30824 1.97117 -0.110558 0.128232 0.0122846 0.985486
1305032933.881305 -0.706098 -1.30808 1.96798 -0.109411 0.133648 0.0130716 0.984884
1305032933.913198 -0.704818 -1.30734 1.96368 -0.108684 0.138494 0.015038 0.984267
1305032933.949181 -0.704185 -1.30566 1.96018 -0.107885 0.142877 0.0183756 0.983671
1305032933.981180 -0.701767 -1.30525 1.95573 -0.105213 0.145701 0.0219661 0.983473
1305032934.013105 -0.701621 -1.30465 1.95142 -0.102592 0.148529 0.0246604 0.983263
1305032934.049318 -0.70133 -1.30478 1.94802 -0.101144 0.151998 0.0272624 0.982814
1305032934.081250 -0.697935 -1.30496 1.94375 -0.0967369 0.15556 0.0316311 0.98257
1305032934.113344 -0.698796 -1.30465 1.93951 -0.0916973 0.159995 0.0364922 0.982172
1305032934.149168 -0.69952 -1.30413 1.93543 -0.0864141 0.164579 0.0425489 0.98165
1305032934.181140 -0.695245 -1.30374 1.93038 -0.0802207 0.166944 0.0473078 0.981558
1305032934.213153 -0.696889 -1.30226 1.92617 -0.0752381 0.170286 0.0506903 0.98121
1305032934.249218 -0.698297 -1.30408 1.92463 -0.0721644 0.176282 0.0560072 0.980092
1305032934.281341 -0.696747 -1.30497 1.92115 -0.0693326 0.182897 0.0612216 0.978772
1305032934.313374 -0.695626 -1.30522 1.91938 -0.0673231 0.18961 0.0669275 0.97726
1305032934.349186 -0.69272 -1.30356 1.91641 -0.0636859 0.195567 0.0737431 0.975838
1305032934.381198 -0.694195 -1.30482 1.91487 -0.0628413 0.202919 0.0800278 0.973895
1305032934.413285 -0.694564 -1.30417 1.91266 -0.0643111 0.212834 0.0907433 0.970738
1305032934.449108 -0.691885 -1.304 1.9099 -0.065377 0.226592 0.104245 0.966186
1305032934.481230 -0.689079 -1.29961 1.90308 -0.0665641 0.241934 0.117417 0.960859
1305032934.513204 -0.686779 -1.29389 1.89549 -0.0699431 0.256863 0.130583 0.955028
1305032934.549160 -0.683926 -1.28854 1.88793 -0.0716233 0.27088 0.13985 0.949703
1305032934.581195 -0.682325 -1.28563 1.8826 -0.0736768 0.284503 0.14765 0.944367
1305032934.613214 -0.678792 -1.2808 1.87635 -0.0709889 0.298133 0.153035 0.939499
1305032934.649157 -0.679029 -1.27262 1.87482 -0.0666037 0.311968 0.149099 0.935954
1305032934.681205 -0.681251 -1.27067 1.87093 -0.0640828 0.321234 0.149682 0.932897
1305032934.713203 -0.679467 -1.27635 1.86755 -0.0610392 0.330139 0.149647 0.929994
1305032934.749187 -0.680285 -1.27294 1.86117 -0.0541989 0.338608 0.147369 0.927734
1305032934.781231 -0.681656 -1.27302 1.85624 -0.049061 0.349225 0.148909 0.923829
1305032934.813171 -0.682341 -1.27394 1.85017 -0.0440354 0.360613 0.154038 0.918853
1305032934.849158 -0.683622 -1.27533 1.84214 -0.0387571 0.370351 0.160097 0.91417
1305032934.881207 -0.685278 -1.26955 1.83226 -0.033364 0.378294 0.168714 0.909569
1305032934.913459 -0.687602 -1.26294 1.82328 -0.0290629 0.38507 0.179494 0.904797
1305032934.949505 -0.691714 -1.25536 1.81529 -0.0280456 0.392196 0.192919 0.898987
1305032934.981224 -0.693428 -1.2513 1.80696 -0.0267199 0.399741 0.205385 0.892922
1305032935.013202 -0.696396 -1.25234 1.80162 -0.0248954 0.407372 0.216292 0.886931
1305032935.049159 -0.698052 -1.25654 1.79471 -0.017699 0.414285 0.224482 0.881852
1305032935.081176 -0.704255 -1.25471 1.78651 -0.00902984 0.422929 0.232167 0.87587
1305032935.113223 -0.708212 -1.25273 1.7767 -0.00348135 0.432411 0.23841 0.86958
1305032935.149141 -0.714648 -1.25097 1.77037 0.00149156 0.442664 0.241654 0.86351
1305032935.181244 -0.721632 -1.24953 1.76359 0.00507283 0.452532 0.244519 0.857554
1305032935.213352 -0.727879 -1.24748 1.75968 0.00883746 0.464947 0.247389 0.850027
1305032935.249210 -0.734594 -1.2428 1.75204 0.0137523 0.478356 0.24877 0.842081
1305032935.281088 -0.745611 -1.23854 1.74973 0.0189947 0.493791 0.252104 0.832017
1305032935.313229 -0.756872 -1.23498 1.74754 0.0216364 0.509168 0.258525 0.820637
1305032935.349182 -0.767628 -1.22957 1.74504 0.0225599 0.52308 0.268113 0.808699
1305032935.381234 -0.774415 -1.2247 1.73915 0.0227238 0.536302 0.279859 0.795954
1305032935.413300 -0.775704 -1.21651 1.72163 0.0208137 0.550526 0.290936 0.782205
1305032935.449256 -0.78234 -1.20744 1.70547 0.0188804 0.569657 0.301202 0.764468
1305032935.481231 -0.7836 -1.20179 1.68719 0.0162192 0.591031 0.311901 0.743732
1305032935.513258 -0.798059 -1.19718 1.68647 0.0180694 0.614633 0.317427 0.7219
1305032935.549354 -0.817989 -1.19023 1.69606 0.0168267 0.632155 0.32562 0.7029
1305032935.581289 -0.824134 -1.19044 1.69334 0.0134099 0.64244 0.336231 0.688505
1305032935.613183 -0.832866 -1.18586 1.69094 0.0112492 0.653457 0.343923 0.674229
1305032935.649184 -0.839251 -1.18424 1.68895 0.00814714 0.662134 0.352755 0.661118
1305032935.681195 -0.847457 -1.17755 1.68536 0.0065721 0.670924 0.356289 0.650289
1305032935.713154 -0.855341 -1.17523 1.6795 0.00138567 0.678371 0.362248 0.639208
1305032935.749336 -0.859791 -1.17072 1.67525 -0.000775836 0.685503 0.365749 0.629534
1305032935.781238 -0.868457 -1.16686 1.66924 -0.00530191 0.692231 0.369066 0.620143
1305032935.813233 -0.876706 -1.16082 1.67089 -0.00749978 0.696701 0.374159 0.612011
1305032935.849197 -0.879534 -1.15904 1.6654 -0.0111859 0.699322 0.380667 0.60491
1305032935.881233 -0.883945 -1.15714 1.66294 -0.0128347 0.703461 0.386947 0.596028
1305032935.913304 -0.889477 -1.15247 1.66043 -0.0132096 0.706924 0.390756 0.589402
1305032935.949217 -0.896023 -1.14675 1.65321 -0.0159641 0.709611 0.394579 0.583528
1305032935.981190 -0.897272 -1.14524 1.65091 -0.017529 0.715005 0.397874 0.574592
1305032936.013206 -0.903313 -1.14056 1.65184 -0.0167444 0.71991 0.399656 0.567207
1305032936.049188 -0.910482 -1.1355 1.65029 -0.0157429 0.722548 0.403501 0.561127
1305032936.081225 -0.914707 -1.13189 1.64606 -0.0144516 0.723902 0.408207 0.55599
1305032936.113210 -0.920189 -1.12767 1.64059 -0.0132135 0.726006 0.410648 0.551461
1305032936.149247 -0.928249 -1.12301 1.64079 -0.0130074 0.728355 0.413154 0.546473
1305032936.181213 -0.92863 -1.12214 1.6391 -0.0128528 0.728902 0.416009 0.543574
1305032936.213204 -0.938364 -1.11568 1.63697 -0.0103496 0.729458 0.415776 0.54306
1305032936.249256 -0.948222 -1.1096 1.63677 -0.0120525 0.72934 0.41682 0.542382
1305032936.281350 -0.951498 -1.10752 1.6381 -0.0142136 0.728979 0.419246 0.540943
1305032936.313366 -0.960253 -1.10047 1.63917 -0.0130131 0.727094 0.42125 0.541953
1305032936.349319 -0.967619 -1.09422 1.63954 -0.0145107 0.722802 0.426162 0.543813
1305032936.381301 -0.974703 -1.08771 1.63449 -0.0177609 0.719245 0.429671 0.545669
1305032936.413252 -0.982888 -1.08006 1.63472 -0.0200804 0.71874 0.433026 0.543597
1305032936.449311 -0.987315 -1.07484 1.63407 -0.0228094 0.716141 0.437882 0.543029
1305032936.481254 -0.996654 -1.06683 1.63124 -0.0257128 0.713831 0.440367 0.543931
1305032936.513372 -1.00254 -1.06048 1.62946 -0.0299928 0.713023 0.443767 0.542004
1305032936.549203 -1.01006 -1.05367 1.62969 -0.0340143 0.712206 0.446659 0.540463
1305032936.581382 -1.01412 -1.04938 1.63001 -0.03708 0.70989 0.451186 0.539548
1305032936.613224 -1.01922 -1.04412 1.62634 -0.0391864 0.707557 0.454471 0.539706
1305032936.649102 -1.02708 -1.03801 1.62683 -0.0411941 0.706592 0.45759 0.538184
1305032936.681205 -1.02882 -1.03578 1.62736 -0.0430723 0.703459 0.462821 0.537668
1305032936.713224 -1.0331 -1.03255 1.62541 -0.0418582 0.700738 0.466454 0.538177
1305032936.749069 -1.04056 -1.0284 1.62555 -0.0405916 0.69944 0.47004 0.536841
1305032936.781195 -1.04641 -1.02438 1.6251 -0.0397333 0.697627 0.474741 0.535124
1305032936.813198 -1.05055 -1.02286 1.62817 -0.0378605 0.695348 0.480279 0.533281
1305032936.849193 -1.05458 -1.01992 1.62684 -0.0340227 0.692293 0.485547 0.532744
1305032936.881086 -1.06357 -1.01629 1.62563 -0.0325886 0.689551 0.490472 0.531879
1305032936.913506 -1.06649 -1.01483 1.62092 -0.0332766 0.687691 0.495073 0.529978
1305032936.949351 -1.07241 -1.01274 1.62026 -0.0315746 0.689222 0.49581 0.527398
1305032936.981184 -1.07686 -1.01251 1.62299 -0.0297965 0.689547 0.497664 0.525326
1305032937.013194 -1.07944 -1.01268 1.62162 -0.0278814 0.68775 0.498236 0.527241
1305032937.049190 -1.08375 -1.01276 1.61762 -0.0269497 0.685608 0.496565 0.531638
1305032937.081211 -1.09039 -1.01231 1.61206 -0.0266124 0.686311 0.492884 0.534167
1305032937.113257 -1.09622 -1.01395 1.6111 -0.0265973 0.689927 0.487827 0.534151
1305032937.149169 -1.10351 -1.01518 1.61358 -0.0260245 0.694612 0.481235 0.534088
1305032937.181206 -1.11152 -1.01758 1.61782 -0.0247468 0.698403 0.477635 0.532434
1305032937.213213 -1.12026 -1.01838 1.62014 -0.0235143 0.699978 0.474509 0.533216
1305032937.249185 -1.1302 -1.018 1.62379 -0.0228383 0.701997 0.472094 0.532734
1305032937.281169 -1.1374 -1.01882 1.62683 -0.0218883 0.702355 0.473058 0.531446
1305032937.313216 -1.14545 -1.01643 1.62744 -0.0214414 0.702346 0.471932 0.532476
1305032937.349207 -1.1545 -1.01535 1.63012 -0.0227087 0.703124 0.472313 0.531057
1305032937.381215 -1.15934 -1.01633 1.62988 -0.0230097 0.702116 0.47414 0.53075
1305032937.413235 -1.17116 -1.01204 1.62868 -0.0235681 0.702182 0.470787 0.533614
1305032937.449197 -1.18717 -1.00684 1.63377 -0.0268147 0.702416 0.469468 0.534315
1305032937.481247 -1.19377 -1.00587 1.63474 -0.0303576 0.700121 0.472754 0.53424
1305032937.513176 -1.20459 -1.00185 1.63168 -0.0326002 0.697779 0.472703 0.537209
1305032937.549198 -1.2204 -0.994508 1.63105 -0.0348568 0.695072 0.473899 0.539518
1305032937.581210 -1.23002 -0.99082 1.62742 -0.0377642 0.693346 0.477437 0.538422
1305032937.613206 -1.24639 -0.984586 1.62495 -0.0396743 0.691063 0.480463 0.538529
1305032937.649198 -1.25445 -0.982815 1.61723 -0.0401684 0.687069 0.485236 0.539322
1305032937.681212 -1.27122 -0.975385 1.60921 -0.0392964 0.686187 0.485827 0.539977
1305032937.717387 -1.28361 -0.971179 1.60295 -0.0411785 0.686158 0.48783 0.538064
1305032937.749202 -1.29778 -0.965967 1.59496 -0.0407636 0.686968 0.48968 0.535375
1305032937.781330 -1.31199 -0.960369 1.58739 -0.0407636 0.688161 0.491485 0.53218
1305032937.817189 -1.32706 -0.955064 1.58024 -0.0414713 0.689058 0.492681 0.529854
1305032937.849185 -1.3391 -0.950712 1.57257 -0.0410161 0.689394 0.495244 0.527055
1305032937.881205 -1.35327 -0.944136 1.56288 -0.0391585 0.690036 0.496111 0.525538
1305032937.917201 -1.36803 -0.938146 1.55681 -0.0392037 0.690591 0.495944 0.524963
1305032937.949155 -1.3816 -0.932717 1.55106 -0.0394129 0.688954 0.497869 0.525277
1305032937.981441 -1.38574 -0.932863 1.54202 -0.0383603 0.68686 0.499302 0.526734
1305032938.017177 -1.3995 -0.92622 1.53145 -0.0334137 0.684861 0.495018 0.533672
1305032938.049302 -1.41742 -0.91881 1.52899 -0.030878 0.683119 0.4909 0.539826
1305032938.081338 -1.42773 -0.915233 1.52581 -0.0307118 0.677491 0.491006 0.546786
1305032938.117378 -1.4353 -0.912909 1.51724 -0.028401 0.669936 0.490396 0.556679
1305032938.149150 -1.45285 -0.903812 1.51069 -0.0232528 0.662323 0.486133 0.569616
1305032938.181172 -1.47201 -0.894525 1.50054 -0.0235075 0.653691 0.485154 0.580311
1305032938.217253 -1.48024 -0.89053 1.4906 -0.0264562 0.646593 0.483267 0.589637
1305032938.249285 -1.49378 -0.88272 1.47984 -0.0276581 0.641497 0.478852 0.598679
1305032938.281230 -1.50782 -0.874038 1.47244 -0.0292212 0.638327 0.475885 0.604333
1305032938.317229 -1.51783 -0.870057 1.46805 -0.0336117 0.632678 0.47559 0.610248
1305032938.349429 -1.52846 -0.861762 1.45733 -0.0367391 0.625394 0.476772 0.616621
1305032938.381366 -1.53389 -0.855942 1.44703 -0.0361127 0.620626 0.477766 0.620693
1305032938.417292 -1.54306 -0.846936 1.43303 -0.034987 0.617242 0.477346 0.624443
1305032938.449207 -1.55105 -0.837604 1.42055 -0.0364757 0.616761 0.476477 0.625496
1305032938.481227 -1.55911 -0.828283 1.40874 -0.038771 0.616894 0.474394 0.626809
1305032938.517275 -1.56531 -0.81935 1.39398 -0.0405867 0.619589 0.471593 0.626149
1305032938.549201 -1.57144 -0.811469 1.38581 -0.0440468 0.623563 0.466613 0.625701
1305032938.581194 -1.5779 -0.803911 1.37816 -0.047742 0.623138 0.462894 0.628609
1305032938.617217 -1.57749 -0.799767 1.36998 -0.0477473 0.620489 0.461668 0.63212
1305032938.649218 -1.57934 -0.792262 1.35976 -0.0449668 0.615087 0.457581 0.64052
1305032938.681258 -1.5816 -0.782857 1.34578 -0.0434963 0.608629 0.453338 0.649741
1305032938.717212 -1.5826 -0.773651 1.33236 -0.0436647 0.603835 0.447954 0.657886
1305032938.749211 -1.58364 -0.765333 1.32023 -0.0434753 0.600357 0.441682 0.665281
1305032938.781193 -1.58615 -0.754745 1.30528 -0.045389 0.596719 0.434523 0.673094
1305032938.817279 -1.58599 -0.74647 1.29338 -0.0494747 0.594444 0.425945 0.680265
1305032938.849209 -1.58807 -0.737055 1.28265 -0.0512681 0.592559 0.419034 0.686043
1305032938.881261 -1.58778 -0.729376 1.27128 -0.0534009 0.589717 0.414194 0.691249
1305032938.917181 -1.58739 -0.72129 1.25926 -0.0547853 0.58648 0.408621 0.697186
1305032938.949365 -1.58734 -0.713004 1.24784 -0.0556804 0.581087 0.404246 0.704147
1305032938.981122 -1.58551 -0.705849 1.23561 -0.0554912 0.574337 0.401167 0.711424
1305032939.017576 -1.58556 -0.696819 1.22324 -0.0543595 0.567463 0.397354 0.719125
1305032939.049093 -1.5849 -0.688501 1.21178 -0.0555572 0.559943 0.393251 0.727139
1305032939.081222 -1.58363 -0.681865 1.19968 -0.0566549 0.552738 0.390022 0.734271
1305032939.117131 -1.57885 -0.677185 1.18691 -0.0563925 0.547683 0.385876 0.740245
1305032939.149168 -1.57876 -0.668835 1.1755 -0.0548144 0.54445 0.37995 0.745793
1305032939.181229 -1.58004 -0.658917 1.16265 -0.0539917 0.541268 0.375695 0.750311
1305032939.217278 -1.57864 -0.647434 1.14702 -0.0522666 0.538274 0.370202 0.755301
1305032939.281246 -1.57892 -0.634566 1.12854 -0.0498147 0.532245 0.368228 0.760686
1305032939.317270 -1.57292 -0.629843 1.11458 -0.0497021 0.529154 0.363897 0.764922
1305032939.349155 -1.57388 -0.620798 1.10563 -0.0472783 0.527987 0.357564 0.768858
1305032939.381207 -1.57155 -0.61343 1.09378 -0.0462454 0.524215 0.353873 0.773197
1305032939.417179 -1.56876 -0.607482 1.0831 -0.0461206 0.520277 0.349445 0.777865
1305032939.449156 -1.56247 -0.601765 1.07005 -0.044622 0.517012 0.344298 0.782411
1305032939.481209 -1.56291 -0.593619 1.06164 -0.0418452 0.514355 0.33806 0.787022
1305032939.517281 -1.54788 -0.581143 1.04025 -0.0431809 0.502906 0.326531 0.799124
1305032939.581218 -1.55072 -0.575506 1.02742 -0.0411274 0.497914 0.318036 0.805757
1305032939.617259 -1.54325 -0.560027 1.00591 -0.0402334 0.487662 0.306694 0.816399
1305032939.681244 -1.53965 -0.560444 0.993411 -0.0360163 0.482945 0.302786 0.820846
1305032939.717111 -1.53745 -0.555323 0.981442 -0.0305129 0.476501 0.294708 0.827746
1305032939.749271 -1.53633 -0.550434 0.970495 -0.0262387 0.468654 0.285778 0.835467
1305032939.781346 -1.53466 -0.546315 0.961726 -0.0215242 0.460629 0.278484 0.842499
1305032939.817241 -1.53247 -0.540686 0.950185 -0.0168854 0.451857 0.272248 0.849365
1305032939.849189 -1.53006 -0.533956 0.937619 -0.0143833 0.442809 0.265931 0.856151
1305032939.881241 -1.52459 -0.530116 0.924275 -0.01466 0.435388 0.262024 0.861142
1305032939.917253 -1.51992 -0.530314 0.916861 -0.0143306 0.430859 0.256621 0.865044
1305032939.949207 -1.51434 -0.528658 0.907877 -0.013623 0.426362 0.248089 0.86976
1305032939.981195 -1.51339 -0.523482 0.898941 -0.0134918 0.422243 0.23778 0.874637
1305032940.017212 -1.51037 -0.519697 0.890921 -0.0147093 0.41844 0.229911 0.87854
1305032940.049166 -1.50254 -0.519102 0.880061 -0.0132176 0.415416 0.2261 0.880985
1305032940.081195 -1.49785 -0.51504 0.870506 -0.0098458 0.413246 0.223624 0.88268
1305032940.117336 -1.49084 -0.511563 0.859501 -0.00660414 0.411688 0.222761 0.883655
1305032940.149278 -1.48207 -0.510182 0.849443 -0.00239598 0.4113 0.222441 0.883938
1305032940.181227 -1.47654 -0.509135 0.842612 0.00184156 0.410025 0.220595 0.884994
1305032940.217213 -1.47032 -0.505695 0.835142 0.00642353 0.406792 0.219093 0.886836
1305032940.249273 -1.46462 -0.499901 0.827065 0.0097081 0.402969 0.21826 0.888754
1305032940.281264 -1.45321 -0.498797 0.816787 0.0118741 0.398665 0.219154 0.890448
1305032940.317286 -1.44264 -0.495972 0.807397 0.0159289 0.39597 0.219191 0.891577
1305032940.349220 -1.43264 -0.493318 0.799032 0.0189589 0.393671 0.218185 0.892782
1305032940.381323 -1.42209 -0.491001 0.792 0.02187 0.390826 0.216926 0.894271
1305032940.417301 -1.41058 -0.48861 0.78381 0.0231339 0.385963 0.213656 0.897134
1305032940.449243 -1.39732 -0.486986 0.774857 0.0235186 0.381164 0.209195 0.900222
1305032940.481257 -1.3851 -0.485448 0.766716 0.0231894 0.377005 0.204014 0.903165
1305032940.517300 -1.37023 -0.484424 0.756286 0.0211776 0.372349 0.19573 0.906972
1305032940.549292 -1.35628 -0.4827 0.747046 0.0196155 0.369348 0.187315 0.910006
1305032940.581211 -1.34442 -0.481333 0.740034 0.0186833 0.3674 0.181414 0.912008
1305032940.617259 -1.33212 -0.479044 0.731981 0.0176171 0.364279 0.177681 0.914013
1305032940.649156 -1.32135 -0.47834 0.727263 0.0155491 0.360034 0.173539 0.916525
1305032940.681204 -1.30899 -0.474342 0.719044 0.0129734 0.354188 0.16891 0.919702
1305032940.717225 -1.29251 -0.473172 0.70893 0.00853376 0.348906 0.164803 0.922514
1305032940.749223 -1.27702 -0.471102 0.700172 0.00595798 0.346637 0.162173 0.923855
1305032940.781220 -1.26195 -0.468558 0.690996 0.0038539 0.345465 0.159851 0.924709
1305032940.817287 -1.24759 -0.465983 0.682281 0.00198274 0.345868 0.156729 0.925099
1305032940.849232 -1.23458 -0.464845 0.67511 0.00261944 0.347772 0.15617 0.924478
1305032940.881214 -1.22554 -0.458935 0.669793 0.00800797 0.349762 0.159647 0.923101
1305032940.917278 -1.21803 -0.450724 0.663588 0.014239 0.348708 0.168408 0.921867
1305032940.949154 -1.20607 -0.44472 0.654747 0.0199334 0.345782 0.18124 0.920429
1305032940.981236 -1.19042 -0.438858 0.644942 0.0265965 0.343498 0.194321 0.918445
1305032941.017236 -1.17985 -0.431846 0.636337 0.0318569 0.343207 0.204262 0.916227
1305032941.049196 -1.16431 -0.42846 0.627367 0.0364368 0.344532 0.213914 0.913352
1305032941.081315 -1.15433 -0.422474 0.620517 0.0419893 0.347356 0.220833 0.910392
1305032941.117250 -1.14596 -0.415498 0.61437 0.0468762 0.348058 0.226255 0.908552
1305032941.149191 -1.13833 -0.408855 0.60875 0.051859 0.347057 0.233005 0.906957
1305032941.181213 -1.13159 -0.402448 0.604158 0.0556746 0.344995 0.239249 0.905892
1305032941.217252 -1.1251 -0.39469 0.598814 0.0573921 0.341402 0.242559 0.906265
1305032941.249335 -1.11819 -0.385012 0.592192 0.0577435 0.338498 0.245515 0.906536
1305032941.281234 -1.10788 -0.378585 0.585013 0.0561732 0.336505 0.249344 0.906332
1305032941.317201 -1.1033 -0.370637 0.580411 0.0554914 0.335653 0.252164 0.905909
1305032941.349182 -1.09842 -0.360219 0.573913 0.0532633 0.333298 0.254595 0.906233
1305032941.381202 -1.09039 -0.355306 0.567159 0.0497429 0.331408 0.258134 0.906125
1305032941.417363 -1.08692 -0.34808 0.562633 0.0490225 0.32965 0.260307 0.906183
1305032941.449168 -1.08482 -0.336958 0.557017 0.0472581 0.324851 0.261331 0.907714
1305032941.481209 -1.08013 -0.329932 0.551241 0.0433056 0.319506 0.264121 0.909
1305032941.517566 -1.07869 -0.320863 0.546367 0.0392455 0.313415 0.265069 0.911027
1305032941.549279 -1.07844 -0.308263 0.539828 0.0331763 0.305439 0.264793 0.914052
1305032941.581242 -1.06997 -0.304959 0.532585 0.0238011 0.297772 0.265399 0.916695
1305032941.617451 -1.06379 -0.30178 0.525981 0.0193243 0.29138 0.265267 0.91889
1305032941.649174 -1.06059 -0.293323 0.517674 0.0173908 0.284879 0.261932 0.921918
1305032941.681276 -1.061 -0.283563 0.511484 0.0146976 0.279596 0.257193 0.924912
1305032941.717195 -1.058 -0.27548 0.503203 0.00992573 0.271818 0.252666 0.928535
1305032941.749151 -1.0517 -0.270057 0.494631 0.00643306 0.263645 0.248252 0.932106
1305032941.781219 -1.05105 -0.25775 0.485289 0.00432755 0.256392 0.240402 0.93619
1305032941.817279 -1.04842 -0.24247 0.4743 -0.00204977 0.248826 0.230753 0.940657
1305032941.849245 -1.04318 -0.232678 0.46393 -0.0124006 0.243995 0.224095 0.943448
1305032941.881397 -1.03351 -0.227506 0.453534 -0.0182231 0.241859 0.222492 0.944283
1305032941.917275 -1.02977 -0.215947 0.443126 -0.0205053 0.242056 0.218931 0.945017
1305032941.949277 -1.02292 -0.20586 0.431526 -0.0246974 0.242989 0.21567 0.945428
1305032941.981264 -1.01421 -0.198452 0.420493 -0.0274792 0.244988 0.215344 0.944909
1305032942.017221 -1.00648 -0.191249 0.410191 -0.0290997 0.247413 0.215634 0.944162
1305032942.049275 -0.997702 -0.184183 0.399493 -0.0302931 0.249643 0.214946 0.943694
1305032942.081264 -0.988702 -0.174466 0.387466 -0.0309925 0.251829 0.212375 0.943673
1305032942.117379 -0.958661 -0.154511 0.358222 -0.0323916 0.252261 0.203645 0.945433
1305032942.181431 -0.955894 -0.141916 0.350435 -0.0344108 0.259256 0.197852 0.944699
1305032942.217280 -0.944628 -0.131446 0.339839 -0.037879 0.262296 0.195478 0.944222
1305032942.249261 -0.931667 -0.125428 0.331366 -0.0421503 0.265137 0.192042 0.943952
1305032942.281863 -0.918445 -0.118775 0.322927 -0.043695 0.26683 0.188256 0.944168
1305032942.317051 -0.90587 -0.109224 0.314414 -0.0439031 0.266125 0.184928 0.945014
1305032942.349153 -0.892874 -0.101692 0.306476 -0.0461725 0.263983 0.181619 0.946148
1305032942.381381 -0.877446 -0.0983132 0.299077 -0.0488975 0.261393 0.177323 0.947544
1305032942.417188 -0.862877 -0.0919612 0.291234 -0.0487603 0.258998 0.171 0.949369
1305032942.449205 -0.847917 -0.0844922 0.282593 -0.0501313 0.257778 0.164123 0.950842
1305032942.481344 -0.832937 -0.0798056 0.27602 -0.0524035 0.258149 0.157209 0.951787
1305032942.517243 -0.817906 -0.0747171 0.269236 -0.0542026 0.257833 0.150302 0.952887
1305032942.549243 -0.806382 -0.0674084 0.264048 -0.054727 0.257437 0.144875 0.953804
1305032942.581275 -0.794702 -0.0607772 0.259402 -0.0575473 0.253926 0.140499 0.955233
1305032942.617275 -0.78195 -0.0569117 0.254875 -0.0626577 0.247518 0.13531 0.95734
1305032942.649267 -0.767708 -0.0548071 0.249792 -0.0675565 0.240249 0.128844 0.959748
1305032942.681189 -0.754672 -0.0500887 0.244358 -0.0712228 0.234381 0.121716 0.961862
1305032942.717200 -0.73989 -0.0484283 0.239042 -0.0766976 0.230071 0.114933 0.963315
1305032942.749259 -0.728436 -0.0446204 0.233921 -0.079407 0.226748 0.106389 0.964863
1305032942.781233 -0.717295 -0.0387545 0.22882 -0.0806063 0.222229 0.103516 0.966127
1305032942.817214 -0.706211 -0.0364552 0.224342 -0.0824849 0.216632 0.10561 0.967013
1305032942.849120 -0.693658 -0.0351788 0.218581 -0.08385 0.208842 0.101882 0.969007
1305032942.881151 -0.681936 -0.0275431 0.211428 -0.0851271 0.201543 0.0912992 0.971493
1305032942.917235 -0.638102 -0.0120752 0.184531 -0.0936457 0.189904 0.0762171 0.97435
1305032942.981044 -0.627859 -0.0118069 0.182079 -0.0995242 0.193306 0.0669999 0.973776
1305032943.017254 -0.619918 -0.00877353 0.177314 -0.103627 0.193978 0.0562486 0.973894
1305032943.049209 -0.617498 -0.0105188 0.179017 -0.106496 0.195445 0.0501244 0.973626
1305032943.081255 -0.606062 -0.00802086 0.174896 -0.104285 0.188069 0.0486078 0.975393
1305032943.117273 -0.595429 -0.00422715 0.170053 -0.100346 0.175958 0.0502801 0.977978
1305032943.149151 -0.582307 -0.000835096 0.164171 -0.0970333 0.161716 0.0525979 0.980646
1305032943.181183 -0.5682 0.00338861 0.158192 -0.0925893 0.14904 0.0557926 0.982905
1305032943.217275 -0.553607 0.00949284 0.151758 -0.0894317 0.137219 0.0583558 0.984768
1305032943.249217 -0.538719 0.0150817 0.145461 -0.0888612 0.127291 0.0578166 0.986184
1305032943.281207 -0.522479 0.0207655 0.138636 -0.0899446 0.119852 0.0560815 0.987117
1305032943.317219 -0.506821 0.0242695 0.132234 -0.0928914 0.115369 0.0527938 0.98756
1305032943.349355 -0.492497 0.0279222 0.12645 -0.094569 0.113601 0.0473977 0.987879
1305032943.381226 -0.478291 0.0303475 0.120344 -0.0961331 0.11273 0.0413829 0.988098
1305032943.417205 -0.45772 0.0333696 0.113178 -0.0954419 0.108524 0.0281286 0.989102
1305032943.481537 -0.448135 0.0380484 0.103583 -0.0922567 0.101553 0.0179968 0.99038
1305032943.517230 -0.434137 0.0418472 0.0970206 -0.0907709 0.0866984 0.00023488 0.992091
1305032943.581325 -0.419219 0.0435977 0.0870784 -0.0895217 0.0739717 -0.00819066 0.9932
1305032943.617406 -0.412438 0.0461854 0.0816807 -0.086965 0.0648492 -0.0170584 0.993952
1305032943.649174 -0.40371 0.0492021 0.0752388 -0.0864205 0.0541642 -0.0229146 0.994521
1305032943.681209 -0.394464 0.0458668 0.0694299 -0.0864561 0.0432379 -0.0280665 0.994921
1305032943.717180 -0.387408 0.0464842 0.0632784 -0.082963 0.0333436 -0.0331675 0.995442
1305032943.749209 -0.378272 0.0484243 0.0555846 -0.0805212 0.0238639 -0.0385868 0.99572
1305032943.781274 -0.369155 0.0452371 0.048327 -0.079025 0.0165673 -0.0470861 0.995622
1305032943.817236 -0.358354 0.0503226 0.0396445 -0.0718889 0.00643284 -0.065056 0.995268
1305032943.881078 -0.343859 0.0487791 0.0253617 -0.0719754 -0.00105747 -0.0710779 0.99487
1305032943.917253 -0.326634 0.046528 0.017789 -0.069597 -0.00656135 -0.0795557 0.994376
1305032943.981220 -0.314263 0.0403307 0.00690871 -0.070895 -0.00891205 -0.0803634 0.994201
1305032944.017209 -0.305092 0.0382332 0.00323309 -0.0641302 -0.00762373 -0.0837952 0.994388
1305032944.081297 -0.285562 0.0308484 -0.00971051 -0.0624839 -0.0146046 -0.0873556 0.994108
1305032944.117376 -0.265874 0.0256073 -0.0112856 -0.0584803 -0.0170264 -0.0950067 0.993612
1305032944.181231 -0.252012 0.0211054 -0.0147288 -0.0559143 -0.0192589 -0.0982919 0.993399
1305032944.217267 -0.236618 0.0185002 -0.0195916 -0.0540636 -0.0217268 -0.102033 0.993073
