1305031453.359684 0.00144034 0.0042374 -0.0093138 -0.00109574 0.00635625 0.0118497 0.999909
1305031453.391690 0.00180682 0.00360745 -0.0170792 -0.000560509 0.0120286 0.0228135 0.999667
1305031453.423683 0.00446581 0.00513845 -0.0274727 0.00243887 0.0185973 0.0324781 0.999296
1305031453.459685 0.00620656 0.00944565 -0.0394678 0.00671296 0.0254514 0.0432389 0.998718
1305031453.491698 0.00784676 0.014621 -0.053124 0.0130528 0.0300341 0.0517281 0.998124
1305031453.523684 0.0110404 0.0187549 -0.0674548 0.0195833 0.0320627 0.0572573 0.997652
1305031453.559753 0.0120963 0.0264904 -0.083041 0.0271982 0.0344368 0.0608585 0.997181
1305031453.591640 0.00754173 0.0305149 -0.0966522 0.0339038 0.0361987 0.0653298 0.99663
1305031453.627706 0.000355802 0.0371297 -0.10977 0.0419442 0.0336612 0.0637796 0.996514
1305031453.659600 -0.00287744 0.0472514 -0.122742 0.0496284 0.0282764 0.0589356 0.996626
1305031453.691678 -0.0119748 0.0554341 -0.136384 0.05422 0.0238494 0.054342 0.996764
1305031453.727652 -0.0247527 0.0603054 -0.148207 0.0583681 0.0168209 0.0473547 0.997029
1305031453.759694 -0.0324869 0.0677351 -0.159548 0.0631784 0.00726907 0.0400905 0.99717
1305031453.791716 -0.0445072 0.0754005 -0.170718 0.066093 0.000707439 0.0334877 0.997251
1305031453.827773 -0.0549251 0.0800873 -0.180989 0.0674863 -0.0110305 0.025836 0.997325
1305031453.859705 -0.0647565 0.08482 -0.189848 0.0667585 -0.027465 0.0188958 0.997212
1305031453.891710 -0.0752073 0.088633 -0.197281 0.0640537 -0.0460262 0.0143546 0.996781
1305031453.927723 -0.085808 0.0930515 -0.202507 0.0619864 -0.0629234 0.00631076 0.996072
1305031453.959641 -0.0976049 0.0933239 -0.207884 0.0597281 -0.0749479 -0.00596287 0.995379
1305031453.991624 -0.111027 0.0943764 -0.212653 0.0614691 -0.0867805 -0.015844 0.994203
1305031454.027662 -0.126632 0.100194 -0.216663 0.0633307 -0.0971421 -0.0269407 0.992888
1305031454.059654 -0.139506 0.0991588 -0.220565 0.0624892 -0.108417 -0.0407288 0.991303
1305031454.091651 -0.154666 0.0997596 -0.222062 0.0653096 -0.121703 -0.054266 0.988928
1305031454.127701 -0.173024 0.108478 -0.224747 0.0677301 -0.13462 -0.0667643 0.986323
1305031454.159672 -0.187585 0.113641 -0.224565 0.0666799 -0.150506 -0.080441 0.983072
1305031454.191658 -0.199995 0.105499 -0.224903 0.0657257 -0.167619 -0.097823 0.978782
1305031454.227671 -0.207849 0.109339 -0.22411 0.0723351 -0.181046 -0.115314 0.974009
1305031454.259627 -0.215449 0.115604 -0.225142 0.0721975 -0.188543 -0.127963 0.971012
1305031454.291639 -0.233153 0.111554 -0.229165 0.0711174 -0.196449 -0.143002 0.96742
1305031454.327699 -0.239888 0.114628 -0.228964 0.0777525 -0.208359 -0.158489 0.961989
1305031454.359636 -0.247663 0.121346 -0.230056 0.0802937 -0.215912 -0.170964 0.95797
1305031454.391677 -0.261225 0.123944 -0.233119 0.0810415 -0.226835 -0.185471 0.952669
1305031454.427465 -0.268756 0.127289 -0.232937 0.0844921 -0.236614 -0.202912 0.946415
1305031454.459913 -0.276314 0.13324 -0.234673 0.0866844 -0.240635 -0.219374 0.941518
1305031454.491617 -0.281928 0.142484 -0.236382 0.0875048 -0.246326 -0.235724 0.936003
1305031454.527700 -0.288326 0.150403 -0.238049 0.0854011 -0.251435 -0.248534 0.931514
1305031454.559575 -0.296713 0.157564 -0.240588 0.0829055 -0.260591 -0.265234 0.924592
1305031454.591635 -0.30055 0.163966 -0.240074 0.0819336 -0.273672 -0.279547 0.916648
1305031454.627580 -0.299319 0.175648 -0.238372 0.0781032 -0.286893 -0.286267 0.910847
1305031454.659528 -0.300148 0.180656 -0.237906 0.0707054 -0.301578 -0.293164 0.904493
1305031454.691884 -0.298554 0.182367 -0.235116 0.0659305 -0.315672 -0.299169 0.898055
1305031454.727659 -0.293277 0.188851 -0.234418 0.0611598 -0.322259 -0.296443 0.896956
1305031454.759732 -0.289106 0.195101 -0.233811 0.0558183 -0.32535 -0.288968 0.898627
1305031454.791641 -0.28058 0.205265 -0.232607 0.0525351 -0.327384 -0.282305 0.900202
1305031454.827570 -0.275242 0.21325 -0.232406 0.0472802 -0.324504 -0.275151 0.903744
1305031454.859620 -0.272191 0.221297 -0.233203 0.0432667 -0.319319 -0.267387 0.908112
1305031454.891764 -0.267758 0.231135 -0.233837 0.0403102 -0.313881 -0.261099 0.911966
1305031454.927567 -0.269009 0.241009 -0.23793 0.0368194 -0.307384 -0.254558 0.916166
1305031454.959648 -0.273516 0.250506 -0.243138 0.0341122 -0.303019 -0.248393 0.919411
1305031454.991937 -0.274249 0.263236 -0.246564 0.0344803 -0.302119 -0.244926 0.920623
1305031455.027799 -0.278648 0.272566 -0.250835 0.0337238 -0.298394 -0.243104 0.922347
1305031455.059636 -0.28466 0.28171 -0.255268 0.0362117 -0.294394 -0.242718 0.923639
1305031455.091700 -0.289351 0.294376 -0.260468 0.0383208 -0.289142 -0.240917 0.925682
1305031455.127695 -0.298467 0.30548 -0.266318 0.0376048 -0.283503 -0.236543 0.928579
1305031455.159720 -0.307755 0.316019 -0.271457 0.0348863 -0.279066 -0.230929 0.931438
1305031455.191655 -0.318977 0.324069 -0.276338 0.0344707 -0.274852 -0.225534 0.934025
1305031455.227581 -0.324241 0.336448 -0.278872 0.0327052 -0.271163 -0.218759 0.936774
1305031455.259631 -0.337567 0.343321 -0.284596 0.0244196 -0.263991 -0.209658 0.941146
1305031455.291831 -0.34971 0.353814 -0.290943 0.0184451 -0.260377 -0.197883 0.944831
1305031455.327766 -0.355647 0.363224 -0.293467 0.0108466 -0.259234 -0.191692 0.946538
1305031455.359630 -0.368336 0.366375 -0.298043 0.000292815 -0.251224 -0.18493 0.950099
1305031455.391665 -0.382719 0.370668 -0.305153 -0.00800935 -0.242931 -0.174421 0.9542
1305031455.427642 -0.392932 0.371172 -0.310414 -0.0143162 -0.240315 -0.164689 0.956515
1305031455.459589 -0.406473 0.37685 -0.318676 -0.0185172 -0.235648 -0.153787 0.959415
1305031455.491637 -0.424049 0.377238 -0.327829 -0.0244684 -0.230642 -0.140303 0.96256
1305031455.527610 -0.443392 0.38079 -0.338677 -0.0264399 -0.229219 -0.127044 0.964686
1305031455.559669 -0.457724 0.385586 -0.348984 -0.028621 -0.229475 -0.113131 0.966294
1305031455.591645 -0.47596 0.382244 -0.360489 -0.0348601 -0.225852 -0.101008 0.968284
1305031455.627617 -0.49305 0.377548 -0.370388 -0.0340167 -0.222762 -0.0944047 0.969695
1305031455.659615 -0.508797 0.379163 -0.382328 -0.029686 -0.220231 -0.0950685 0.97035
1305031455.691605 -0.522989 0.375813 -0.39338 -0.0275788 -0.216736 -0.100806 0.97062
1305031455.727628 -0.539844 0.374332 -0.406936 -0.0262369 -0.20966 -0.103723 0.971903
1305031455.759683 -0.557509 0.365047 -0.41938 -0.0262061 -0.202742 -0.103312 0.973414
1305031455.791666 -0.573512 0.363659 -0.433784 -0.0228752 -0.198309 -0.102873 0.974457
1305031455.827590 -0.586552 0.359059 -0.446435 -0.0230579 -0.195744 -0.103929 0.97486
1305031455.859526 -0.598972 0.355043 -0.459389 -0.0233836 -0.191976 -0.103655 0.97563
1305031455.891657 -0.611014 0.350085 -0.470375 -0.024252 -0.187726 -0.104773 0.976316
1305031455.927955 -0.623169 0.349077 -0.481986 -0.0232216 -0.182912 -0.106735 0.977042
1305031455.959716 -0.633819 0.347636 -0.491421 -0.0246772 -0.177734 -0.109185 0.977691
1305031455.991694 -0.643414 0.35072 -0.500002 -0.0276973 -0.170974 -0.113872 0.978281
1305031456.027770 -0.656759 0.34484 -0.507667 -0.0372832 -0.164275 -0.121946 0.978137
1305031456.059713 -0.672311 0.335696 -0.514049 -0.0441692 -0.157924 -0.1273 0.978215
1305031456.091707 -0.685903 0.32929 -0.519731 -0.0460034 -0.152175 -0.128961 0.978823
1305031456.127645 -0.69762 0.320148 -0.523698 -0.0476053 -0.145541 -0.129668 0.979662
1305031456.159731 -0.708908 0.311273 -0.526129 -0.043575 -0.137068 -0.127349 0.981374
1305031456.191658 -0.715336 0.317581 -0.530149 -0.0372553 -0.12737 -0.12369 0.983407
1305031456.227678 -0.737394 0.305159 -0.526449 -0.0370675 -0.105505 -0.115142 0.987034
1305031456.291675 -0.750995 0.297053 -0.527775 -0.0329724 -0.0931969 -0.109828 0.989022
1305031456.327718 -0.76298 0.294951 -0.524373 -0.0267778 -0.0718078 -0.098422 0.992189
1305031456.391619 -0.785493 0.293946 -0.518665 -0.0197351 -0.0574154 -0.0935232 0.993764
1305031456.427662 -0.805354 0.306672 -0.517973 -0.0217449 -0.0525092 -0.0807161 0.995115
1305031456.491677 -0.830995 0.309195 -0.499799 -0.0283722 -0.0497776 -0.0763489 0.995434
1305031456.527641 -0.854091 0.305491 -0.490458 -0.0328372 -0.0437373 -0.0657173 0.996338
1305031456.591651 -0.870224 0.324272 -0.47337 -0.0406357 -0.0357968 -0.0590003 0.996788
1305031456.627612 -0.905294 0.312822 -0.458479 -0.0530547 -0.022315 -0.0448802 0.997333
1305031456.691612 -0.916564 0.326372 -0.442996 -0.0556036 -0.0221347 -0.0328519 0.997667
1305031456.727693 -0.970152 0.313746 -0.423563 -0.0621956 -0.0206538 -0.0225112 0.997596
1305031456.791649 -0.961753 0.337532 -0.412563 -0.0560886 -0.0319606 -0.0120512 0.997841
1305031456.827603 -0.980072 0.334782 -0.400874 -0.0649975 -0.0279618 -0.00169806 0.997492
1305031456.891672 -0.995278 0.336266 -0.381111 -0.0628049 -0.0206369 0.00623598 0.997793
1305031456.927690 -1.00787 0.349208 -0.376078 -0.0621134 -0.013964 0.0119124 0.9979
1305031456.959667 -1.02098 0.348669 -0.368144 -0.0704525 -0.00861306 0.0139509 0.99738
1305031456.991709 -1.03453 0.347277 -0.361889 -0.0733095 -0.00331861 0.0173231 0.997153
1305031457.027648 -1.04594 0.358002 -0.36597 -0.0802547 0.0019693 0.0284653 0.996366
1305031457.091655 -1.07073 0.344974 -0.354876 -0.089606 0.0151989 0.0312762 0.99537
1305031457.127632 -1.09004 0.345297 -0.357286 -0.0876113 0.0280378 0.0448241 0.994751
1305031457.191735 -1.11061 0.344403 -0.365681 -0.0900969 0.0386661 0.0496867 0.993941
1305031457.227543 -1.13636 0.329838 -0.364007 -0.0862621 0.0549171 0.0616431 0.992846
1305031457.291656 -1.15233 0.336866 -0.386666 -0.0775214 0.0659501 0.0662396 0.992599
1305031457.327548 -1.17688 0.326575 -0.388511 -0.0747216 0.0869709 0.079145 0.990247
1305031457.391684 -1.19687 0.322088 -0.4128 -0.0707401 0.0962659 0.0870049 0.989019
1305031457.427641 -1.22808 0.311723 -0.415839 -0.0694433 0.103561 0.0951649 0.987622
1305031457.491705 -1.24167 0.301531 -0.422486 -0.0676577 0.107638 0.0985858 0.986974
1305031457.527638 -1.25359 0.295701 -0.432841 -0.0641403 0.111909 0.102574 0.986327
1305031457.559685 -1.26937 0.292964 -0.443691 -0.0603886 0.1167 0.106485 0.985594
1305031457.591678 -1.28801 0.285109 -0.463941 -0.0584935 0.119811 0.108945 0.985066
1305031457.627526 -1.30442 0.284337 -0.470988 -0.0547579 0.122832 0.113008 0.984451
1305031457.659632 -1.31954 0.28026 -0.477196 -0.0589524 0.123649 0.115649 0.983799
1305031457.691570 -1.33207 0.263021 -0.480346 -0.0627364 0.125263 0.114534 0.983491
1305031457.727669 -1.34548 0.250496 -0.485286 -0.0610526 0.127862 0.112863 0.983456
1305031457.759556 -1.35609 0.234614 -0.489987 -0.055301 0.132719 0.111147 0.983348
1305031457.791567 -1.37334 0.235625 -0.497178 -0.0434999 0.142045 0.111428 0.982606
1305031457.827699 -1.38762 0.2281 -0.502542 -0.0406775 0.150659 0.111575 0.981427
1305031457.859623 -1.40135 0.205754 -0.501897 -0.0363792 0.158824 0.111967 0.980263
1305031457.891593 -1.42045 0.202001 -0.504485 -0.022441 0.164584 0.115571 0.979312
1305031457.927633 -1.45318 0.187435 -0.488986 -0.011157 0.1712 0.119519 0.977896
1305031457.991644 -1.46609 0.171442 -0.481505 -0.00528723 0.17626 0.119793 0.977013
1305031458.027845 -1.47802 0.168208 -0.48367 0.00275199 0.180365 0.12237 0.975954
1305031458.059689 -1.48795 0.16968 -0.487962 0.00527732 0.182313 0.125754 0.975151
1305031458.091690 -1.50446 0.163336 -0.47816 0.00455638 0.187468 0.12641 0.974092
1305031458.127605 -1.52631 0.14949 -0.460535 0.00403113 0.193687 0.127212 0.972772
1305031458.159638 -1.54962 0.146617 -0.451613 0.00469686 0.196356 0.130825 0.971755
1305031458.191646 -1.56227 0.147135 -0.446337 0.000851647 0.19238 0.132377 0.972351
1305031458.227611 -1.57543 0.123339 -0.411446 -0.00462431 0.192412 0.128882 0.972803
1305031458.259934 -1.59457 0.096147 -0.385494 -0.00665712 0.192616 0.128245 0.972835
1305031458.291664 -1.60826 0.0949109 -0.381569 -0.00274784 0.186347 0.129682 0.973884
1305031458.327628 -1.62065 0.0783408 -0.350536 0.00225525 0.184813 0.130585 0.974057
1305031458.359590 -1.63204 0.0654229 -0.333454 0.00946456 0.183601 0.132859 0.973935
1305031458.391626 -1.64402 0.066692 -0.323354 0.0194893 0.184724 0.13945 0.972651
1305031458.427598 -1.64275 0.0592897 -0.297771 0.0308676 0.189451 0.1466 0.970394
1305031458.459637 -1.64965 0.0595992 -0.268414 0.052823 0.20237 0.142074 0.967508
1305031458.491696 -1.65351 0.067649 -0.264743 0.0715526 0.210106 0.142199 0.964632
1305031458.527737 -1.65259 0.0715401 -0.25695 0.0795447 0.215552 0.141208 0.962949
1305031458.559628 -1.65976 0.0752808 -0.23043 0.0898488 0.223231 0.13542 0.961123
1305031458.591641 -1.67242 0.0906789 -0.231264 0.0940196 0.223244 0.132188 0.961171
1305031458.627659 -1.67815 0.0932406 -0.210902 0.0895473 0.218566 0.134172 0.962397
1305031458.659623 -1.67845 0.0992558 -0.186619 0.0848626 0.203214 0.127495 0.967082
1305031458.691674 -1.65813 0.1011 -0.131522 0.0836881 0.187198 0.120427 0.971314
1305031458.727650 -1.66069 0.104762 -0.109921 0.0900393 0.172878 0.108939 0.97475
1305031458.759945 -1.65653 0.118856 -0.0966414 0.0908418 0.155085 0.0986069 0.978761
1305031458.791632 -1.65201 0.118644 -0.08423 0.0839963 0.144915 0.0949247 0.981292
1305031458.827564 -1.64272 0.111124 -0.0653684 0.0887082 0.139164 0.0854987 0.982575
1305031458.891665 -1.66257 0.115725 -0.0675108 0.0883372 0.14975 0.0871909 0.980902
1305031458.927621 -1.66667 0.106867 -0.0601931 0.0804312 0.155498 0.101435 0.979317
1305031458.959617 -1.67258 0.0942182 -0.0302763 0.0811854 0.16215 0.104735 0.977828
1305031458.991647 -1.69162 0.0829619 -0.0149443 0.0899097 0.163228 0.105511 0.976801
1305031459.027665 -1.71801 0.0634356 -0.0139822 0.0959167 0.158544 0.115028 0.975926
1305031459.059631 -1.74821 0.0459118 0.00417684 0.10749 0.145978 0.125883 0.975341
1305031459.127618 -1.75788 0.0407896 0.0079716 0.117115 0.119372 0.13006 0.977302
1305031459.159639 -1.7753 0.0383486 0.0136481 0.123466 0.102385 0.135969 0.977643
1305031459.191674 -1.77593 0.0430808 0.0282616 0.12834 0.0869479 0.147678 0.976811
1305031459.227607 -1.7829 0.0461112 0.0414012 0.129041 0.0839701 0.157146 0.975501
1305031459.259760 -1.79107 0.0441192 0.0433798 0.123354 0.110935 0.186553 0.968336
1305031459.327632 -1.79723 0.0597586 0.0638565 0.130718 0.136359 0.202999 0.960786
1305031459.359651 -1.81002 0.0842918 0.0726618 0.132676 0.162109 0.22701 0.951096
1305031459.391667 -1.81056 0.0942199 0.0699604 0.121741 0.191508 0.260718 0.938366
1305031459.427646 -1.82663 0.0966959 0.0790219 0.122031 0.228528 0.298097 0.918707
1305031459.459679 -1.88015 0.0936388 0.0537157 0.100808 0.268159 0.357428 0.888917
1305031459.527594 -1.89252 0.105894 0.0713236 0.100363 0.285245 0.376813 0.875542
1305031459.559647 -1.90614 0.110668 0.0812477 0.100707 0.292345 0.392477 0.86623
1305031459.591695 -1.91566 0.113485 0.088512 0.0997679 0.293745 0.402389 0.861303
1305031459.627608 -1.92666 0.114481 0.0988281 0.100414 0.300928 0.404169 0.857909
1305031459.659641 -1.94552 0.112647 0.100443 0.0973759 0.310261 0.408736 0.852755
1305031459.691604 -1.96679 0.0825809 0.130665 0.0877971 0.332923 0.414718 0.842296
1305031459.727551 -1.98351 0.0589041 0.149777 0.0877978 0.342957 0.410107 0.840526
1305031459.791650 -1.99757 0.0457683 0.15537 0.0867706 0.343714 0.408496 0.841108
1305031459.827664 -2.01427 0.0322791 0.160843 0.0837569 0.342584 0.40866 0.841794
1305031459.859660 -2.02586 0.0175674 0.169945 0.0789678 0.339555 0.410084 0.842791
1305031459.891596 -2.02823 7.8164e-05 0.177461 0.076506 0.33575 0.414598 0.842334
1305031459.927607 -2.04728 -0.0247562 0.194305 0.0733681 0.33427 0.421191 0.839928
1305031459.991725 -2.04723 -0.0389709 0.204389 0.0717946 0.33379 0.424542 0.838567
1305031460.027565 -2.04802 -0.0561317 0.213188 0.0707841 0.333653 0.42774 0.83708
1305031460.059659 -2.05657 -0.0765652 0.226366 0.0720671 0.333006 0.432437 0.834812
1305031460.091717 -2.06008 -0.0945475 0.239347 0.07682 0.327207 0.439788 0.832839
1305031460.127690 -2.0617 -0.109222 0.246781 0.083005 0.319385 0.448035 0.830884
1305031460.159678 -2.07437 -0.126803 0.25436 0.0837517 0.315144 0.455687 0.828263
1305031460.191559 -2.06065 -0.137592 0.252012 0.0823001 0.30958 0.462587 0.82668
1305031460.227761 -2.05313 -0.153404 0.262626 0.0836218 0.323272 0.462592 0.821287
1305031460.291689 -2.06216 -0.1712 0.272146 0.0833425 0.336609 0.461544 0.816533
1305031460.327512 -2.06148 -0.185483 0.280644 0.0798257 0.353449 0.46669 0.806785
1305031460.391611 -2.05654 -0.196918 0.288312 0.0774693 0.363712 0.471043 0.799894
1305031460.427477 -2.05447 -0.205139 0.290444 0.0747187 0.374742 0.474898 0.792753
1305031460.459620 -2.06127 -0.212456 0.292145 0.0695188 0.387777 0.47998 0.783847
1305031460.491504 -2.06241 -0.224406 0.300983 0.0627485 0.399531 0.488153 0.773398
1305031460.527570 -2.05387 -0.232222 0.306957 0.0563523 0.40712 0.493335 0.766615
1305031460.559647 -2.04785 -0.240907 0.315212 0.0513579 0.415802 0.494421 0.76159
1305031460.591855 -2.04465 -0.253073 0.323511 0.0470712 0.424571 0.496028 0.755963
1305031460.627625 -2.04204 -0.261812 0.331109 0.0444241 0.432272 0.495305 0.752224
1305031460.659764 -2.04594 -0.274438 0.339657 0.0409693 0.437876 0.496155 0.74861
1305031460.691671 -2.04535 -0.285032 0.347012 0.0360906 0.440164 0.49717 0.746844
1305031460.727675 -2.03961 -0.292261 0.355904 0.0325983 0.444654 0.495842 0.745226
1305031460.759667 -2.0373 -0.305191 0.365209 0.0281098 0.449211 0.495178 0.743114
1305031460.791660 -2.0384 -0.314592 0.373328 0.0235995 0.451004 0.493249 0.743467
1305031460.827660 -2.03862 -0.319473 0.380654 0.0186034 0.453904 0.490854 0.74343
1305031460.859714 -2.03401 -0.328356 0.389209 0.0108583 0.458054 0.488742 0.742429
1305031460.891774 -2.02598 -0.348517 0.412098 -0.000430553 0.464816 0.488126 0.738701
1305031460.927562 -2.00822 -0.364536 0.426117 -0.00304492 0.468093 0.490366 0.735133
1305031460.991668 -2.00022 -0.385683 0.433467 -0.00523389 0.470876 0.492602 0.731841
1305031461.027620 -1.99394 -0.400513 0.450283 -0.00246479 0.471392 0.491947 0.731965
1305031461.091728 -1.98508 -0.403956 0.458216 -0.00335385 0.471446 0.490089 0.733171
1305031461.127586 -1.97229 -0.415127 0.467804 -0.00489337 0.473474 0.488665 0.732806
1305031461.159720 -1.96616 -0.422826 0.47345 -0.00410079 0.474398 0.484855 0.734742
1305031461.192013 -1.96311 -0.427089 0.477064 -0.00342314 0.47549 0.481962 0.735942
1305031461.227607 -1.95384 -0.434461 0.486927 -0.00317094 0.477694 0.479193 0.736324
1305031461.259642 -1.94719 -0.437763 0.490228 -0.00242109 0.477765 0.473931 0.739679
1305031461.291656 -1.94251 -0.43814 0.492515 -0.00184788 0.479748 0.46903 0.741519
1305031461.327751 -1.94545 -0.435724 0.49118 -0.00380962 0.480679 0.46542 0.74318
1305031461.359709 -1.94017 -0.441429 0.504688 -0.00975625 0.484289 0.465667 0.740624
1305031461.391708 -1.92266 -0.444071 0.510377 -0.0143833 0.484461 0.465231 0.74071
1305031461.427624 -1.92542 -0.443608 0.508547 -0.0165907 0.483474 0.466319 0.740624
1305031461.459781 -1.91402 -0.445255 0.516909 -0.0194643 0.485507 0.466862 0.738881
1305031461.491677 -1.90116 -0.449358 0.515472 -0.0207515 0.485361 0.466592 0.739112
1305031461.527705 -1.90236 -0.442288 0.505327 -0.0187807 0.485054 0.463401 0.74137
1305031461.559677 -1.8959 -0.437026 0.498798 -0.0204714 0.489896 0.459627 0.74049
1305031461.591690 -1.89712 -0.43567 0.492737 -0.0235182 0.494298 0.458827 0.737966
1305031461.627541 -1.89469 -0.431919 0.490811 -0.0258988 0.498637 0.458349 0.73526
1305031461.659622 -1.89479 -0.430103 0.487837 -0.0287139 0.500994 0.462507 0.730937
1305031461.691563 -1.89212 -0.423341 0.483584 -0.0295821 0.501233 0.467555 0.727518
1305031461.727602 -1.89174 -0.413666 0.47689 -0.029437 0.501659 0.470131 0.725568
1305031461.759684 -1.89411 -0.404415 0.467689 -0.0319721 0.501645 0.474141 0.722856
1305031461.791612 -1.89283 -0.392998 0.46331 -0.0330066 0.505297 0.477761 0.717865
1305031461.827615 -1.89707 -0.383793 0.457539 -0.0337572 0.508598 0.483642 0.711533
1305031461.859767 -1.90454 -0.373367 0.45059 -0.0360372 0.508415 0.493059 0.705059
1305031461.891723 -1.9061 -0.361974 0.447144 -0.0390942 0.50616 0.503377 0.699204
1305031461.927758 -1.91269 -0.338842 0.442965 -0.0386764 0.509214 0.504914 0.695893
1305031461.959703 -1.92255 -0.328011 0.435552 -0.0437708 0.512751 0.511613 0.688058
1305031461.991590 -1.93008 -0.323839 0.440468 -0.0515501 0.513824 0.520476 0.680024
1305031462.027675 -1.93273 -0.31561 0.4442 -0.0525892 0.510197 0.532275 0.673511
1305031462.059837 -1.93748 -0.305116 0.44277 -0.0507874 0.50423 0.543899 0.66884
1305031462.091777 -1.94399 -0.292585 0.438777 -0.0492827 0.499011 0.553312 0.665136
1305031462.127739 -1.9478 -0.283946 0.438038 -0.0499577 0.49593 0.560818 0.661091
1305031462.159646 -1.95283 -0.273423 0.434663 -0.0517274 0.492807 0.562754 0.661645
1305031462.191641 -1.96215 -0.26609 0.432318 -0.0561653 0.491363 0.563937 0.66135
1305031462.227633 -1.96865 -0.25976 0.432477 -0.0620439 0.489188 0.564189 0.662221
1305031462.259765 -1.97583 -0.253327 0.434484 -0.068425 0.48618 0.56197 0.665686
1305031462.291629 -1.98393 -0.244896 0.433459 -0.0750886 0.482137 0.559293 0.670148
1305031462.327540 -1.99144 -0.239226 0.435743 -0.082661 0.479679 0.555874 0.673854
1305031462.359732 -2.00268 -0.237522 0.438713 -0.0933717 0.475289 0.552954 0.677956
1305031462.391695 -2.01311 -0.231032 0.445038 -0.102083 0.470664 0.549306 0.682874
1305031462.427635 -2.02329 -0.221758 0.448236 -0.109382 0.464001 0.544276 0.690291
1305031462.459897 -2.03837 -0.21213 0.450205 -0.11629 0.456709 0.539802 0.697501
1305031462.492008 -2.04136 -0.203211 0.454012 -0.12416 0.449539 0.534927 0.704523
1305031462.527670 -2.04591 -0.193648 0.449976 -0.129514 0.43903 0.529044 0.714557
1305031462.559862 -2.04463 -0.184629 0.441416 -0.133326 0.429635 0.5249 0.722577
1305031462.591862 -2.04883 -0.18044 0.43813 -0.137372 0.425708 0.517546 0.729416
1305031462.627851 -2.05136 -0.176678 0.434979 -0.141164 0.423824 0.508364 0.736215
1305031462.659660 -2.05732 -0.175984 0.430662 -0.143312 0.421236 0.500265 0.742803
1305031462.692548 -2.07224 -0.173319 0.427286 -0.143025 0.41791 0.490071 0.751483
1305031462.727652 -2.08332 -0.166733 0.420906 -0.143515 0.411859 0.48006 0.76113
1305031462.759782 -2.09027 -0.160077 0.411852 -0.145301 0.405622 0.472578 0.768784
1305031462.791943 -2.10112 -0.153755 0.40363 -0.146497 0.40085 0.466709 0.774623
1305031462.827816 -2.1083 -0.143091 0.392463 -0.14844 0.39596 0.46115 0.780078
1305031462.859782 -2.10678 -0.13432 0.37985 -0.150804 0.393239 0.459963 0.7817
1305031462.891847 -2.11006 -0.127287 0.367034 -0.150804 0.391959 0.458542 0.783177
1305031462.927607 -2.11299 -0.120863 0.354384 -0.149109 0.389135 0.457276 0.785646
1305031462.959676 -2.11144 -0.112867 0.340986 -0.145116 0.385439 0.454747 0.789673
1305031462.995550 -2.10618 -0.107784 0.325269 -0.141966 0.380309 0.450736 0.795014
1305031463.027667 -2.11269 -0.103366 0.309231 -0.136827 0.374777 0.443567 0.802539
1305031463.059810 -2.12193 -0.0913102 0.292053 -0.132616 0.370894 0.433782 0.81036
1305031463.095809 -2.11539 -0.0843232 0.276877 -0.131014 0.367233 0.427567 0.815574
1305031463.127550 -2.11494 -0.082167 0.26035 -0.130148 0.364221 0.419811 0.821075
1305031463.159787 -2.12391 -0.0739268 0.240756 -0.129491 0.361735 0.410587 0.826921
1305031463.195657 -2.1277 -0.0629985 0.22803 -0.126273 0.361118 0.405829 0.830031
1305031463.227784 -2.11591 -0.0594338 0.215626 -0.124983 0.359054 0.403448 0.83228
1305031463.260034 -2.11666 -0.0517251 0.196678 -0.122099 0.355979 0.397625 0.836819
1305031463.295737 -2.11971 -0.0411458 0.182029 -0.118373 0.35285 0.394208 0.840289
1305031463.327739 -2.10779 -0.0373031 0.173732 -0.115135 0.348958 0.393754 0.842573
1305031463.359750 -2.10638 -0.0281017 0.156815 -0.11125 0.343428 0.388713 0.847693
1305031463.395630 -2.10715 -0.0123445 0.140576 -0.107347 0.33978 0.383212 0.852159
1305031463.427716 -2.10047 -4.17577e-05 0.126292 -0.10626 0.337678 0.379693 0.854702
1305031463.459756 -2.09528 0.0146652 0.108435 -0.105469 0.336564 0.376081 0.856834
1305031463.495629 -2.08457 0.0262046 0.0974745 -0.104793 0.340248 0.372271 0.857125
1305031463.527670 -2.07668 0.0268711 0.0876573 -0.10439 0.344541 0.373704 0.854833
1305031463.559751 -2.07342 0.0314535 0.0710346 -0.103615 0.342525 0.374603 0.855344
1305031463.595600 -2.05936 0.0420391 0.056742 -0.101863 0.339602 0.37119 0.858203
1305031463.627588 -2.04296 0.0410125 0.0485487 -0.0994099 0.342419 0.368849 0.858381
1305031463.659766 -2.03757 0.0425425 0.0263078 -0.0952717 0.340782 0.367907 0.859904
1305031463.695640 -2.0248 0.0551847 -0.00131877 -0.0925829 0.335584 0.362901 0.864358
1305031463.727588 -2.00085 0.0500102 -0.0137804 -0.0941154 0.337435 0.357155 0.865864
1305031463.759674 -1.98776 0.045974 -0.0346033 -0.0915496 0.338213 0.351356 0.868205
1305031463.795647 -1.97701 0.0508594 -0.0630394 -0.0897914 0.334811 0.341455 0.87364
1305031463.827761 -1.96154 0.0454412 -0.0797984 -0.0914212 0.336297 0.331148 0.876862
1305031463.859910 -1.94976 0.0388901 -0.0997066 -0.0914287 0.336963 0.322935 0.879664
1305031463.895648 -1.94237 0.0335324 -0.121302 -0.0912108 0.334983 0.317361 0.882468
1305031463.927664 -1.93062 0.0247014 -0.136781 -0.0918431 0.33172 0.312115 0.8855
1305031463.959680 -1.91805 0.017207 -0.153306 -0.0899623 0.32852 0.305989 0.889018
1305031463.995821 -1.90996 0.0148595 -0.177658 -0.0879004 0.323276 0.298506 0.893678
1305031464.027703 -1.8979 0.0105991 -0.197105 -0.0874228 0.320911 0.289846 0.89742
1305031464.059652 -1.88894 0.000414986 -0.210814 -0.0868779 0.322796 0.280488 0.899768
1305031464.095634 -1.8885 -0.0106202 -0.226242 -0.0857304 0.323559 0.275364 0.901185
1305031464.127681 -1.88256 -0.0256852 -0.235903 -0.0834547 0.321454 0.2734 0.902749
1305031464.159817 -1.87443 -0.0422839 -0.244869 -0.0778325 0.316051 0.269658 0.906277
1305031464.195585 -1.8749 -0.0504708 -0.261499 -0.0676323 0.307309 0.266149 0.911127
1305031464.227624 -1.88223 -0.051939 -0.278567 -0.0576796 0.29554 0.263682 0.916407
1305031464.259644 -1.8785 -0.0490318 -0.297595 -0.0510963 0.277927 0.259939 0.923351
1305031464.295667 -1.8646 -0.0472852 -0.315111 -0.0474584 0.261821 0.255371 0.929507
1305031464.327866 -1.84617 -0.0527262 -0.327228 -0.0448463 0.250469 0.251351 0.93385
1305031464.359684 -1.83147 -0.0509919 -0.348047 -0.0402337 0.242209 0.243391 0.938337
1305031464.395611 -1.81885 -0.0467112 -0.372186 -0.0371476 0.237619 0.235126 0.941739
1305031464.427634 -1.81044 -0.0525986 -0.383756 -0.0364181 0.236055 0.226769 0.944207
1305031464.459689 -1.79682 -0.0553531 -0.404935 -0.035338 0.23167 0.220186 0.946889
1305031464.495633 -1.78528 -0.056026 -0.427035 -0.0343179 0.229597 0.213831 0.948886
1305031464.527574 -1.7719 -0.0575891 -0.451067 -0.0370671 0.224894 0.203045 0.952272
1305031464.559703 -1.74541 -0.0671184 -0.46305 -0.0384423 0.226412 0.190736 0.9544
1305031464.595698 -1.73591 -0.0796327 -0.477745 -0.0338423 0.239112 0.179243 0.953704
1305031464.627672 -1.72544 -0.0860608 -0.501897 -0.0270517 0.249673 0.16541 0.953714
1305031464.659749 -1.71436 -0.102368 -0.509605 -0.0194614 0.261027 0.147622 0.953779
1305031464.695663 -1.70998 -0.120563 -0.516828 -0.00824376 0.268664 0.129259 0.954486
1305031464.727652 -1.70228 -0.118024 -0.542576 0.0040731 0.265024 0.111037 0.957819
1305031464.759740 -1.69784 -0.127195 -0.549554 0.00944922 0.259654 0.092975 0.961169
1305031464.796021 -1.69611 -0.140718 -0.547157 0.0166221 0.249494 0.076235 0.965228
1305031464.827759 -1.68953 -0.131886 -0.566621 0.0250867 0.23043 0.0609642 0.970853
1305031464.859654 -1.67171 -0.127455 -0.581989 0.0238363 0.209741 0.0427487 0.976531
1305031464.895817 -1.64745 -0.137764 -0.57641 0.0184186 0.193926 0.0230805 0.980572
1305031464.927799 -1.628 -0.148931 -0.564398 0.0179999 0.186842 0.00403426 0.982217
1305031464.959763 -1.60445 -0.152442 -0.56189 0.0214275 0.181692 -0.014176 0.98302
1305031464.995687 -1.59038 -0.151807 -0.559313 0.0233611 0.179128 -0.0351288 0.982921
1305031465.027823 -1.59005 -0.142884 -0.553804 0.0281051 0.173849 -0.0559808 0.982778
1305031465.059749 -1.57448 -0.109544 -0.580507 0.0277697 0.157471 -0.0704951 0.984613
1305031465.095700 -1.54884 -0.0994948 -0.577197 0.0101687 0.139361 -0.0817728 0.986807
1305031465.127664 -1.53349 -0.0922403 -0.557197 -0.00753311 0.126521 -0.0888733 0.987946
1305031465.159842 -1.51801 -0.0838804 -0.536057 -0.0210602 0.115222 -0.0951275 0.98855
1305031465.195564 -1.49727 -0.0685636 -0.524829 -0.0319506 0.103899 -0.0985565 0.989177
1305031465.227907 -1.48244 -0.061686 -0.506005 -0.0441769 0.0949036 -0.0986729 0.989599
1305031465.259807 -1.46939 -0.0498155 -0.489421 -0.0492238 0.0867814 -0.0894103 0.990985
1305031465.295623 -1.4502 -0.0328557 -0.483522 -0.0533228 0.0735047 -0.0741809 0.993102
1305031465.327674 -1.43551 -0.0251851 -0.467499 -0.0571723 0.0592379 -0.0603321 0.994777
1305031465.359948 -1.41409 -0.0180731 -0.455778 -0.0567318 0.0423451 -0.0487598 0.996299
1305031465.395586 -1.38887 -0.00767218 -0.451817 -0.0538407 0.0281392 -0.038224 0.997421
1305031465.427697 -1.36468 0.0084613 -0.452767 -0.0490407 0.016131 -0.0242501 0.998372
1305031465.460125 -1.33807 0.029362 -0.462583 -0.0471129 0.0037459 -0.0126925 0.998802
1305031465.495703 -1.31891 0.0357024 -0.457899 -0.0491959 -0.00561087 -0.00686109 0.99875
1305031465.527622 -1.29771 0.045261 -0.456494 -0.0439967 -0.0140999 -0.00133914 0.998931
1305031465.559812 -1.26867 0.0619769 -0.465337 -0.0368126 -0.0216875 0.00710808 0.999062
1305031465.595599 -1.25176 0.0805263 -0.473858 -0.0301882 -0.0253542 0.0172261 0.999074
1305031465.627688 -1.2364 0.0963375 -0.481008 -0.0245649 -0.03312 0.0259321 0.998813
1305031465.660060 -1.20464 0.112756 -0.486557 -0.0178848 -0.0441073 0.0337095 0.998298
1305031465.695668 -1.18229 0.130439 -0.492493 -0.00982479 -0.0480667 0.0431005 0.997865
1305031465.727682 -1.15853 0.15258 -0.500905 -0.000903272 -0.0534383 0.0528455 0.997171
1305031465.759766 -1.13328 0.174342 -0.509362 0.0061917 -0.0581123 0.0602459 0.996471
1305031465.795937 -1.11826 0.188042 -0.510345 0.0138251 -0.0587412 0.0655442 0.996023
1305031465.827996 -1.08679 0.214681 -0.518556 0.0260661 -0.064097 0.0709469 0.995077
1305031465.859861 -1.04438 0.246002 -0.529591 0.0330582 -0.0680657 0.0756267 0.994261
1305031465.895494 -1.02613 0.262072 -0.528252 0.0377791 -0.0601871 0.0767623 0.994514
1305031465.927495 -1.00225 0.284135 -0.531383 0.0479828 -0.0541437 0.0776393 0.994353
1305031465.959710 -0.982142 0.309941 -0.542179 0.0566238 -0.049574 0.0755299 0.994299
1305031465.995753 -0.966458 0.335387 -0.547973 0.0637777 -0.0478566 0.0731983 0.994125
1305031466.027644 -0.9355 0.369654 -0.558294 0.0667417 -0.0534392 0.0755891 0.993467
1305031466.059757 -0.92358 0.391767 -0.564792 0.0635089 -0.0550458 0.0762752 0.993538
1305031466.095840 -0.91019 0.410998 -0.571615 0.0586756 -0.0601683 0.0762295 0.993542
1305031466.127640 -0.900669 0.428215 -0.578336 0.0539891 -0.0652019 0.0779125 0.99336
1305031466.160428 -0.886677 0.446473 -0.591558 0.0473105 -0.0752017 0.0799645 0.99283
1305031466.195833 -0.866347 0.458331 -0.603393 0.0366919 -0.0873586 0.0766634 0.992545
1305031466.227951 -0.857308 0.466448 -0.607299 0.0338849 -0.0880094 0.0699332 0.993084
1305031466.259815 -0.828517 0.476301 -0.620238 0.0344161 -0.0886208 0.0607788 0.993613
1305031466.295737 -0.808585 0.488944 -0.638508 0.0351514 -0.0806852 0.0513103 0.994797
1305031466.327702 -0.791894 0.497543 -0.656234 0.0297843 -0.0731975 0.0450584 0.995854
1305031466.359829 -0.789939 0.502794 -0.662968 0.0295966 -0.0652217 0.0380002 0.996708
1305031466.395784 -0.7899 0.505574 -0.67649 0.0328143 -0.0618826 0.0337256 0.996974
1305031466.427819 -0.761905 0.514306 -0.692303 0.0325786 -0.0719909 0.0303549 0.996411
1305031466.459790 -0.739284 0.523218 -0.703758 0.0289813 -0.0777536 0.0291572 0.996125
1305031466.495809 -0.713226 0.529121 -0.707549 0.0259088 -0.0792636 0.0295326 0.996079
1305031466.527538 -0.687494 0.538308 -0.717131 0.0235531 -0.0784196 0.0285218 0.996234
1305031466.560353 -0.660632 0.551064 -0.728055 0.0169517 -0.0811223 0.0262987 0.996213
1305031466.595936 -0.637905 0.555013 -0.725254 0.0101102 -0.0812656 0.022757 0.996381
1305031466.627549 -0.643388 0.561034 -0.73213 0.0155081 -0.0685613 0.0168914 0.997383
1305031466.659688 -0.622747 0.565291 -0.747866 0.0139191 -0.0703914 0.0131419 0.997336
1305031466.695822 -0.594599 0.575257 -0.754103 0.00983568 -0.0763675 0.00391858 0.997023
1305031466.728074 -0.578715 0.586413 -0.744877 0.0155569 -0.0761746 -0.00678584 0.99695
1305031466.759637 -0.567741 0.591917 -0.749455 0.0215255 -0.0753304 -0.0134716 0.996835
1305031466.795604 -0.543487 0.591069 -0.759839 0.0165302 -0.082601 -0.0158518 0.996319
1305031466.827879 -0.542793 0.594057 -0.76074 0.0146971 -0.0838147 -0.0154269 0.996253
1305031466.859665 -0.540374 0.599113 -0.763153 0.0186009 -0.0910825 -0.0155185 0.995549
1305031466.895694 -0.522222 0.603602 -0.769679 0.0204168 -0.106075 -0.0174789 0.993995
1305031466.927756 -0.499858 0.604046 -0.77087 0.0210561 -0.118998 -0.0185783 0.992497
1305031466.959728 -0.469079 0.605526 -0.773774 0.0215957 -0.129383 -0.0207592 0.991142
1305031466.995712 -0.448362 0.608152 -0.776836 0.0224421 -0.135384 -0.0246963 0.990231
1305031467.027843 -0.430236 0.606136 -0.781496 0.0211417 -0.138801 -0.0285648 0.989682
1305031467.059700 -0.407495 0.612699 -0.785749 0.0211255 -0.142454 -0.0332052 0.989019
1305031467.095687 -0.392564 0.618171 -0.783101 0.0234074 -0.146201 -0.0434321 0.988024
1305031467.128974 -0.384442 0.619495 -0.784409 0.0253426 -0.14795 -0.0517053 0.987317
1305031467.159660 -0.376595 0.623675 -0.787456 0.0275389 -0.151219 -0.0558416 0.986537
1305031467.195663 -0.364585 0.627016 -0.790322 0.0293796 -0.157605 -0.0611121 0.985171
1305031467.227704 -0.350127 0.62851 -0.790558 0.0314994 -0.163705 -0.0659878 0.983796
1305031467.259694 -0.334485 0.631493 -0.79239 0.0344917 -0.169864 -0.0719725 0.98223
1305031467.295846 -0.322725 0.633108 -0.797278 0.0358977 -0.175109 -0.0767508 0.980896
1305031467.328008 -0.306401 0.635106 -0.802118 0.0341988 -0.182244 -0.0796702 0.979423
1305031467.359654 -0.28309 0.639882 -0.803648 0.0307017 -0.192598 -0.0844818 0.977152
1305031467.395756 -0.271238 0.646011 -0.802079 0.0306838 -0.198351 -0.0889266 0.975606
1305031467.427783 -0.26689 0.65092 -0.806768 0.0319915 -0.202093 -0.0908719 0.974616
1305031467.459692 -0.24553 0.645743 -0.814153 0.0260513 -0.211166 -0.0953227 0.972442
1305031467.496058 -0.217432 0.652733 -0.811914 0.024146 -0.218945 -0.103191 0.969965
1305031467.527663 -0.209106 0.658614 -0.809823 0.0258079 -0.218941 -0.106059 0.969613
1305031467.559763 -0.197249 0.658852 -0.812818 0.0255076 -0.219931 -0.104539 0.969562
1305031467.595989 -0.187517 0.664216 -0.808013 0.0297018 -0.224057 -0.10308 0.968654
1305031467.627532 -0.184336 0.657016 -0.806137 0.0343021 -0.226966 -0.100088 0.968138
1305031467.659626 -0.164011 0.649746 -0.80686 0.0367729 -0.232752 -0.102256 0.966446
1305031467.695886 -0.1472 0.643299 -0.799826 0.040572 -0.236954 -0.106689 0.964792
1305031467.727535 -0.139808 0.635374 -0.791457 0.0460542 -0.238692 -0.10916 0.963841
1305031467.759907 -0.129208 0.629331 -0.787127 0.0502012 -0.241511 -0.111984 0.962607
1305031467.796075 -0.125308 0.620492 -0.777782 0.0545593 -0.242991 -0.11353 0.961816
1305031467.827800 -0.125519 0.610673 -0.766087 0.0607129 -0.245377 -0.11081 0.961158
1305031467.859729 -0.113822 0.606115 -0.754822 0.0665923 -0.253947 -0.109138 0.958731
1305031467.895947 -0.10211 0.596165 -0.740337 0.0698399 -0.263186 -0.111765 0.955701
1305031467.927754 -0.100261 0.585722 -0.724162 0.0760089 -0.267659 -0.113624 0.953766
1305031467.959826 -0.0810135 0.577983 -0.708399 0.0795481 -0.274102 -0.114916 0.951491
1305031467.995754 -0.0692424 0.566622 -0.691634 0.0779283 -0.276994 -0.117668 0.95045
1305031468.028107 -0.0781799 0.557019 -0.676344 0.083012 -0.275375 -0.121352 0.950027
1305031468.059850 -0.067893 0.54703 -0.66054 0.0848418 -0.280459 -0.122038 0.948288
1305031468.095867 -0.0583831 0.533609 -0.643741 0.083251 -0.284314 -0.123216 0.947128
1305031468.127816 -0.0530922 0.519165 -0.625469 0.0841373 -0.287182 -0.125909 0.94583
1305031468.159864 -0.0400901 0.506374 -0.608262 0.0839605 -0.290361 -0.128955 0.944464
1305031468.195985 -0.0366726 0.490508 -0.593484 0.0817383 -0.289417 -0.12982 0.94483
1305031468.228158 -0.0302196 0.473344 -0.578125 0.080068 -0.288483 -0.128866 0.945389
1305031468.259754 -0.0195754 0.455416 -0.563975 0.0778752 -0.287887 -0.128519 0.945801
1305031468.295830 -0.0201302 0.434542 -0.551211 0.0775146 -0.284373 -0.127797 0.946991
1305031468.327847 -0.0130495 0.416412 -0.541504 0.0788076 -0.28189 -0.124027 0.948127
1305031468.359787 0.00238134 0.401696 -0.532803 0.0760184 -0.283072 -0.122178 0.948243
1305031468.395860 0.000525633 0.381304 -0.525319 0.0709807 -0.281513 -0.123193 0.948966
1305031468.428025 0.00119319 0.361911 -0.516309 0.0685455 -0.281527 -0.121765 0.949325
1305031468.459759 0.0151193 0.342376 -0.507564 0.0647238 -0.283022 -0.121353 0.949201
1305031468.495809 0.0148545 0.320307 -0.500179 0.0629118 -0.281264 -0.125896 0.949254
1305031468.527756 0.00871019 0.295555 -0.494971 0.0661682 -0.280242 -0.134422 0.948165
1305031468.559739 0.0135137 0.280787 -0.493309 0.0690569 -0.281741 -0.139963 0.946712
1305031468.595768 0.0121988 0.264113 -0.491704 0.0634081 -0.282618 -0.142019 0.946539
1305031468.627626 -0.00442166 0.242393 -0.490231 0.0598145 -0.282591 -0.144205 0.946451
1305031468.659579 -0.0141596 0.220846 -0.486882 0.0621282 -0.287544 -0.147294 0.944332
1305031468.695835 -0.0180125 0.20365 -0.484561 0.065526 -0.29337 -0.148547 0.942111
1305031468.727785 -0.0173127 0.186555 -0.480705 0.0661245 -0.298874 -0.148516 0.940343
1305031468.759628 -0.0195737 0.16568 -0.474937 0.068394 -0.302265 -0.152044 0.938531
1305031468.795796 -0.0258656 0.151027 -0.470951 0.0761598 -0.303836 -0.157287 0.93656
1305031468.829247 -0.0154135 0.140161 -0.466218 0.0795587 -0.306355 -0.160613 0.934891
1305031468.859659 -0.0145684 0.126448 -0.46104 0.0773304 -0.303192 -0.163191 0.935662
1305031468.895873 -0.0227019 0.117921 -0.462116 0.0733231 -0.295495 -0.162048 0.938641
1305031468.928141 -0.0213627 0.114102 -0.461652 0.0670496 -0.290306 -0.158514 0.941329
1305031468.959594 -0.00246104 0.122286 -0.456498 0.0584095 -0.29282 -0.159883 0.940894
1305031468.995711 -0.00616032 0.110161 -0.448082 0.0386204 -0.291247 -0.1678 0.941024
1305031469.027699 -0.0230495 0.0978097 -0.44181 0.0233763 -0.288212 -0.176973 0.94078
1305031469.059832 -0.0195216 0.0921135 -0.430472 0.0126192 -0.289948 -0.187396 0.938431
1305031469.095723 -0.0146211 0.0835034 -0.416053 0.000365842 -0.286843 -0.198401 0.937208
1305031469.127679 -0.0248279 0.07524 -0.405792 -0.0105824 -0.277242 -0.208331 0.937882
1305031469.159703 -0.0343252 0.0686064 -0.395745 -0.0193785 -0.267209 -0.215096 0.939126
1305031469.195540 -0.0502313 0.0632685 -0.388699 -0.0258312 -0.258067 -0.219623 0.940478
1305031469.227754 -0.053998 0.0621995 -0.379111 -0.0305238 -0.255437 -0.223976 0.940029
1305031469.259586 -0.0572592 0.0607625 -0.366385 -0.0354029 -0.2516 -0.227179 0.940124
1305031469.296754 -0.0637665 0.0630274 -0.357256 -0.0406677 -0.247564 -0.229328 0.940461
1305031469.327618 -0.055992 0.0654121 -0.340235 -0.046113 -0.246713 -0.232932 0.939547
1305031469.359592 -0.0606107 0.0613383 -0.324065 -0.0495436 -0.23668 -0.240076 0.940155
1305031469.395695 -0.0657494 0.0626596 -0.313161 -0.0502375 -0.224707 -0.246655 0.941352
1305031469.427651 -0.0694162 0.0684064 -0.302984 -0.0503567 -0.215087 -0.253965 0.941649
1305031469.459668 -0.0824698 0.0710395 -0.293121 -0.0530924 -0.207754 -0.258341 0.941955
1305031469.495744 -0.0919377 0.076685 -0.284826 -0.0576018 -0.205734 -0.259488 0.941818
1305031469.527622 -0.0936706 0.0889511 -0.274802 -0.0619698 -0.206522 -0.25947 0.941373
1305031469.559645 -0.0966644 0.100745 -0.263223 -0.0682207 -0.206697 -0.259748 0.940826
1305031469.595755 -0.0964376 0.112426 -0.250102 -0.0763529 -0.206635 -0.259835 0.94019
1305031469.627752 -0.0977653 0.124359 -0.234393 -0.0811824 -0.205019 -0.260442 0.939971
1305031469.659590 -0.101882 0.132802 -0.221865 -0.0863075 -0.201916 -0.260627 0.940135
1305031469.695613 -0.106497 0.145979 -0.211886 -0.0911676 -0.196904 -0.259215 0.941129
1305031469.727679 -0.111131 0.15926 -0.202188 -0.0974179 -0.192845 -0.255656 0.942317
1305031469.759599 -0.119224 0.176725 -0.19409 -0.102567 -0.190716 -0.251917 0.94321
1305031469.795621 -0.127602 0.191246 -0.185483 -0.108245 -0.191294 -0.249471 0.943108
1305031469.827526 -0.138013 0.210706 -0.180713 -0.113004 -0.19096 -0.245845 0.94357
1305031469.859574 -0.144649 0.224924 -0.172272 -0.118142 -0.193515 -0.244141 0.942862
1305031469.895755 -0.153214 0.242365 -0.166308 -0.120725 -0.195691 -0.240532 0.943013
1305031469.927854 -0.1633 0.257665 -0.160612 -0.122439 -0.199078 -0.238193 0.942677
1305031469.959805 -0.174906 0.269203 -0.155482 -0.125796 -0.20127 -0.237376 0.941976
1305031469.995551 -0.189645 0.285194 -0.15496 -0.127933 -0.201524 -0.235896 0.942005
1305031470.027694 -0.201764 0.298991 -0.153392 -0.129805 -0.20198 -0.23685 0.941412
1305031470.059638 -0.215206 0.314352 -0.154928 -0.131318 -0.200366 -0.234019 0.942255
1305031470.095944 -0.23025 0.327727 -0.157716 -0.136006 -0.198444 -0.231794 0.942546
1305031470.127633 -0.243341 0.345812 -0.161166 -0.137024 -0.197747 -0.227662 0.943552
1305031470.159626 -0.25767 0.361896 -0.165664 -0.138196 -0.196862 -0.22222 0.944862
1305031470.196092 -0.272111 0.371876 -0.17007 -0.143435 -0.195992 -0.219561 0.944884
1305031470.227618 -0.284981 0.383993 -0.17433 -0.147889 -0.195108 -0.216253 0.945143
1305031470.259965 -0.298202 0.394224 -0.178288 -0.154423 -0.193813 -0.213804 0.944922
1305031470.295718 -0.312009 0.4067 -0.182819 -0.160274 -0.192818 -0.210093 0.944984
1305031470.327644 -0.327057 0.42034 -0.188703 -0.164512 -0.192198 -0.204737 0.945557
1305031470.359624 -0.338949 0.431859 -0.193178 -0.16714 -0.193709 -0.201731 0.945434
1305031470.395823 -0.350993 0.443955 -0.197872 -0.166129 -0.19565 -0.201612 0.945238
1305031470.427641 -0.364405 0.452744 -0.202729 -0.165313 -0.19715 -0.20182 0.945025
1305031470.459721 -0.378452 0.462085 -0.208534 -0.163411 -0.197526 -0.199545 0.94576
1305031470.495686 -0.390534 0.467537 -0.213421 -0.163701 -0.198011 -0.199481 0.945622
1305031470.527689 -0.401797 0.472912 -0.217741 -0.165069 -0.197534 -0.19923 0.945537
1305031470.559677 -0.414538 0.479111 -0.221859 -0.166436 -0.196077 -0.196249 0.946223
1305031470.595760 -0.42558 0.483792 -0.225125 -0.169473 -0.194837 -0.191681 0.946877
1305031470.627729 -0.437214 0.491996 -0.228206 -0.169901 -0.193621 -0.185734 0.948234
1305031470.659690 -0.447676 0.497458 -0.231226 -0.172214 -0.193765 -0.181856 0.948539
1305031470.695630 -0.459425 0.504486 -0.232739 -0.170853 -0.192954 -0.180258 0.949255
1305031470.727654 -0.465464 0.504499 -0.233619 -0.173204 -0.192919 -0.178328 0.949201
1305031470.759682 -0.471427 0.510175 -0.235291 -0.17337 -0.189669 -0.174011 0.950625
1305031470.795615 -0.485821 0.522081 -0.238879 -0.165858 -0.1849 -0.165782 0.954368
1305031470.827831 -0.497887 0.525276 -0.24206 -0.160679 -0.183105 -0.159798 0.956619
1305031470.859645 -0.507401 0.524451 -0.245107 -0.158545 -0.183418 -0.154192 0.957834
1305031470.895722 -0.518017 0.528295 -0.248519 -0.152073 -0.184744 -0.149131 0.959428
1305031470.927684 -0.536432 0.5352 -0.25452 -0.139478 -0.180306 -0.142007 0.96326
1305031470.959647 -0.540443 0.523792 -0.256011 -0.138808 -0.184497 -0.141193 0.962682
1305031470.995996 -0.549229 0.523177 -0.259774 -0.129766 -0.181853 -0.139192 0.964736
1305031471.027644 -0.559931 0.520813 -0.26398 -0.120481 -0.176771 -0.136263 0.9673
1305031471.059636 -0.566509 0.513467 -0.26667 -0.117049 -0.176535 -0.129493 0.968693
1305031471.095777 -0.572772 0.508115 -0.269092 -0.113984 -0.177403 -0.122063 0.969864
1305031471.127663 -0.574924 0.506248 -0.270728 -0.10814 -0.179508 -0.116324 0.970851
1305031471.159649 -0.574733 0.500715 -0.271841 -0.108605 -0.180549 -0.11031 0.971308
1305031471.195703 -0.578405 0.497409 -0.272943 -0.110401 -0.178584 -0.104704 0.972089
1305031471.227569 -0.585778 0.496263 -0.274496 -0.110929 -0.175761 -0.101895 0.972841
1305031471.259722 -0.594921 0.49486 -0.276919 -0.11025 -0.17141 -0.0982637 0.974067
1305031471.296068 -0.598656 0.493324 -0.278743 -0.106853 -0.167819 -0.0957976 0.975316
1305031471.327642 -0.593784 0.489162 -0.278587 -0.107779 -0.166116 -0.0938384 0.975696
1305031471.359615 -0.601635 0.490827 -0.28136 -0.105213 -0.156737 -0.0900249 0.977885
1305031471.395730 -0.614676 0.488087 -0.285895 -0.103716 -0.147842 -0.0825745 0.980085
1305031471.427704 -0.616654 0.485318 -0.288405 -0.104193 -0.14881 -0.0773082 0.980318
1305031471.459647 -0.61757 0.484138 -0.290261 -0.105372 -0.150219 -0.0728228 0.98032
1305031471.496491 -0.623604 0.482446 -0.293052 -0.106685 -0.147889 -0.068124 0.98087
1305031471.527624 -0.625234 0.480936 -0.295796 -0.107691 -0.146901 -0.0655071 0.981087
1305031471.559671 -0.623209 0.479123 -0.297913 -0.108703 -0.145438 -0.0638976 0.981299
1305031471.595702 -0.62571 0.477804 -0.301146 -0.109204 -0.140596 -0.0621345 0.982062
1305031471.627621 -0.627457 0.476366 -0.304285 -0.108333 -0.135709 -0.0598112 0.98299
1305031471.659642 -0.62994 0.47596 -0.307628 -0.107122 -0.130432 -0.0556827 0.984079
1305031471.695609 -0.630231 0.478695 -0.311347 -0.105764 -0.127411 -0.0530811 0.984765
1305031471.727501 -0.628796 0.478818 -0.312912 -0.10712 -0.124437 -0.0478857 0.985265
1305031471.759702 -0.627047 0.477631 -0.314477 -0.108675 -0.119427 -0.0394682 0.986088
1305031471.795801 -0.625764 0.480955 -0.315889 -0.11069 -0.115547 -0.0339114 0.986533
1305031471.827639 -0.629752 0.48508 -0.317585 -0.113513 -0.110474 -0.0274689 0.986993
1305031471.859665 -0.628544 0.486464 -0.318185 -0.117724 -0.107999 -0.0214987 0.986922
1305031471.895604 -0.627131 0.489843 -0.31867 -0.122516 -0.105627 -0.0185221 0.986656
1305031471.927651 -0.629555 0.492923 -0.318532 -0.124093 -0.0990828 -0.0158092 0.987184
1305031471.959643 -0.629487 0.491602 -0.318822 -0.126769 -0.0933497 -0.0158209 0.987403
1305031471.995573 -0.629703 0.495121 -0.31965 -0.132356 -0.0893687 -0.015553 0.987043
1305031472.027638 -0.638055 0.500161 -0.319062 -0.134063 -0.0815459 -0.0117579 0.987542
1305031472.059668 -0.640355 0.501071 -0.319421 -0.134961 -0.0772895 -0.00737908 0.987804
1305031472.095601 -0.641655 0.500286 -0.319291 -0.141948 -0.0766356 -0.00680073 0.98688
1305031472.127594 -0.650802 0.508484 -0.318981 -0.140944 -0.0717933 -0.00286314 0.987407
1305031472.159645 -0.659764 0.517252 -0.320542 -0.132252 -0.0674484 0.0034763 0.988912
1305031472.195682 -0.662394 0.516224 -0.321449 -0.131181 -0.0658314 0.00781767 0.989139
1305031472.227626 -0.664356 0.517584 -0.321496 -0.127438 -0.0650504 0.00735891 0.989684
1305031472.263840 -0.668728 0.518422 -0.323177 -0.120305 -0.0610943 0.0111595 0.990792
1305031472.295671 -0.67071 0.516202 -0.325248 -0.116603 -0.0583546 0.0148657 0.991351
1305031472.327678 -0.673155 0.519542 -0.327159 -0.112973 -0.05683 0.014816 0.991861
1305031472.363577 -0.677654 0.519241 -0.328075 -0.112448 -0.0564022 0.0168762 0.991912
1305031472.395599 -0.679948 0.516231 -0.328303 -0.111781 -0.0582124 0.0193886 0.991837
1305031472.427686 -0.676419 0.512985 -0.327565 -0.110915 -0.0615949 0.0182545 0.991751
1305031472.463603 -0.672891 0.510816 -0.327666 -0.111005 -0.0619976 0.0175996 0.991728
1305031472.495626 -0.671267 0.508358 -0.326877 -0.110884 -0.0617619 0.0160907 0.991782
1305031472.527625 -0.673146 0.506084 -0.327321 -0.105865 -0.0605534 0.0193242 0.992347
1305031472.563587 -0.671711 0.501954 -0.328346 -0.102761 -0.0611412 0.021788 0.992586
1305031472.595675 -0.671754 0.50237 -0.329485 -0.100326 -0.0608321 0.0226504 0.992835
1305031472.627701 -0.667818 0.498993 -0.327874 -0.100295 -0.0630554 0.0247134 0.99265
1305031472.663575 -0.66647 0.49465 -0.32652 -0.099935 -0.0637765 0.0269057 0.992583
1305031472.695755 -0.66382 0.491085 -0.325386 -0.0981886 -0.0653007 0.0269761 0.992656
1305031472.727628 -0.661226 0.488431 -0.324593 -0.0964928 -0.065721 0.0260832 0.992819
1305031472.763578 -0.656819 0.48541 -0.322496 -0.0946722 -0.0665015 0.0243507 0.992986
1305031472.795640 -0.65746 0.482153 -0.321536 -0.0930137 -0.0646275 0.0240322 0.993274
1305031472.827627 -0.661087 0.480823 -0.321472 -0.090859 -0.0620115 0.0253187 0.993609
1305031472.863598 -0.662984 0.481544 -0.321198 -0.0890484 -0.0615644 0.0259677 0.993783
1305031472.895713 -0.662069 0.480744 -0.319658 -0.0892983 -0.0631012 0.0285691 0.993593
1305031472.927685 -0.658282 0.477895 -0.317344 -0.0904697 -0.0648191 0.0292608 0.993357
1305031472.963756 -0.66044 0.479599 -0.317066 -0.0896141 -0.0642618 0.0306035 0.99343
1305031472.995704 -0.660373 0.479255 -0.315985 -0.0903233 -0.0658383 0.0305115 0.993265
1305031473.027638 -0.659328 0.478698 -0.314834 -0.0911043 -0.0675251 0.0301511 0.993092
1305031473.063684 -0.65534 0.47605 -0.312513 -0.0917854 -0.0692463 0.0287463 0.992952
1305031473.095695 -0.657141 0.476468 -0.312603 -0.0913601 -0.0670031 0.0271945 0.993189
1305031473.127744 -0.660701 0.47441 -0.31276 -0.0916254 -0.0654804 0.0275854 0.993255
1305031473.167060 -0.659663 0.473357 -0.312659 -0.0907643 -0.066686 0.0270767 0.993268
