1305031526.671473 0.00207172 -0.00367939 -0.00697581 0.0120083 0.0116641 0.00230241 0.999857
1305031526.707547 0.0464817 -0.03397 0.0314002 0.0363357 0.0218037 0.000551548 0.999102
1305031526.771481 0.0367455 -0.0409407 -0.0310347 0.0626207 0.0392622 -0.00156914 0.997264
1305031526.807455 0.00254814 0.0224593 -0.00415008 0.127681 0.0715281 -0.0128718 0.989149
1305031526.871446 -0.0417736 0.0464185 -0.0759546 0.155156 0.095654 -0.0148132 0.983137
1305031526.907484 -0.0448359 0.0481223 -0.0855986 0.173292 0.104939 -0.0166195 0.979123
1305031526.939618 -0.0477878 0.0487675 -0.0963053 0.19181 0.112713 -0.0190061 0.974753
1305031526.971510 -0.0496971 0.0540602 -0.105973 0.206537 0.118365 -0.0197292 0.971052
1305031527.007595 -0.0536022 0.0534362 -0.114412 0.221632 0.125398 -0.0211027 0.966804
1305031527.039512 -0.0507182 0.0558555 -0.125682 0.236068 0.130562 -0.021951 0.962675
1305031527.071487 -0.0491491 0.058946 -0.132657 0.244168 0.133586 -0.0209011 0.96026
1305031527.107498 -0.0509062 0.0607096 -0.139328 0.254933 0.138481 -0.0220649 0.956737
1305031527.139473 -0.045867 0.0626639 -0.147279 0.261597 0.140761 -0.0208794 0.95463
1305031527.171540 -0.0414837 0.0690221 -0.149446 0.262391 0.140845 -0.0199354 0.954419
1305031527.207588 -0.0338994 0.092849 -0.138681 0.258157 0.139299 -0.0172443 0.955852
1305031527.271501 -0.0427099 0.102766 -0.132589 0.250027 0.139074 -0.0160783 0.958064
1305031527.307472 -0.0410602 0.108179 -0.127335 0.241693 0.135043 -0.0118616 0.960837
1305031527.339636 -0.0396243 0.116676 -0.121731 0.234251 0.133035 -0.00967778 0.962982
1305031527.371505 -0.0382481 0.123379 -0.11607 0.225783 0.132951 -0.00719496 0.965036
1305031527.407412 -0.0381224 0.127981 -0.111113 0.216069 0.13361 -0.00404186 0.967185
1305031527.439476 -0.0376426 0.129468 -0.107314 0.206338 0.133021 -0.00176467 0.969395
1305031527.471497 -0.0375229 0.134708 -0.101959 0.197515 0.132286 -0.000699719 0.971333
1305031527.507487 -0.0359553 0.138682 -0.0971302 0.187184 0.132111 0.000780677 0.9734
1305031527.539741 -0.035043 0.142093 -0.0916735 0.17419 0.13206 0.00167938 0.975815
1305031527.571506 -0.0355098 0.144246 -0.0864819 0.159814 0.131907 0.00301174 0.97829
1305031527.607559 -0.0462449 0.127711 -0.0717644 0.121598 0.129048 0.00353111 0.984148
1305031527.671547 -0.0290483 0.135542 -0.0815552 0.108454 0.112535 0.00653725 0.98769
1305031527.707520 -0.0265373 0.128561 -0.0803829 0.0892362 0.0983672 0.00986933 0.991092
1305031527.771461 -0.0357602 0.129263 -0.0753471 0.0806787 0.0936571 0.0106292 0.992273
1305031527.807581 -0.053563 0.136239 -0.0667216 0.0775562 0.0889613 0.0100306 0.99296
1305031527.839601 -0.0607431 0.135092 -0.064801 0.0698031 0.0768666 0.00817203 0.994561
1305031527.871464 -0.0810395 0.139083 -0.0545195 0.0615459 0.0685638 0.00303014 0.995742
1305031527.907477 -0.0965117 0.134079 -0.0502982 0.0572434 0.0560062 -0.00525488 0.996774
1305031527.939566 -0.10678 0.136286 -0.0466927 0.0605501 0.0395911 -0.0201627 0.997176
1305031527.971502 -0.127145 0.138245 -0.0335719 0.0634475 0.00545592 -0.0502724 0.996703
1305031528.039560 -0.150572 0.143568 -0.042668 0.070354 -0.00643228 -0.0685347 0.995144
1305031528.071546 -0.16736 0.147274 -0.0427957 0.0760763 -0.0218517 -0.085468 0.993192
1305031528.107513 -0.181651 0.151321 -0.0440554 0.0815635 -0.0377289 -0.104907 0.990413
1305031528.139513 -0.193389 0.15132 -0.0469089 0.0839807 -0.0510637 -0.123547 0.987459
1305031528.171523 -0.20256 0.149264 -0.0489789 0.0892062 -0.0611324 -0.142321 0.983895
1305031528.207527 -0.214327 0.153078 -0.0525642 0.098625 -0.0689354 -0.157421 0.980173
1305031528.239493 -0.231673 0.158666 -0.0584658 0.105255 -0.079317 -0.170001 0.976591
1305031528.275450 -0.250358 0.160477 -0.064002 0.112307 -0.0992631 -0.183436 0.971538
1305031528.307665 -0.264254 0.160798 -0.0689611 0.119639 -0.123845 -0.193652 0.965841
1305031528.339593 -0.282409 0.165472 -0.0748166 0.124055 -0.146785 -0.200057 0.960751
1305031528.375435 -0.301242 0.170111 -0.0809743 0.128702 -0.174212 -0.206887 0.954088
1305031528.407459 -0.314906 0.175858 -0.0864246 0.132192 -0.203148 -0.215114 0.946035
1305031528.439469 -0.324524 0.180251 -0.0925916 0.131896 -0.231207 -0.217588 0.939043
1305031528.475342 -0.332242 0.190013 -0.11063 0.129809 -0.295166 -0.22412 0.919672
1305031528.539626 -0.344888 0.195544 -0.116198 0.123492 -0.32173 -0.230228 0.910074
1305031528.575449 -0.357741 0.19726 -0.123384 0.11653 -0.345002 -0.236131 0.900909
1305031528.607841 -0.36835 0.203368 -0.126898 0.111344 -0.364779 -0.24236 0.892076
1305031528.639487 -0.37449 0.209183 -0.133553 0.0899592 -0.389171 -0.255733 0.880372
1305031528.707447 -0.378336 0.21646 -0.134712 0.0815221 -0.396479 -0.26347 0.875638
1305031528.739609 -0.379357 0.22252 -0.13474 0.0708578 -0.400229 -0.270088 0.872839
1305031528.775443 -0.380528 0.23237 -0.137863 0.058586 -0.401807 -0.276778 0.870927
1305031528.807559 -0.387405 0.246582 -0.142861 0.0475907 -0.402906 -0.284648 0.868549
1305031528.839572 -0.391434 0.259388 -0.145651 0.0353543 -0.404518 -0.292184 0.865878
1305031528.875433 -0.393147 0.269789 -0.145449 0.0199406 -0.405669 -0.297919 0.863874
1305031528.907519 -0.400713 0.281148 -0.149327 0.00307921 -0.403298 -0.302602 0.863582
1305031528.939602 -0.41901 0.304738 -0.163988 -0.00584428 -0.395459 -0.304118 0.866655
1305031528.975465 -0.41712 0.315094 -0.163184 -0.0224034 -0.396457 -0.300448 0.867209
1305031529.007487 -0.419206 0.329293 -0.16388 -0.0389935 -0.39199 -0.296686 0.869943
1305031529.039494 -0.437703 0.345974 -0.17367 -0.0534149 -0.375965 -0.291783 0.877872
1305031529.075422 -0.45605 0.361131 -0.183184 -0.0661077 -0.357857 -0.282718 0.88749
1305031529.107523 -0.470692 0.381231 -0.193494 -0.0774351 -0.341299 -0.268277 0.897522
1305031529.139597 -0.481796 0.401027 -0.204084 -0.0909505 -0.325905 -0.250418 0.907086
1305031529.175411 -0.482524 0.416545 -0.208923 -0.107696 -0.315614 -0.233802 0.913305
1305031529.207466 -0.484604 0.431635 -0.214489 -0.124056 -0.305397 -0.223903 0.917175
1305031529.239515 -0.523506 0.495545 -0.230527 -0.116014 -0.274503 -0.223557 0.928015
1305031529.275389 -0.542745 0.509199 -0.24205 -0.128655 -0.254403 -0.221646 0.932524
1305031529.307413 -0.557113 0.52632 -0.250925 -0.141453 -0.240819 -0.218781 0.93495
1305031529.339486 -0.577948 0.544835 -0.263289 -0.14772 -0.230755 -0.220812 0.936041
1305031529.375399 -0.599849 0.560541 -0.275333 -0.146211 -0.2276 -0.223184 0.936488
1305031529.407513 -0.617686 0.57379 -0.285137 -0.143634 -0.22404 -0.22613 0.937038
1305031529.439502 -0.637862 0.58576 -0.296242 -0.139543 -0.217303 -0.226668 0.939111
1305031529.475403 -0.656125 0.594518 -0.305021 -0.133207 -0.212596 -0.232166 0.939765
1305031529.507485 -0.674222 0.603145 -0.314186 -0.122518 -0.204921 -0.234055 0.942452
1305031529.539489 -0.703658 0.611148 -0.325118 -0.121763 -0.194207 -0.226938 0.94655
1305031529.607479 -0.721261 0.617763 -0.330995 -0.123036 -0.186866 -0.221091 0.949243
1305031529.639746 -0.737552 0.621572 -0.334828 -0.127017 -0.179512 -0.212691 0.952053
1305031529.675618 -0.753085 0.626228 -0.33779 -0.131273 -0.173091 -0.20394 0.954576
1305031529.707557 -0.767758 0.631029 -0.339887 -0.134484 -0.165461 -0.196626 0.957013
1305031529.739568 -0.77434 0.630961 -0.338312 -0.138639 -0.159248 -0.190984 0.958616
1305031529.775501 -0.7942 0.641476 -0.340027 -0.131006 -0.142275 -0.186759 0.96318
1305031529.807516 -0.815423 0.641847 -0.340636 -0.126624 -0.126349 -0.180151 0.967237
1305031529.839505 -0.843668 0.645034 -0.343254 -0.122569 -0.110494 -0.171652 0.971238
1305031529.875495 -0.8905 0.646256 -0.342506 -0.117154 -0.0973516 -0.145357 0.977583
1305031529.939498 -0.910131 0.647937 -0.345521 -0.11446 -0.092468 -0.133385 0.98008
1305031529.975501 -0.931357 0.650465 -0.347417 -0.113903 -0.0862557 -0.121573 0.982245
1305031530.007409 -0.959896 0.650485 -0.349275 -0.115464 -0.0784904 -0.107538 0.984349
1305031530.039454 -0.982302 0.645135 -0.352203 -0.11975 -0.0755951 -0.0943722 0.985413
1305031530.075443 -1.00301 0.641996 -0.356819 -0.121323 -0.073816 -0.0831878 0.986363
1305031530.107445 -1.02717 0.63307 -0.361245 -0.12153 -0.07144 -0.0721093 0.987384
1305031530.139497 -1.0429 0.625217 -0.370588 -0.119978 -0.0728587 -0.0653192 0.987942
1305031530.175410 -1.06213 0.619417 -0.378504 -0.114261 -0.0717168 -0.0618246 0.988928
1305031530.207486 -1.0831 0.609035 -0.387518 -0.10738 -0.068063 -0.0613124 0.989989
1305031530.239446 -1.09594 0.600885 -0.40126 -0.100351 -0.066442 -0.061742 0.990809
1305031530.275407 -1.11356 0.594775 -0.414996 -0.0931719 -0.061398 -0.0630249 0.991755
1305031530.307544 -1.1297 0.587641 -0.428569 -0.0880226 -0.0554133 -0.0628233 0.99259
1305031530.339724 -1.13648 0.586359 -0.444858 -0.083929 -0.0524933 -0.0637732 0.993042
1305031530.375386 -1.1633 0.578027 -0.455241 -0.0825541 -0.0407154 -0.06316 0.993749
1305031530.407465 -1.18583 0.564077 -0.464564 -0.0809894 -0.0315166 -0.0627426 0.994239
1305031530.439553 -1.20251 0.557066 -0.477794 -0.0760204 -0.0252406 -0.0613165 0.994899
1305031530.475439 -1.21688 0.547428 -0.490441 -0.0714529 -0.0183233 -0.0596505 0.99549
1305031530.507461 -1.22679 0.528866 -0.499484 -0.0663941 -0.00882292 -0.0586545 0.996029
1305031530.539532 -1.24224 0.493131 -0.537051 -0.0571102 0.00712595 -0.0605586 0.996504
1305031530.575433 -1.25194 0.484939 -0.55692 -0.0385698 0.0236942 -0.0594018 0.997207
1305031530.607559 -1.26024 0.476859 -0.576036 -0.0222796 0.0438917 -0.0568068 0.997171
1305031530.639507 -1.27082 0.463813 -0.596312 -0.00730664 0.0682168 -0.0550641 0.996123
1305031530.675401 -1.29287 0.479659 -0.610411 0.0367603 0.121658 -0.0399155 0.991088
1305031530.739522 -1.32817 0.467045 -0.662532 0.0473236 0.154823 -0.0316179 0.986301
1305031530.775437 -1.34999 0.48348 -0.679092 0.0618787 0.179195 -0.0207384 0.981647
1305031530.807467 -1.37552 0.496869 -0.691624 0.0662464 0.198756 -0.00750979 0.977779
1305031530.839463 -1.40143 0.496687 -0.697756 0.0627791 0.211474 0.00540265 0.97535
1305031530.875401 -1.46037 0.50299 -0.691983 0.0713033 0.216029 0.0146993 0.973669
1305031530.939462 -1.48518 0.51837 -0.693242 0.0733884 0.203686 0.015745 0.976155
1305031530.975286 -1.52577 0.535423 -0.699832 0.0645839 0.16664 0.0213758 0.983668
1305031531.039689 -1.54538 0.559469 -0.663651 0.0587851 0.147879 0.0238436 0.986969
1305031531.075325 -1.59259 0.53867 -0.659433 0.0301617 0.106549 0.0303952 0.993385
1305031531.139581 -1.60299 0.553115 -0.624418 0.0280156 0.0837337 0.0346346 0.995492
1305031531.175355 -1.64599 0.540474 -0.616749 0.00510397 0.0427864 0.0416501 0.998203
1305031531.239619 -1.64653 0.534232 -0.569542 -0.000181507 0.0196056 0.0429318 0.998886
1305031531.275515 -1.68103 0.536097 -0.547146 0.000308234 -0.00375431 0.0442496 0.999013
1305031531.339595 -1.69791 0.538787 -0.515935 0.00134774 -0.00473423 0.0445115 0.998997
1305031531.375434 -1.73117 0.539371 -0.496194 0.00558087 0.00630198 0.0491708 0.998755
1305031531.439644 -1.75338 0.535334 -0.471922 0.00762265 0.016312 0.0529068 0.998437
1305031531.475324 -1.7738 0.531807 -0.455231 0.0103516 0.0242405 0.0568873 0.998033
1305031531.507602 -1.80019 0.530546 -0.440219 0.0117158 0.0308637 0.0600508 0.997649
1305031531.539487 -1.81931 0.525568 -0.421133 0.013619 0.0344657 0.0667489 0.997081
1305031531.575392 -1.83585 0.522154 -0.409609 0.014455 0.0383788 0.0725766 0.996519
1305031531.607419 -1.85424 0.519233 -0.396177 0.0141056 0.0444531 0.075571 0.996049
1305031531.639521 -1.87193 0.511245 -0.376335 0.0155752 0.0506926 0.0806642 0.995329
1305031531.675444 -1.89241 0.506454 -0.366399 0.016686 0.0545548 0.083005 0.994915
1305031531.707498 -1.91389 0.503491 -0.353795 0.0171722 0.0591594 0.08075 0.994829
1305031531.739657 -1.93538 0.498881 -0.339122 0.0203612 0.0657731 0.0781457 0.994561
1305031531.775442 -1.98062 0.497641 -0.324433 0.0250523 0.0733855 0.0791059 0.993846
1305031531.839545 -2.00703 0.506059 -0.324671 0.0192241 0.076057 0.0780835 0.993855
1305031531.875426 -2.02486 0.507471 -0.310911 0.0108124 0.0791659 0.0788139 0.993682
1305031531.907427 -2.04122 0.509101 -0.302619 0.00185117 0.0844826 0.0822265 0.993025
1305031531.939564 -2.0488 0.509236 -0.271787 -0.0109114 0.0910911 0.0863074 0.992035
1305031531.975488 -2.09399 0.522048 -0.27815 -0.0242535 0.10454 0.102551 0.988922
1305031532.039675 -2.11349 0.529743 -0.269033 -0.0366771 0.112039 0.112114 0.986677
1305031532.075525 -2.13135 0.534115 -0.257908 -0.0510453 0.118976 0.126534 0.983478
1305031532.107398 -2.14835 0.538233 -0.242071 -0.0629805 0.12547 0.143973 0.979573
1305031532.139520 -2.16392 0.540648 -0.229471 -0.0745035 0.130306 0.162393 0.975242
1305031532.175563 -2.18278 0.547169 -0.216913 -0.0837235 0.135209 0.181186 0.970505
1305031532.207465 -2.19761 0.549305 -0.199052 -0.0921514 0.139225 0.199819 0.965503
1305031532.239966 -2.21638 0.552974 -0.187186 -0.0999504 0.143948 0.21602 0.960533
1305031532.275514 -2.23546 0.557383 -0.173771 -0.107446 0.150143 0.230676 0.955354
1305031532.307481 -2.25728 0.558158 -0.160817 -0.11709 0.153018 0.2449 0.95021
1305031532.339777 -2.27421 0.553922 -0.144608 -0.128341 0.150592 0.260243 0.945052
1305031532.375496 -2.29089 0.5474 -0.124741 -0.137152 0.145877 0.27046 0.94168
1305031532.407448 -2.2943 0.525918 -0.0907649 -0.140225 0.144743 0.285032 0.937093
1305031532.439533 -2.29688 0.504677 -0.0642491 -0.132585 0.145983 0.290903 0.936208
1305031532.475428 -2.31334 0.496841 -0.0532951 -0.117066 0.149304 0.287945 0.938665
1305031532.507415 -2.33181 0.48636 -0.0390527 -0.101401 0.153038 0.288426 0.939738
1305031532.539458 -2.34056 0.478517 -0.0278456 -0.0857637 0.154428 0.288843 0.940939
1305031532.575435 -2.35156 0.479498 -0.02982 -0.0744392 0.156434 0.285365 0.942631
1305031532.607434 -2.36643 0.480352 -0.0224729 -0.0669107 0.167208 0.286195 0.941093
1305031532.639592 -2.38492 0.46769 -0.00861815 -0.0687137 0.192378 0.295356 0.933292
1305031532.707308 -2.39856 0.464311 -0.00152952 -0.0746059 0.202095 0.300106 0.929262
1305031532.740052 -2.40437 0.453153 0.0193064 -0.0806689 0.211864 0.311421 0.922834
1305031532.775761 -2.39723 0.436904 0.0409116 -0.0836324 0.22041 0.322549 0.916726
1305031532.807429 -2.39618 0.429885 0.050005 -0.0823039 0.231486 0.327514 0.912346
1305031532.839717 -2.40035 0.423325 0.0612348 -0.0801116 0.246958 0.333592 0.906262
1305031532.875476 -2.40397 0.414417 0.0713566 -0.0797158 0.260021 0.343149 0.899046
1305031532.907577 -2.4077 0.402702 0.0886704 -0.0766176 0.271716 0.356158 0.890759
1305031532.939523 -2.39964 0.391564 0.102881 -0.0716357 0.278803 0.370608 0.883056
1305031532.975424 -2.39829 0.386298 0.112038 -0.0633553 0.286754 0.383458 0.875625
1305031533.007402 -2.39242 0.380212 0.122515 -0.0545638 0.29546 0.395171 0.868082
1305031533.039505 -2.39496 0.375051 0.125416 -0.0485862 0.304495 0.407598 0.859527
1305031533.075500 -2.4053 0.378562 0.132308 -0.0441354 0.316932 0.414332 0.852018
1305031533.107480 -2.37922 0.362259 0.143548 -0.045244 0.32518 0.428573 0.841746
1305031533.139514 -2.35843 0.338312 0.145473 -0.0449015 0.331236 0.442747 0.832011
1305031533.175459 -2.37383 0.334572 0.140254 -0.0435419 0.340879 0.440339 0.829462
1305031533.207507 -2.37247 0.332983 0.139845 -0.0428241 0.350572 0.439625 0.82583
1305031533.239511 -2.35144 0.308861 0.137805 -0.0459557 0.356169 0.448385 0.818525
1305031533.275405 -2.35718 0.294867 0.130702 -0.0433764 0.362981 0.449313 0.815157
1305031533.307502 -2.35119 0.285739 0.123612 -0.037239 0.369689 0.450073 0.812021
1305031533.339522 -2.34932 0.265435 0.116037 -0.0317139 0.378381 0.452683 0.806784
1305031533.375654 -2.35463 0.243024 0.110942 -0.023972 0.385539 0.456071 0.801738
1305031533.407483 -2.35735 0.220859 0.0994835 -0.0187053 0.385453 0.460485 0.799394
1305031533.439774 -2.36248 0.20927 0.094299 -0.00843256 0.387892 0.462227 0.79738
1305031533.475654 -2.37264 0.19499 0.0833483 -0.00135654 0.389042 0.467532 0.793762
1305031533.507463 -2.37612 0.186658 0.0784118 0.00812362 0.392215 0.471308 0.789918
1305031533.539640 -2.37882 0.1751 0.0708293 0.0163125 0.396238 0.474962 0.785583
1305031533.575643 -2.38992 0.174889 0.0543363 0.0234704 0.40125 0.476831 0.781716
1305031533.607639 -2.39942 0.165488 0.0503916 0.0263749 0.410829 0.480997 0.774058
1305031533.639561 -2.41452 0.153798 0.0509153 0.0261503 0.419914 0.485065 0.766616
1305031533.675446 -2.42464 0.153989 0.0445364 0.0252927 0.426825 0.489346 0.76008
1305031533.707501 -2.42197 0.153158 0.0377417 0.0220696 0.43607 0.492974 0.752551
1305031533.739555 -2.42841 0.139099 0.0440494 0.0175651 0.449838 0.495594 0.742781
1305031533.775530 -2.44248 0.118835 0.0601775 0.0118817 0.462511 0.498678 0.732982
1305031533.807707 -2.42298 0.0868698 0.0882629 0.011225 0.468755 0.504341 0.725109
1305031533.839329 -2.43142 0.0412599 0.124942 0.0177611 0.465334 0.506793 0.725472
1305031533.875471 -2.43634 0.0238834 0.14382 0.0314559 0.447985 0.505641 0.736646
1305031533.907441 -2.43785 0.00451807 0.16429 0.0470032 0.426383 0.501952 0.751021
1305031533.939530 -2.4425 -0.00706744 0.173554 0.0609518 0.401572 0.49625 0.767307
1305031533.975439 -2.43954 -0.0101508 0.189836 0.0784958 0.37983 0.485497 0.783492
1305031534.007323 -2.42265 -0.0263001 0.197188 0.093149 0.359604 0.474446 0.798066
1305031534.039458 -2.42591 -0.0391168 0.201195 0.107925 0.345993 0.465342 0.807526
1305031534.075484 -2.41829 -0.0516927 0.210267 0.124052 0.334489 0.455557 0.815596
1305031534.107442 -2.40651 -0.0538065 0.2076 0.141663 0.330323 0.44162 0.822065
1305031534.139529 -2.41449 -0.0714982 0.204542 0.150449 0.336046 0.433422 0.822547
1305031534.175381 -2.41441 -0.0801112 0.218508 0.16329 0.340595 0.420114 0.825127
1305031534.207436 -2.42362 -0.0943143 0.220658 0.172599 0.343001 0.412332 0.826161
1305031534.239529 -2.42855 -0.1114 0.225801 0.173527 0.341138 0.408267 0.828753
1305031534.275475 -2.42453 -0.121132 0.232146 0.17705 0.337423 0.405142 0.831059
1305031534.307945 -2.41389 -0.128114 0.229925 0.180434 0.336612 0.401679 0.83234
1305031534.339859 -2.40731 -0.138233 0.234736 0.185282 0.339617 0.395159 0.833175
1305031534.375478 -2.40364 -0.141129 0.230283 0.190347 0.344077 0.38861 0.833284
1305031534.407595 -2.39772 -0.150718 0.239445 0.197758 0.350441 0.384007 0.831037
1305031534.439543 -2.39036 -0.164131 0.250381 0.208069 0.353611 0.375901 0.830882
1305031534.475605 -2.39572 -0.173637 0.244945 0.212632 0.352458 0.37218 0.831891
1305031534.507525 -2.39114 -0.181774 0.246786 0.216378 0.347257 0.37236 0.833031
1305031534.539582 -2.38215 -0.19232 0.258355 0.223661 0.342538 0.368713 0.834682
1305031534.575414 -2.38197 -0.192793 0.257551 0.230395 0.336046 0.363366 0.837828
1305031534.607494 -2.3854 -0.192981 0.259185 0.233568 0.326994 0.360238 0.841873
1305031534.639696 -2.37996 -0.194793 0.257951 0.23352 0.31735 0.358741 0.846205
1305031534.675511 -2.36848 -0.198788 0.261451 0.234224 0.310751 0.358685 0.84848
1305031534.707481 -2.35964 -0.198042 0.262876 0.236311 0.305365 0.355534 0.851179
1305031534.739665 -2.36172 -0.198863 0.262089 0.234692 0.303472 0.350154 0.854528
1305031534.775491 -2.35514 -0.196712 0.270594 0.237322 0.299731 0.34786 0.856057
1305031534.807516 -2.35196 -0.195371 0.275628 0.241036 0.294673 0.345298 0.857811
1305031534.839569 -2.34123 -0.194782 0.280912 0.246353 0.28827 0.339808 0.860663
1305031534.875499 -2.34054 -0.188732 0.278186 0.250383 0.285181 0.327404 0.865325
1305031534.907458 -2.34443 -0.191042 0.271314 0.2481 0.293998 0.321996 0.865061
1305031534.939556 -2.33057 -0.188931 0.26501 0.250195 0.301679 0.318012 0.863285
1305031534.975464 -2.32699 -0.185573 0.267087 0.256691 0.305201 0.309914 0.863085
1305031535.007643 -2.34848 -0.190207 0.271959 0.261814 0.305742 0.301798 0.86423
1305031535.039655 -2.36316 -0.186889 0.268957 0.26258 0.300573 0.29734 0.86735
1305031535.075490 -2.35747 -0.189194 0.26659 0.262732 0.295751 0.301524 0.867518
1305031535.107796 -2.36338 -0.186017 0.269278 0.265469 0.290415 0.303352 0.86785
1305031535.139465 -2.37485 -0.188863 0.273261 0.265511 0.282141 0.304556 0.870142
1305031535.175406 -2.38155 -0.186235 0.27644 0.265924 0.268786 0.303608 0.874563
1305031535.207514 -2.38392 -0.192729 0.27623 0.262639 0.256205 0.303984 0.879189
1305031535.239511 -2.37928 -0.195585 0.278545 0.262109 0.243095 0.303202 0.883331
1305031535.275537 -2.37637 -0.200737 0.271499 0.258989 0.232769 0.300515 0.887938
1305031535.307409 -2.37691 -0.202558 0.272255 0.258173 0.224014 0.298109 0.891233
1305031535.339468 -2.37305 -0.202179 0.270198 0.257552 0.211795 0.293237 0.896003
1305031535.375492 -2.37415 -0.209433 0.269697 0.25543 0.204343 0.288028 0.900022
1305031535.407712 -2.36652 -0.2117 0.270945 0.257064 0.194818 0.281448 0.903743
1305031535.439618 -2.36278 -0.211111 0.27386 0.261703 0.18701 0.271824 0.907001
1305031535.475595 -2.35916 -0.216517 0.271156 0.265604 0.180086 0.261186 0.910388
1305031535.507701 -2.35779 -0.220381 0.267274 0.270406 0.176171 0.251265 0.91253
1305031535.539515 -2.36797 -0.219656 0.257608 0.273151 0.176747 0.241951 0.914116
1305031535.575567 -2.39904 -0.230717 0.252261 0.26769 0.184497 0.237731 0.915307
1305031535.607524 -2.39861 -0.222592 0.256982 0.268192 0.186087 0.234127 0.915767
1305031535.639591 -2.40719 -0.228932 0.251173 0.263152 0.187271 0.232024 0.917522
1305031535.675500 -2.42026 -0.23583 0.246669 0.253442 0.189373 0.234387 0.919221
1305031535.707524 -2.4193 -0.226871 0.250512 0.248021 0.188714 0.237203 0.920113
1305031535.739708 -2.4182 -0.222964 0.248523 0.240184 0.188981 0.239278 0.921599
1305031535.775437 -2.42005 -0.218469 0.248753 0.231604 0.191678 0.244352 0.921906
1305031535.807496 -2.41143 -0.199724 0.252146 0.2305 0.190774 0.250188 0.920805
1305031535.840053 -2.41267 -0.197662 0.247327 0.223199 0.191283 0.256783 0.920682
1305031535.875502 -2.40432 -0.185474 0.248261 0.219692 0.193013 0.262378 0.919586
1305031535.907487 -2.39889 -0.180978 0.239302 0.212182 0.198063 0.269332 0.918265
1305031535.939747 -2.39994 -0.177717 0.232479 0.200448 0.205869 0.275309 0.917412
1305031535.975512 -2.40141 -0.172767 0.22861 0.186618 0.212679 0.283533 0.91627
1305031536.007462 -2.39572 -0.159781 0.225183 0.174483 0.217987 0.292771 0.914507
1305031536.039667 -2.39281 -0.148864 0.221437 0.161744 0.224222 0.302275 0.912246
1305031536.075538 -2.39397 -0.140203 0.215072 0.146313 0.231525 0.312903 0.90944
1305031536.107579 -2.38682 -0.128926 0.214231 0.133033 0.240257 0.324795 0.905034
1305031536.139540 -2.38367 -0.119107 0.208517 0.119837 0.250449 0.337676 0.899383
1305031536.175699 -2.38016 -0.107257 0.201987 0.107087 0.261728 0.349975 0.893056
1305031536.207474 -2.37635 -0.0937895 0.192805 0.093734 0.273116 0.363716 0.885625
1305031536.239482 -2.37373 -0.0787746 0.18576 0.0824854 0.285206 0.379438 0.876288
1305031536.275618 -2.37186 -0.0670503 0.18273 0.0736611 0.298784 0.395323 0.865461
1305031536.307472 -2.37205 -0.0571106 0.174465 0.0652586 0.31129 0.410462 0.854612
1305031536.339530 -2.37442 -0.0471142 0.166496 0.0568204 0.323672 0.425483 0.843192
1305031536.375786 -2.36796 -0.0385965 0.163453 0.0502309 0.336233 0.438756 0.831816
1305031536.407665 -2.37176 -0.0309765 0.153326 0.0435713 0.34864 0.452653 0.819547
1305031536.439546 -2.37504 -0.0227488 0.148919 0.0369224 0.358285 0.463859 0.809385
1305031536.475492 -2.37712 -0.0180364 0.150249 0.0319539 0.365895 0.473339 0.800656
1305031536.507648 -2.37779 -0.0152945 0.149739 0.0285971 0.36945 0.482666 0.793551
1305031536.539583 -2.3848 -0.00980159 0.1496 0.0264113 0.369389 0.489071 0.789724
1305031536.575660 -2.38598 -0.00097351 0.147591 0.0258685 0.369113 0.496301 0.785349
1305031536.607624 -2.38987 0.00721858 0.142713 0.0254862 0.369235 0.503356 0.7808
1305031536.639838 -2.3999 0.0136471 0.143984 0.0239296 0.367258 0.508651 0.778346
1305031536.675456 -2.39865 0.0245727 0.14046 0.02209 0.361903 0.511718 0.778899
1305031536.707472 -2.39771 0.0390583 0.128724 0.0194974 0.358388 0.51287 0.779835
1305031536.739722 -2.39454 0.0483507 0.1249 0.0166885 0.359943 0.5121 0.77969
1305031536.775321 -2.39405 0.0543615 0.124436 0.0148677 0.360248 0.507819 0.782381
1305031536.807301 -2.40641 0.063571 0.120124 0.0131031 0.359696 0.502848 0.785869
1305031536.839527 -2.40888 0.072635 0.115107 0.0103551 0.357824 0.499445 0.788929
1305031536.875419 -2.40146 0.0852162 0.105044 0.0079324 0.35481 0.492688 0.794547
1305031536.907491 -2.40249 0.0989015 0.0899011 0.00611346 0.356621 0.4844 0.798837
1305031536.939530 -2.40561 0.105677 0.0834475 0.00545098 0.362236 0.478677 0.799765
1305031536.975375 -2.40417 0.113805 0.0717722 0.00502914 0.363412 0.472768 0.802744
1305031537.007412 -2.40952 0.126125 0.0551064 0.00473264 0.365197 0.466676 0.805495
1305031537.039427 -2.41131 0.135544 0.0436426 0.00363494 0.366574 0.462183 0.807464
1305031537.075341 -2.40946 0.147887 0.0267701 0.00177426 0.365307 0.456734 0.811136
1305031537.107337 -2.40499 0.162823 0.00810384 0.000495706 0.36611 0.449942 0.814565
1305031537.140656 -2.40141 0.170861 -0.00574528 -0.00114882 0.368026 0.442865 0.817574
1305031537.175377 -2.40074 0.180875 -0.0225855 -0.00213752 0.367284 0.43491 0.822163
1305031537.207445 -2.39497 0.188709 -0.0389258 -0.00288156 0.364913 0.427527 0.827074
1305031537.239415 -2.39298 0.198396 -0.0599258 -0.00355307 0.360822 0.420003 0.832702
1305031537.275504 -2.38792 0.210753 -0.0801678 -0.00439039 0.356563 0.411735 0.838641
1305031537.307646 -2.38154 0.216847 -0.0964714 -0.00556519 0.352363 0.403481 0.844401
1305031537.339718 -2.37555 0.223995 -0.113561 -0.00566584 0.346927 0.39345 0.851356
1305031537.375388 -2.37248 0.228197 -0.13255 -0.00577836 0.339837 0.385279 0.857927
1305031537.407396 -2.3696 0.234101 -0.151549 -0.00618691 0.330195 0.37748 0.865125
1305031537.439649 -2.36059 0.242363 -0.169373 -0.0063835 0.318347 0.367016 0.874022
1305031537.475520 -2.3561 0.249854 -0.187325 -0.00667548 0.308908 0.356198 0.881847
1305031537.507492 -2.35587 0.26161 -0.208908 -0.00875778 0.301152 0.345977 0.888556
1305031537.539497 -2.34515 0.268125 -0.22027 -0.0105567 0.296298 0.339021 0.892839
1305031537.575529 -2.33466 0.268212 -0.230188 -0.00933188 0.292447 0.334749 0.895729
1305031537.607507 -2.32527 0.268308 -0.243089 -0.00655167 0.283134 0.329427 0.900705
1305031537.643442 -2.31332 0.275001 -0.257052 -0.00184128 0.272426 0.320765 0.907133
1305031537.675306 -2.29634 0.279014 -0.270879 0.00355732 0.266032 0.31146 0.912254
1305031537.707483 -2.28471 0.286059 -0.288149 0.00934694 0.261887 0.301015 0.916907
1305031537.743426 -2.27225 0.287484 -0.298924 0.014664 0.258983 0.29039 0.921079
1305031537.775469 -2.26504 0.290976 -0.31155 0.0210509 0.25585 0.283075 0.924103
1305031537.807576 -2.25307 0.297976 -0.32552 0.0267215 0.249045 0.275713 0.928033
1305031537.843458 -2.23414 0.304398 -0.339007 0.0310825 0.241538 0.266458 0.932574
1305031537.875571 -2.22257 0.31278 -0.355535 0.0342682 0.237412 0.258274 0.935818
1305031537.907514 -2.21093 0.323369 -0.370234 0.0359939 0.233235 0.251079 0.938757
1305031537.943469 -2.19096 0.330489 -0.381216 0.0353335 0.227215 0.244523 0.941984
1305031537.975426 -2.17187 0.337326 -0.390923 0.0371806 0.223425 0.238267 0.944419
1305031538.007529 -2.15826 0.344568 -0.404807 0.0365547 0.21781 0.235005 0.94657
1305031538.043452 -2.13271 0.348105 -0.408765 0.036175 0.209755 0.231736 0.949206
1305031538.075565 -2.11584 0.344097 -0.411605 0.0399142 0.202011 0.232794 0.950476
1305031538.107629 -2.09792 0.351337 -0.427227 0.0457905 0.187574 0.235042 0.952615
1305031538.143487 -2.06113 0.354042 -0.436235 0.0491815 0.171466 0.231212 0.956411
1305031538.175565 -2.0344 0.3489 -0.440169 0.0556324 0.165536 0.223317 0.958974
1305031538.207697 -2.01689 0.347751 -0.453099 0.0653486 0.162604 0.216221 0.960488
1305031538.243517 -1.99721 0.350878 -0.467168 0.0748935 0.156932 0.206492 0.962873
1305031538.275489 -1.97855 0.345483 -0.474001 0.0847395 0.152147 0.19612 0.964991
1305031538.307386 -1.96321 0.346078 -0.485899 0.0968588 0.145402 0.185105 0.967064
1305031538.343413 -1.94657 0.348385 -0.500523 0.107334 0.136765 0.176011 0.968914
1305031538.375553 -1.93349 0.349378 -0.511144 0.117949 0.130613 0.170344 0.969542
1305031538.407511 -1.91723 0.352663 -0.523787 0.128044 0.120603 0.165383 0.970416
1305031538.443598 -1.90174 0.359323 -0.537257 0.137481 0.108727 0.158643 0.971653
1305031538.475570 -1.88943 0.368899 -0.55479 0.143758 0.0973771 0.153376 0.972794
1305031538.507548 -1.87339 0.383069 -0.571826 0.145613 0.0851051 0.147461 0.974581
1305031538.543450 -1.85626 0.40167 -0.585991 0.144819 0.0752959 0.138384 0.976836
1305031538.575524 -1.83685 0.418978 -0.606476 0.136102 0.0678379 0.132523 0.979445
1305031538.607517 -1.8067 0.431337 -0.606665 0.129769 0.0626247 0.129359 0.981073
1305031538.643479 -1.7978 0.450169 -0.618265 0.127115 0.059545 0.124354 0.982259
1305031538.675433 -1.7998 0.474254 -0.649114 0.114848 0.0512385 0.121385 0.984607
1305031538.707490 -1.77962 0.488472 -0.656599 0.0961948 0.0359371 0.122597 0.98713
1305031538.743572 -1.75266 0.505318 -0.662937 0.081705 0.0217968 0.124721 0.988582
1305031538.775491 -1.73217 0.52441 -0.686146 0.0630853 0.0122908 0.124907 0.990084
1305031538.808089 -1.70659 0.539302 -0.690052 0.0422577 0.00560808 0.12138 0.99169
1305031538.843518 -1.68255 0.55041 -0.692251 0.0272228 0.00398543 0.117406 0.992703
1305031538.875656 -1.66203 0.564662 -0.702178 0.0145509 0.00311798 0.116336 0.993098
1305031538.907498 -1.64295 0.579289 -0.711416 0.0016714 0.00194856 0.116119 0.993232
1305031538.943414 -1.61831 0.590739 -0.714538 -0.00905795 -0.000167956 0.116777 0.993117
1305031538.975507 -1.59391 0.601884 -0.721383 -0.0186025 -0.0017992 0.116404 0.993026
1305031539.007520 -1.56813 0.611838 -0.727747 -0.0277638 -0.00321609 0.115207 0.992948
1305031539.043445 -1.54525 0.621436 -0.730997 -0.0348286 -0.00385097 0.112356 0.99305
1305031539.075515 -1.51581 0.634945 -0.741432 -0.0428173 -0.00831072 0.108022 0.993191
1305031539.107503 -1.49276 0.646544 -0.744355 -0.0512271 -0.0104789 0.103207 0.993285
1305031539.143607 -1.46484 0.655881 -0.749315 -0.0608074 -0.0167731 0.0971859 0.993265
1305031539.175587 -1.43697 0.672393 -0.75526 -0.0709631 -0.0271915 0.0919457 0.99286
1305031539.207601 -1.41625 0.685294 -0.755742 -0.0838597 -0.0391562 0.0846022 0.992107
1305031539.243449 -1.38873 0.692616 -0.752923 -0.0973067 -0.0525108 0.0762623 0.990938
1305031539.275652 -1.34509 0.705647 -0.756287 -0.110728 -0.069383 0.0643855 0.989333
1305031539.307521 -1.30921 0.71953 -0.756531 -0.125544 -0.0796297 0.0456429 0.987833
1305031539.343842 -1.28331 0.72649 -0.754596 -0.14103 -0.0822104 0.0246978 0.986277
1305031539.375556 -1.25088 0.732755 -0.755722 -0.157374 -0.0857728 0.00104355 0.983807
1305031539.407846 -1.2317 0.7337 -0.753353 -0.177131 -0.0840554 -0.0156548 0.980466
1305031539.443431 -1.22801 0.742682 -0.748284 -0.18376 -0.0806898 -0.0265195 0.979295
1305031539.475605 -1.21038 0.741125 -0.746775 -0.192489 -0.0895079 -0.0324714 0.976669
1305031539.507506 -1.1892 0.744721 -0.748643 -0.19809 -0.0988909 -0.0378167 0.974449
1305031539.543459 -1.16552 0.746406 -0.747327 -0.199902 -0.107444 -0.0427114 0.97297
1305031539.575448 -1.13933 0.738337 -0.745165 -0.2017 -0.116879 -0.0529413 0.971006
1305031539.607559 -1.11104 0.739435 -0.746951 -0.19784 -0.125257 -0.0667001 0.969908
1305031539.643437 -1.0857 0.738887 -0.745304 -0.191169 -0.131231 -0.0782787 0.96959
1305031539.675458 -1.06255 0.728626 -0.743453 -0.187195 -0.13765 -0.0892128 0.968531
1305031539.707426 -1.03655 0.721975 -0.74306 -0.182794 -0.147426 -0.100635 0.966811
1305031539.743465 -1.01065 0.717057 -0.742415 -0.180993 -0.156931 -0.110947 0.964523
1305031539.775488 -0.987997 0.715987 -0.737621 -0.177413 -0.166962 -0.11927 0.962509
1305031539.807653 -0.968879 0.705884 -0.731558 -0.178749 -0.180217 -0.128141 0.958723
1305031539.843466 -0.9409 0.705796 -0.727156 -0.178147 -0.195143 -0.139168 0.954366
1305031539.875593 -0.914464 0.705506 -0.720344 -0.178696 -0.208695 -0.152073 0.949414
1305031539.907642 -0.883671 0.705821 -0.711838 -0.18009 -0.220919 -0.167771 0.943724
1305031539.943541 -0.864376 0.713184 -0.700939 -0.172967 -0.22365 -0.178561 0.942432
1305031539.975883 -0.845572 0.706358 -0.691226 -0.170732 -0.226117 -0.18857 0.940299
1305031540.007422 -0.82143 0.711573 -0.681242 -0.160273 -0.227135 -0.196396 0.940293
1305031540.043468 -0.815198 0.706094 -0.669894 -0.149639 -0.222105 -0.197665 0.942977
1305031540.075632 -0.799103 0.696853 -0.662923 -0.138195 -0.221594 -0.198879 0.944587
1305031540.107421 -0.771827 0.693403 -0.655043 -0.124632 -0.221017 -0.196701 0.947062
1305031540.143443 -0.754446 0.691013 -0.64702 -0.108392 -0.214311 -0.193634 0.951224
1305031540.175595 -0.736842 0.684493 -0.642369 -0.0931992 -0.20681 -0.18687 0.955836
1305031540.207411 -0.732526 0.67846 -0.639317 -0.0747938 -0.202511 -0.181418 0.959418
1305031540.243496 -0.717375 0.669837 -0.642336 -0.0599698 -0.205793 -0.174178 0.961101
1305031540.275604 -0.692171 0.672979 -0.639934 -0.0426094 -0.212138 -0.16547 0.962186
1305031540.307411 -0.671822 0.661901 -0.635141 -0.0301796 -0.214726 -0.157146 0.963476
1305031540.343456 -0.642725 0.657498 -0.631716 -0.0158958 -0.213195 -0.144647 0.966112
1305031540.375438 -0.636024 0.647257 -0.632093 -0.0032891 -0.205142 -0.131122 0.969903
1305031540.407504 -0.618164 0.642097 -0.635836 0.0101164 -0.20435 -0.117086 0.971817
1305031540.443453 -0.59787 0.636375 -0.635143 0.023314 -0.203424 -0.101306 0.973556
1305031540.475476 -0.581326 0.625687 -0.636637 0.0352113 -0.201838 -0.0864862 0.974957
1305031540.507525 -0.547552 0.620233 -0.634089 0.0475542 -0.204477 -0.0762947 0.974734
1305031540.543427 -0.528648 0.612021 -0.633637 0.0611996 -0.19467 -0.0674895 0.976628
1305031540.575635 -0.508304 0.610003 -0.638576 0.0753176 -0.183081 -0.0566202 0.978572
1305031540.607508 -0.484379 0.606806 -0.6396 0.082414 -0.17323 -0.0480475 0.98025
1305031540.643443 -0.466653 0.598481 -0.640795 0.0887998 -0.157879 -0.0389349 0.982687
1305031540.675895 -0.447804 0.600711 -0.643276 0.0968341 -0.144179 -0.0256606 0.984468
1305031540.707442 -0.425246 0.59839 -0.645888 0.100179 -0.129769 -0.0153618 0.986351
1305031540.743545 -0.402284 0.590084 -0.643625 0.103473 -0.112587 -0.0051751 0.988226
1305031540.775513 -0.380408 0.588986 -0.645598 0.108472 -0.0907064 0.00666812 0.98993
1305031540.807495 -0.364649 0.586272 -0.650869 0.110418 -0.0652424 0.0179158 0.99158
1305031540.843557 -0.350564 0.584481 -0.65217 0.113244 -0.0438248 0.0280276 0.992204
1305031540.875472 -0.336605 0.586815 -0.655783 0.116976 -0.0223062 0.0380792 0.992154
1305031540.907447 -0.322473 0.586272 -0.660144 0.118451 -0.00230143 0.050278 0.991683
1305031540.943442 -0.313824 0.584375 -0.659071 0.120816 0.0128384 0.0637099 0.990545
1305031540.975401 -0.309276 0.582621 -0.656784 0.12715 0.0271179 0.0744219 0.988716
1305031541.007473 -0.298755 0.583357 -0.660817 0.132874 0.039078 0.0864869 0.986579
1305031541.043464 -0.292054 0.580525 -0.659562 0.14014 0.0488211 0.0986014 0.983999
1305031541.075485 -0.286203 0.581559 -0.662863 0.145326 0.0534108 0.104333 0.982416
1305031541.107513 -0.282652 0.582444 -0.663056 0.148439 0.0616563 0.108988 0.980962
1305031541.143507 -0.278358 0.582539 -0.659134 0.153559 0.0715115 0.114575 0.978866
1305031541.175472 -0.273187 0.58246 -0.66097 0.153222 0.0715567 0.1188 0.978411
1305031541.207454 -0.272599 0.582317 -0.657856 0.148989 0.068942 0.120307 0.979069
1305031541.243593 -0.273351 0.579937 -0.652582 0.143992 0.0647372 0.12365 0.979687
1305031541.275691 -0.272031 0.577538 -0.646956 0.138655 0.0563366 0.125123 0.980788
1305031541.307436 -0.273981 0.576566 -0.640959 0.134401 0.0451867 0.124099 0.982086
1305031541.343493 -0.273819 0.574132 -0.63626 0.127666 0.0317025 0.121284 0.983863
1305031541.375507 -0.275205 0.570628 -0.630045 0.120991 0.0199456 0.116735 0.985564
1305031541.407707 -0.278021 0.56776 -0.622739 0.116285 0.00784335 0.109034 0.987182
1305031541.443699 -0.281363 0.562755 -0.618694 0.112449 -0.00497662 0.0990067 0.9887
1305031541.475389 -0.285959 0.558541 -0.614172 0.105757 -0.0190778 0.08487 0.99058
1305031541.507656 -0.288233 0.552687 -0.608685 0.0995837 -0.0320923 0.0709468 0.991978
1305031541.543489 -0.294441 0.549984 -0.604933 0.0934095 -0.0440117 0.0571225 0.993013
1305031541.575608 -0.297569 0.542396 -0.597325 0.0874706 -0.0596424 0.0412034 0.993526
1305031541.607431 -0.29926 0.535863 -0.591308 0.0833002 -0.0766372 0.0256436 0.993242
1305031541.643543 -0.303727 0.533617 -0.586486 0.0801534 -0.0938236 0.00754377 0.992328
1305031541.675424 -0.306077 0.527852 -0.582408 0.0757948 -0.109659 -0.0139142 0.990977
1305031541.707418 -0.309797 0.53108 -0.577631 0.0743083 -0.124997 -0.0386166 0.988616
1305031541.743439 -0.309138 0.524293 -0.571825 0.0695043 -0.140362 -0.0733471 0.98493
1305031541.775415 -0.312951 0.52225 -0.567953 0.0641927 -0.147079 -0.10674 0.981251
1305031541.807470 -0.328547 0.51915 -0.566732 0.0568758 -0.153403 -0.137824 0.97685
1305031541.843441 -0.33284 0.510741 -0.564286 0.0540012 -0.169165 -0.162731 0.970559
1305031541.875438 -0.346243 0.511485 -0.566938 0.0512208 -0.184346 -0.179764 0.964924
1305031541.907570 -0.361904 0.509305 -0.566521 0.046225 -0.202801 -0.191084 0.959282
1305031541.943524 -0.371222 0.506196 -0.563051 0.0435602 -0.223269 -0.195331 0.953991
1305031541.975524 -0.376573 0.503406 -0.559971 0.0407096 -0.246794 -0.198356 0.947676
1305031542.007694 -0.376318 0.500013 -0.552953 0.0390815 -0.270556 -0.202707 0.940309
1305031542.043489 -0.363705 0.492681 -0.540571 0.0383299 -0.288689 -0.209831 0.93336
1305031542.075555 -0.353919 0.492286 -0.528831 0.038878 -0.300436 -0.219277 0.92744
1305031542.107416 -0.355165 0.4932 -0.522584 0.0368947 -0.305914 -0.22961 0.92322
1305031542.143525 -0.371922 0.492326 -0.520748 0.0350131 -0.30852 -0.237521 0.92042
1305031542.175524 -0.369945 0.49509 -0.512501 0.0309491 -0.322091 -0.240871 0.91503
1305031542.207368 -0.376356 0.493871 -0.505831 0.0265869 -0.332377 -0.247928 0.909588
1305031542.244091 -0.369241 0.488983 -0.492746 0.0225302 -0.343364 -0.252165 0.904437
1305031542.275425 -0.353164 0.487974 -0.477093 0.0184009 -0.348819 -0.25679 0.901136
1305031542.307528 -0.353623 0.482884 -0.4624 0.0140077 -0.345414 -0.264047 0.900429
1305031542.343479 -0.35956 0.481433 -0.456835 0.0106054 -0.339094 -0.267258 0.901929
1305031542.375553 -0.358202 0.481867 -0.449049 0.00516605 -0.338033 -0.266517 0.902594
1305031542.407482 -0.358342 0.475223 -0.434727 -0.0016273 -0.338782 -0.264896 0.902804
1305031542.443447 -0.361425 0.467264 -0.423009 -0.00573383 -0.339736 -0.261597 0.90339
1305031542.475446 -0.35582 0.464531 -0.414475 -0.00881504 -0.341735 -0.254217 0.904717
1305031542.507447 -0.344588 0.454519 -0.395148 -0.0126068 -0.346819 -0.248726 0.904264
1305031542.543425 -0.341452 0.441591 -0.378904 -0.0140928 -0.348505 -0.24423 0.904819
1305031542.575428 -0.334411 0.437617 -0.372233 -0.0143515 -0.348168 -0.235217 0.907329
1305031542.607410 -0.322705 0.42918 -0.355621 -0.0161387 -0.352074 -0.228457 0.907519
1305031542.643424 -0.314227 0.41683 -0.339074 -0.0172044 -0.355102 -0.223766 0.907488
1305031542.675341 -0.300078 0.40878 -0.324153 -0.0158647 -0.358247 -0.221864 0.906743
1305031542.707362 -0.285267 0.404981 -0.310143 -0.0154619 -0.357967 -0.220702 0.907145
1305031542.743855 -0.281457 0.395312 -0.297021 -0.0177518 -0.355683 -0.220449 0.908062
1305031542.775624 -0.276358 0.387498 -0.285246 -0.0181275 -0.357638 -0.2223 0.906834
1305031542.807676 -0.263401 0.385081 -0.27457 -0.0195828 -0.356655 -0.221612 0.90736
1305031542.843453 -0.256203 0.37816 -0.258172 -0.0226067 -0.35434 -0.222248 0.908041
1305031542.875473 -0.24957 0.371203 -0.243162 -0.02544 -0.353155 -0.224152 0.907959
1305031542.907374 -0.245405 0.364326 -0.22573 -0.0286029 -0.353968 -0.226349 0.907003
1305031542.943449 -0.245408 0.357242 -0.211701 -0.0318518 -0.356329 -0.226265 0.905991
1305031542.975416 -0.237079 0.35264 -0.196622 -0.0356367 -0.360665 -0.224431 0.904589
1305031543.007462 -0.234064 0.343254 -0.175935 -0.0405769 -0.366279 -0.222806 0.902525
1305031543.043546 -0.224924 0.337692 -0.161326 -0.0448768 -0.37074 -0.220652 0.901027
1305031543.075465 -0.213807 0.33235 -0.141182 -0.0490811 -0.375155 -0.22107 0.898876
1305031543.107471 -0.205113 0.324531 -0.120992 -0.0542536 -0.376525 -0.222 0.897776
1305031543.143424 -0.203247 0.31478 -0.101016 -0.0596413 -0.377528 -0.22226 0.896948
1305031543.175587 -0.200278 0.306804 -0.0847003 -0.0644524 -0.379109 -0.216313 0.897402
1305031543.207464 -0.194403 0.300966 -0.0695935 -0.0690573 -0.381163 -0.206862 0.898417
1305031543.243490 -0.188247 0.289317 -0.0485941 -0.0728287 -0.386384 -0.199425 0.897571
1305031543.275504 -0.185024 0.278798 -0.0353141 -0.0718122 -0.389598 -0.192299 0.897818
1305031543.307391 -0.179353 0.276077 -0.029539 -0.0687466 -0.390994 -0.185694 0.898841
1305031543.343502 -0.175636 0.267639 -0.0187086 -0.0651905 -0.394807 -0.182615 0.89807
1305031543.375520 -0.176001 0.261926 -0.0175666 -0.0582892 -0.39792 -0.181993 0.897296
1305031543.407575 -0.173196 0.258155 -0.0171086 -0.0519017 -0.400622 -0.180739 0.896739
1305031543.443593 -0.171975 0.257226 -0.0209268 -0.0467028 -0.401931 -0.178236 0.89694
1305031543.475420 -0.17291 0.253344 -0.0232369 -0.0412605 -0.407177 -0.180818 0.89432
1305031543.507652 -0.174814 0.25033 -0.029849 -0.0347006 -0.412361 -0.184111 0.891548
1305031543.543433 -0.174273 0.248672 -0.0374433 -0.0297886 -0.415045 -0.185765 0.890136
1305031543.575393 -0.177885 0.246479 -0.0479617 -0.0260712 -0.419277 -0.189303 0.88752
1305031543.607524 -0.179623 0.247271 -0.0615866 -0.0231976 -0.426171 -0.196803 0.882671
1305031543.643400 -0.188306 0.242178 -0.0734549 -0.0228559 -0.427758 -0.19962 0.881278
1305031543.675460 -0.19403 0.234089 -0.0871142 -0.02065 -0.42976 -0.201457 0.87994
1305031543.707478 -0.195909 0.233892 -0.105451 -0.0180926 -0.431292 -0.202285 0.879057
1305031543.743399 -0.205266 0.22746 -0.124122 -0.0181247 -0.431882 -0.19991 0.87931
1305031543.775642 -0.207792 0.222018 -0.142516 -0.0175334 -0.435721 -0.196187 0.878266
1305031543.807514 -0.207029 0.218554 -0.160861 -0.0219895 -0.43958 -0.193754 0.876781
1305031543.843406 -0.212698 0.211992 -0.18131 -0.0293778 -0.439261 -0.188947 0.877773
1305031543.875410 -0.211937 0.2065 -0.202675 -0.0364756 -0.437039 -0.183125 0.879847
1305031543.907459 -0.214122 0.195558 -0.218484 -0.0435802 -0.434873 -0.17987 0.881268
1305031543.943413 -0.212144 0.185235 -0.23678 -0.0468868 -0.429051 -0.176712 0.884584
1305031543.975473 -0.208837 0.171532 -0.24908 -0.0476262 -0.421989 -0.175072 0.88826
1305031544.007491 -0.205337 0.165599 -0.27044 -0.0445724 -0.409073 -0.170804 0.895264
1305031544.043491 -0.197724 0.168783 -0.295914 -0.0405361 -0.394163 -0.16724 0.902786
1305031544.075509 -0.211255 0.159878 -0.318895 -0.0411558 -0.377542 -0.163189 0.91057
1305031544.107376 -0.225269 0.158347 -0.352121 -0.0359817 -0.363568 -0.155974 0.917712
1305031544.143795 -0.220297 0.156917 -0.373814 -0.0320447 -0.357257 -0.151076 0.92115
1305031544.175829 -0.224482 0.155395 -0.393752 -0.0256403 -0.346364 -0.146741 0.926197
1305031544.207354 -0.225729 0.164268 -0.422451 -0.017928 -0.333009 -0.143091 0.931831
1305031544.243427 -0.230404 0.168626 -0.445062 -0.0123086 -0.319649 -0.141564 0.936821
1305031544.275540 -0.241458 0.174504 -0.47088 -0.00543582 -0.304263 -0.142332 0.941879
1305031544.307370 -0.254707 0.186062 -0.500512 0.000933449 -0.290021 -0.14315 0.946253
1305031544.343409 -0.260098 0.202121 -0.527297 0.00362266 -0.278884 -0.144448 0.949392
1305031544.375459 -0.263122 0.218275 -0.546335 -0.00229367 -0.269041 -0.147283 0.951798
1305031544.407333 -0.300849 0.218564 -0.572353 -0.0122919 -0.254035 -0.151105 0.955239
1305031544.443375 -0.319284 0.231404 -0.593222 -0.0177561 -0.248913 -0.151325 0.956466
1305031544.475427 -0.343548 0.237134 -0.611336 -0.024914 -0.246201 -0.154227 0.956545
1305031544.507367 -0.365539 0.244746 -0.627347 -0.0287359 -0.24684 -0.158799 0.955524
1305031544.543416 -0.393715 0.250812 -0.642989 -0.0309953 -0.247284 -0.162401 0.954733
1305031544.575497 -0.398678 0.264981 -0.652907 -0.0331234 -0.253865 -0.163508 0.952744
1305031544.607409 -0.408039 0.277241 -0.659804 -0.0422997 -0.25928 -0.164406 0.950766
1305031544.643444 -0.442957 0.2896 -0.674386 -0.045869 -0.257771 -0.167766 0.950423
1305031544.675586 -0.460423 0.302817 -0.683893 -0.0479848 -0.262752 -0.168591 0.948807
1305031544.707411 -0.481086 0.30925 -0.689122 -0.0514403 -0.266083 -0.169964 0.947452
1305031544.743438 -0.501273 0.310991 -0.691041 -0.0497148 -0.266953 -0.173287 0.946697
1305031544.775418 -0.518228 0.319093 -0.696157 -0.0452842 -0.266603 -0.174114 0.946867
1305031544.807397 -0.525302 0.33334 -0.701566 -0.0436537 -0.268523 -0.17295 0.946614
1305031544.843491 -0.537863 0.343242 -0.704674 -0.0472786 -0.269603 -0.176151 0.945542
1305031544.875360 -0.558151 0.342608 -0.703013 -0.0516053 -0.267282 -0.180888 0.94508
1305031544.907423 -0.568134 0.348747 -0.701808 -0.0525442 -0.263833 -0.18774 0.944661
1305031544.943434 -0.596113 0.355062 -0.705494 -0.0556438 -0.256362 -0.194783 0.945115
1305031544.975537 -0.628679 0.356509 -0.709507 -0.0600487 -0.249845 -0.196547 0.946225
1305031545.007393 -0.643695 0.349183 -0.704533 -0.0642849 -0.247582 -0.19358 0.947152
1305031545.043477 -0.664345 0.342271 -0.700554 -0.064131 -0.24158 -0.190621 0.94931
1305031545.075369 -0.681822 0.345966 -0.704575 -0.0618847 -0.234271 -0.183226 0.952741
1305031545.107399 -0.695472 0.347208 -0.70467 -0.0619691 -0.226908 -0.172741 0.956469
1305031545.144171 -0.707145 0.347848 -0.703835 -0.0631434 -0.218087 -0.160021 0.960648
1305031545.175406 -0.723598 0.346642 -0.702589 -0.064917 -0.207877 -0.147699 0.964758
1305031545.207577 -0.745218 0.33505 -0.693361 -0.0660713 -0.199211 -0.136172 0.968198
1305031545.243483 -0.759865 0.338057 -0.695207 -0.06008 -0.192053 -0.123344 0.971747
1305031545.275369 -0.769384 0.34606 -0.697758 -0.0562759 -0.187296 -0.112144 0.974257
1305031545.307451 -0.782145 0.342897 -0.692485 -0.0564935 -0.181564 -0.102023 0.97644
1305031545.343494 -0.801638 0.337337 -0.688274 -0.0553355 -0.172832 -0.0898276 0.979285
1305031545.375545 -0.822406 0.331377 -0.684698 -0.0515117 -0.165959 -0.0771632 0.981759
1305031545.407452 -0.836004 0.32784 -0.682224 -0.0450628 -0.163172 -0.0668504 0.983298
1305031545.444180 -0.859509 0.314382 -0.676137 -0.0379241 -0.157042 -0.0573118 0.985198
1305031545.475423 -0.873283 0.31297 -0.675166 -0.022177 -0.155723 -0.04765 0.986402
1305031545.507394 -0.887675 0.310707 -0.67503 -0.00960485 -0.155854 -0.0398253 0.98693
1305031545.543418 -0.902813 0.310026 -0.673544 0.005846 -0.159079 -0.0372305 0.986546
1305031545.578078 -0.913893 0.314779 -0.674196 0.0185191 -0.165008 -0.0368072 0.985431
1305031545.607417 -0.926409 0.309919 -0.668845 0.028812 -0.169434 -0.0358983 0.984466
1305031545.643463 -0.938176 0.306272 -0.662791 0.0426549 -0.171361 -0.0375954 0.983566
1305031545.675289 -0.946795 0.312684 -0.662565 0.0597882 -0.172821 -0.0395396 0.982342
1305031545.707398 -0.942952 0.332617 -0.665268 0.0690005 -0.176361 -0.0376415 0.981182
1305031545.743570 -0.957448 0.33809 -0.660985 0.0697722 -0.177866 -0.0402366 0.980753
1305031545.775452 -0.964625 0.347651 -0.656764 0.0683277 -0.181027 -0.0427016 0.980172
1305031545.807404 -0.966986 0.358856 -0.653106 0.0637413 -0.18238 -0.0454312 0.980108
1305031545.843376 -0.971681 0.367542 -0.64756 0.0532313 -0.178435 -0.0470913 0.981382
1305031545.875537 -0.982983 0.373833 -0.638799 0.0434512 -0.17235 -0.0497364 0.982819
1305031545.907389 -0.986051 0.38894 -0.636162 0.0330492 -0.168958 -0.0527904 0.983653
1305031545.943457 -0.996267 0.395634 -0.628172 0.0183978 -0.162402 -0.0535806 0.985097
1305031545.975621 -1.00004 0.410171 -0.62453 0.00635835 -0.159054 -0.0528872 0.985832
1305031546.007516 -0.996446 0.423467 -0.619065 -0.00912892 -0.155727 -0.0540771 0.986277
1305031546.043769 -0.999575 0.430745 -0.611227 -0.0274897 -0.14431 -0.052831 0.987739
1305031546.075414 -1.00792 0.436755 -0.60501 -0.0418606 -0.132539 -0.053415 0.988852
1305031546.107395 -1.00849 0.447391 -0.600514 -0.0526574 -0.121684 -0.0499374 0.989912
1305031546.143502 -1.0099 0.45932 -0.597136 -0.0626672 -0.112106 -0.0465693 0.990624
1305031546.175952 -1.00874 0.471114 -0.592976 -0.0728572 -0.103093 -0.0422717 0.991099
1305031546.207500 -1.01097 0.475742 -0.584599 -0.0822504 -0.0900658 -0.0353982 0.991902
1305031546.243551 -1.01182 0.484782 -0.579844 -0.0857103 -0.0788221 -0.0276342 0.992813
1305031546.276098 -0.997298 0.503807 -0.57824 -0.0902263 -0.073947 -0.0171575 0.993024
1305031546.308110 -1.00216 0.509363 -0.570118 -0.0970199 -0.0618947 -0.00845882 0.99332
1305031546.343919 -1.0034 0.519314 -0.56523 -0.098077 -0.0553776 0.000323 0.993637
1305031546.376056 -0.996547 0.533328 -0.561368 -0.0987712 -0.0532778 0.00979459 0.993635
1305031546.407659 -0.998765 0.542141 -0.554269 -0.0988172 -0.0491516 0.0168097 0.993749
1305031546.443968 -0.990475 0.556792 -0.551868 -0.0995786 -0.0497224 0.0247095 0.993479
1305031546.475996 -0.990937 0.569033 -0.54475 -0.102375 -0.0454394 0.0283484 0.993303
1305031546.507967 -0.992935 0.576376 -0.53912 -0.103348 -0.0411114 0.0318045 0.993286
1305031546.544068 -0.987378 0.590708 -0.536453 -0.105761 -0.0401249 0.0366981 0.992904
1305031546.576412 -0.988678 0.603815 -0.532517 -0.110793 -0.0370679 0.0392338 0.992377
1305031546.607717 -0.984792 0.616135 -0.528728 -0.118084 -0.0361264 0.0428893 0.991419
1305031546.644200 -0.984716 0.62685 -0.523569 -0.125482 -0.032706 0.0446767 0.99055
1305031546.676003 -0.982125 0.636687 -0.518647 -0.130883 -0.0299693 0.0449997 0.989922
1305031546.707934 -0.977073 0.646969 -0.514626 -0.138578 -0.0275118 0.0457774 0.98891
1305031546.743887 -0.980487 0.658436 -0.508439 -0.145024 -0.0228672 0.0445996 0.988158
1305031546.775864 -0.985825 0.669189 -0.502742 -0.145827 -0.0175272 0.0437906 0.988185
1305031546.807996 -0.990455 0.676665 -0.497997 -0.146863 -0.0151105 0.0440351 0.988061
1305031546.844079 -0.998288 0.681438 -0.493436 -0.147488 -0.0117631 0.0455297 0.987945
1305031546.876064 -0.999812 0.688139 -0.488971 -0.142626 -0.0116663 0.0438406 0.988736
1305031546.907783 -1.00191 0.691142 -0.485134 -0.138194 -0.0109164 0.0423468 0.989439
1305031546.943858 -0.999917 0.692281 -0.481774 -0.138671 -0.0142302 0.0398443 0.989434
1305031546.975884 -1.00661 0.694245 -0.478249 -0.136497 -0.0130362 0.038188 0.989818
1305031547.011984 -1.00019 0.693044 -0.475483 -0.136178 -0.0176405 0.0359357 0.989875
1305031547.044214 -0.996274 0.692943 -0.472608 -0.134685 -0.0178829 0.0328282 0.990183
1305031547.076346 -0.996552 0.694055 -0.470932 -0.129262 -0.0145524 0.0307684 0.991026
1305031547.111991 -0.997654 0.693285 -0.470576 -0.124748 -0.0113858 0.0301396 0.991665
1305031547.144071 -0.998891 0.692434 -0.470987 -0.122142 -0.010354 0.0310943 0.991971
1305031547.175909 -1.00153 0.690588 -0.471705 -0.121002 -0.0120274 0.0326667 0.992042
1305031547.211964 -0.998417 0.687831 -0.472998 -0.11892 -0.0155871 0.0328588 0.992238
1305031547.244113 -0.998051 0.685927 -0.474829 -0.115719 -0.0161647 0.0325534 0.992617
1305031547.276546 -0.997397 0.68372 -0.476934 -0.114299 -0.0177089 0.0318597 0.992777
1305031547.312261 -0.999158 0.681798 -0.479291 -0.112447 -0.0181417 0.0330141 0.992943
1305031547.344192 -1.00136 0.680657 -0.481982 -0.111558 -0.0199926 0.0345129 0.992957
1305031547.376753 -1.00089 0.678478 -0.483212 -0.110905 -0.0235548 0.0355294 0.992916
1305031547.412260 -0.999575 0.677128 -0.48443 -0.109394 -0.0264127 0.0354278 0.993016
1305031547.444472 -0.998053 0.67431 -0.485103 -0.107389 -0.027699 0.0346185 0.993228
1305031547.476347 -0.995804 0.675214 -0.486031 -0.10518 -0.0283805 0.0336735 0.993478
1305031547.512114 -0.995422 0.675002 -0.485976 -0.104483 -0.0283591 0.0333545 0.993563
1305031547.544015 -0.996625 0.67193 -0.485327 -0.104602 -0.0262865 0.0341608 0.99358
1305031547.576437 -0.99559 0.675163 -0.485341 -0.103323 -0.0270104 0.0345976 0.993679
1305031547.612296 -0.994833 0.673874 -0.483895 -0.104402 -0.027453 0.035497 0.993522
1305031547.644160 -0.992605 0.673371 -0.483512 -0.104391 -0.0273037 0.0361511 0.993504
1305031547.677287 -0.99169 0.677707 -0.482368 -0.105385 -0.0264562 0.0348842 0.993467
1305031547.712338 -0.992833 0.673413 -0.4807 -0.107122 -0.024306 0.0357934 0.993304
1305031547.744332 -0.991691 0.67416 -0.480851 -0.10577 -0.0233358 0.0351126 0.993497
1305031547.776390 -0.990795 0.675658 -0.480309 -0.105408 -0.0223574 0.0339254 0.993599
1305031547.812317 -0.990647 0.674021 -0.479968 -0.105733 -0.0207445 0.0348454 0.993567
1305031547.844564 -0.991291 0.675526 -0.480279 -0.105392 -0.0199159 0.034119 0.993646
1305031547.876362 -0.988922 0.674561 -0.479364 -0.106185 -0.0206883 0.0344435 0.993534
1305031547.912744 -0.988212 0.673668 -0.479397 -0.106097 -0.0200062 0.0346278 0.993551
1305031547.944304 -0.988397 0.674162 -0.479163 -0.105817 -0.0197349 0.0342986 0.993598
