1305031790.645155 0.00464529 0.00704769 0.000943735 -0.0103746 0.000234845 0.00291526 0.999942
1305031790.681208 0.00921974 0.0144486 0.0020095 -0.020756 0.000250167 0.00594833 0.999767
1305031790.713097 0.0146844 0.01915 0.00415866 -0.0303348 0.000794016 0.00972703 0.999492
1305031790.745223 0.0190657 0.0260667 0.00338215 -0.0392889 0.0027762 0.0165955 0.999086
1305031790.781258 0.0239125 0.0348168 0.00108418 -0.0505406 0.00451771 0.0239805 0.998424
1305031790.813207 0.030755 0.0414951 0.0013589 -0.0632042 0.00536412 0.0316701 0.997484
1305031790.845151 0.0378735 0.0468332 0.00240435 -0.0745531 0.00769755 0.0407673 0.996354
1305031790.882094 0.0483764 0.0538115 0.00541219 -0.0812848 0.0100708 0.0497079 0.9954
1305031790.913129 0.0570889 0.0615099 0.00542025 -0.0858382 0.0136449 0.0581787 0.994515
1305031790.945171 0.0661481 0.0710232 0.00729329 -0.0860793 0.0162435 0.068329 0.99381
1305031790.981159 0.0764186 0.0746017 0.0114355 -0.0808797 0.0183828 0.0779635 0.9935
1305031791.013075 0.0876543 0.0697461 0.0118564 -0.0712265 0.0230044 0.0872096 0.993374
1305031791.045137 0.0914215 0.0670138 0.00450586 -0.0604756 0.0334831 0.0970609 0.992875
1305031791.081293 0.103443 0.049789 0.00442735 -0.0456654 0.0449441 0.100329 0.992889
1305031791.113136 0.11502 0.0385468 -0.00378607 -0.0221734 0.0613215 0.102157 0.992629
1305031791.145096 0.113086 0.0397436 -0.0190999 0.00294396 0.082716 0.106056 0.990909
1305031791.181287 0.118257 0.0261002 -0.0225088 0.0296756 0.102094 0.105267 0.988744
1305031791.213098 0.120232 0.0264623 -0.0389437 0.0612389 0.123359 0.107337 0.984638
1305031791.245087 0.11156 0.0271806 -0.0527105 0.0868004 0.145646 0.113639 0.978948
1305031791.281340 0.123976 0.0152519 -0.0647458 0.113573 0.162541 0.119956 0.972776
1305031791.313088 0.119647 0.00858904 -0.083766 0.139714 0.18275 0.123441 0.965321
1305031791.345123 0.116554 0.00486435 -0.0972872 0.161346 0.199448 0.130172 0.957728
1305031791.382161 0.107376 0.00226305 -0.0952424 0.19028 0.214588 0.136933 0.948153
1305031791.413087 0.104533 -0.0068045 -0.11052 0.214496 0.224735 0.145281 0.93935
1305031791.445165 0.0986408 -0.00962994 -0.119417 0.234705 0.233466 0.151087 0.93144
1305031791.481375 0.0939601 -0.0142909 -0.1226 0.255652 0.240186 0.151676 0.924093
1305031791.513084 0.0838416 -0.022355 -0.129785 0.275255 0.247685 0.153474 0.916151
1305031791.545065 0.0775045 -0.0337364 -0.141069 0.289049 0.25505 0.154962 0.909608
1305031791.581127 0.0798353 -0.0474614 -0.153257 0.301062 0.259816 0.15435 0.904452
1305031791.613194 0.074479 -0.0620319 -0.163717 0.31697 0.266414 0.150521 0.897718
1305031791.645074 0.0684845 -0.0607414 -0.166665 0.338628 0.273164 0.149438 0.887908
1305031791.681062 0.0625425 -0.0645534 -0.175644 0.357727 0.28136 0.148187 0.878014
1305031791.713242 0.0536397 -0.069845 -0.18491 0.374956 0.291048 0.146588 0.867877
1305031791.745148 0.0444008 -0.0752713 -0.192702 0.391208 0.301932 0.142995 0.857523
1305031791.781286 0.0361868 -0.0819518 -0.206954 0.407619 0.312851 0.139923 0.8464
1305031791.813247 0.0283685 -0.0845231 -0.217223 0.424775 0.323967 0.13811 0.833989
1305031791.845123 0.0256866 -0.0870666 -0.244559 0.436882 0.332001 0.136143 0.824848
1305031791.881072 0.0058483 -0.0958791 -0.243052 0.450552 0.341458 0.137429 0.813341
1305031791.913193 -0.00655225 -0.106335 -0.252913 0.464233 0.347901 0.136581 0.802993
1305031791.948998 -0.011516 -0.107865 -0.261976 0.476734 0.354354 0.132587 0.79346
1305031791.981259 -0.0191045 -0.113165 -0.269962 0.489082 0.361459 0.128157 0.783405
1305031792.013213 -0.0216808 -0.113064 -0.261491 0.503536 0.367491 0.121308 0.772455
1305031792.050221 -0.039431 -0.117452 -0.252415 0.510558 0.375574 0.118086 0.764415
1305031792.081058 -0.0420524 -0.119233 -0.259467 0.517873 0.378263 0.116458 0.758395
1305031792.113127 -0.0519923 -0.127303 -0.263616 0.523004 0.381915 0.115553 0.753163
1305031792.149109 -0.0557916 -0.133317 -0.282946 0.523922 0.384733 0.111557 0.751692
1305031792.181099 -0.0568079 -0.135166 -0.292975 0.527558 0.387598 0.107492 0.748262
1305031792.213166 -0.0637442 -0.137872 -0.300233 0.529418 0.390184 0.104788 0.745984
1305031792.249088 -0.0777686 -0.154848 -0.325387 0.524233 0.391882 0.106612 0.748493
1305031792.281069 -0.0823247 -0.161311 -0.339139 0.521812 0.39083 0.10724 0.750642
1305031792.313073 -0.0865415 -0.165336 -0.354045 0.513328 0.389889 0.108103 0.756832
1305031792.349198 -0.088175 -0.168488 -0.37328 0.502037 0.388477 0.113249 0.764342
1305031792.381062 -0.086994 -0.165567 -0.368044 0.493983 0.388144 0.118695 0.768919
1305031792.413074 -0.0852881 -0.162292 -0.365272 0.484528 0.38633 0.125189 0.774796
1305031792.449168 -0.0798124 -0.155196 -0.360127 0.475447 0.382895 0.132507 0.780886
1305031792.481098 -0.0760663 -0.148832 -0.355786 0.463068 0.379329 0.141881 0.788382
1305031792.513052 -0.0687762 -0.137135 -0.348003 0.449879 0.375591 0.150496 0.796173
1305031792.549157 -0.0591231 -0.125128 -0.343815 0.435197 0.372699 0.158126 0.804174
1305031792.581136 -0.0492058 -0.114582 -0.343328 0.419267 0.371158 0.165551 0.811819
1305031792.613102 -0.0414897 -0.109052 -0.341127 0.404067 0.371041 0.172443 0.818121
1305031792.649254 -0.0354396 -0.099506 -0.33652 0.388804 0.370976 0.179125 0.824088
1305031792.681063 -0.028895 -0.0891067 -0.331696 0.373532 0.369711 0.186429 0.830079
1305031792.713116 -0.0231997 -0.0794182 -0.323748 0.358609 0.367828 0.192463 0.836098
1305031792.749097 -0.015294 -0.0709172 -0.322775 0.342939 0.364684 0.199205 0.842447
1305031792.781106 -0.00610983 -0.0566913 -0.318453 0.329037 0.361875 0.20712 0.847279
1305031792.813144 0.00127065 -0.0444799 -0.312641 0.315555 0.36057 0.213388 0.851399
1305031792.849022 0.0110874 -0.0312535 -0.308937 0.301974 0.359044 0.220477 0.855154
1305031792.881064 0.016248 -0.0199146 -0.300735 0.289778 0.357151 0.228919 0.857944
1305031792.913316 0.0245091 -0.00858739 -0.29565 0.277598 0.352167 0.239504 0.861136
1305031792.949047 0.0336629 0.00138883 -0.292136 0.264283 0.345771 0.251908 0.864372
1305031792.981139 0.0392976 0.0182578 -0.284936 0.252702 0.34011 0.263506 0.866621
1305031793.013059 0.0417822 0.0376104 -0.275281 0.244633 0.33707 0.272609 0.867308
1305031793.049115 0.0487715 0.0546037 -0.271487 0.235442 0.33556 0.281179 0.867701
1305031793.081172 0.0551937 0.0715453 -0.267954 0.226617 0.337005 0.289837 0.866641
1305031793.113126 0.0581083 0.0850987 -0.261931 0.218481 0.340232 0.297395 0.864907
1305031793.149098 0.0628899 0.0889973 -0.262742 0.207526 0.343791 0.304244 0.863815
1305031793.181113 0.068515 0.0964936 -0.262547 0.196548 0.347578 0.311426 0.862307
1305031793.213203 0.0722935 0.103186 -0.260403 0.185415 0.351571 0.318454 0.860585
1305031793.249128 0.0765521 0.113263 -0.257811 0.175164 0.354945 0.323953 0.859294
1305031793.281300 0.0763829 0.12763 -0.251212 0.166751 0.358257 0.330934 0.85693
1305031793.313159 0.0799615 0.138985 -0.246509 0.157871 0.359743 0.339276 0.854724
1305031793.349110 0.0806619 0.149477 -0.239539 0.149454 0.360618 0.34682 0.852839
1305031793.381139 0.0824676 0.161829 -0.232441 0.141488 0.361221 0.354846 0.850638
1305031793.413790 0.0856789 0.169476 -0.227383 0.131944 0.362782 0.362923 0.848096
1305031793.449092 0.0848341 0.177429 -0.21795 0.123023 0.364853 0.372701 0.844299
1305031793.481359 0.0860368 0.185807 -0.208432 0.114948 0.365848 0.382264 0.840724
1305031793.513246 0.0835804 0.194054 -0.199104 0.106566 0.366747 0.391099 0.837366
1305031793.549071 0.0795056 0.199538 -0.186281 0.0980747 0.367769 0.403746 0.831935
1305031793.581157 0.0784603 0.204959 -0.17505 0.090053 0.367167 0.417058 0.826524
1305031793.613153 0.0786278 0.210918 -0.166232 0.0811007 0.365497 0.428336 0.822413
1305031793.649429 0.0780189 0.215955 -0.156171 0.0717279 0.36435 0.439578 0.817848
1305031793.681107 0.0782634 0.21735 -0.143782 0.062347 0.36321 0.45165 0.812529
1305031793.713169 0.0793177 0.222694 -0.135077 0.053742 0.360395 0.463083 0.807949
1305031793.749040 0.0826613 0.227112 -0.127456 0.0436881 0.357313 0.473343 0.803969
1305031793.781106 0.0892453 0.229834 -0.119221 0.0341263 0.354808 0.482827 0.79989
1305031793.813185 0.0929472 0.23099 -0.111375 0.0261959 0.353195 0.49236 0.795078
1305031793.849143 0.097029 0.23378 -0.10526 0.0195508 0.352524 0.501067 0.790112
1305031793.881130 0.0976818 0.234099 -0.0979684 0.0136575 0.352225 0.509528 0.784941
1305031793.913043 0.0992151 0.235161 -0.0918577 0.00804941 0.350578 0.51606 0.781481
1305031793.949037 0.103728 0.23626 -0.0877569 0.00301759 0.349023 0.52267 0.777811
1305031793.981122 0.110345 0.238052 -0.0861192 -0.00100459 0.348457 0.529077 0.773727
1305031794.013091 0.115894 0.242379 -0.0859497 -0.00353702 0.348801 0.533656 0.770413
1305031794.049085 0.118123 0.240045 -0.0830246 -0.00485981 0.349938 0.538294 0.766655
1305031794.081104 0.122225 0.239492 -0.0830283 -0.00499594 0.350148 0.542163 0.763827
1305031794.113117 0.131701 0.238397 -0.0862818 -0.00434119 0.350377 0.544739 0.76189
1305031794.149250 0.141489 0.236133 -0.0912415 -0.00265175 0.35256 0.545537 0.760319
1305031794.181114 0.150663 0.232605 -0.0967141 0.000369448 0.35682 0.544414 0.759139
1305031794.213850 0.162471 0.225438 -0.102166 0.00516861 0.363321 0.542255 0.757582
1305031794.249049 0.168763 0.219822 -0.109797 0.012534 0.371113 0.538151 0.756645
1305031794.281224 0.175688 0.214376 -0.1189 0.0204572 0.378846 0.5332 0.756144
1305031794.313689 0.187568 0.205338 -0.128129 0.0291743 0.387005 0.527078 0.756019
1305031794.349120 0.190258 0.193337 -0.135164 0.0402774 0.396381 0.520041 0.755525
1305031794.381128 0.177599 0.191689 -0.143492 0.051629 0.405229 0.510255 0.756812
1305031794.414141 0.178057 0.184466 -0.149963 0.0601306 0.41312 0.501776 0.757586
1305031794.448978 0.182958 0.173327 -0.15867 0.0713104 0.420249 0.496763 0.755997
1305031794.481048 0.180695 0.170367 -0.171988 0.0848039 0.426206 0.491365 0.754796
1305031794.513623 0.177555 0.170362 -0.184561 0.0970778 0.43259 0.486005 0.753154
1305031794.549055 0.179023 0.159623 -0.193439 0.106679 0.443117 0.480938 0.748976
1305031794.581098 0.18204 0.1572 -0.208155 0.117753 0.45401 0.474928 0.744616
1305031794.613605 0.181343 0.155671 -0.221959 0.128388 0.46766 0.467652 0.738994
1305031794.649050 0.179292 0.153523 -0.235105 0.137922 0.48359 0.459393 0.732172
1305031794.681066 0.179475 0.148684 -0.247185 0.146324 0.501519 0.451818 0.723138
1305031794.713569 0.1768 0.152086 -0.254552 0.158776 0.523928 0.441262 0.71104
1305031794.749055 0.174369 0.150375 -0.273711 0.169695 0.546081 0.430276 0.698471
1305031794.781053 0.165963 0.144106 -0.284798 0.180574 0.569937 0.417588 0.68424
1305031794.813436 0.161934 0.132104 -0.300113 0.189779 0.591215 0.406293 0.670354
1305031794.849048 0.154909 0.125998 -0.310538 0.201598 0.612035 0.393442 0.655724
1305031794.881088 0.145069 0.117529 -0.324473 0.212698 0.63006 0.38068 0.642547
1305031794.913315 0.139952 0.101715 -0.343657 0.220332 0.645469 0.370282 0.630647
1305031794.948993 0.133058 0.0931875 -0.358661 0.226961 0.658621 0.36054 0.620257
1305031794.981050 0.124618 0.0872546 -0.371613 0.234227 0.669203 0.352949 0.610518
1305031795.013529 0.117727 0.0829694 -0.384086 0.239409 0.676803 0.348503 0.602634
1305031795.049021 0.109791 0.0824155 -0.391388 0.243236 0.683858 0.345176 0.595003
1305031795.081170 0.102475 0.078208 -0.411148 0.251894 0.692219 0.338542 0.585467
1305031795.113213 0.0948951 0.0701985 -0.422762 0.263229 0.703533 0.328248 0.572717
1305031795.149077 0.0867896 0.0644406 -0.428715 0.273309 0.714119 0.319696 0.559581
1305031795.181142 0.0778787 0.0615451 -0.439802 0.282838 0.722007 0.313479 0.548123
1305031795.213481 0.0688061 0.0627383 -0.451498 0.293324 0.727639 0.307265 0.538601
1305031795.249044 0.058808 0.0542116 -0.466585 0.300861 0.732843 0.302601 0.52996
1305031795.281099 0.0503598 0.0511205 -0.480129 0.307499 0.739094 0.296976 0.520567
1305031795.312920 0.042427 0.0476327 -0.488545 0.311678 0.747392 0.289654 0.510258
1305031795.349100 0.0351645 0.0416742 -0.49368 0.313349 0.757872 0.282615 0.497566
1305031795.381002 0.0270293 0.0427975 -0.49525 0.315505 0.768397 0.277666 0.482622
1305031795.413224 0.0169876 0.0527472 -0.506196 0.317912 0.775836 0.275103 0.470457
1305031795.449070 0.010598 0.055881 -0.513822 0.318857 0.783288 0.272825 0.458647
1305031795.481096 0.00395345 0.0576175 -0.522732 0.319798 0.790211 0.270387 0.447421
1305031795.513242 -0.00486534 0.0620833 -0.533042 0.319321 0.796512 0.267474 0.438246
1305031795.549114 -0.0089811 0.0668273 -0.538765 0.318113 0.802673 0.26366 0.43012
1305031795.581136 -0.0111132 0.067086 -0.539322 0.315652 0.80987 0.258999 0.421182
1305031795.613267 -0.0113265 0.0664681 -0.540902 0.315264 0.817001 0.254078 0.410564
1305031795.649064 -0.0133518 0.0728224 -0.539569 0.317681 0.822211 0.250022 0.400671
1305031795.681015 -0.0139213 0.0801304 -0.532076 0.31718 0.825343 0.250716 0.39414
1305031795.713123 -0.0129799 0.0894861 -0.526253 0.311799 0.82832 0.254349 0.38984
1305031795.749082 -0.00892327 0.0962622 -0.519256 0.305261 0.831667 0.260804 0.383572
1305031795.781166 -0.00342791 0.105642 -0.513847 0.30127 0.833434 0.269438 0.376866
1305031795.813074 0.00573421 0.115979 -0.504437 0.296334 0.832593 0.282367 0.373153
1305031795.849070 0.014945 0.124046 -0.501275 0.290778 0.829969 0.297152 0.371888
1305031795.881078 0.0218197 0.134972 -0.500096 0.286573 0.826441 0.311065 0.371633
1305031795.913138 0.0297263 0.148153 -0.495 0.280668 0.822597 0.325547 0.372261
1305031795.949065 0.0365127 0.165097 -0.488983 0.272358 0.818816 0.341088 0.372854
1305031795.981148 0.0443191 0.17581 -0.4868 0.264194 0.815429 0.356991 0.371261
1305031796.013148 0.0546898 0.18452 -0.482161 0.257702 0.811145 0.373091 0.369372
1305031796.049088 0.0597752 0.198149 -0.476964 0.250674 0.805093 0.389794 0.370201
1305031796.081227 0.0686077 0.213198 -0.461796 0.244231 0.799663 0.405162 0.369774
1305031796.113719 0.0755017 0.225008 -0.454174 0.238597 0.79383 0.420974 0.368357
1305031796.149087 0.0822207 0.234544 -0.444832 0.233356 0.788583 0.436254 0.365191
1305031796.181009 0.08784 0.243675 -0.437693 0.226507 0.783117 0.452215 0.361833
1305031796.213056 0.0877671 0.258626 -0.429938 0.220862 0.779433 0.464808 0.357292
1305031796.249114 0.0902983 0.264506 -0.425635 0.216643 0.775471 0.47856 0.350271
1305031796.281099 0.0932258 0.2695 -0.41734 0.211359 0.770208 0.492892 0.345203
1305031796.313206 0.0939748 0.277667 -0.410025 0.205676 0.763911 0.507119 0.342005
1305031796.349054 0.0937227 0.286015 -0.401812 0.202102 0.75826 0.519406 0.338252
1305031796.381169 0.0925419 0.290749 -0.395964 0.196891 0.751167 0.533574 0.335083
1305031796.413114 0.092817 0.295436 -0.388785 0.191392 0.743059 0.548229 0.332682
1305031796.449049 0.0933568 0.302269 -0.376971 0.186411 0.737745 0.558407 0.330403
1305031796.481178 0.0935336 0.305589 -0.367735 0.179777 0.73256 0.56869 0.328066
1305031796.513165 0.0914404 0.310174 -0.360887 0.173075 0.72517 0.581531 0.325568
1305031796.549414 0.0898368 0.313948 -0.353639 0.167603 0.718034 0.593323 0.322961
1305031796.581120 0.0916077 0.313695 -0.346855 0.163191 0.708797 0.606613 0.320932
1305031796.613166 0.0885457 0.317922 -0.333782 0.159091 0.698536 0.618969 0.321891
1305031796.649028 0.085372 0.325249 -0.325178 0.155241 0.688056 0.63059 0.323782
1305031796.681030 0.0848735 0.329576 -0.315884 0.151863 0.678892 0.641792 0.322718
1305031796.713147 0.0816373 0.33538 -0.306937 0.148937 0.670237 0.652027 0.321654
1305031796.749469 0.0784884 0.339097 -0.293318 0.145076 0.661761 0.66191 0.320781
1305031796.781363 0.0759142 0.346036 -0.283491 0.143986 0.652064 0.672696 0.318686
1305031796.813481 0.0725071 0.353314 -0.276103 0.143848 0.642921 0.68194 0.317676
1305031796.849581 0.0681207 0.354357 -0.26341 0.141886 0.633739 0.690837 0.317787
1305031796.881184 0.0641077 0.360697 -0.25176 0.140629 0.623055 0.700729 0.317812
1305031796.913356 0.0616049 0.369617 -0.24686 0.140159 0.612267 0.710233 0.317888
1305031796.949588 0.0562071 0.374193 -0.237431 0.138413 0.603349 0.71803 0.318189
1305031796.981203 0.0489571 0.382577 -0.230654 0.135928 0.594804 0.725421 0.318585
1305031797.013522 0.0430562 0.38782 -0.223629 0.132268 0.587472 0.732195 0.318231
1305031797.049323 0.0393327 0.390973 -0.216994 0.127517 0.580568 0.738819 0.317532
1305031797.081390 0.0354674 0.395023 -0.210483 0.12326 0.57382 0.745207 0.316552
1305031797.113039 0.0316332 0.39664 -0.202767 0.121321 0.566364 0.752816 0.312699
1305031797.149544 0.0272834 0.399285 -0.196075 0.121395 0.557952 0.76059 0.308959
1305031797.181422 0.022468 0.401766 -0.190749 0.121982 0.548335 0.768137 0.30727
1305031797.213700 0.0180934 0.405338 -0.186789 0.1231 0.537597 0.775939 0.306194
1305031797.249703 0.0132812 0.411263 -0.183814 0.124164 0.527801 0.782018 0.30734
1305031797.281270 0.00482334 0.417045 -0.181466 0.125122 0.519972 0.7867 0.308344
1305031797.313580 -0.00212618 0.421084 -0.17843 0.124658 0.51372 0.791476 0.306787
1305031797.349646 -0.00758259 0.423625 -0.175064 0.124494 0.508042 0.796352 0.303675
1305031797.381715 -0.0103362 0.429042 -0.176297 0.124529 0.50244 0.800646 0.301681
1305031797.413427 -0.0122328 0.433632 -0.178398 0.125202 0.498573 0.803752 0.299555
1305031797.449441 -0.0145763 0.438554 -0.181594 0.126868 0.495122 0.806542 0.297066
1305031797.481228 -0.017091 0.443685 -0.185305 0.128997 0.492741 0.808338 0.295221
1305031797.513094 -0.0104446 0.455528 -0.199477 0.13085 0.492307 0.808697 0.294145
1305031797.549579 -0.00871701 0.463482 -0.211344 0.134419 0.498026 0.805645 0.29127
1305031797.581134 -0.0114273 0.470124 -0.222527 0.139031 0.507212 0.801062 0.285842
1305031797.613380 -0.0122689 0.473934 -0.232591 0.142965 0.52001 0.794314 0.279671
1305031797.649456 -0.0142625 0.479418 -0.248863 0.146441 0.533708 0.786119 0.275188
1305031797.681479 -0.0222324 0.478184 -0.254712 0.147755 0.550624 0.775361 0.271657
1305031797.713069 -0.0258694 0.477857 -0.265248 0.146135 0.568635 0.764122 0.267239
1305031797.749314 -0.034997 0.474899 -0.270989 0.143167 0.586257 0.752643 0.263316
1305031797.781335 -0.0352822 0.472099 -0.282963 0.139616 0.600458 0.743974 0.257798
1305031797.815809 -0.0348857 0.470878 -0.297587 0.138036 0.615687 0.734169 0.250742
1305031797.849286 -0.0373105 0.46531 -0.310005 0.13808 0.630221 0.725122 0.240733
1305031797.881089 -0.0399083 0.460876 -0.321303 0.138331 0.646088 0.714644 0.229606
1305031797.917110 -0.0433878 0.46032 -0.33463 0.138555 0.663029 0.702045 0.219838
1305031797.949860 -0.0442834 0.453444 -0.343772 0.138972 0.681049 0.688269 0.207711
1305031797.981341 -0.0509524 0.448386 -0.352423 0.140998 0.697859 0.674637 0.194877
1305031798.015014 -0.0552107 0.440858 -0.362739 0.142523 0.712231 0.662673 0.182426
1305031798.049486 -0.0579725 0.436624 -0.372229 0.142309 0.727442 0.648899 0.171773
1305031798.081407 -0.062434 0.429489 -0.382001 0.142274 0.741764 0.635461 0.160416
1305031798.114761 -0.0635078 0.42258 -0.388326 0.142871 0.754701 0.623116 0.147448
1305031798.150524 -0.0662763 0.414875 -0.395191 0.143589 0.764726 0.613049 0.136921
1305031798.181474 -0.0684894 0.408826 -0.406041 0.14264 0.773729 0.603879 0.127777
1305031798.216929 -0.0657433 0.400511 -0.413947 0.139286 0.784765 0.592893 0.114981
1305031798.249819 -0.065351 0.392153 -0.419551 0.136872 0.79547 0.581529 0.101574
1305031798.281361 -0.0621337 0.385519 -0.425384 0.134316 0.805486 0.570296 0.0889572
1305031798.316991 -0.0603904 0.378847 -0.43136 0.133096 0.815183 0.558255 0.0781877
1305031798.349307 -0.0574086 0.368269 -0.439101 0.130114 0.82406 0.547202 0.067575
1305031798.381404 -0.0533931 0.360713 -0.447881 0.126286 0.832536 0.536452 0.0561652
1305031798.417222 -0.0486321 0.354044 -0.455592 0.123191 0.841062 0.524888 0.0439487
1305031798.449035 -0.0459587 0.347782 -0.462507 0.121286 0.849997 0.511599 0.0325781
1305031798.481500 -0.0444491 0.341062 -0.471293 0.118919 0.857862 0.499461 0.021672
1305031798.517143 -0.0414844 0.334533 -0.481374 0.11522 0.864776 0.488666 0.00961694
1305031798.548961 -0.0420091 0.328125 -0.486946 0.114509 0.872135 0.47567 -0.00266133
1305031798.581180 -0.0419882 0.320532 -0.491212 0.114527 0.878664 0.463263 -0.0148835
1305031798.616885 -0.0409554 0.312544 -0.495064 0.114525 0.883687 0.453015 -0.0275443
1305031798.649358 -0.0414257 0.305227 -0.502858 0.117037 0.887981 0.442811 -0.0413622
1305031798.681151 -0.0373686 0.297135 -0.508845 0.118303 0.89292 0.430765 -0.0560264
1305031798.717510 -0.0339446 0.289317 -0.510737 0.117519 0.898453 0.417592 -0.0677325
1305031798.749406 -0.0331892 0.280497 -0.516683 0.114272 0.903805 0.405278 -0.0763399
1305031798.781065 -0.0293662 0.268773 -0.527551 0.109326 0.90943 0.392005 -0.0855385
1305031798.816637 -0.0255783 0.260808 -0.531892 0.105417 0.914783 0.378278 -0.0946842
1305031798.849096 -0.0257572 0.25097 -0.536149 0.101581 0.919433 0.366178 -0.10118
1305031798.881162 -0.0373352 0.235933 -0.542926 0.0974355 0.923285 0.357132 -0.102507
1305031798.916729 -0.0386716 0.22768 -0.54438 0.0931537 0.926697 0.348652 -0.104867
1305031798.949081 -0.0372253 0.223717 -0.544148 0.089787 0.930292 0.338582 -0.108895
1305031798.981161 -0.0405592 0.213658 -0.549409 0.0862969 0.933611 0.329253 -0.111869
1305031799.016404 -0.0465743 0.200638 -0.551561 0.079838 0.936069 0.322812 -0.114859
1305031799.049074 -0.048375 0.196407 -0.548042 0.0727075 0.93817 0.316636 -0.119551
1305031799.084199 -0.058696 0.184254 -0.550767 0.0677341 0.938958 0.313933 -0.123356
1305031799.116265 -0.0618562 0.184797 -0.546506 0.0627493 0.940285 0.309083 -0.128038
1305031799.149115 -0.0731855 0.178762 -0.544701 0.062587 0.940479 0.307018 -0.131613
1305031799.184118 -0.0772689 0.173901 -0.544018 0.063347 0.939797 0.307316 -0.135376
1305031799.216310 -0.0842225 0.168528 -0.539195 0.062065 0.93896 0.309112 -0.137666
1305031799.249363 -0.088576 0.165451 -0.533835 0.0595433 0.938109 0.310469 -0.141472
1305031799.282103 -0.0960847 0.160442 -0.529341 0.0566865 0.936612 0.313646 -0.145499
1305031799.317034 -0.105414 0.157863 -0.522241 0.0533927 0.935422 0.315961 -0.14934
1305031799.349113 -0.117058 0.156699 -0.514605 0.0525306 0.933765 0.318952 -0.153597
1305031799.385805 -0.123127 0.156074 -0.50976 0.0526534 0.931109 0.324905 -0.157164
1305031799.417024 -0.129061 0.159564 -0.501856 0.0515664 0.927811 0.333854 -0.15827
1305031799.449387 -0.132936 0.163434 -0.49575 0.0507632 0.923437 0.345145 -0.159882
1305031799.485240 -0.138944 0.169359 -0.488433 0.0504707 0.918961 0.356324 -0.161235
1305031799.517013 -0.142756 0.172238 -0.480605 0.0501345 0.913787 0.368905 -0.162448
1305031799.549017 -0.144926 0.175982 -0.471709 0.0504661 0.90783 0.382628 -0.16399
1305031799.581367 -0.146988 0.183917 -0.46218 0.0510801 0.90226 0.394939 -0.165348
1305031799.617168 -0.147489 0.191783 -0.451595 0.0528466 0.89682 0.40634 -0.166758
1305031799.649389 -0.149811 0.197717 -0.441931 0.0554701 0.890365 0.419751 -0.16728
1305031799.685205 -0.151419 0.205327 -0.432513 0.0576555 0.883465 0.433904 -0.167011
1305031799.717255 -0.151361 0.215005 -0.424041 0.0610986 0.877131 0.445775 -0.167909
1305031799.749314 -0.150629 0.22199 -0.413802 0.0645279 0.870234 0.458536 -0.168148
1305031799.785009 -0.149768 0.23006 -0.406805 0.0682805 0.862427 0.472511 -0.168198
1305031799.814635 -0.151229 0.236844 -0.397349 0.0729312 0.854769 0.4854 -0.168634
1305031799.849541 -0.1509 0.244518 -0.388789 0.0762839 0.846966 0.498331 -0.168807
1305031799.885152 -0.153141 0.249499 -0.377842 0.0782634 0.838458 0.512489 -0.167985
1305031799.916936 -0.156419 0.255765 -0.366271 0.0812239 0.829213 0.526534 -0.169027
1305031799.949274 -0.156978 0.264596 -0.359184 0.0851062 0.820091 0.539635 -0.170301
1305031799.985247 -0.158774 0.272578 -0.349167 0.089188 0.810834 0.552959 -0.169794
1305031800.017563 -0.159946 0.279224 -0.339687 0.0933063 0.801349 0.56594 -0.169842
1305031800.049417 -0.163726 0.285243 -0.329428 0.0976225 0.792099 0.578109 -0.169823
1305031800.085021 -0.164273 0.292091 -0.322026 0.0993878 0.782322 0.590825 -0.170354
1305031800.117100 -0.165885 0.297914 -0.315754 0.0993727 0.772128 0.603477 -0.17251
1305031800.149417 -0.16568 0.30327 -0.305008 0.0994631 0.76282 0.613829 -0.177278
1305031800.185371 -0.163893 0.310256 -0.29504 0.10198 0.752225 0.625067 -0.181794
1305031800.217463 -0.164811 0.319448 -0.283936 0.106054 0.740436 0.637854 -0.183436
1305031800.249365 -0.162244 0.32686 -0.276023 0.10878 0.728639 0.650521 -0.184595
1305031800.285564 -0.163809 0.332169 -0.265548 0.111052 0.716986 0.662588 -0.185946
1305031800.317620 -0.162663 0.338347 -0.256873 0.113956 0.704575 0.674096 -0.190216
1305031800.353543 -0.158142 0.346922 -0.250357 0.115285 0.692104 0.685498 -0.194404
1305031800.386097 -0.154805 0.353383 -0.241438 0.117511 0.680405 0.695561 -0.198583
1305031800.417248 -0.149965 0.360158 -0.235248 0.12031 0.667928 0.705619 -0.203714
1305031800.453733 -0.141949 0.366797 -0.229699 0.123415 0.656404 0.714164 -0.209458
1305031800.485544 -0.135964 0.373017 -0.225734 0.127554 0.644943 0.722065 -0.215407
1305031800.517718 -0.137244 0.377824 -0.218231 0.132152 0.634371 0.72927 -0.219716
1305031800.553322 -0.137506 0.384822 -0.214846 0.134195 0.624331 0.736281 -0.223815
1305031800.585471 -0.134402 0.388656 -0.209429 0.135245 0.615056 0.742585 -0.227995
1305031800.617797 -0.133048 0.394713 -0.206313 0.137255 0.605636 0.748854 -0.231484
1305031800.653606 -0.129597 0.399943 -0.205142 0.139363 0.596381 0.754761 -0.235042
1305031800.685391 -0.13004 0.404972 -0.202884 0.142982 0.588193 0.759436 -0.238415
1305031800.713928 -0.131963 0.413146 -0.205962 0.146578 0.580269 0.763588 -0.242355
1305031800.753142 -0.139266 0.421962 -0.21111 0.149938 0.573517 0.766547 -0.246986
1305031800.784048 -0.149335 0.433379 -0.221731 0.152417 0.569156 0.767566 -0.252336
1305031800.816073 -0.162669 0.444338 -0.235746 0.153021 0.568358 0.766092 -0.258181
1305031800.853902 -0.170352 0.449739 -0.2473 0.151326 0.571557 0.761049 -0.266886
1305031800.885387 -0.176817 0.452611 -0.256634 0.149145 0.57729 0.754222 -0.27503
1305031800.917407 -0.196293 0.461648 -0.278204 0.146746 0.583867 0.746738 -0.282749
1305031800.953310 -0.207691 0.46455 -0.296283 0.14069 0.596496 0.733521 -0.293847
1305031800.985456 -0.207237 0.456685 -0.300851 0.132691 0.611359 0.717386 -0.30658
1305031801.017245 -0.212071 0.453277 -0.311509 0.122988 0.625128 0.701846 -0.318591
1305031801.053185 -0.214462 0.449173 -0.321829 0.112003 0.640561 0.684429 -0.329689
1305031801.085451 -0.220098 0.447206 -0.340954 0.101562 0.651589 0.670673 -0.33958
1305031801.118492 -0.22369 0.442286 -0.353494 0.0878863 0.663779 0.655554 -0.349173
1305031801.149531 -0.226819 0.436874 -0.371916 0.0740853 0.675725 0.638907 -0.360144
1305031801.183861 -0.230661 0.428242 -0.392097 0.0609887 0.686813 0.622138 -0.370828
1305031801.213116 -0.241085 0.418777 -0.412679 0.0511242 0.696284 0.607372 -0.379043
1305031801.253716 -0.239654 0.413635 -0.430466 0.0403496 0.705766 0.592594 -0.386132
1305031801.285330 -0.246839 0.40472 -0.445082 0.0316698 0.714693 0.579043 -0.391049
1305031801.317991 -0.25271 0.392143 -0.46186 0.0232459 0.722295 0.566417 -0.396133
1305031801.353056 -0.255663 0.38348 -0.477644 0.0151501 0.728659 0.554935 -0.40109
1305031801.385161 -0.260866 0.372068 -0.490289 0.00771754 0.735483 0.543863 -0.404003
1305031801.417254 -0.264796 0.361084 -0.50061 0.00169368 0.742126 0.532834 -0.406614
1305031801.453669 -0.265381 0.354316 -0.510759 -0.00424377 0.748848 0.520777 -0.409878
1305031801.485339 -0.270128 0.342597 -0.524894 -0.0093832 0.756061 0.509313 -0.410955
1305031801.521102 -0.270317 0.336301 -0.530701 -0.0156448 0.764019 0.497166 -0.410922
1305031801.550360 -0.271267 0.330893 -0.538114 -0.021743 0.771897 0.48442 -0.411145
1305031801.585121 -0.273151 0.323545 -0.543968 -0.0266886 0.780124 0.469919 -0.412154
1305031801.621195 -0.275378 0.314765 -0.551543 -0.0333666 0.788597 0.454598 -0.412724
1305031801.653120 -0.276534 0.304979 -0.560148 -0.0407896 0.797058 0.438857 -0.412843
1305031801.685203 -0.277801 0.295246 -0.565652 -0.0497733 0.805176 0.423381 -0.412264
1305031801.721817 -0.278638 0.285719 -0.574588 -0.0577394 0.812628 0.408018 -0.412097
1305031801.752480 -0.27841 0.276238 -0.581099 -0.0668142 0.818911 0.394724 -0.411233
1305031801.785174 -0.278141 0.267731 -0.587378 -0.0771398 0.823511 0.382359 -0.411923
1305031801.821418 -0.280679 0.256231 -0.593853 -0.0842563 0.828449 0.368402 -0.413343
1305031801.851002 -0.281583 0.24641 -0.596671 -0.0911415 0.83369 0.35427 -0.413698
1305031801.885576 -0.283829 0.234555 -0.605903 -0.0955851 0.837158 0.344381 -0.414044
1305031801.921443 -0.285411 0.226459 -0.60949 -0.0980872 0.84127 0.334766 -0.413007
1305031801.953529 -0.288869 0.218585 -0.610081 -0.0991952 0.845511 0.325717 -0.411315
1305031801.985177 -0.292409 0.214199 -0.608654 -0.0992923 0.849876 0.314587 -0.410959
1305031802.019635 -0.296445 0.209099 -0.604724 -0.101204 0.853514 0.303765 -0.411095
1305031802.053378 -0.299624 0.204286 -0.607556 -0.106144 0.855646 0.29312 -0.41314
1305031802.085024 -0.303259 0.199669 -0.602403 -0.114474 0.858037 0.280066 -0.415007
1305031802.121330 -0.305368 0.1966 -0.600087 -0.123619 0.858457 0.268176 -0.419346
1305031802.153489 -0.304851 0.195101 -0.600389 -0.129728 0.856779 0.260042 -0.426003
1305031802.184636 -0.303694 0.194845 -0.600195 -0.135207 0.853853 0.255378 -0.432939
1305031802.219761 -0.303768 0.196492 -0.595354 -0.139138 0.850362 0.251649 -0.440679
1305031802.253164 -0.306067 0.195703 -0.58893 -0.140285 0.846838 0.250668 -0.447606
1305031802.285391 -0.308096 0.198254 -0.583079 -0.141043 0.843239 0.252871 -0.452891
1305031802.321380 -0.312054 0.197843 -0.578921 -0.142394 0.839334 0.256973 -0.457392
1305031802.355076 -0.317687 0.194642 -0.57324 -0.144318 0.836012 0.258326 -0.462087
1305031802.385226 -0.320691 0.198262 -0.563478 -0.146236 0.832768 0.259358 -0.46674
1305031802.421369 -0.32236 0.202197 -0.558669 -0.147772 0.828411 0.263093 -0.471891
1305031802.449744 -0.32707 0.203842 -0.55059 -0.147867 0.825468 0.26623 -0.475248
1305031802.485287 -0.328345 0.209285 -0.542349 -0.146955 0.821643 0.271475 -0.479175
1305031802.521528 -0.328506 0.214686 -0.538029 -0.145273 0.815141 0.283232 -0.483963
1305031802.553670 -0.329503 0.22144 -0.532153 -0.143582 0.80789 0.295489 -0.48927
1305031802.585495 -0.330517 0.22749 -0.518154 -0.140404 0.799201 0.311423 -0.494551
1305031802.621110 -0.332597 0.239005 -0.502178 0.134685 -0.787474 -0.331207 0.502043
1305031802.651419 -0.334644 0.246721 -0.492365 0.12664 -0.775613 -0.350418 0.509504
1305031802.685525 -0.334926 0.257513 -0.483695 0.118911 -0.764938 -0.368608 0.514644
1305031802.721569 -0.336397 0.264297 -0.476365 0.110089 -0.752916 -0.38862 0.519589
1305031802.751107 -0.339029 0.275886 -0.462455 0.10142 -0.741465 -0.405118 0.525189
1305031802.781462 -0.342998 0.282966 -0.455682 0.0933507 -0.728857 -0.419319 0.533127
1305031802.821775 -0.34476 0.292372 -0.447252 0.0847343 -0.71601 -0.430472 0.542996
1305031802.853834 -0.346408 0.302284 -0.438143 0.076616 -0.704076 -0.440514 0.551683
1305031802.881495 -0.345242 0.313675 -0.425043 0.0711192 -0.693247 -0.449615 0.558745
1305031802.921541 -0.344535 0.323724 -0.413643 0.0670505 -0.682079 -0.457312 0.566691
1305031802.954816 -0.342855 0.333852 -0.403285 0.0641837 -0.669991 -0.463652 0.576211
1305031802.981472 -0.341467 0.343008 -0.393859 0.0617071 -0.656927 -0.469696 0.586536
1305031803.021892 -0.34159 0.351085 -0.377609 0.0579434 -0.645197 -0.47477 0.595783
1305031803.053848 -0.339468 0.35891 -0.363175 0.0530944 -0.634309 -0.47745 0.605702
1305031803.081564 -0.337333 0.364669 -0.354687 0.0476972 -0.622449 -0.481104 0.615484
1305031803.122150 -0.333513 0.372818 -0.341389 0.0417088 -0.610704 -0.484974 0.624581
1305031803.153726 -0.328055 0.378644 -0.326262 0.0344782 -0.600548 -0.486282 0.633784
1305031803.181556 -0.320617 0.386813 -0.313257 0.0285984 -0.59028 -0.487727 0.642553
1305031803.222085 -0.316112 0.39237 -0.300475 0.0223006 -0.579294 -0.490921 0.650321
1305031803.253820 -0.312719 0.396527 -0.28993 0.0160736 -0.568488 -0.493137 0.658315
1305031803.281525 -0.307309 0.403342 -0.2827 0.0107152 -0.55755 -0.49561 0.665878
1305031803.317577 -0.303807 0.410019 -0.276705 0.00471843 -0.546156 -0.49894 0.672867
1305031803.353814 -0.29997 0.418129 -0.272402 -0.00230455 -0.535114 -0.501261 0.679989
1305031803.381500 -0.295291 0.42364 -0.266526 -0.00965119 -0.525967 -0.501807 0.686626
1305031803.421407 -0.291386 0.428435 -0.262462 -0.0139514 -0.517184 -0.503965 0.691625
1305031803.449877 -0.287834 0.434751 -0.259651 -0.0186443 -0.507855 -0.505475 0.697303
1305031803.481465 -0.285986 0.443576 -0.258946 -0.0237635 -0.498574 -0.505785 0.703592
1305031803.517799 -0.27854 0.446146 -0.252383 -0.0295864 -0.491893 -0.505317 0.708393
1305031803.553155 -0.274605 0.450234 -0.248131 -0.0353943 -0.485689 -0.505143 0.71252
1305031803.581589 -0.271106 0.453489 -0.243585 -0.0414385 -0.480384 -0.507231 0.714304
1305031803.617751 -0.268161 0.455722 -0.238193 -0.0468465 -0.474346 -0.51153 0.71494
1305031803.655171 -0.266043 0.458001 -0.233281 -0.0518151 -0.467258 -0.515016 0.716759
1305031803.681398 -0.26158 0.463946 -0.232472 -0.0581093 -0.459101 -0.517025 0.720094
1305031803.721616 -0.255339 0.467424 -0.228892 -0.0676759 -0.451841 -0.521638 0.720523
1305031803.753975 -0.254083 0.469693 -0.221729 -0.0786048 -0.445152 -0.526226 0.720241
1305031803.781407 -0.249218 0.472271 -0.216729 -0.0880623 -0.43893 -0.530748 0.719648
1305031803.822206 -0.247313 0.480036 -0.214384 -0.0972555 -0.431228 -0.536585 0.718791
1305031803.854255 -0.243182 0.481301 -0.206679 -0.106971 -0.423941 -0.542668 0.717176
1305031803.881449 -0.236228 0.484058 -0.200355 -0.115192 -0.417126 -0.548222 0.715674
1305031803.922274 -0.235962 0.50561 -0.203996 -0.122186 -0.408123 -0.545477 0.721776
1305031803.953868 -0.231674 0.515195 -0.201614 -0.132093 -0.400349 -0.548001 0.722473
1305031803.981401 -0.228089 0.521398 -0.197474 -0.142827 -0.392978 -0.550298 0.722732
1305031804.021970 -0.22498 0.528158 -0.192983 -0.153772 -0.385837 -0.551305 0.723565
1305031804.049573 -0.221295 0.532262 -0.18722 -0.162895 -0.379604 -0.554861 0.722147
1305031804.081462 -0.219403 0.535844 -0.182596 -0.170882 -0.373261 -0.556493 0.722351
1305031804.121789 -0.217737 0.541156 -0.181878 -0.17784 -0.365701 -0.556459 0.724562
1305031804.149358 -0.221032 0.543094 -0.177334 -0.185282 -0.36032 -0.556946 0.725019
1305031804.181425 -0.226284 0.544317 -0.174524 -0.190657 -0.356026 -0.554777 0.727405
1305031804.221921 -0.229059 0.543502 -0.17237 -0.19255 -0.353591 -0.550902 0.73103
1305031804.249373 -0.24093 0.540749 -0.170962 -0.193332 -0.352541 -0.546972 0.734274
1305031804.281501 -0.254919 0.536811 -0.17173 -0.190164 -0.354486 -0.542298 0.737625
1305031804.321896 -0.266263 0.530679 -0.173722 -0.183301 -0.358743 -0.535497 0.742258
1305031804.349404 -0.276508 0.521915 -0.17652 -0.173357 -0.363906 -0.527339 0.747953
1305031804.381556 -0.285659 0.512719 -0.180988 -0.159579 -0.370049 -0.518896 0.753887
1305031804.420328 -0.29527 0.498019 -0.183861 -0.143991 -0.37884 -0.514101 0.755941
1305031804.449409 -0.29935 0.483921 -0.188606 -0.127642 -0.387056 -0.507275 0.75932
1305031804.481461 -0.306437 0.471196 -0.196792 -0.111186 -0.39376 -0.500206 0.763141
1305031804.520303 -0.313154 0.456552 -0.205729 -0.0949934 -0.400639 -0.494423 0.765514
1305031804.549408 -0.314626 0.455125 -0.213999 -0.0729868 -0.407659 -0.48532 0.770034
1305031804.581465 -0.322418 0.45143 -0.226503 -0.0547721 -0.412379 -0.475068 0.775406
1305031804.620866 -0.329437 0.444936 -0.237808 -0.0368971 -0.416761 -0.466574 0.779267
1305031804.649383 -0.335049 0.436687 -0.248642 -0.0178652 -0.419853 -0.457237 0.783798
1305031804.681565 -0.341483 0.428174 -0.259714 0.00361704 -0.422908 -0.448224 0.787548
1305031804.721729 -0.346318 0.419296 -0.272244 0.0271368 -0.426125 -0.439816 0.790091
1305031804.749416 -0.349359 0.41166 -0.284453 0.0527706 -0.430003 -0.430635 0.791749
1305031804.781659 -0.349327 0.40381 -0.296998 0.07936 -0.43346 -0.420529 0.793076
1305031804.821911 -0.356991 0.388002 -0.311714 0.104385 -0.436114 -0.409202 0.794646
1305031804.849385 -0.359428 0.384684 -0.328791 0.130962 -0.437236 -0.396889 0.796338
1305031804.881471 -0.361247 0.384662 -0.345719 0.153904 -0.438702 -0.384073 0.797711
1305031804.921921 -0.36462 0.382762 -0.361721 0.172407 -0.440616 -0.374169 0.797578
1305031804.949441 -0.370133 0.379921 -0.378081 0.188381 -0.442267 -0.363777 0.797859
1305031804.981491 -0.374917 0.37488 -0.391451 0.202964 -0.44468 -0.350787 0.798758
1305031805.021242 -0.382006 0.373712 -0.405723 0.216004 -0.446238 -0.337509 0.800189
1305031805.049231 -0.387438 0.370548 -0.420778 0.227556 -0.447764 -0.326595 0.800664
1305031805.081417 -0.393459 0.366723 -0.433971 0.237687 -0.450949 -0.315477 0.80039
1305031805.120785 -0.396846 0.366984 -0.447869 0.247231 -0.45339 -0.305386 0.800033
1305031805.149367 -0.40513 0.365733 -0.459909 0.25573 -0.454129 -0.298741 0.799452
1305031805.181532 -0.412041 0.363147 -0.473022 0.264355 -0.454297 -0.291359 0.799275
1305031805.217403 -0.419046 0.365221 -0.485493 0.272927 -0.454024 -0.28307 0.799528
1305031805.249372 -0.419595 0.358754 -0.492441 0.280298 -0.455137 -0.276481 0.79865
1305031805.281451 -0.421591 0.349236 -0.493286 0.291651 -0.453946 -0.272215 0.796726
1305031805.317464 -0.425798 0.345378 -0.502643 0.305723 -0.450165 -0.264994 0.79603
1305031805.349450 -0.42732 0.331583 -0.514425 0.319576 -0.448286 -0.255651 0.794704
1305031805.381600 -0.428019 0.333749 -0.518955 0.335589 -0.446907 -0.245277 0.792145
1305031805.417337 -0.424366 0.311788 -0.526994 0.350631 -0.446626 -0.239309 0.787601
1305031805.449399 -0.426901 0.292956 -0.546921 0.366573 -0.442775 -0.234577 0.783932
1305031805.481531 -0.42604 0.283695 -0.561292 0.385631 -0.43964 -0.227231 0.778699
1305031805.517400 -0.421994 0.279887 -0.578791 0.401744 -0.435989 -0.220547 0.774516
1305031805.549419 -0.422858 0.289244 -0.584611 0.417074 -0.433004 -0.212152 0.770421
1305031805.581456 -0.422644 0.290595 -0.604743 0.4292 -0.430328 -0.206324 0.766835
1305031805.617604 -0.426253 0.29244 -0.619875 0.435084 -0.425988 -0.202043 0.767082
1305031805.649369 -0.421898 0.28903 -0.630163 0.436611 -0.423453 -0.196335 0.769098
1305031805.681431 -0.421159 0.271076 -0.663644 0.430619 -0.418571 -0.196601 0.775057
1305031805.717375 -0.416566 0.249885 -0.683549 0.419888 -0.413758 -0.200065 0.782606
1305031805.749402 -0.413567 0.239403 -0.700629 0.404138 -0.40835 -0.203906 0.792682
1305031805.781456 -0.400111 0.254574 -0.664626 0.384653 -0.404819 -0.209008 0.802795
1305031805.817409 -0.400181 0.256816 -0.651935 0.361307 -0.39816 -0.216435 0.814913
1305031805.849383 -0.398399 0.251193 -0.638568 0.340521 -0.39469 -0.22267 0.823822
1305031805.881469 -0.395628 0.251368 -0.623273 0.322141 -0.390122 -0.227973 0.831901
1305031805.917405 -0.392025 0.240382 -0.608294 0.302868 -0.387617 -0.230613 0.839549
1305031805.949380 -0.388553 0.232056 -0.596448 0.285196 -0.38303 -0.23448 0.846741
1305031805.981495 -0.384644 0.226082 -0.586728 0.269997 -0.376125 -0.237959 0.853819
1305031806.017424 -0.377717 0.219656 -0.575653 0.256338 -0.368895 -0.240044 0.860573
1305031806.049372 -0.370633 0.217146 -0.562201 0.246544 -0.360882 -0.242685 0.866074
1305031806.081522 -0.372442 0.225548 -0.560155 0.236555 -0.348514 -0.246244 0.872894
1305031806.117332 -0.368798 0.226778 -0.550635 0.224171 -0.338898 -0.247318 0.879619
1305031806.149389 -0.363983 0.229512 -0.540343 0.210462 -0.329955 -0.249566 0.885749
1305031806.181476 -0.356817 0.232575 -0.529641 0.194497 -0.321422 -0.253424 0.891423
1305031806.217460 -0.351974 0.229878 -0.518371 0.17883 -0.312843 -0.257841 0.896475
1305031806.249441 -0.344314 0.233595 -0.507249 0.165397 -0.303505 -0.262588 0.900875
1305031806.281505 -0.339866 0.235488 -0.496777 0.149517 -0.294416 -0.263854 0.906281
1305031806.317554 -0.336558 0.238109 -0.48741 0.133336 -0.286277 -0.265059 0.911049
1305031806.349431 -0.330744 0.240802 -0.477535 0.115846 -0.27937 -0.267096 0.914982
1305031806.381481 -0.328128 0.242996 -0.466694 0.0979638 -0.27222 -0.267773 0.91902
1305031806.417443 -0.324983 0.242477 -0.456713 0.0835631 -0.266638 -0.267672 0.922103
1305031806.449379 -0.312009 0.245976 -0.445196 0.0745891 -0.261043 -0.269958 0.923805
1305031806.481355 -0.307038 0.251917 -0.436077 0.0650579 -0.250027 -0.271283 0.927179
1305031806.517514 -0.29987 0.258517 -0.428813 0.0535672 -0.24128 -0.270275 0.930519
1305031806.549401 -0.290537 0.264713 -0.419722 0.0395836 -0.234067 -0.272216 0.932494
1305031806.581728 -0.28566 0.267139 -0.410813 0.0241776 -0.225305 -0.274381 0.934542
1305031806.617478 -0.279828 0.269495 -0.403188 0.00966709 -0.216623 -0.27272 0.937339
1305031806.649416 -0.275365 0.275036 -0.396519 -0.00447514 -0.20858 -0.269065 0.940254
1305031806.681381 -0.270738 0.279449 -0.390675 -0.0194544 -0.203324 -0.265565 0.942208
1305031806.717432 -0.266704 0.282696 -0.384976 -0.0351115 -0.199587 -0.262095 0.943525
1305031806.749457 -0.263118 0.285703 -0.379297 -0.0492696 -0.196793 -0.258896 0.944361
1305031806.781564 -0.258336 0.287548 -0.373521 -0.0615449 -0.192641 -0.256604 0.945122
1305031806.817410 -0.252145 0.292242 -0.368367 -0.0718365 -0.18638 -0.255856 0.945854
1305031806.849447 -0.251592 0.294656 -0.363659 -0.0842944 -0.178988 -0.254163 0.94671
1305031806.881395 -0.251574 0.299123 -0.360663 -0.0956627 -0.17185 -0.25108 0.947774
1305031806.917809 -0.248696 0.303932 -0.356439 -0.107257 -0.167293 -0.247665 0.948247
1305031806.949486 -0.245975 0.307161 -0.352136 -0.11829 -0.16297 -0.245297 0.948303
1305031806.981465 -0.242432 0.311519 -0.347764 -0.12614 -0.158059 -0.242251 0.948905
1305031807.017431 -0.242233 0.313243 -0.344239 -0.134833 -0.152059 -0.238449 0.949653
1305031807.049424 -0.242054 0.315432 -0.341681 -0.142452 -0.146311 -0.23394 0.950565
1305031807.081512 -0.243292 0.31752 -0.339606 -0.147865 -0.139883 -0.22913 0.951876
1305031807.117436 -0.24445 0.320466 -0.337291 -0.149599 -0.134308 -0.224286 0.953561
1305031807.149381 -0.246265 0.321353 -0.335163 -0.150182 -0.129127 -0.219172 0.955372
1305031807.181430 -0.246662 0.323183 -0.334157 -0.148898 -0.124137 -0.213954 0.957415
1305031807.217449 -0.249639 0.325137 -0.332846 -0.144324 -0.117658 -0.208369 0.960161
1305031807.249425 -0.252943 0.324845 -0.332559 -0.137845 -0.110568 -0.200759 0.963571
1305031807.281519 -0.258502 0.318152 -0.331447 -0.131008 -0.103422 -0.191286 0.967239
1305031807.317449 -0.269597 0.303834 -0.333158 -0.12718 -0.0953285 -0.182591 0.970257
1305031807.349398 -0.274711 0.297902 -0.335655 -0.114463 -0.0901575 -0.17485 0.973754
1305031807.381439 -0.278293 0.290432 -0.335811 -0.0986652 -0.0851482 -0.168017 0.977131
1305031807.417438 -0.283781 0.274286 -0.334014 -0.0808725 -0.0800586 -0.158983 0.980701
1305031807.449510 -0.290363 0.260401 -0.336926 -0.0555644 -0.0728337 -0.150632 0.984336
1305031807.481516 -0.292295 0.25429 -0.34314 -0.0238439 -0.0669029 -0.144508 0.986951
1305031807.517475 -0.293405 0.254726 -0.34793 0.00452537 -0.060958 -0.13751 0.988613
1305031807.549397 -0.297379 0.2443 -0.350877 0.0292331 -0.0527999 -0.130547 0.989604
1305031807.581447 -0.297868 0.237985 -0.357661 0.0536533 -0.0461271 -0.12441 0.989705
1305031807.617576 -0.302372 0.232133 -0.363848 0.0734791 -0.0394216 -0.119772 0.989294
1305031807.649399 -0.30949 0.221763 -0.369651 0.0929532 -0.0336007 -0.115185 0.988415
1305031807.681493 -0.31431 0.213903 -0.377635 0.116419 -0.0286596 -0.10918 0.986765
1305031807.717426 -0.317076 0.207378 -0.385337 0.1372 -0.0235662 -0.103374 0.984853
1305031807.749401 -0.324379 0.198073 -0.394889 0.157124 -0.0190259 -0.0975494 0.982565
1305031807.781497 -0.328323 0.191361 -0.404492 0.177236 -0.0183533 -0.0921605 0.979672
1305031807.817444 -0.328962 0.186289 -0.414466 0.195449 -0.0178726 -0.0889114 0.976512
1305031807.849449 -0.331404 0.179279 -0.424105 0.211664 -0.0154813 -0.0861086 0.973419
1305031807.881470 -0.334281 0.173432 -0.434807 0.228676 -0.013295 -0.0832973 0.969841
1305031807.917395 -0.33815 0.167123 -0.444516 0.24517 -0.0117827 -0.0810796 0.966012
1305031807.949413 -0.340451 0.162516 -0.455735 0.261603 -0.0119281 -0.0781257 0.961935
1305031807.981324 -0.341113 0.1557 -0.46581 0.277384 -0.0135164 -0.0740053 0.957809
1305031808.017397 -0.343516 0.148578 -0.477199 0.292927 -0.0152722 -0.0692265 0.953503
1305031808.049392 -0.342067 0.142777 -0.488817 0.309492 -0.0183216 -0.0665849 0.948391
1305031808.081430 -0.343939 0.13625 -0.500676 0.325857 -0.0199938 -0.0649346 0.942975
1305031808.117668 -0.345895 0.127412 -0.513019 0.34236 -0.021641 -0.0627747 0.93722
1305031808.149433 -0.346746 0.120571 -0.526432 0.361091 -0.0232476 -0.0620344 0.930175
1305031808.181601 -0.349603 0.120573 -0.538885 0.378377 -0.0251085 -0.0620144 0.923231
1305031808.217427 -0.352489 0.116168 -0.551003 0.390654 -0.0289639 -0.0611735 0.918046
1305031808.249410 -0.351982 0.108327 -0.565036 0.402142 -0.0321739 -0.0622713 0.91289
1305031808.281466 -0.35322 0.099324 -0.577832 0.415641 -0.033135 -0.062052 0.906805
1305031808.317395 -0.351982 0.0964643 -0.592489 0.429361 -0.0346748 -0.0609497 0.900407
1305031808.349431 -0.356493 0.0965209 -0.603208 0.442237 -0.0356514 -0.0609164 0.894117
1305031808.381824 -0.355443 0.0946509 -0.614355 0.4534 -0.0365957 -0.0624103 0.888366
1305031808.417419 -0.349446 0.0917346 -0.624548 0.464787 -0.0365385 -0.062221 0.882478
1305031808.449356 -0.352211 0.086851 -0.639167 0.476704 -0.0351576 -0.0592892 0.876358
1305031808.481442 -0.34494 0.0859142 -0.651664 0.487778 -0.036869 -0.0567562 0.870341
1305031808.517409 -0.345325 0.0785703 -0.668027 0.495683 -0.0381676 -0.0546555 0.865942
1305031808.549430 -0.346803 0.073793 -0.681159 0.504442 -0.0362215 -0.0537605 0.861009
1305031808.581470 -0.352453 0.075164 -0.686214 0.515386 -0.0298584 -0.0499635 0.854979
1305031808.617470 -0.351394 0.0777749 -0.70443 0.523928 -0.0218479 -0.0458523 0.850247
1305031808.649371 -0.349482 0.0678151 -0.714384 0.531375 -0.0148434 -0.0425614 0.845937
1305031808.681415 -0.349576 0.058921 -0.72373 0.537427 -0.00832578 -0.0419977 0.842223
1305031808.717501 -0.342911 0.0546316 -0.730254 0.543027 0.000279017 -0.0430631 0.838611
1305031808.749404 -0.334665 0.0591478 -0.726265 0.552098 0.0116513 -0.0418816 0.832646
1305031808.781467 -0.324903 0.0471452 -0.735809 0.55539 0.0220154 -0.038946 0.830386
1305031808.817546 -0.326513 0.0397294 -0.746931 0.553841 0.0344149 -0.0345191 0.831195
1305031808.849389 -0.327432 0.033575 -0.755046 0.548299 0.0460381 -0.0309751 0.83444
1305031808.881454 -0.321679 0.0261751 -0.765353 0.538593 0.0550065 -0.0275517 0.840317
1305031808.917405 -0.305502 0.0272089 -0.766623 0.525835 0.0625945 -0.0262334 0.847875
1305031808.949458 -0.294441 0.0265165 -0.761681 0.510838 0.0693584 -0.0232335 0.85656
1305031808.981550 -0.28642 0.0305388 -0.75201 0.496007 0.0752629 -0.0195326 0.864831
1305031809.017420 -0.282694 0.0333931 -0.741292 0.481029 0.0829671 -0.0170255 0.872604
1305031809.049495 -0.278209 0.0424791 -0.727439 0.468336 0.0913929 -0.0146209 0.87869
1305031809.081521 -0.279913 0.0485399 -0.716104 0.457248 0.102181 -0.0111995 0.883379
1305031809.117517 -0.283075 0.0482927 -0.710389 0.444053 0.114398 -0.0061967 0.888646
1305031809.149422 -0.282184 0.0493845 -0.707564 0.429888 0.123066 0.00164871 0.894454
1305031809.181454 -0.275869 0.05774 -0.701666 0.417105 0.129082 0.00909938 0.899599
1305031809.217451 -0.274065 0.0606389 -0.698178 0.402065 0.134446 0.0159681 0.905546
1305031809.249425 -0.2727 0.0714044 -0.685937 0.38666 0.14063 0.0232436 0.911141
1305031809.281664 -0.273369 0.0800315 -0.6707 0.372784 0.146247 0.0305475 0.915812
1305031809.317409 -0.269318 0.0847688 -0.667169 0.358999 0.148958 0.0375633 0.920609
1305031809.349286 -0.267778 0.0915447 -0.661986 0.345163 0.152411 0.0424225 0.925113
1305031809.381405 -0.265889 0.0947126 -0.657681 0.330385 0.154304 0.0458255 0.930019
1305031809.417304 -0.268477 0.0968935 -0.653878 0.317141 0.156584 0.0498214 0.934035
1305031809.449429 -0.27256 0.0991388 -0.646843 0.305893 0.158302 0.0553815 0.937178
1305031809.481493 -0.273075 0.102013 -0.641642 0.295393 0.158032 0.0604497 0.940274
1305031809.517383 -0.274611 0.106842 -0.635781 0.284898 0.158915 0.0627088 0.943211
1305031809.549381 -0.278858 0.110803 -0.629987 0.274003 0.161421 0.0637682 0.945938
1305031809.581443 -0.282304 0.112586 -0.625417 0.263991 0.165021 0.0652357 0.948062
1305031809.617447 -0.286273 0.114675 -0.621648 0.255011 0.168454 0.0671191 0.949783
1305031809.649447 -0.288884 0.120887 -0.615887 0.245746 0.170591 0.0695622 0.951666
1305031809.681564 -0.292044 0.127182 -0.611134 0.236201 0.172072 0.0730441 0.953554
1305031809.717482 -0.294004 0.131592 -0.606223 0.226084 0.172966 0.0762586 0.955591
1305031809.749405 -0.295256 0.136125 -0.602109 0.215721 0.174102 0.0809238 0.957395
1305031809.781560 -0.29655 0.140986 -0.597808 0.205459 0.175503 0.0868268 0.958878
1305031809.817472 -0.297507 0.147365 -0.59318 0.194965 0.177177 0.0910077 0.960372
1305031809.849358 -0.297317 0.153573 -0.589455 0.183745 0.179685 0.0947639 0.961754
1305031809.881617 -0.297682 0.159563 -0.585584 0.173275 0.183527 0.0992603 0.962518
1305031809.917383 -0.297885 0.165843 -0.581487 0.16295 0.187031 0.103822 0.963166
1305031809.949442 -0.298268 0.17152 -0.577707 0.151792 0.18998 0.108756 0.963867
1305031809.981453 -0.297671 0.178993 -0.573972 0.140298 0.191911 0.114077 0.96461
1305031810.017406 -0.29591 0.182088 -0.57132 0.129424 0.194196 0.118957 0.965084
1305031810.049474 -0.295348 0.187892 -0.569462 0.120251 0.197243 0.124414 0.964965
1305031810.081517 -0.294035 0.195994 -0.568112 0.111345 0.1987 0.129662 0.965043
1305031810.117406 -0.290561 0.202246 -0.567578 0.101002 0.200561 0.132133 0.965461
1305031810.149419 -0.288532 0.206624 -0.567691 0.0911153 0.204429 0.134802 0.965265
1305031810.181557 -0.286093 0.215036 -0.568837 0.0830585 0.207319 0.138146 0.964902
1305031810.217391 -0.283484 0.223954 -0.570182 0.0733358 0.208742 0.141087 0.964958
1305031810.249478 -0.280802 0.230613 -0.571688 0.0603964 0.209458 0.142598 0.965477
1305031810.281498 -0.27978 0.235851 -0.572097 0.0491328 0.210566 0.14441 0.965605
1305031810.317488 -0.27862 0.24223 -0.57339 0.040226 0.212271 0.148131 0.96508
1305031810.349482 -0.275574 0.249242 -0.575311 0.0319963 0.212544 0.15449 0.964331
1305031810.381463 -0.272102 0.255366 -0.57752 0.0223685 0.211567 0.160119 0.963899
1305031810.417445 -0.268542 0.263297 -0.580081 0.0117855 0.209524 0.164482 0.963798
1305031810.449427 -0.26546 0.270936 -0.58228 -0.000776239 0.208378 0.169816 0.963193
1305031810.481449 -0.25958 0.275294 -0.583549 -0.0123201 0.208961 0.17457 0.962138
1305031810.517384 -0.253686 0.284449 -0.588067 -0.0211649 0.210197 0.179524 0.960802
1305031810.549512 -0.247161 0.290797 -0.590113 -0.0306851 0.212001 0.184377 0.959228
1305031810.585416 -0.242846 0.295094 -0.591058 -0.0372666 0.214494 0.191132 0.957117
1305031810.617391 -0.236729 0.299971 -0.593303 -0.0418199 0.216215 0.198052 0.955132
1305031810.649392 -0.228071 0.298172 -0.593308 -0.0432959 0.219742 0.205012 0.95279
1305031810.685423 -0.218654 0.295098 -0.594513 -0.0414824 0.22461 0.211518 0.95031
1305031810.717449 -0.210688 0.293074 -0.597567 -0.0351928 0.231402 0.217041 0.947686
1305031810.749419 -0.205517 0.291231 -0.600159 -0.0272366 0.238581 0.220929 0.945266
1305031810.785316 -0.195927 0.286383 -0.605298 -0.0177705 0.24604 0.222321 0.943251
1305031810.817385 -0.188134 0.280544 -0.610844 -0.00503324 0.256646 0.223121 0.940386
1305031810.849415 -0.189173 0.281107 -0.615317 0.0110627 0.269687 0.224075 0.936449
1305031810.885396 -0.186571 0.279504 -0.622835 0.0241433 0.279675 0.223516 0.933402
1305031810.917724 -0.180625 0.269478 -0.628347 0.0399306 0.29047 0.222945 0.929693
1305031810.949471 -0.182013 0.267488 -0.634631 0.0611213 0.303365 0.223528 0.924267
1305031810.985423 -0.179033 0.262166 -0.647645 0.0754002 0.312651 0.2251 0.919725
1305031811.017436 -0.176717 0.257664 -0.653262 0.088793 0.32031 0.225003 0.91591
1305031811.049445 -0.176739 0.250421 -0.659276 0.105791 0.328778 0.224625 0.911184
1305031811.085404 -0.177748 0.250677 -0.667906 0.122993 0.337294 0.225481 0.905684
1305031811.117449 -0.179109 0.248364 -0.673762 0.133176 0.344868 0.225551 0.901364
1305031811.149652 -0.178595 0.24471 -0.68082 0.143281 0.351967 0.22344 0.897588
1305031811.185423 -0.178376 0.238448 -0.688567 0.154234 0.359896 0.222287 0.892903
1305031811.217448 -0.174443 0.233986 -0.699222 0.164048 0.368467 0.221276 0.887895
1305031811.249459 -0.171205 0.228606 -0.709322 0.175082 0.377704 0.220164 0.882165
1305031811.285401 -0.173133 0.219213 -0.715436 0.18873 0.388816 0.218989 0.874784
1305031811.317471 -0.174426 0.210739 -0.724405 0.204151 0.399827 0.217835 0.866608
1305031811.349438 -0.179419 0.200897 -0.730671 0.220109 0.409569 0.215784 0.858629
1305031811.385421 -0.184196 0.19153 -0.736365 0.236802 0.418965 0.211266 0.850741
1305031811.417400 -0.189371 0.182657 -0.745848 0.252691 0.428403 0.20695 0.84249
1305031811.449532 -0.195611 0.170324 -0.75424 0.265341 0.438322 0.203341 0.834338
1305031811.485413 -0.201562 0.15799 -0.763816 0.274798 0.44799 0.199842 0.826955
1305031811.517423 -0.207539 0.149651 -0.771914 0.28438 0.456922 0.195968 0.819724
1305031811.549533 -0.213624 0.152033 -0.774606 0.297602 0.465546 0.190861 0.811339
1305031811.585347 -0.222163 0.14898 -0.776247 0.312071 0.473553 0.186661 0.802195
1305031811.617439 -0.229463 0.141598 -0.779398 0.327337 0.47963 0.183221 0.793244
1305031811.649459 -0.239174 0.138919 -0.774034 0.342166 0.484968 0.179219 0.784608
1305031811.685432 -0.246527 0.123096 -0.778489 0.354991 0.488769 0.177911 0.77681
1305031811.717529 -0.25384 0.11624 -0.783528 0.366957 0.492306 0.174206 0.769825
1305031811.749420 -0.262791 0.106128 -0.783806 0.378 0.496253 0.172375 0.762323
1305031811.785416 -0.27468 0.0939519 -0.7894 0.388418 0.500588 0.170765 0.754575
1305031811.817440 -0.28322 0.0860937 -0.793321 0.399318 0.503159 0.16907 0.747524
1305031811.849504 -0.29276 0.0753883 -0.793926 0.408987 0.505876 0.166412 0.74103
1305031811.885446 -0.301481 0.064303 -0.804073 0.41699 0.508268 0.16296 0.735682
1305031811.917451 -0.309952 0.0534398 -0.814232 0.425035 0.511436 0.158883 0.72975
1305031811.949446 -0.318846 0.0443449 -0.831818 0.433977 0.51428 0.156004 0.723079
1305031811.985433 -0.323704 0.0393493 -0.843249 0.443204 0.516801 0.152349 0.716434
1305031812.017466 -0.329564 0.0353576 -0.853651 0.451474 0.518783 0.14857 0.710607
1305031812.049451 -0.333255 0.0363289 -0.868329 0.459524 0.520083 0.143867 0.705446
1305031812.085454 -0.339887 0.0317905 -0.874521 0.467833 0.523901 0.139837 0.69793
1305031812.117430 -0.348217 0.0261589 -0.880643 0.475472 0.529808 0.136088 0.688992
1305031812.149444 -0.356117 0.020184 -0.88497 0.481215 0.535461 0.131652 0.681455
1305031812.185398 -0.364237 0.0131622 -0.888458 0.486961 0.540603 0.128046 0.67396
1305031812.217575 -0.377839 0.00422877 -0.90203 0.492326 0.54377 0.128352 0.667424
1305031812.249442 -0.385032 -0.00328191 -0.914478 0.495738 0.545049 0.130142 0.663498
1305031812.285269 -0.389843 -0.00696953 -0.916097 0.499786 0.547444 0.12941 0.658614
1305031812.317439 -0.395799 -0.0129375 -0.923985 0.501587 0.552156 0.128268 0.653516
1305031812.349628 -0.398394 -0.0120353 -0.920422 0.506468 0.560047 0.126009 0.643397
1305031812.385430 -0.40311 -0.0128691 -0.92542 0.509797 0.567591 0.124455 0.634396
1305031812.417396 -0.417368 -0.0239044 -0.953016 0.504897 0.572826 0.127513 0.633001
1305031812.449401 -0.42605 -0.0293818 -0.972596 0.49609 0.577632 0.132035 0.634669
1305031812.485444 -0.427606 -0.0268436 -0.978259 0.487406 0.582508 0.135467 0.636215
1305031812.517424 -0.428446 -0.0219159 -0.979067 0.478436 0.587806 0.139504 0.637277
1305031812.549479 -0.427755 -0.0147888 -0.982294 0.467177 0.592321 0.146747 0.639818
1305031812.585434 -0.428571 -0.0106343 -0.984712 0.45412 0.596443 0.153516 0.643789
1305031812.617435 -0.425161 0.000940804 -0.987548 0.443186 0.599613 0.159912 0.6469
1305031812.649447 -0.421399 0.0147212 -0.985185 0.431337 0.602211 0.169727 0.649987
1305031812.685438 -0.395263 0.0651427 -0.943183 0.413454 0.607701 0.182646 0.652991
1305031812.749493 -0.400114 0.047748 -0.982284 0.392147 0.606518 0.199246 0.662313
1305031812.785436 -0.402365 0.092467 -0.95469 0.369667 0.605907 0.219209 0.669455
1305031812.849411 -0.407152 0.0774276 -1.00565 0.349459 0.600532 0.236702 0.679127
1305031812.885427 -0.397487 0.0928581 -1.00997 0.334941 0.601216 0.247503 0.68198
1305031812.949555 -0.403246 0.0780778 -1.05998 0.314205 0.594569 0.266573 0.690436
1305031812.985457 -0.388254 0.115362 -1.01945 0.295093 0.58987 0.287291 0.694577
1305031813.049489 -0.394753 0.125432 -1.04377 0.28138 0.58081 0.303145 0.701133
1305031813.085316 -0.382089 0.186541 -0.988983 0.270813 0.569799 0.322864 0.705514
1305031813.149429 -0.395917 0.185736 -1.00208 0.256223 0.560938 0.336745 0.711549
1305031813.185427 -0.366484 0.211057 -0.990592 0.237029 0.543053 0.358534 0.721363
1305031813.249435 -0.388914 0.210369 -0.98286 0.225533 0.538077 0.368249 0.723879
1305031813.285403 -0.370171 0.218614 -0.958191 0.203097 0.52883 0.38675 0.727678
1305031813.349429 -0.389142 0.235807 -0.948218 0.194045 0.525782 0.395392 0.727712
1305031813.385390 -0.39048 0.245027 -0.940736 0.183192 0.52217 0.404816 0.727945
1305031813.417434 -0.391059 0.255121 -0.936374 0.170412 0.515891 0.416335 0.729028
1305031813.449445 -0.393288 0.266699 -0.930174 0.159168 0.50869 0.427347 0.730257
1305031813.485393 -0.346384 0.210086 -0.973832 0.118358 0.489899 0.459327 0.731444
1305031813.549456 -0.280361 0.205121 -0.950117 0.0936043 0.482043 0.474712 0.730425
1305031813.585413 -0.28236 0.210371 -0.94563 0.0821189 0.478419 0.481235 0.729921
1305031813.617514 -0.28615 0.215051 -0.938979 0.0712239 0.475766 0.487869 0.728394
1305031813.649317 -0.288727 0.218444 -0.933456 0.0598633 0.471943 0.494368 0.727521
1305031813.685390 -0.293633 0.222833 -0.927763 0.050372 0.467468 0.499635 0.727531
1305031813.717434 -0.300258 0.228422 -0.921539 0.041114 0.462631 0.504903 0.727568
1305031813.749460 -0.30578 0.232101 -0.915033 0.0308046 0.456897 0.510345 0.727904
1305031813.785473 -0.307918 0.235856 -0.919226 0.0197072 0.437644 0.532971 0.723893
1305031813.849442 -0.264234 0.235545 -0.895018 -0.00340598 0.424073 0.549821 0.719617
1305031813.885478 -0.307865 0.244587 -0.8902 -0.0148626 0.413658 0.563001 0.71533
1305031813.949430 -0.303764 0.24432 -0.882227 -0.0245259 0.409423 0.572712 0.709769
1305031813.985350 -0.309055 0.241432 -0.869722 -0.031626 0.406929 0.581918 0.703406
1305031814.017410 -0.297812 0.236051 -0.858986 -0.0383634 0.40276 0.590932 0.697935
1305031814.049397 -0.289722 0.232705 -0.852728 -0.0419528 0.399395 0.599474 0.692355
1305031814.085369 -0.283688 0.232272 -0.849984 -0.0433642 0.397417 0.606886 0.686928
1305031814.117410 -0.264738 0.231004 -0.850652 -0.0438614 0.396878 0.614287 0.6806
1305031814.149406 -0.244509 0.230968 -0.85628 -0.0418701 0.39898 0.620544 0.673785
1305031814.185515 -0.237331 0.232724 -0.863297 -0.0366004 0.40507 0.624382 0.666878
1305031814.217368 -0.220778 0.231766 -0.868487 -0.0306793 0.414687 0.627256 0.658516
1305031814.249436 -0.193705 0.231914 -0.871401 -0.0210292 0.428637 0.628764 0.648447
1305031814.285406 -0.21438 0.230215 -0.87555 -0.00873328 0.443501 0.626863 0.640526
1305031814.317389 -0.209618 0.227393 -0.879364 0.000223509 0.457514 0.626491 0.631024
1305031814.349391 -0.198322 0.229593 -0.881567 0.0109317 0.47361 0.624601 0.620844
1305031814.385364 -0.214004 0.230133 -0.8893 0.0232463 0.489499 0.622508 0.610192
1305031814.417465 -0.221426 0.230257 -0.896345 0.033602 0.504569 0.621255 0.598601
1305031814.449403 -0.221975 0.232999 -0.907345 0.0428657 0.519558 0.619325 0.587076
1305031814.485389 -0.235831 0.238174 -0.919609 0.052029 0.536001 0.616235 0.574674
1305031814.517461 -0.243873 0.239454 -0.927954 0.0602529 0.552465 0.613084 0.561498
1305031814.549456 -0.245942 0.238952 -0.938306 0.0667776 0.568341 0.608875 0.549363
1305031814.585485 -0.235026 0.245872 -0.956581 0.0756968 0.58425 0.604514 0.536176
1305031814.617521 -0.24362 0.240581 -0.971079 0.0843107 0.60011 0.599154 0.523235
1305031814.649442 -0.257289 0.235875 -0.983872 0.0919781 0.613982 0.593252 0.512463
1305031814.685443 -0.254828 0.233975 -0.986947 0.099482 0.628357 0.585061 0.502965
1305031814.717506 -0.262102 0.229899 -1.00251 0.106181 0.639417 0.578273 0.495453
1305031814.749513 -0.266887 0.222038 -1.00446 0.111441 0.651832 0.571292 0.486131
1305031814.785428 -0.27133 0.219813 -1.01521 0.115941 0.660779 0.564907 0.480426
1305031814.817655 -0.274968 0.218851 -1.02078 0.118379 0.671216 0.556854 0.474732
1305031814.849469 -0.271105 0.218531 -1.02379 0.121512 0.683617 0.548277 0.46615
1305031814.885483 -0.274327 0.210461 -1.03259 0.125093 0.692805 0.541732 0.459239
1305031814.917497 -0.276917 0.205254 -1.04109 0.128613 0.70003 0.535144 0.455015
1305031814.949453 -0.276476 0.203606 -1.04495 0.133059 0.708058 0.527706 0.449974
1305031814.985407 -0.281123 0.200475 -1.05242 0.137925 0.714881 0.52183 0.444541
1305031815.017453 -0.282226 0.193247 -1.05886 0.142194 0.71963 0.518399 0.439519
1305031815.049420 -0.278262 0.188075 -1.07033 0.147675 0.722583 0.515266 0.436541
1305031815.085286 -0.282166 0.186076 -1.07199 0.160385 0.728717 0.505519 0.433244
1305031815.149413 -0.279782 0.179789 -1.08025 0.164664 0.730833 0.502238 0.431886
1305031815.185441 -0.282831 0.17665 -1.08045 0.173063 0.738394 0.488826 0.431129
1305031815.249490 -0.28182 0.175032 -1.08079 0.177338 0.743654 0.48095 0.429207
1305031815.285447 -0.28343 0.172245 -1.08333 0.179827 0.749309 0.472756 0.427436
1305031815.317708 -0.284487 0.1676 -1.0858 0.181025 0.754985 0.46538 0.425029
1305031815.349477 -0.284685 0.167695 -1.08171 0.184121 0.762427 0.455292 0.421324
1305031815.385427 -0.286396 0.156465 -1.08589 0.186159 0.766839 0.449602 0.418522
1305031815.417561 -0.290675 0.148958 -1.097 0.189045 0.768191 0.445921 0.418688
1305031815.449601 -0.29157 0.14501 -1.10051 0.19136 0.770337 0.441185 0.418712
1305031815.485593 -0.292992 0.137133 -1.10341 0.192566 0.77228 0.437994 0.417928
1305031815.517598 -0.295468 0.13236 -1.10742 0.193667 0.773567 0.435516 0.417628
1305031815.549484 -0.297119 0.126371 -1.11076 0.19385 0.774503 0.434109 0.417275
1305031815.585442 -0.29798 0.124468 -1.11251 0.195064 0.775144 0.433102 0.416564
1305031815.617445 -0.300552 0.122236 -1.11397 0.195607 0.77537 0.432919 0.416079
1305031815.649511 -0.301887 0.120946 -1.11509 0.195465 0.775248 0.433789 0.415467
1305031815.685482 -0.300654 0.119029 -1.11572 0.195511 0.774735 0.435316 0.414804
1305031815.717591 -0.301992 0.121184 -1.11633 0.194711 0.77449 0.435768 0.415163
1305031815.749417 -0.301431 0.121209 -1.11536 0.194303 0.77439 0.436758 0.414499
1305031815.785408 -0.30069 0.121811 -1.11588 0.194435 0.773617 0.438323 0.414228
