1341836537.655662 -0.00203112 0.000787064 -0.00173607 -0.00115907 0.000187289 0.000211416 0.999999
1341836537.687415 0.000299733 -0.00105382 -0.0025918 -0.00224869 0.000426357 -0.00115478 0.999997
1341836537.723576 1.18047e-05 0.000554785 -0.00426135 -0.00300565 0.00151082 -0.00303894 0.99999
1341836537.755501 -0.00107615 0.00170438 -0.00701922 -0.00353953 0.00263834 -0.00270719 0.999987
1341836537.787367 2.4545e-06 0.00079344 -0.00769285 -0.00446889 0.00254883 -0.00297583 0.999982
1341836537.823375 -0.000170594 0.00235342 -0.00867893 -0.00497214 0.00356447 -0.00620227 0.999962
1341836537.855421 0.00504973 0.000858129 -0.00977297 -0.00487657 0.00384574 -0.00850785 0.999945
1341836537.887593 0.00484497 -0.00446664 -0.0106606 -0.00450158 0.00550793 -0.00800063 0.999943
1341836537.923463 0.00868013 -0.0049313 -0.0117059 -0.00359211 0.00595632 -0.00483123 0.999964
1341836537.955620 0.0118525 -0.000417578 -0.0126114 -0.00287167 0.00671883 -0.00525978 0.999959
1341836537.987525 0.0188242 -0.00203217 -0.012842 -0.00331364 0.00771564 -0.0070282 0.99994
1341836538.023300 0.0177896 -0.000479009 -0.0143188 -0.00234186 0.00847174 -0.00936695 0.999918
1341836538.055509 0.014946 -3.53266e-05 -0.0148857 -0.00242846 0.00736109 -0.00838734 0.999935
1341836538.087628 0.0105585 -0.0004942 -0.0153953 -0.0026637 0.00803166 -0.0114323 0.999899
1341836538.123334 0.0121463 -0.00245195 -0.0159207 -0.00272994 0.00812979 -0.0129171 0.99988
1341836538.155344 0.00966116 0.00135783 -0.016911 -0.00106394 0.00796357 -0.0118291 0.999898
1341836538.191519 0.0061821 -0.00176747 -0.0174461 -0.00216362 0.00812738 -0.0101291 0.999913
1341836538.223356 0.004326 -0.000399747 -0.0181295 -0.00103099 0.00904858 -0.00961984 0.999912
1341836538.255568 0.00169183 1.04553e-05 -0.0196654 -0.000126603 0.00875618 -0.0093339 0.999918
1341836538.291700 -0.00290727 0.00359112 -0.0214554 0.000722121 0.00894189 -0.00768366 0.99993
1341836538.323323 -0.00481708 0.00179063 -0.0216612 0.00144161 0.00938707 -0.00659464 0.999933
1341836538.355402 -0.00833429 0.00146346 -0.0235431 0.0016428 0.00988158 -0.00290066 0.999946
1341836538.391298 -0.00828269 0.00434471 -0.0241061 0.00154984 0.0102584 -0.00228776 0.999944
1341836538.423501 -0.0124672 0.00565264 -0.0250437 0.00107787 0.0110364 -0.000665898 0.999938
1341836538.456232 -0.0159469 0.00532683 -0.0254027 0.000433273 0.0109996 0.000952923 0.999939
1341836538.491425 -0.020014 0.00303494 -0.02676 -5.63745e-05 0.011657 0.00170623 0.999931
1341836538.523417 -0.0230239 0.00270822 -0.0265367 -0.000399919 0.0113311 0.00270886 0.999932
1341836538.556411 -0.0296291 0.00178814 -0.0275542 0.000179744 0.0109339 0.00161921 0.999939
1341836538.591453 -0.0304576 0.00265325 -0.0260475 0.000839562 0.0115859 0.00180348 0.999931
1341836538.623386 -0.0317434 0.00489149 -0.0262717 0.00133846 0.0120397 0.00393568 0.999919
1341836538.659232 -0.0361878 0.00695271 -0.025355 0.00134535 0.0126344 0.00642727 0.999899
1341836538.691411 -0.0356873 0.00734976 -0.0251189 0.00106821 0.0135116 0.00836779 0.999873
1341836538.723365 -0.0354309 0.00936632 -0.0250587 0.000996155 0.0145199 0.0106869 0.999837
1341836538.759383 -0.0375694 0.0122564 -0.024595 0.00202946 0.014701 0.0132541 0.999802
1341836538.791663 -0.0444737 0.0117713 -0.0234534 0.00172402 0.0152195 0.0140498 0.999784
1341836538.824233 -0.046905 0.0121235 -0.0224393 0.000874331 0.01624 0.0149204 0.999756
1341836538.859625 -0.0539981 0.0151787 -0.021741 0.00140646 0.0167904 0.0177818 0.9997
1341836538.891338 -0.0670568 0.0141382 -0.0199257 0.00126828 0.0163413 0.0186631 0.999691
1341836538.924362 -0.0699389 0.0116136 -0.0175482 0.00148955 0.0172039 0.0161199 0.999721
1341836538.959281 -0.0711605 0.00999786 -0.0163464 0.000879294 0.0202287 0.0177446 0.999637
1341836538.992295 -0.0738634 0.0111961 -0.0144959 0.00234139 0.0210906 0.021547 0.999543
1341836539.028701 -0.0785853 0.0116298 -0.0115473 0.00385248 0.0217104 0.0231084 0.99949
1341836539.059493 -0.0804262 0.0102157 -0.00868113 0.0045255 0.0230009 0.0216901 0.99949
1341836539.092314 -0.0850155 0.0123743 -0.00507524 0.00603145 0.0237812 0.0213864 0.99947
1341836539.127236 -0.100147 0.012846 -0.00124941 0.00614682 0.0243411 0.021744 0.999448
1341836539.159608 -0.108602 0.0112106 0.00200354 0.00484204 0.0245603 0.0183099 0.999519
1341836539.195388 -0.114768 0.00967306 0.00412202 0.00306794 0.0261744 0.0145131 0.999547
1341836539.227456 -0.119307 0.00850156 0.00544572 0.0017016 0.0272786 0.0149998 0.999514
1341836539.260399 -0.127479 0.0067043 0.00673695 0.000499079 0.027708 0.0164742 0.99948
1341836539.295519 -0.135208 0.00320663 0.00816973 -0.000617521 0.0284963 0.0158155 0.999469
1341836539.327434 -0.140463 0.00401809 0.0106248 -0.000511117 0.0295914 0.0134806 0.999471
1341836539.363371 -0.148178 0.00363724 0.0117541 -0.00127527 0.0303225 0.0153274 0.999422
1341836539.395523 -0.155247 0.000511632 0.0142056 -0.00251932 0.0305306 0.0158137 0.999406
1341836539.427397 -0.159795 -0.00079399 0.0159272 -0.00309776 0.0322395 0.0138141 0.99938
1341836539.463424 -0.162238 -0.00181392 0.0172387 -0.00322651 0.0334096 0.0129836 0.999352
1341836539.495503 -0.168702 0.000542779 0.0188807 -0.0026236 0.0333986 0.0145081 0.999333
1341836539.531399 -0.175023 -0.00507709 0.0204843 -0.00417958 0.0346982 0.0152372 0.999273
1341836539.563358 -0.178631 -0.00398485 0.0216823 -0.00261766 0.036475 0.0150771 0.999217
1341836539.628437 -0.188279 -0.00435988 0.0238651 -0.00215293 0.0368445 0.0166519 0.99918
1341836539.692462 -0.190449 -0.0022588 0.0258748 -0.00165044 0.0372951 0.0146735 0.999195
1341836539.728498 -0.196102 -0.00327695 0.0269362 -0.00228236 0.039071 0.0130834 0.999148
1341836539.760370 -0.199567 -0.00278331 0.027382 -0.00216673 0.0397817 0.0127069 0.999125
1341836539.796542 -0.20171 -0.00320285 0.0288638 -0.00278771 0.0402394 0.0127919 0.999104
1341836539.828612 -0.201851 -0.00362397 0.0301089 -0.00297744 0.0409809 0.0111886 0.999093
1341836539.860428 -0.208063 -0.0043616 0.0295748 -0.00233701 0.0428774 0.00982553 0.999029
1341836539.896538 -0.213097 -0.00772392 0.0302384 -0.00271922 0.0442008 0.0115925 0.998952
1341836539.928277 -0.216988 -0.00673655 0.030849 -0.0021401 0.044452 0.0130139 0.998924
1341836539.967421 -0.225974 -0.00603762 0.033966 -0.00177879 0.0455591 0.0139492 0.998863
1341836540.028550 -0.23242 -0.00671864 0.0360118 -0.00269589 0.0463156 0.0144991 0.998818
1341836540.064319 -0.237373 -0.00613011 0.037582 -0.0029306 0.0467631 0.0152726 0.998785
1341836540.096659 -0.243486 0.000787339 0.0398541 -0.00219376 0.0471388 0.0142678 0.998784
1341836540.128316 -0.247891 0.00201537 0.0425914 -0.00326821 0.047076 0.0148625 0.998775
1341836540.164722 -0.250418 0.00318095 0.0446613 -0.00340471 0.0475246 0.0153326 0.998747
1341836540.196409 -0.255996 0.00552553 0.0475137 -0.00327976 0.0487144 0.0177574 0.99865
1341836540.232442 -0.263477 0.00506656 0.0499531 -0.00438705 0.04956 0.0209449 0.998542
1341836540.264342 -0.26011 0.000849082 0.0525134 -0.00494756 0.0479305 0.0238642 0.998553
1341836540.296462 -0.26572 0.000250619 0.0542446 -0.00335667 0.048712 0.0247475 0.998501
1341836540.332431 -0.276832 0.000626517 0.0556884 -0.00287445 0.048936 0.028885 0.99838
1341836540.364486 -0.283382 0.00279523 0.0591859 -0.00244632 0.0480797 0.0295547 0.998403
1341836540.396559 -0.287677 0.00142752 0.0613658 -0.00203538 0.0475272 0.0284309 0.998463
1341836540.432557 -0.295905 -0.00105497 0.0626277 -0.00175418 0.0472498 0.027162 0.998512
1341836540.464302 -0.301936 0.00327084 0.0649992 -0.00117229 0.0460793 0.0255423 0.99861
1341836540.500473 -0.305978 0.000678644 0.0675743 -0.00287888 0.0458824 0.0233967 0.998669
1341836540.532753 -0.311115 -0.00181953 0.068342 -0.00444548 0.0466795 0.0216506 0.998665
1341836540.564528 -0.313396 -0.00277208 0.0679466 -0.00511205 0.0469255 0.0220136 0.998643
1341836540.600372 -0.314594 -0.00339399 0.0693905 -0.00582976 0.0471862 0.0223349 0.998619
1341836540.632355 -0.314721 -0.0010422 0.0706149 -0.00588988 0.0480376 0.0197366 0.998633
1341836540.664373 -0.316461 -0.000891798 0.0706215 -0.00642853 0.0490025 0.0179657 0.998616
1341836540.700377 -0.322412 -0.00290294 0.0693464 -0.00730395 0.0495298 0.0193638 0.998558
1341836540.732431 -0.32209 0.000992289 0.0706262 -0.00695479 0.0490732 0.0181676 0.998606
1341836540.768334 -0.324368 -0.000168834 0.0708265 -0.00765873 0.0501222 0.0178128 0.998555
1341836540.800341 -0.334333 -0.000946907 0.0679171 -0.00750204 0.0517731 0.0183754 0.998462
1341836540.832332 -0.339516 0.00276604 0.0685523 -0.00664615 0.0514444 0.0184977 0.998482
1341836540.868402 -0.34134 0.00560146 0.0697682 -0.00630575 0.0516416 0.0166044 0.998508
1341836540.900301 -0.346086 0.00628091 0.0700007 -0.00733558 0.0525034 0.015697 0.99847
1341836540.932326 -0.347522 0.00639613 0.0692262 -0.00791716 0.0526647 0.0168445 0.998439
1341836540.968285 -0.350412 0.00655331 0.0683222 -0.0071348 0.053422 0.0180285 0.998384
1341836541.000321 -0.356406 0.00557337 0.06602 -0.00622353 0.054293 0.0179981 0.998343
1341836541.036246 -0.35999 0.00564159 0.0648565 -0.00528164 0.0545935 0.018601 0.998321
1341836541.071359 -0.362584 0.0068355 0.0634569 -0.00430164 0.0557733 0.0192267 0.998249
1341836541.103403 -0.365608 0.00784471 0.0617068 -0.00535686 0.057123 0.0199107 0.998154
1341836541.139243 -0.367107 0.00583582 0.0598128 -0.00655841 0.0584112 0.0183552 0.998102
1341836541.171340 -0.369909 0.00653488 0.0573005 -0.00574238 0.0591584 0.0192649 0.998046
1341836541.204384 -0.376481 0.00895055 0.0545917 -0.005077 0.0596461 0.0213171 0.997979
1341836541.239253 -0.377965 0.0083749 0.0524263 -0.00604611 0.0601574 0.0210176 0.997949
1341836541.271362 -0.380395 0.0083511 0.0500421 -0.00691871 0.0611331 0.0195681 0.997914
1341836541.304263 -0.385765 0.0100922 0.048713 -0.00737693 0.0621593 0.018394 0.997869
1341836541.339433 -0.388678 0.00917454 0.0465344 -0.00854009 0.0632057 0.0184642 0.997793
1341836541.371310 -0.39349 0.0100599 0.0434419 -0.00972437 0.0651568 0.0190904 0.997645
1341836541.407187 -0.397007 0.00756649 0.0406757 -0.0107632 0.0657 0.0180459 0.997618
1341836541.439348 -0.401476 0.00922149 0.0378258 -0.0106569 0.0664366 0.0171598 0.997586
1341836541.472293 -0.406317 0.00843388 0.0361411 -0.0119887 0.0679821 0.0186779 0.99744
1341836541.536336 -0.407992 0.00689108 0.0339919 -0.012947 0.069155 0.0194836 0.997332
1341836541.572445 -0.411738 0.00717533 0.0316331 -0.0135962 0.0702339 0.0202146 0.997233
1341836541.604378 -0.414203 0.00901148 0.0289454 -0.0138581 0.0712167 0.0207568 0.997149
1341836541.636347 -0.435056 0.0129563 0.0240754 -0.0134348 0.076962 0.02259 0.996687
1341836541.707556 -0.445738 0.012805 0.0212498 -0.0166931 0.0788563 0.0245581 0.996444
1341836541.772337 -0.450051 0.0149452 0.0176396 -0.0159941 0.0778331 0.0247166 0.996532
1341836541.804378 -0.458753 0.0122492 0.0158909 -0.0173521 0.0780051 0.0225669 0.996546
1341836541.840291 -0.463875 0.00901384 0.0139395 -0.0194712 0.0787958 0.0206072 0.996488
1341836541.872463 -0.466956 0.00928551 0.0110281 -0.0190704 0.0795904 0.0195424 0.996454
1341836541.904436 -0.472027 0.00117952 0.00783558 -0.0174181 0.0806575 0.0206847 0.996375
1341836541.940356 -0.474394 -0.00241567 0.00580978 -0.0155384 0.0805847 0.0221321 0.996381
1341836541.972296 -0.481769 -0.00710594 0.00380271 -0.0157031 0.080999 0.0238759 0.996304
1341836542.008370 -0.48813 -0.00818404 0.00129829 -0.0151331 0.0802354 0.0240499 0.996371
1341836542.040580 -0.500308 -0.0115954 -0.00103215 -0.0123142 0.0808804 0.022857 0.996386
1341836542.108713 -0.505176 -0.0107452 -0.00193463 -0.0107725 0.0803234 0.0252518 0.996391
1341836542.140542 -0.51141 -0.0143431 -0.00253593 -0.0106463 0.0803287 0.026499 0.996359
1341836542.172392 -0.518893 -0.0144988 -0.0027033 -0.00991842 0.0806309 0.0271584 0.996325
1341836542.208374 -0.531703 -0.0190781 -0.0025768 -0.010289 0.0814778 0.0292437 0.996193
1341836542.276490 -0.539966 -0.0204028 -0.00305205 -0.00992732 0.0821913 0.0290972 0.996142
1341836542.308326 -0.544199 -0.0218111 -0.00302586 -0.00983201 0.0825561 0.0285284 0.996129
1341836542.340362 -0.5454 -0.0230411 -0.0033783 -0.00968049 0.0838392 0.0273213 0.996058
1341836542.376345 -0.551875 -0.0253738 -0.00388444 -0.00901926 0.0867249 0.0279461 0.995799
1341836542.408921 -0.558809 -0.0269133 -0.00406922 -0.00950474 0.0878357 0.0282027 0.99569
1341836542.444516 -0.562246 -0.024618 -0.003788 -0.010524 0.0879204 0.0271229 0.995703
1341836542.476425 -0.565989 -0.0257795 -0.00402479 -0.0120108 0.0892449 0.025435 0.995612
1341836542.508460 -0.571783 -0.0258614 -0.00449419 -0.0125956 0.0898093 0.0258566 0.995544
1341836542.544563 -0.577877 -0.0261424 -0.003761 -0.0129775 0.0907678 0.027324 0.995412
1341836542.576562 -0.580079 -0.028636 -0.00214546 -0.0135335 0.0923102 0.0294767 0.995202
1341836542.608657 -0.58312 -0.0239793 -0.00174623 -0.0118391 0.0924224 0.0316476 0.995146
1341836542.644314 -0.591344 -0.0269599 -0.000365254 -0.0123117 0.0923861 0.0322354 0.995125
1341836542.676494 -0.59877 -0.0284459 0.00287844 -0.012973 0.0925188 0.0317163 0.995121
1341836542.712387 -0.607745 -0.0289888 0.00546502 -0.0133968 0.0927133 0.031434 0.995106
1341836542.744408 -0.616068 -0.029251 0.00862499 -0.0135297 0.0924736 0.0315282 0.995124
1341836542.776383 -0.620277 -0.0322308 0.0120564 -0.0136121 0.0929176 0.0321778 0.995061
1341836542.812247 -0.623122 -0.034187 0.0145111 -0.013569 0.0931233 0.0347522 0.994955
1341836542.844426 -0.629012 -0.0346028 0.0174866 -0.0133554 0.0927724 0.0366854 0.994922
1341836542.876340 -0.635116 -0.0351564 0.0210602 -0.0135661 0.0927307 0.0367027 0.994922
1341836542.912372 -0.642801 -0.0381425 0.0238467 -0.0141664 0.0929619 0.0372187 0.994873
1341836542.944447 -0.648251 -0.0388772 0.0259609 -0.013931 0.0925729 0.0367373 0.99493
1341836542.980341 -0.654309 -0.0385376 0.029585 -0.0138541 0.0930686 0.036914 0.994879
1341836543.012422 -0.65786 -0.0412979 0.0326993 -0.0153946 0.0939792 0.0382293 0.994721
1341836543.044312 -0.662649 -0.0414502 0.0349246 -0.0161507 0.0945384 0.0398757 0.994591
1341836543.080484 -0.668379 -0.0389564 0.0376381 -0.0168879 0.0953078 0.0395822 0.994517
1341836543.112482 -0.677531 -0.039269 0.0402213 -0.0175485 0.0969124 0.0387297 0.994384
1341836543.151803 -0.680482 -0.0404344 0.0414048 -0.0184286 0.0978503 0.0396744 0.994239
1341836543.212330 -0.685376 -0.0397552 0.0414091 -0.0183076 0.0991624 0.0423899 0.993999
1341836543.248396 -0.693074 -0.0375863 0.0422498 -0.0183766 0.0995246 0.0431888 0.993927
1341836543.280522 -0.700443 -0.0356435 0.0444538 -0.0182886 0.100068 0.0396682 0.994021
1341836543.312360 -0.703523 -0.0394587 0.0460224 -0.0198445 0.101076 0.0383418 0.993941
1341836543.348486 -0.7084 -0.038851 0.0465327 -0.0199822 0.102239 0.0402354 0.993745
1341836543.380347 -0.71663 -0.0401607 0.049478 -0.0202864 0.104771 0.0437393 0.993327
1341836543.416470 -0.724215 -0.0430011 0.0511748 -0.02037 0.105565 0.0444161 0.993211
1341836543.451421 -0.728586 -0.0462448 0.0538255 -0.0206761 0.106199 0.0424347 0.993224
1341836543.483494 -0.73315 -0.044038 0.0550478 -0.0196964 0.107359 0.0442897 0.993038
1341836543.519290 -0.738571 -0.0458099 0.0579852 -0.0205569 0.108107 0.0460903 0.992857
1341836543.551512 -0.742471 -0.0449914 0.0587483 -0.020314 0.109744 0.0443423 0.992762
1341836543.583524 -0.74435 -0.0432783 0.0588504 -0.0207334 0.111168 0.0459817 0.992521
1341836543.619354 -0.750492 -0.0446465 0.0613226 -0.0215263 0.111409 0.0467939 0.992439
1341836543.652624 -0.752607 -0.0457023 0.0628268 -0.0220397 0.112246 0.0452376 0.992405
1341836543.684407 -0.753739 -0.0431972 0.0628762 -0.0222188 0.113367 0.0448696 0.992291
1341836543.719296 -0.758278 -0.0424633 0.0643649 -0.0220155 0.113863 0.0472757 0.992127
1341836543.751406 -0.7648 -0.0441205 0.0675319 -0.0218885 0.114695 0.048748 0.991962
1341836543.787380 -0.768319 -0.04379 0.0701016 -0.0217273 0.115295 0.0483152 0.991918
1341836543.819690 -0.776091 -0.0450436 0.0733452 -0.0220138 0.116724 0.0488499 0.991718
1341836543.851349 -0.782301 -0.0476228 0.0782334 -0.0227284 0.116406 0.0504229 0.99166
1341836543.887421 -0.789096 -0.0504974 0.0824099 -0.0237618 0.116409 0.048846 0.991715
1341836543.919383 -0.791976 -0.0528892 0.0846266 -0.0243597 0.117349 0.048168 0.991623
1341836543.952337 -0.796236 -0.0497806 0.0869988 -0.0233857 0.118175 0.0505355 0.99143
1341836543.987350 -0.800567 -0.0501217 0.0892778 -0.0230809 0.118663 0.0526639 0.991268
1341836544.019495 -0.803352 -0.0505204 0.0910765 -0.0237897 0.120323 0.0521622 0.991078
1341836544.052246 -0.806594 -0.0501071 0.0924704 -0.0229232 0.12119 0.0522921 0.990986
1341836544.087492 -0.814721 -0.0517178 0.0960493 -0.022708 0.12134 0.05385 0.990889
1341836544.119369 -0.817844 -0.0501662 0.0988024 -0.0235163 0.121773 0.0505124 0.990993
1341836544.155476 -0.820131 -0.0513748 0.0983806 -0.0246873 0.123688 0.0476594 0.990869
1341836544.187341 -0.824325 -0.0503372 0.100025 -0.0247588 0.123621 0.0497005 0.990775
1341836544.220394 -0.829897 -0.0498052 0.101987 -0.0256586 0.123078 0.0497099 0.990819
1341836544.255287 -0.83214 -0.0526437 0.102749 -0.0275199 0.124531 0.0487829 0.990634
1341836544.287478 -0.834428 -0.0534323 0.102854 -0.0277479 0.125207 0.0469424 0.990631
1341836544.323292 -0.839275 -0.0524016 0.103952 -0.027091 0.125015 0.0468543 0.990677
1341836544.355325 -0.845178 -0.0555918 0.106363 -0.0276709 0.124808 0.0467078 0.990695
1341836544.387392 -0.852086 -0.0588464 0.108661 -0.0273789 0.126247 0.0442502 0.990633
1341836544.423303 -0.856874 -0.0597569 0.11048 -0.0273886 0.126208 0.0438196 0.990657
1341836544.455424 -0.863821 -0.06592 0.11331 -0.0291138 0.126248 0.0422087 0.990673
1341836544.491390 -0.868714 -0.0666625 0.116039 -0.0292347 0.126663 0.0409118 0.99067
1341836544.523560 -0.875592 -0.0715923 0.118672 -0.0304382 0.126584 0.0410121 0.99064
1341836544.555305 -0.88236 -0.0750818 0.121109 -0.0320647 0.126961 0.0374876 0.99068
1341836544.591370 -0.888142 -0.0747162 0.122813 -0.033251 0.127036 0.0346801 0.990734
1341836544.623377 -0.894356 -0.0798226 0.125019 -0.0340414 0.127253 0.0342642 0.990694
1341836544.659348 -0.900864 -0.0794251 0.126725 -0.034131 0.128512 0.0345183 0.990519
1341836544.691325 -0.907243 -0.0783882 0.128135 -0.0336831 0.12922 0.0356601 0.990402
1341836544.727518 -0.914284 -0.08051 0.129731 -0.0339879 0.129427 0.035957 0.990354
1341836544.759494 -0.923587 -0.0847575 0.132523 -0.0345623 0.130024 0.0357187 0.990264
1341836544.791668 -0.931734 -0.0855121 0.134631 -0.0349189 0.130411 0.0355598 0.990207
1341836544.827466 -0.938931 -0.0898697 0.13685 -0.0358826 0.130314 0.0347521 0.990214
1341836544.859305 -0.945691 -0.0911147 0.138782 -0.0359923 0.130663 0.0328009 0.99023
1341836544.895467 -0.953472 -0.0931352 0.138904 -0.0365588 0.132771 0.0325163 0.989938
1341836544.927304 -0.958223 -0.0916087 0.138455 -0.0355127 0.13383 0.0344778 0.989767
1341836544.959325 -0.967077 -0.0910565 0.140848 -0.0341798 0.135301 0.0366376 0.989537
1341836544.995539 -0.97321 -0.0938924 0.141873 -0.0350265 0.136673 0.0366869 0.989317
1341836545.027344 -0.982218 -0.0952916 0.142815 -0.0354231 0.138319 0.0365958 0.989077
1341836545.059375 -0.990103 -0.0967478 0.143805 -0.0356045 0.138513 0.0384779 0.988972
1341836545.095388 -0.995149 -0.094935 0.143496 -0.034865 0.139905 0.0394466 0.988764
1341836545.127468 -1.00317 -0.0942713 0.142982 -0.0347247 0.141569 0.0418393 0.988434
1341836545.163386 -1.01281 -0.0940326 0.143548 -0.0357812 0.14206 0.0435291 0.988253
1341836545.195497 -1.01779 -0.0936887 0.144488 -0.036528 0.14329 0.040085 0.988194
1341836545.227397 -1.02286 -0.0907791 0.144411 -0.0360666 0.145807 0.0384255 0.987908
1341836545.263290 -1.02998 -0.0893983 0.144977 -0.0352432 0.147047 0.0412004 0.987642
1341836545.295536 -1.03857 -0.0944794 0.146955 -0.0350761 0.148219 0.043145 0.98739
1341836545.327474 -1.04507 -0.0935538 0.147567 -0.0348506 0.149986 0.0443771 0.987077
1341836545.363462 -1.05152 -0.089169 0.147757 -0.034038 0.150251 0.0478766 0.986901
1341836545.395566 -1.06119 -0.0884271 0.148835 -0.0361724 0.151431 0.0499798 0.986541
1341836545.427508 -1.06763 -0.08896 0.146036 -0.0391024 0.154909 0.0506696 0.985853
1341836545.463411 -1.07389 -0.0827969 0.143009 -0.0391726 0.15694 0.0534946 0.98538
1341836545.495417 -1.08219 -0.0841719 0.14387 -0.0396634 0.157364 0.0548774 0.985217
1341836545.531468 -1.08888 -0.0841921 0.143966 -0.04 0.158399 0.0554977 0.985002
1341836545.563294 -1.09828 -0.0788649 0.143451 -0.0398406 0.159602 0.056497 0.984758
1341836545.595508 -1.10827 -0.0809827 0.144965 -0.040224 0.159495 0.0574324 0.984706
1341836545.631269 -1.12049 -0.0820989 0.146584 -0.0404959 0.160389 0.0580184 0.984515
1341836545.663475 -1.12939 -0.0811483 0.146791 -0.0421483 0.160548 0.0565306 0.984506
1341836545.695896 -1.14081 -0.0790052 0.14723 -0.0430495 0.161006 0.0540262 0.984533
1341836545.731477 -1.15037 -0.0804249 0.148658 -0.0439661 0.16235 0.0542062 0.984262
1341836545.763607 -1.15529 -0.080493 0.147318 -0.0443656 0.163407 0.0555227 0.983995
1341836545.795383 -1.16245 -0.0830233 0.146443 -0.0445357 0.165619 0.0544783 0.983676
1341836545.831377 -1.16614 -0.0829184 0.145279 -0.0436373 0.166541 0.0536838 0.983604
1341836545.863348 -1.17477 -0.0826912 0.144782 -0.0443129 0.167268 0.0525565 0.983512
1341836545.896341 -1.18175 -0.0834704 0.144702 -0.0453809 0.168034 0.0498817 0.983472
1341836545.931585 -1.18656 -0.0845416 0.143925 -0.0454514 0.169148 0.0482919 0.983357
1341836545.963501 -1.19403 -0.0850706 0.144642 -0.0465781 0.170405 0.0480498 0.983099
1341836545.999215 -1.1999 -0.0824664 0.14197 -0.0462629 0.17213 0.0483295 0.9828
1341836546.031467 -1.20266 -0.0787025 0.139942 -0.0451462 0.173824 0.0480525 0.982567
1341836546.063373 -1.2073 -0.0741688 0.13806 -0.0446825 0.175174 0.0486187 0.982321
1341836546.099306 -1.21078 -0.0714122 0.137282 -0.0444469 0.176169 0.0499963 0.982084
1341836546.131834 -1.21454 -0.0707642 0.136139 -0.0441244 0.177304 0.05023 0.981882
1341836546.164355 -1.2193 -0.0691657 0.135257 -0.0430764 0.178287 0.0508623 0.981718
1341836546.199264 -1.22496 -0.0657995 0.135252 -0.0418264 0.17967 0.0520238 0.981459
1341836546.231493 -1.22926 -0.0642451 0.135767 -0.0409642 0.179471 0.0526835 0.981497
1341836546.264287 -1.23298 -0.0601123 0.137104 -0.0397709 0.179419 0.0523617 0.981573
1341836546.299427 -1.23907 -0.0630886 0.138381 -0.0404917 0.180272 0.0509005 0.981464
1341836546.331292 -1.24665 -0.0618874 0.139642 -0.039613 0.180821 0.0495161 0.98147
1341836546.367416 -1.25044 -0.0660913 0.140835 -0.0408035 0.180342 0.0492183 0.981524
1341836546.399555 -1.25599 -0.0680645 0.141422 -0.0419076 0.180998 0.046612 0.981484
1341836546.432297 -1.26048 -0.066681 0.142751 -0.0412931 0.181762 0.0446168 0.981462
1341836546.467482 -1.26707 -0.0654015 0.143743 -0.0411753 0.183366 0.0446964 0.981165
1341836546.499225 -1.27074 -0.0643091 0.143935 -0.0405252 0.185515 0.04651 0.980703
1341836546.535507 -1.27366 -0.0638926 0.144186 -0.0405291 0.186053 0.0480723 0.980526
1341836546.567385 -1.28173 -0.0658143 0.145757 -0.0404604 0.18643 0.0460271 0.980555
1341836546.599295 -1.28883 -0.0705881 0.148069 -0.0419174 0.187514 0.0413714 0.980495
1341836546.635406 -1.29336 -0.0705623 0.150222 -0.041824 0.188473 0.0415606 0.980307
1341836546.668046 -1.30058 -0.0739548 0.152399 -0.0413192 0.189255 0.0427962 0.980124
1341836546.703485 -1.3082 -0.0792505 0.155376 -0.0425986 0.190779 0.0412074 0.979842
1341836546.738692 -1.31043 -0.0758527 0.156449 -0.0413702 0.190327 0.0400076 0.980033
1341836546.803475 -1.32842 -0.0806431 0.165307 -0.0415871 0.193152 0.0405249 0.979449
1341836546.868495 -1.33422 -0.0795419 0.167864 -0.0413854 0.194037 0.0414393 0.979244
1341836546.900379 -1.33896 -0.0794877 0.170768 -0.0411894 0.19312 0.0438333 0.97933
1341836546.932517 -1.35139 -0.0790849 0.176769 -0.0414672 0.193965 0.0436596 0.979159
1341836546.971295 -1.3751 -0.0790794 0.186862 -0.0441194 0.195993 0.0432466 0.978657
1341836547.032580 -1.38627 -0.07685 0.190967 -0.043603 0.197368 0.0441223 0.978365
1341836547.068622 -1.40008 -0.0822352 0.197631 -0.0449386 0.201327 0.0438132 0.977511
1341836547.100577 -1.40812 -0.0882475 0.199783 -0.0458987 0.204754 0.0465091 0.97663
1341836547.136348 -1.41707 -0.0857052 0.20127 -0.0455465 0.208141 0.0500838 0.975753
1341836547.168609 -1.42887 -0.0823766 0.204802 -0.045332 0.212662 0.0537016 0.974595
1341836547.200315 -1.43181 -0.078659 0.202642 -0.0442125 0.214029 0.0563893 0.974196
1341836547.236411 -1.43807 -0.0756985 0.202831 -0.0432773 0.214336 0.0574273 0.974109
1341836547.269507 -1.44945 -0.0730328 0.207495 -0.043518 0.215476 0.0567847 0.973885
1341836547.300389 -1.45865 -0.0750161 0.210418 -0.0449048 0.216779 0.0567676 0.973534
1341836547.336435 -1.46689 -0.0763656 0.212287 -0.0458756 0.218079 0.0579872 0.973126
1341836547.368600 -1.47483 -0.0746109 0.213333 -0.0462985 0.219216 0.0589297 0.972794
1341836547.404507 -1.48072 -0.0892684 0.213604 -0.0507606 0.220063 0.0594092 0.972351
1341836547.436484 -1.49037 -0.0884537 0.215011 -0.050583 0.219951 0.0573928 0.972507
1341836547.475394 -1.6361 -0.0660127 0.148449 -0.0480671 0.219405 0.0568717 0.972788
1341836547.536533 -1.64596 -0.0722193 0.15239 -0.0490627 0.220803 0.0571953 0.972403
1341836547.568431 -1.65063 -0.072032 0.154723 -0.049194 0.220031 0.0574148 0.972558
1341836547.604254 -1.65959 -0.0721171 0.159034 -0.048948 0.219998 0.0571971 0.972591
1341836547.636420 -1.66963 -0.0801906 0.16472 -0.0504274 0.221112 0.0564582 0.972306
1341836547.672322 -1.67801 -0.0828065 0.168511 -0.0506289 0.221567 0.0577068 0.972119
1341836547.704389 -1.68714 -0.0834371 0.172427 -0.0498133 0.222215 0.0589629 0.971937
1341836547.736516 -1.69369 -0.0827994 0.175975 -0.0492574 0.222386 0.0591387 0.971916
1341836547.772413 -1.69954 -0.0816046 0.178033 -0.0487082 0.221795 0.0592466 0.972072
1341836547.804409 -1.708 -0.0833411 0.182538 -0.0491602 0.222166 0.0591393 0.971971
1341836547.840336 -1.71399 -0.0866142 0.185962 -0.0492117 0.222312 0.0605099 0.971851
1341836547.872370 -1.71919 -0.0877824 0.189446 -0.0491173 0.221468 0.0617517 0.97197
1341836547.904524 -1.72425 -0.091177 0.192239 -0.0492266 0.220592 0.0617458 0.972164
1341836547.940212 -1.73125 -0.0962544 0.197001 -0.0501931 0.221108 0.0617785 0.971996
1341836547.972282 -1.74007 -0.098733 0.201338 -0.0509545 0.222338 0.0635417 0.971561
1341836548.004382 -1.74257 -0.0982265 0.20357 -0.0508182 0.222217 0.0641636 0.971555
1341836548.040419 -1.74764 -0.0965715 0.206453 -0.0501209 0.222375 0.0648665 0.971509
1341836548.072298 -1.7513 -0.0982514 0.207678 -0.0502213 0.221418 0.0642681 0.971762
1341836548.108439 -1.75684 -0.100461 0.211776 -0.0504323 0.221021 0.0625906 0.971951
1341836548.140411 -1.76152 -0.103506 0.216237 -0.0510664 0.22099 0.0620674 0.971958
1341836548.172332 -1.76558 -0.101254 0.218657 -0.0503516 0.220076 0.0618237 0.972219
1341836548.208477 -1.76856 -0.101578 0.220655 -0.0505269 0.219498 0.0600134 0.972454
1341836548.240362 -1.77392 -0.100782 0.223688 -0.0506865 0.219561 0.0576555 0.972574
1341836548.272973 -1.77863 -0.0994553 0.227417 -0.0508119 0.220308 0.0573233 0.972418
1341836548.308412 -1.78269 -0.100042 0.230332 -0.0510027 0.220828 0.0572876 0.972292
1341836548.340462 -1.7942 -0.0998122 0.236688 -0.0509882 0.225138 0.0595124 0.97117
1341836548.376493 -1.79754 -0.0982728 0.238834 -0.0497236 0.226217 0.0622849 0.970811
1341836548.411379 -1.8039 -0.096925 0.241949 -0.0487811 0.226708 0.0632129 0.970684
1341836548.443599 -1.80925 -0.101037 0.246669 -0.0499376 0.228738 0.0626653 0.970185
1341836548.479367 -1.81438 -0.100216 0.248855 -0.0493731 0.229631 0.0650469 0.969846
1341836548.511578 -1.82075 -0.102253 0.252767 -0.0484905 0.230211 0.0655347 0.96972
1341836548.543463 -1.82728 -0.107201 0.256419 -0.04935 0.232211 0.0653926 0.969209
1341836548.579379 -1.83205 -0.104603 0.258182 -0.0488536 0.232689 0.0663572 0.969054
1341836548.611299 -1.84164 -0.103914 0.261167 -0.0479865 0.234904 0.0657398 0.968605
1341836548.644283 -1.84751 -0.105334 0.263913 -0.047515 0.238175 0.0681221 0.967664
1341836548.679357 -1.85247 -0.105333 0.264004 -0.0471778 0.240462 0.070391 0.966952
1341836548.711385 -1.86155 -0.10588 0.264759 -0.0459747 0.24266 0.0712419 0.966399
1341836548.744381 -1.86799 -0.108636 0.2671 -0.0467867 0.245032 0.0717392 0.965724
1341836548.779339 -1.87776 -0.110568 0.269311 -0.0473815 0.248975 0.0740055 0.964515
1341836548.811351 -1.88537 -0.111949 0.270004 -0.0465424 0.250723 0.0773328 0.963842
1341836548.847326 -1.8905 -0.112102 0.27054 -0.0458412 0.252315 0.0767075 0.96351
1341836548.879497 -1.89799 -0.112382 0.27182 -0.045409 0.253945 0.0762159 0.963141
1341836548.912408 -1.90523 -0.110517 0.27235 -0.0447749 0.254109 0.0768911 0.963074
1341836548.947401 -1.90918 -0.112969 0.273321 -0.0457754 0.255958 0.0762451 0.962588
1341836549.015475 -1.93217 -0.115391 0.274823 -0.0459821 0.262403 0.0804469 0.960499
1341836549.080349 -1.93807 -0.108771 0.27232 -0.0444945 0.261326 0.0798967 0.960909
1341836549.115351 -1.94714 -0.110841 0.274398 -0.045754 0.261528 0.0761285 0.9611
1341836549.147492 -1.95428 -0.11318 0.274349 -0.0465718 0.262893 0.0770767 0.960613
1341836549.183418 -1.95961 -0.111759 0.273555 -0.0456816 0.263076 0.0799297 0.960373
1341836549.215378 -1.96635 -0.114735 0.27468 -0.0465177 0.264159 0.0791525 0.960099
1341836549.247531 -1.97303 -0.112357 0.275464 -0.0456786 0.264674 0.0773177 0.960148
1341836549.283330 -1.98005 -0.114004 0.276761 -0.0457708 0.263706 0.0775774 0.960388
1341836549.315584 -1.98752 -0.115582 0.277709 -0.0466706 0.26384 0.0767234 0.960377
1341836549.348171 -1.99232 -0.114517 0.277348 -0.0468272 0.263358 0.0735282 0.960751
1341836549.383316 -2.00004 -0.120764 0.279732 -0.0478981 0.263125 0.0714827 0.960917
1341836549.415365 -2.00747 -0.118792 0.280639 -0.0473532 0.263477 0.0701368 0.960947
1341836549.451370 -2.01321 -0.121933 0.281027 -0.0479054 0.264392 0.0700071 0.960677
1341836549.483381 -2.01799 -0.124524 0.280846 -0.0478848 0.264722 0.068917 0.960666
1341836549.515395 -2.02455 -0.126512 0.283712 -0.0478598 0.265453 0.0681447 0.960521
1341836549.551462 -2.03185 -0.127978 0.284647 -0.047284 0.266541 0.0680422 0.960255
1341836549.583462 -2.03752 -0.128343 0.283987 -0.0465102 0.26661 0.0689361 0.96021
1341836549.619282 -2.04252 -0.127982 0.285024 -0.0461696 0.266488 0.0673453 0.960373
1341836549.651473 -2.04846 -0.128695 0.285115 -0.0455165 0.267032 0.0668994 0.960285
1341836549.683367 -2.053 -0.129119 0.285698 -0.0443655 0.266613 0.0669876 0.960449
1341836549.719230 -2.05743 -0.131277 0.287072 -0.0441612 0.266349 0.0666688 0.960554
1341836549.751414 -2.06221 -0.133585 0.28733 -0.0440333 0.265999 0.0675978 0.960592
1341836549.787507 -2.06612 -0.130418 0.287716 -0.0433292 0.263636 0.0655798 0.961414
1341836549.819340 -2.07045 -0.127947 0.287462 -0.0433408 0.261828 0.0642063 0.962001
1341836549.851680 -2.07345 -0.124199 0.287275 -0.0430681 0.259925 0.0646504 0.962499
1341836549.887374 -2.07936 -0.121719 0.288134 -0.0423873 0.258052 0.0640303 0.963074
1341836549.919465 -2.08417 -0.122515 0.289886 -0.0426198 0.257698 0.0630057 0.963227
1341836549.955410 -2.0882 -0.119113 0.290826 -0.0413314 0.256392 0.0616563 0.963718
1341836549.987370 -2.09409 -0.118537 0.293209 -0.0410918 0.256051 0.0612991 0.963842
1341836550.019353 -2.09689 -0.115632 0.294406 -0.0411915 0.255701 0.0630897 0.963815
1341836550.055341 -2.1003 -0.116067 0.296024 -0.0417666 0.254759 0.0629116 0.964052
1341836550.087353 -2.10505 -0.115248 0.297927 -0.041805 0.255043 0.060983 0.964099
1341836550.119416 -2.10761 -0.114848 0.299438 -0.0417124 0.254347 0.0612192 0.964272
1341836550.155369 -2.11374 -0.114213 0.302179 -0.0416488 0.254285 0.061333 0.964283
1341836550.187297 -2.11802 -0.113962 0.306413 -0.0419074 0.25553 0.0620851 0.963895
1341836550.223427 -2.12002 -0.113845 0.308396 -0.0414299 0.255008 0.0635018 0.963962
1341836550.255383 -2.12753 -0.109463 0.310665 -0.0391695 0.252533 0.0624305 0.964777
1341836550.320516 -2.13083 -0.107281 0.313536 -0.0386126 0.251628 0.059825 0.965201
1341836550.352459 -2.13657 -0.112657 0.318203 -0.0399025 0.252305 0.059777 0.964975
1341836550.384560 -2.14221 -0.111806 0.322867 -0.0393482 0.253 0.0624787 0.964644
1341836550.420444 -2.14331 -0.11263 0.326222 -0.0393244 0.252696 0.0646974 0.964579
1341836550.452358 -2.14849 -0.11029 0.330563 -0.039121 0.253786 0.064616 0.964307
1341836550.484436 -2.15634 -0.115123 0.337525 -0.0403159 0.254493 0.0650165 0.964044
1341836550.520427 -2.15949 -0.115573 0.341736 -0.040727 0.253763 0.0659677 0.964155
1341836550.552434 -2.16164 -0.119022 0.346315 -0.0413849 0.253386 0.066016 0.964222
1341836550.588509 -2.16856 -0.116034 0.352106 -0.0410126 0.254098 0.0664968 0.964018
1341836550.620438 -2.1704 -0.117532 0.355313 -0.0414558 0.253453 0.0683372 0.96404
1341836550.652656 -2.17526 -0.115357 0.358163 -0.0407948 0.254806 0.0698625 0.963602
1341836550.688439 -2.18136 -0.115023 0.363418 -0.0401854 0.256863 0.0719478 0.962928
1341836550.720423 -2.19102 -0.116661 0.369392 -0.0401365 0.258596 0.0731131 0.962378
1341836550.752434 -2.19309 -0.117156 0.371868 -0.0401423 0.257802 0.0720707 0.962669
1341836550.788573 -2.19537 -0.118058 0.372472 -0.0403341 0.258024 0.0719533 0.962611
1341836550.820368 -2.20271 -0.115056 0.377791 -0.0398841 0.260122 0.0719704 0.962063
1341836550.856414 -2.20656 -0.116903 0.381495 -0.0399803 0.260843 0.0718645 0.961872
1341836550.888343 -2.20847 -0.115946 0.382572 -0.0397564 0.261227 0.0701068 0.961907
1341836550.920432 -2.21375 -0.118882 0.38564 -0.0406349 0.263528 0.0702589 0.961231
1341836550.956331 -2.21935 -0.12075 0.389297 -0.0404511 0.265721 0.0720441 0.960503
1341836550.988524 -2.22518 -0.12082 0.393353 -0.0402162 0.267464 0.0729802 0.959958
1341836551.020555 -2.22931 -0.124248 0.396758 -0.0407886 0.268505 0.0719376 0.959722
1341836551.056360 -2.23273 -0.124568 0.3971 -0.0406756 0.269906 0.0727461 0.959273
1341836551.088410 -2.24226 -0.125447 0.401676 -0.0403164 0.272458 0.0738584 0.958481
1341836551.124405 -2.24637 -0.125153 0.403467 -0.0403893 0.273198 0.0729836 0.958334
1341836551.156413 -2.24782 -0.124627 0.402646 -0.0404221 0.273871 0.0722711 0.958195
1341836551.188336 -2.25582 -0.127338 0.405809 -0.0406101 0.276519 0.0745498 0.957252
1341836551.224358 -2.26061 -0.123414 0.406958 -0.039085 0.277783 0.0765768 0.956789
1341836551.256305 -2.26583 -0.123608 0.409202 -0.0392412 0.279932 0.0775668 0.956076
1341836551.292276 -2.27421 -0.124054 0.412752 -0.0391162 0.282641 0.0782779 0.955226
1341836551.326846 -2.28338 -0.124546 0.41636 -0.0385093 0.284634 0.0797459 0.954537
1341836551.356394 -2.28567 -0.123457 0.416276 -0.0380233 0.284827 0.0804651 0.954439
1341836551.392345 -2.2893 -0.123571 0.416808 -0.0378549 0.28603 0.0805899 0.954075
1341836551.424392 -2.29731 -0.124468 0.420923 -0.0371828 0.287929 0.081974 0.953412
1341836551.456321 -2.30372 -0.123948 0.424581 -0.0358215 0.288958 0.0822866 0.953126
1341836551.492455 -2.30444 -0.125107 0.423887 -0.0347251 0.288988 0.0815669 0.953219
1341836551.524730 -2.31125 -0.129589 0.427619 -0.0352709 0.289913 0.0801796 0.953036
1341836551.560490 -2.31397 -0.132875 0.428308 -0.0362742 0.289683 0.0791881 0.953151
1341836551.592523 -2.3172 -0.131496 0.428351 -0.036583 0.289627 0.0801946 0.953072
1341836551.624484 -2.32305 -0.131016 0.431326 -0.0370042 0.290297 0.0802588 0.952847
1341836551.660534 -2.3228 -0.127556 0.429286 -0.0364443 0.289117 0.0785715 0.953367
1341836551.692452 -2.32863 -0.130176 0.430566 -0.0374119 0.289329 0.0788891 0.95324
1341836551.724354 -2.33296 -0.127465 0.432328 -0.0374767 0.289335 0.0782252 0.95329
1341836551.760297 -2.33425 -0.12637 0.432169 -0.0383811 0.289414 0.0780154 0.953247
1341836551.792285 -2.33964 -0.126176 0.43549 -0.0384508 0.291066 0.0785504 0.952697
1341836551.828378 -2.34337 -0.127311 0.438041 -0.0391052 0.291241 0.0783174 0.952636
1341836551.860476 -2.34369 -0.123346 0.43774 -0.0382256 0.290686 0.0777465 0.952888
1341836551.892485 -2.34615 -0.124221 0.439589 -0.0379618 0.291335 0.0771512 0.952749
1341836551.928290 -2.35278 -0.129311 0.444337 -0.0381992 0.292755 0.0776368 0.952265
1341836551.960486 -2.35953 -0.1296 0.448558 -0.0372628 0.293573 0.078516 0.951978
1341836551.992344 -2.36138 -0.130913 0.449793 -0.0372339 0.293274 0.0777336 0.952135
1341836552.028600 -2.36481 -0.132142 0.45191 -0.0376405 0.293376 0.0766229 0.952178
1341836552.060303 -2.37204 -0.130539 0.455866 -0.0371155 0.294132 0.0779383 0.951858
1341836552.096567 -2.37846 -0.133737 0.459611 -0.0372068 0.294682 0.0777336 0.951701
1341836552.131524 -2.38266 -0.134545 0.462369 -0.0376722 0.295929 0.0755047 0.951476
1341836552.163502 -2.38755 -0.136402 0.465292 -0.0376541 0.298224 0.0764182 0.950687
1341836552.199321 -2.38995 -0.136916 0.466886 -0.0378311 0.299119 0.0776597 0.950298
1341836552.231433 -2.39442 -0.137891 0.469137 -0.0380101 0.300839 0.0784532 0.949682
1341836552.264218 -2.39909 -0.137635 0.471721 -0.0375858 0.303876 0.0793254 0.948659
1341836552.299306 -2.40574 -0.135418 0.475978 -0.0366933 0.30549 0.0819561 0.947952
1341836552.331302 -2.41184 -0.136531 0.477678 -0.0385973 0.30631 0.0816153 0.947641
1341836552.364350 -2.41588 -0.13843 0.479618 -0.0400838 0.30818 0.0790223 0.947193
1341836552.399343 -2.42027 -0.137442 0.4816 -0.0387617 0.309444 0.0811036 0.946659
1341836552.431418 -2.425 -0.137676 0.484262 -0.0382997 0.31069 0.0845021 0.945973
1341836552.467415 -2.42905 -0.139983 0.486774 -0.0383417 0.313244 0.0859038 0.945002
1341836552.499249 -2.43333 -0.142262 0.489373 -0.0384678 0.315102 0.0862506 0.944347
1341836552.532418 -2.44018 -0.144761 0.492707 -0.0375409 0.315702 0.0876159 0.944058
1341836552.567368 -2.44532 -0.145179 0.495389 -0.037068 0.315734 0.0883778 0.943995
1341836552.599391 -2.45078 -0.143745 0.496148 -0.0367456 0.315723 0.0858954 0.944241
1341836552.635473 -2.45638 -0.141153 0.497945 -0.0362165 0.316463 0.0847249 0.944119
1341836552.667375 -2.46246 -0.142693 0.500454 -0.0354966 0.317709 0.0892688 0.943309
1341836552.699343 -2.47009 -0.144632 0.504476 -0.0348365 0.318597 0.0902428 0.942941
1341836552.735425 -2.47673 -0.145986 0.507452 -0.0349527 0.32028 0.0874438 0.942631
1341836552.768247 -2.48056 -0.147381 0.508988 -0.0346319 0.321314 0.0884824 0.942194
1341836552.803477 -2.48558 -0.145928 0.50943 -0.0329125 0.322032 0.0897332 0.941892
1341836552.864617 -2.48936 -0.147793 0.511006 -0.0332276 0.323778 0.0893165 0.941322
1341836552.900505 -2.49793 -0.149304 0.514066 -0.0325245 0.326138 0.0911189 0.940358
1341836552.932361 -2.50095 -0.150314 0.513748 -0.0328405 0.3266 0.0925843 0.940044
1341836552.964441 -2.50396 -0.149572 0.512976 -0.0328977 0.327331 0.0923216 0.939813
1341836553.001338 -2.51356 -0.15001 0.517653 -0.0334239 0.32906 0.0910133 0.939318
1341836553.032376 -2.51959 -0.147901 0.5187 -0.0327451 0.329212 0.0907748 0.939312
1341836553.068569 -2.52164 -0.14792 0.516663 -0.0329753 0.328664 0.0893616 0.939631
1341836553.100441 -2.52847 -0.147407 0.520049 -0.0334476 0.329926 0.0884382 0.93926
1341836553.132383 -2.53089 -0.145756 0.51992 -0.0326336 0.330415 0.0883381 0.939126
1341836553.168938 -2.53597 -0.147162 0.522087 -0.0329667 0.331334 0.0882268 0.938801
1341836553.200403 -2.53914 -0.14681 0.522463 -0.0329703 0.332058 0.0877536 0.938589
1341836553.232423 -2.54232 -0.147003 0.523384 -0.0326061 0.332988 0.087744 0.938273
1341836553.269564 -2.54747 -0.149558 0.526511 -0.0323232 0.333773 0.0878235 0.937997
1341836553.300359 -2.54977 -0.150692 0.526948 -0.0324859 0.334316 0.0876229 0.937817
1341836553.336411 -2.55467 -0.149775 0.528935 -0.0312725 0.335578 0.0885712 0.937318
1341836553.368474 -2.56178 -0.151194 0.534906 -0.0305246 0.336623 0.0896841 0.936862
1341836553.400445 -2.56359 -0.151727 0.535073 -0.0307848 0.335921 0.0892838 0.937144
1341836553.436421 -2.56817 -0.151984 0.53709 -0.0306277 0.336407 0.088102 0.937086
1341836553.468477 -2.57417 -0.14818 0.540186 -0.0291053 0.337024 0.0897117 0.93676
1341836553.504461 -2.57925 -0.149756 0.543173 -0.029314 0.336917 0.0906705 0.9367
1341836553.536341 -2.57865 -0.14812 0.539537 -0.0289769 0.336545 0.090853 0.936826
1341836553.568459 -2.58592 -0.145218 0.54442 -0.0272304 0.338247 0.0915123 0.936202
1341836553.604432 -2.59283 -0.153637 0.550833 -0.0283902 0.338782 0.091311 0.935993
1341836553.636456 -2.5929 -0.155481 0.54847 -0.028868 0.33746 0.0892521 0.936654
1341836553.668714 -2.59573 -0.152194 0.549302 -0.0283804 0.33798 0.0891139 0.936495
1341836553.704420 -2.60351 -0.155066 0.556083 -0.0291317 0.339224 0.0900988 0.935928
1341836553.736432 -2.60545 -0.155151 0.556562 -0.0291573 0.338307 0.0892113 0.936344
1341836553.772413 -2.60877 -0.156191 0.559577 -0.0279232 0.33863 0.0885368 0.936329
1341836553.805308 -2.61431 -0.157021 0.566022 -0.0255546 0.339806 0.0906098 0.935772
1341836553.836430 -2.61689 -0.159314 0.570655 -0.023888 0.340033 0.0917272 0.935624
1341836553.872431 -2.61959 -0.161231 0.575382 -0.022731 0.340541 0.0909522 0.935544
1341836553.904605 -2.62494 -0.165879 0.582443 -0.0232585 0.340924 0.0883474 0.935641
1341836553.936434 -2.63017 -0.170474 0.58854 -0.0231449 0.340115 0.0863784 0.936122
1341836553.972533 -2.6249 -0.168582 0.584807 -0.0223773 0.337916 0.0827582 0.937264
1341836554.004482 -2.62793 -0.165219 0.588313 -0.020563 0.339194 0.0824177 0.936874
1341836554.040423 -2.63326 -0.165211 0.597198 -0.0185809 0.340527 0.0851357 0.936188
1341836554.075305 -2.63447 -0.171919 0.600587 -0.0184975 0.338868 0.083804 0.936911
1341836554.140435 -2.64029 -0.170271 0.606637 -0.0171529 0.339756 0.0843131 0.93657
1341836554.172892 -2.6438 -0.176121 0.611011 -0.0150879 0.338479 0.0874175 0.936783
1341836554.209182 -2.64781 -0.172017 0.615284 -0.0143041 0.339961 0.0841992 0.936553
1341836554.243518 -2.6478 -0.174639 0.615719 -0.0146822 0.342352 0.0875905 0.935365
1341836554.278265 -2.65058 -0.176422 0.618376 -0.0130074 0.344601 0.0930215 0.934039
1341836554.343525 -2.66106 -0.182327 0.631857 -0.0131586 0.34752 0.0914175 0.933113
1341836554.408617 -2.66856 -0.18062 0.637557 -0.0145562 0.348253 0.0890727 0.933045
1341836554.476388 -2.67219 -0.181117 0.640543 -0.0152803 0.349654 0.08613 0.932786
1341836554.511752 -2.67633 -0.183522 0.642736 -0.0164734 0.352584 0.0880955 0.931479
1341836554.545324 -2.68064 -0.185009 0.645211 -0.017031 0.355696 0.0919906 0.929907
1341836554.576365 -2.68269 -0.185589 0.645966 -0.0169594 0.358045 0.0954205 0.928661
1341836554.611474 -2.68614 -0.186852 0.647711 -0.0167069 0.360072 0.0964185 0.927778
1341836554.643517 -2.69311 -0.190152 0.651861 -0.0176273 0.362667 0.0975121 0.926635
1341836554.679301 -2.69599 -0.191184 0.654007 -0.0175728 0.36484 0.098094 0.925722
1341836554.711387 -2.69965 -0.190534 0.657177 -0.017376 0.367275 0.10021 0.924535
1341836554.744294 -2.70267 -0.191061 0.659454 -0.0177658 0.368436 0.101664 0.923907
1341836554.779243 -2.70723 -0.193353 0.662959 -0.0191079 0.370154 0.0998027 0.923396
1341836554.811465 -2.71171 -0.192504 0.666483 -0.0189459 0.371832 0.100649 0.922633
1341836554.844421 -2.71511 -0.197068 0.668217 -0.0195162 0.372372 0.103238 0.922117
1341836554.879285 -2.71836 -0.197178 0.669845 -0.0190935 0.372236 0.101994 0.922319
1341836554.911347 -2.72336 -0.197438 0.67276 -0.0196171 0.372963 0.0994068 0.922297
1341836554.947423 -2.72651 -0.197072 0.675246 -0.019455 0.374386 0.10104 0.921546
1341836554.979379 -2.72917 -0.199354 0.676577 -0.0191446 0.375006 0.103963 0.920975
1341836555.012388 -2.73266 -0.199132 0.678666 -0.019252 0.375567 0.103266 0.920823
1341836555.047398 -2.73709 -0.199201 0.682003 -0.0195297 0.376909 0.101293 0.920488
1341836555.079410 -2.73926 -0.199477 0.683144 -0.0184748 0.376725 0.102389 0.920464
1341836555.115333 -2.74381 -0.200042 0.687326 -0.0172243 0.378231 0.104297 0.919656
1341836555.147403 -2.74633 -0.201983 0.68983 -0.0180397 0.379785 0.102719 0.919177
1341836555.179327 -2.74824 -0.204142 0.690884 -0.0184122 0.379592 0.10172 0.91936
1341836555.215254 -2.74917 -0.204872 0.691039 -0.0185157 0.378902 0.102075 0.919604
1341836555.247478 -2.75222 -0.204549 0.694527 -0.0185892 0.381243 0.101708 0.918675
1341836555.283336 -2.75257 -0.206256 0.695303 -0.0182972 0.381332 0.104576 0.918322
1341836555.315509 -2.75431 -0.20557 0.696944 -0.0182124 0.381361 0.1046 0.918309
1341836555.347557 -2.75688 -0.206541 0.699584 -0.0183706 0.381998 0.104211 0.918085
1341836555.383389 -2.75653 -0.208185 0.700293 -0.0177411 0.381296 0.105167 0.91828
1341836555.415569 -2.75926 -0.207031 0.703466 -0.0177235 0.382022 0.103134 0.918209
1341836555.451666 -2.75728 -0.206765 0.703389 -0.0175684 0.382995 0.104066 0.917702
1341836555.483306 -2.75905 -0.210695 0.7071 -0.0178261 0.383913 0.107728 0.91689
1341836555.515620 -2.75787 -0.20996 0.707732 -0.017117 0.384524 0.108272 0.916584
1341836555.551593 -2.75942 -0.2107 0.711644 -0.0176506 0.386689 0.10728 0.915779
1341836555.583395 -2.75969 -0.215432 0.714758 -0.0175071 0.386679 0.108481 0.915644
1341836555.619267 -2.76243 -0.214803 0.718402 -0.0160048 0.386777 0.109088 0.915558
1341836555.651764 -2.76084 -0.214978 0.71946 -0.0151216 0.388266 0.109661 0.914874
1341836555.683433 -2.76122 -0.218388 0.721337 -0.0146602 0.389452 0.110598 0.914265
1341836555.719341 -2.76199 -0.219469 0.722674 -0.0140353 0.389054 0.1115 0.914335
1341836555.751564 -2.76363 -0.21901 0.726403 -0.0148333 0.390683 0.109876 0.913824
1341836555.787315 -2.76376 -0.218253 0.72752 -0.0149397 0.39308 0.110917 0.912668
1341836555.819769 -2.76434 -0.221786 0.729207 -0.0143627 0.394327 0.113635 0.911804
1341836555.851679 -2.76584 -0.221915 0.732365 -0.0131249 0.396671 0.11332 0.910845
1341836555.887393 -2.76821 -0.221204 0.735117 -0.0122539 0.401417 0.115209 0.908538
1341836555.919578 -2.76996 -0.224189 0.736856 -0.0110281 0.404927 0.118712 0.906543
1341836555.955380 -2.76988 -0.223323 0.738264 -0.00996881 0.407778 0.121034 0.904969
1341836555.989240 -2.77099 -0.229343 0.739405 -0.0106786 0.412602 0.123502 0.902437
1341836556.019400 -2.7736 -0.232283 0.742012 -0.0104505 0.416817 0.125387 0.90024
1341836556.055601 -2.77451 -0.229953 0.743104 -0.01146 0.420804 0.126032 0.898281
1341836556.087385 -2.77983 -0.232432 0.745749 -0.0124539 0.427234 0.128052 0.894941
1341836556.119395 -2.77822 -0.235093 0.741819 -0.0113883 0.429913 0.132378 0.89304
1341836556.155460 -2.78028 -0.230433 0.742366 -0.0112428 0.435481 0.13352 0.89017
1341836556.187386 -2.79096 -0.235325 0.749449 -0.0127036 0.443721 0.136955 0.885547
1341836556.219549 -2.79248 -0.238133 0.749241 -0.0150251 0.445688 0.136702 0.884562
1341836556.255513 -2.7904 -0.23763 0.744362 -0.017869 0.447911 0.134653 0.883699
1341836556.287550 -2.79556 -0.241594 0.747117 -0.0199843 0.453033 0.13525 0.880948
1341836556.319460 -2.79613 -0.242003 0.744584 -0.018886 0.454516 0.138269 0.879739
1341836556.355470 -2.79554 -0.241659 0.741439 -0.0197669 0.455725 0.137115 0.879274
1341836556.387408 -2.79499 -0.238986 0.738966 -0.0212132 0.457409 0.135675 0.878589
1341836556.423470 -2.79684 -0.239051 0.738182 -0.02134 0.458349 0.136694 0.877938
1341836556.455541 -2.79564 -0.236706 0.734542 -0.0214266 0.458771 0.13814 0.877489
1341836556.487492 -2.79602 -0.238244 0.733709 -0.0222094 0.460177 0.137981 0.876759
1341836556.523491 -2.79834 -0.238958 0.734275 -0.0219795 0.460609 0.137668 0.876587
1341836556.555480 -2.80021 -0.237636 0.733546 -0.0210427 0.460359 0.139183 0.876502
1341836556.587472 -2.80243 -0.236029 0.735515 -0.0217168 0.460698 0.139113 0.876318
1341836556.623447 -2.80578 -0.233896 0.73673 -0.0222225 0.460404 0.139466 0.876404
1341836556.655577 -2.80934 -0.234739 0.738287 -0.0224524 0.459277 0.140821 0.876772
1341836556.688390 -2.81168 -0.235159 0.739413 -0.023123 0.458518 0.140058 0.877274
1341836556.723474 -2.81308 -0.236737 0.741032 -0.0233568 0.457044 0.139166 0.878179
1341836556.755589 -2.81578 -0.233938 0.744069 -0.0234981 0.455442 0.136906 0.879362
1341836556.791502 -2.81532 -0.233898 0.744229 -0.0236902 0.45475 0.136319 0.879806
1341836556.823299 -2.81661 -0.236819 0.747858 -0.023346 0.455164 0.137218 0.879461
1341836556.855500 -2.81788 -0.237004 0.750017 -0.0224348 0.454326 0.137868 0.879816
1341836556.891411 -2.81909 -0.238782 0.753517 -0.0227387 0.453999 0.136263 0.880227
1341836556.923356 -2.81992 -0.241311 0.756564 -0.0223019 0.454193 0.136139 0.880158
1341836556.956491 -2.82217 -0.242517 0.760761 -0.0221077 0.453364 0.135308 0.880718
1341836556.991578 -2.82248 -0.242734 0.761821 -0.0228692 0.452919 0.132719 0.881321
1341836557.023423 -2.82346 -0.246388 0.764512 -0.0230245 0.453365 0.132493 0.881122
1341836557.056479 -2.82565 -0.246803 0.766776 -0.0225573 0.452324 0.131534 0.881812
1341836557.091401 -2.82554 -0.246231 0.767985 -0.0233857 0.452281 0.128928 0.882197
1341836557.123977 -2.82697 -0.250986 0.770199 -0.0241567 0.453559 0.128252 0.881619
1341836557.159693 -2.82985 -0.252137 0.774364 -0.0240257 0.453301 0.128356 0.88174
1341836557.191367 -2.83185 -0.253598 0.77712 -0.0249628 0.453229 0.126473 0.882023
1341836557.224237 -2.83248 -0.254244 0.777127 -0.0249744 0.45412 0.124644 0.881825
1341836557.259428 -2.83545 -0.25469 0.780144 -0.0243314 0.454587 0.125599 0.881467
1341836557.291320 -2.83744 -0.254318 0.78094 -0.0234352 0.453716 0.125445 0.881962
1341836557.327336 -2.83976 -0.255139 0.782723 -0.0239342 0.454503 0.124093 0.881734
1341836557.359367 -2.84324 -0.255323 0.784281 -0.023669 0.454316 0.12483 0.881734
1341836557.391466 -2.84629 -0.256286 0.786553 -0.0236184 0.453302 0.12609 0.882077
1341836557.427430 -2.85141 -0.256201 0.789753 -0.0229335 0.453507 0.127782 0.881747
1341836557.459285 -2.8554 -0.255807 0.793112 -0.0220501 0.451602 0.127006 0.882858
1341836557.495372 -2.86068 -0.255277 0.7959 -0.0223122 0.450184 0.124443 0.88394
1341836557.527351 -2.86389 -0.253598 0.797152 -0.0222115 0.448743 0.12594 0.884463
1341836557.559823 -2.86913 -0.253544 0.79971 -0.0219215 0.446584 0.124954 0.885702
1341836557.595345 -2.87164 -0.253511 0.799883 -0.0224104 0.445198 0.123118 0.886644
1341836557.627527 -2.87666 -0.254862 0.803891 -0.0228586 0.444807 0.122429 0.886925
1341836557.663458 -2.87878 -0.254287 0.803729 -0.0226339 0.443261 0.12173 0.8878
1341836557.695389 -2.8818 -0.255448 0.805259 -0.0226418 0.442616 0.120967 0.888226
1341836557.727634 -2.88515 -0.257811 0.806935 -0.0235113 0.44207 0.118679 0.888784
1341836557.763370 -2.89033 -0.257781 0.810033 -0.0219656 0.441154 0.118203 0.889342
1341836557.795557 -2.8938 -0.258535 0.8124 -0.0217137 0.439806 0.118386 0.889991
1341836557.831402 -2.89765 -0.261839 0.815319 -0.0223752 0.439568 0.115894 0.89042
1341836557.863496 -2.89996 -0.263607 0.817575 -0.0221444 0.439969 0.115815 0.890238
1341836557.895559 -2.90571 -0.263276 0.823136 -0.0202544 0.439954 0.118249 0.88997
1341836557.931492 -2.90543 -0.265523 0.822028 -0.0199793 0.438206 0.117375 0.890954
1341836557.963497 -2.90822 -0.265252 0.824328 -0.0204636 0.438735 0.11396 0.891126
1341836557.999327 -2.91304 -0.266345 0.829368 -0.0196844 0.438485 0.11427 0.891227
1341836558.031507 -2.91757 -0.266569 0.833571 -0.0177688 0.437141 0.116343 0.891659
1341836558.063409 -2.92003 -0.269139 0.83582 -0.0174454 0.436496 0.115441 0.892099
1341836558.099336 -2.92412 -0.26986 0.840038 -0.0172579 0.437024 0.113405 0.892105
1341836558.131450 -2.92941 -0.270496 0.844504 -0.015848 0.437034 0.116079 0.891782
1341836558.167388 -2.93378 -0.272569 0.847667 -0.0155183 0.436318 0.11723 0.891988
1341836558.199275 -2.93906 -0.27295 0.853458 -0.0160523 0.437372 0.114324 0.89184
1341836558.231310 -2.94411 -0.274901 0.858131 -0.0157639 0.437888 0.113913 0.891644
1341836558.267380 -2.94782 -0.27442 0.860919 -0.0145575 0.437249 0.114624 0.891887
1341836558.299370 -2.951 -0.275325 0.8635 -0.0138309 0.437346 0.115318 0.891762
1341836558.331340 -2.95571 -0.276825 0.867526 -0.0139635 0.438424 0.114151 0.891381
1341836558.367521 -2.95985 -0.275128 0.871901 -0.0133964 0.43889 0.114825 0.891073
1341836558.399507 -2.96355 -0.273148 0.8753 -0.0135183 0.439269 0.116781 0.89063
1341836558.431424 -2.96627 -0.273829 0.878653 -0.0142091 0.439716 0.116113 0.890487
1341836558.467334 -2.96888 -0.276393 0.882274 -0.0146642 0.438795 0.114561 0.891134
1341836558.499235 -2.96943 -0.276129 0.883181 -0.01451 0.437729 0.114283 0.891696
1341836558.531456 -2.97126 -0.277958 0.8877 -0.0139661 0.437297 0.115388 0.891775
1341836558.567430 -2.97261 -0.274395 0.890959 -0.013182 0.437464 0.114262 0.89185
1341836558.599261 -2.97347 -0.274611 0.893689 -0.0134493 0.437678 0.114608 0.891696
1341836558.635428 -2.97566 -0.276262 0.897994 -0.0142543 0.438372 0.114624 0.891341
1341836558.667315 -2.97578 -0.275573 0.900693 -0.0141457 0.437632 0.114934 0.891666
1341836558.699299 -2.97606 -0.275621 0.902963 -0.014718 0.436544 0.112885 0.892451
1341836558.735276 -2.97692 -0.276749 0.905921 -0.0159186 0.437528 0.112612 0.891983
1341836558.767234 -2.97683 -0.276123 0.908192 -0.0147108 0.437282 0.115821 0.891714
1341836558.799388 -2.9786 -0.275696 0.913238 -0.0145535 0.437595 0.115916 0.89155
1341836558.835519 -2.97978 -0.275683 0.916822 -0.0152363 0.439812 0.115018 0.890564
1341836558.867451 -2.98093 -0.277509 0.920986 -0.0142235 0.441335 0.117412 0.889514
1341836558.900348 -2.98269 -0.275239 0.926284 -0.0119676 0.442176 0.120268 0.888748
1341836558.935724 -2.98284 -0.274524 0.929432 -0.0107233 0.443184 0.120283 0.88826
1341836558.967478 -2.98253 -0.274618 0.93292 -0.0111483 0.444732 0.119592 0.887574
1341836559.000224 -2.98442 -0.275076 0.938488 -0.0108311 0.446346 0.121782 0.886469
1341836559.035306 -2.9855 -0.276492 0.943337 -0.010458 0.447333 0.124886 0.885543
1341836559.067396 -2.98414 -0.276617 0.945811 -0.0109011 0.448168 0.124758 0.885134
1341836559.100310 -2.98466 -0.276091 0.950898 -0.0113053 0.449424 0.124525 0.884525
1341836559.135300 -2.98441 -0.27815 0.954498 -0.0104439 0.450553 0.126533 0.883675
1341836559.168365 -2.98697 -0.277414 0.961773 -0.00929368 0.451597 0.128481 0.882874
1341836559.203378 -2.98895 -0.277889 0.967902 -0.0100519 0.452274 0.128092 0.882576
1341836559.235370 -2.98835 -0.278651 0.970589 -0.0110362 0.453877 0.127136 0.881879
1341836559.268241 -2.99212 -0.278365 0.97716 -0.0103624 0.454744 0.130447 0.880956
1341836559.303359 -2.99355 -0.28133 0.980745 -0.0112961 0.453909 0.131467 0.881224
1341836559.335518 -2.99353 -0.285462 0.982717 -0.0133936 0.455863 0.130484 0.880332
1341836559.371796 -2.99759 -0.287021 0.989828 -0.0134128 0.458432 0.133124 0.8786
1341836559.408276 -2.99903 -0.28901 0.992084 -0.0128829 0.457606 0.134633 0.878809
1341836559.439280 -2.99955 -0.289973 0.99493 -0.015137 0.45839 0.131844 0.878787
1341836559.471768 -2.99903 -0.291228 0.996861 -0.0157711 0.460107 0.130835 0.878029
1341836559.503696 -3.00214 -0.292445 1.00292 -0.014798 0.460054 0.132145 0.877878
1341836559.539299 -3.00214 -0.293174 1.00568 -0.0149261 0.460654 0.132054 0.877574
1341836559.571414 -3.00347 -0.294644 1.01001 -0.0151772 0.461995 0.131949 0.876881
1341836559.603414 -3.00524 -0.293417 1.01433 -0.0156171 0.461558 0.132346 0.877043
1341836559.639412 -3.00481 -0.295362 1.01606 -0.0161416 0.461915 0.133572 0.87666
1341836559.672296 -3.00523 -0.295789 1.02027 -0.0160753 0.463805 0.132955 0.875757
1341836559.707411 -3.00722 -0.297241 1.02577 -0.0147079 0.464989 0.134175 0.874966
1341836559.739469 -3.00677 -0.299361 1.02786 -0.0146211 0.464671 0.135076 0.874998
1341836559.771384 -3.00847 -0.298982 1.03272 -0.0149514 0.464916 0.132648 0.875234
1341836559.807349 -3.00846 -0.298191 1.03598 -0.0162897 0.466049 0.132383 0.874647
1341836559.839315 -3.00885 -0.296853 1.0372 -0.0156097 0.46744 0.136009 0.87336
1341836559.875410 -3.0111 -0.297593 1.04251 -0.0154268 0.468425 0.137251 0.872641
1341836559.907310 -3.0102 -0.297714 1.04533 -0.0158251 0.469019 0.13461 0.872726
1341836559.939497 -3.01014 -0.298157 1.04794 -0.0163859 0.469895 0.134024 0.872335
1341836559.975374 -3.01038 -0.299588 1.05039 -0.015852 0.470481 0.135679 0.871773
1341836560.007502 -3.01053 -0.299239 1.05278 -0.0159187 0.471684 0.13499 0.871228
1341836560.043829 -3.00672 -0.295444 1.04915 -0.0147571 0.473103 0.137915 0.87002
1341836560.104647 -3.00678 -0.297863 1.04972 -0.0146185 0.473822 0.140051 0.86929
1341836560.140480 -3.00042 -0.298271 1.04122 -0.0136495 0.474492 0.144028 0.86829
1341836560.172477 -3.00364 -0.296925 1.04638 -0.0104165 0.479178 0.147514 0.86517
1341836560.204360 -3.007 -0.300053 1.05183 -0.00796774 0.481677 0.150362 0.863316
1341836560.240546 -3.00582 -0.298593 1.0529 -0.00761948 0.483041 0.149337 0.862735
1341836560.272387 -3.00648 -0.291816 1.05358 -0.00543942 0.487124 0.149931 0.860349
1341836560.304441 -3.01176 -0.295262 1.06043 -0.00416028 0.490999 0.153418 0.857535
1341836560.340364 -3.01398 -0.293563 1.0648 -0.00503377 0.493725 0.152908 0.856055
1341836560.372350 -3.013 -0.295356 1.06227 -0.00632028 0.495779 0.15255 0.854922
1341836560.408404 -3.01915 -0.297512 1.06968 -0.00783131 0.497706 0.151039 0.854058
1341836560.440483 -3.01635 -0.29848 1.0646 -0.00924268 0.497919 0.150742 0.853972
1341836560.472298 -3.01791 -0.29827 1.06425 -0.00969855 0.499314 0.150901 0.853124
1341836560.508310 -3.01975 -0.299196 1.06538 -0.0105791 0.499863 0.150854 0.8528
1341836560.540317 -3.02226 -0.297682 1.06749 -0.0111877 0.500368 0.150584 0.852544
1341836560.573502 -3.02423 -0.29891 1.06874 -0.012501 0.500599 0.149498 0.852581
1341836560.608340 -3.0248 -0.29783 1.06862 -0.0135518 0.500773 0.148553 0.852628
1341836560.640422 -3.03016 -0.297303 1.0738 -0.0135942 0.501081 0.148763 0.85241
1341836560.676330 -3.03393 -0.295971 1.07818 -0.015081 0.500406 0.147157 0.85306
1341836560.708409 -3.03373 -0.293857 1.07509 -0.0165748 0.499314 0.146357 0.853809
1341836560.740520 -3.03512 -0.295172 1.07395 -0.0183911 0.499486 0.145953 0.853741
1341836560.776254 -3.03818 -0.295134 1.07594 -0.0185889 0.500316 0.1474 0.853001
1341836560.808326 -3.04001 -0.295929 1.07619 -0.0193106 0.501194 0.149284 0.852142
1341836560.840419 -3.04211 -0.295437 1.07617 -0.0195392 0.502005 0.149515 0.851619
1341836560.876325 -3.04837 -0.29827 1.08313 -0.0199124 0.503122 0.149329 0.850983
1341836560.908357 -3.05108 -0.300306 1.08544 -0.0203846 0.50301 0.148664 0.851155
1341836560.944404 -3.0514 -0.297518 1.08525 -0.0208572 0.502996 0.146005 0.851612
1341836560.976295 -3.05356 -0.299655 1.08639 -0.0203006 0.50375 0.145753 0.851222
1341836561.008556 -3.05877 -0.301472 1.09343 -0.0203699 0.504611 0.145153 0.850813
1341836561.044416 -3.06112 -0.302678 1.09491 -0.0210286 0.504598 0.143225 0.851132
1341836561.076367 -3.06234 -0.302659 1.09561 -0.0232991 0.505512 0.140135 0.851045
1341836561.112398 -3.06632 -0.304463 1.09981 -0.0235966 0.506868 0.141678 0.849973
1341836561.144333 -3.07222 -0.307953 1.1065 -0.0230032 0.507783 0.144632 0.848945
1341836561.176591 -3.07362 -0.309072 1.10901 -0.0236363 0.50853 0.144474 0.848508
1341836561.212363 -3.0789 -0.310415 1.11696 -0.0236232 0.509474 0.143863 0.848046
1341836561.244392 -3.08279 -0.313083 1.12342 -0.0238885 0.509133 0.144306 0.848168
1341836561.276337 -3.08263 -0.31095 1.1239 -0.0236841 0.508344 0.143919 0.848712
1341836561.312402 -3.08448 -0.310834 1.12717 -0.0246927 0.508476 0.141869 0.84895
1341836561.344495 -3.08951 -0.314175 1.1355 -0.025236 0.508605 0.140039 0.84916
1341836561.380447 -3.09164 -0.316452 1.13987 -0.02525 0.50777 0.138373 0.849932
1341836561.412463 -3.09162 -0.316892 1.14089 -0.0257451 0.507219 0.136635 0.850527
1341836561.444383 -3.09084 -0.317226 1.14171 -0.026353 0.50744 0.135331 0.850586
1341836561.480494 -3.09376 -0.318209 1.14628 -0.0263297 0.508273 0.135603 0.850045
1341836561.512334 -3.09539 -0.317518 1.14846 -0.0265004 0.50851 0.135849 0.849859
1341836561.544433 -3.0959 -0.320409 1.15003 -0.0275404 0.509272 0.134183 0.849635
1341836561.580361 -3.09817 -0.322381 1.15349 -0.0276054 0.510601 0.133144 0.848998
1341836561.612391 -3.09961 -0.321017 1.1552 -0.0266947 0.511485 0.134063 0.84835
1341836561.648336 -3.09697 -0.318104 1.15273 -0.0264895 0.512886 0.133652 0.847575
1341836561.680331 -3.09956 -0.319478 1.15609 -0.0262765 0.515787 0.133855 0.845787
1341836561.712414 -3.10622 -0.319478 1.164 -0.025053 0.517482 0.134688 0.844656
1341836561.748511 -3.10282 -0.320872 1.16031 -0.0239716 0.517566 0.136288 0.844379
1341836561.780401 -3.10461 -0.322453 1.16263 -0.0234707 0.520095 0.136891 0.84274
1341836561.812700 -3.1112 -0.326017 1.17081 -0.0229987 0.521972 0.137304 0.841524
1341836561.848579 -3.11165 -0.325584 1.17143 -0.0224924 0.522778 0.137989 0.840926
1341836561.880265 -3.11637 -0.328293 1.17738 -0.0229192 0.525666 0.138484 0.839031
1341836561.916312 -3.11991 -0.328396 1.18207 -0.0207371 0.52679 0.140431 0.838058
1341836561.951295 -3.12392 -0.329033 1.18752 -0.0207166 0.527066 0.138564 0.838196
1341836562.019341 -3.12708 -0.330359 1.19083 -0.0203641 0.528533 0.139005 0.837207
1341836562.080581 -3.12949 -0.33238 1.19354 -0.0205232 0.529824 0.139897 0.836238
1341836562.116439 -3.13336 -0.328643 1.19647 -0.020793 0.53146 0.138844 0.835368
1341836562.148367 -3.141 -0.331277 1.20158 -0.0212572 0.533436 0.139779 0.83394
1341836562.184511 -3.14538 -0.3328 1.20543 -0.0208424 0.534805 0.141635 0.83276
1341836562.219290 -3.14869 -0.335175 1.2079 -0.0218943 0.536141 0.140636 0.832043
1341836562.251425 -3.15108 -0.333425 1.20926 -0.0219312 0.537542 0.141757 0.830947
1341836562.287390 -3.15289 -0.33459 1.21056 -0.0204934 0.538697 0.145477 0.829592
1341836562.319250 -3.15444 -0.335308 1.21065 -0.0197389 0.54031 0.146993 0.828293
1341836562.352232 -3.15875 -0.333852 1.21453 -0.0186924 0.54169 0.14791 0.827251
1341836562.387730 -3.16097 -0.332443 1.21737 -0.0194284 0.540637 0.145884 0.828282
1341836562.419326 -3.16305 -0.332749 1.22081 -0.0219578 0.541173 0.143983 0.828202
1341836562.455394 -3.16424 -0.335695 1.22124 -0.022365 0.542246 0.145707 0.827187
1341836562.487315 -3.16735 -0.333598 1.22605 -0.0216522 0.542107 0.146499 0.827157
1341836562.519469 -3.16868 -0.333216 1.22941 -0.0223847 0.541053 0.144792 0.828128
1341836562.555498 -3.16727 -0.334947 1.2305 -0.0243356 0.541545 0.142275 0.828187
1341836562.587360 -3.16758 -0.335109 1.23371 -0.0237937 0.542607 0.143828 0.827239
1341836562.623388 -3.16787 -0.333605 1.23711 -0.0234992 0.543707 0.145187 0.826288
1341836562.656832 -3.16692 -0.335904 1.23846 -0.0241634 0.545686 0.145967 0.824825
1341836562.687414 -3.16661 -0.336171 1.24058 -0.0232597 0.547055 0.147046 0.823752
1341836562.723392 -3.16524 -0.33762 1.24218 -0.0232046 0.547575 0.147632 0.823303
1341836562.755310 -3.16438 -0.338859 1.2448 -0.0244113 0.548957 0.147469 0.822377
1341836562.787756 -3.16351 -0.341006 1.24804 -0.0252911 0.550979 0.147203 0.821044
1341836562.823473 -3.16207 -0.341619 1.24901 -0.0237533 0.552071 0.148589 0.820107
1341836562.855234 -3.16171 -0.340102 1.25191 -0.0223706 0.552426 0.149967 0.819655
1341836562.891396 -3.15924 -0.341005 1.25489 -0.0239298 0.553224 0.147561 0.81951
1341836562.923404 -3.15861 -0.340573 1.25982 -0.0237247 0.554405 0.146925 0.818831
1341836562.955395 -3.15774 -0.340212 1.26466 -0.0221906 0.555319 0.149091 0.817863
1341836562.991509 -3.15489 -0.343532 1.26802 -0.0229342 0.5562 0.1496 0.817151
1341836563.023489 -3.15376 -0.344982 1.2725 -0.023537 0.557374 0.148889 0.816463
1341836563.059412 -3.15196 -0.346551 1.27515 -0.0237355 0.558305 0.149653 0.815681
1341836563.091490 -3.15033 -0.349321 1.27765 -0.0236712 0.559905 0.151546 0.814236
1341836563.123526 -3.15002 -0.349475 1.28195 -0.0226551 0.56126 0.153006 0.813058
1341836563.159903 -3.14774 -0.351178 1.28489 -0.022957 0.561554 0.152791 0.812887
1341836563.192322 -3.1452 -0.353286 1.28699 -0.0228566 0.562395 0.152919 0.812284
1341836563.227384 -3.14408 -0.35196 1.29104 -0.0218255 0.563253 0.154151 0.811485
1341836563.259586 -3.14228 -0.356101 1.29398 -0.0217492 0.563317 0.154262 0.811421
1341836563.291784 -3.14094 -0.357945 1.29795 -0.0216849 0.563848 0.154296 0.811047
1341836563.327381 -3.13884 -0.357408 1.30049 -0.0210214 0.564078 0.153127 0.811126
1341836563.359432 -3.13712 -0.357005 1.30292 -0.0202169 0.563882 0.151814 0.81153
1341836563.395723 -3.13548 -0.360532 1.30584 -0.0217303 0.563798 0.150806 0.811737
1341836563.427417 -3.13348 -0.361106 1.30723 -0.0225924 0.56494 0.150234 0.811025
1341836563.459328 -3.1331 -0.36083 1.30942 -0.0208061 0.565977 0.1527 0.809889
1341836563.495414 -3.13353 -0.362215 1.31299 -0.0211897 0.566128 0.152937 0.809729
1341836563.527734 -3.13116 -0.364031 1.31287 -0.0219836 0.566211 0.151484 0.809922
1341836563.563330 -3.12947 -0.364399 1.3141 -0.0226969 0.566373 0.150877 0.809903
1341836563.595336 -3.12866 -0.364156 1.31533 -0.0218887 0.566543 0.152227 0.809553
1341836563.627267 -3.12882 -0.366135 1.31805 -0.023295 0.567158 0.151711 0.809181
1341836563.663448 -3.12832 -0.365252 1.31974 -0.0241531 0.567579 0.150074 0.809165
1341836563.695359 -3.12888 -0.365377 1.32228 -0.0242465 0.567562 0.14986 0.809214
1341836563.727466 -3.12857 -0.370228 1.32292 -0.0248583 0.568187 0.151279 0.808492
1341836563.763461 -3.12932 -0.372468 1.32551 -0.025989 0.569601 0.151642 0.807394
1341836563.795366 -3.13088 -0.370777 1.32863 -0.0249772 0.570229 0.152631 0.806795
1341836563.827447 -3.13062 -0.372013 1.3297 -0.0245199 0.570183 0.154597 0.806467
1341836563.863324 -3.13009 -0.37473 1.33065 -0.0251268 0.570938 0.154467 0.80594
1341836563.895278 -3.13117 -0.373502 1.33492 -0.0250233 0.572056 0.154347 0.805173
1341836563.927597 -3.13266 -0.374169 1.33859 -0.0229648 0.572269 0.15734 0.804503
1341836563.963416 -3.13309 -0.374327 1.34208 -0.0232515 0.572265 0.156659 0.804631
1341836563.995418 -3.13041 -0.374868 1.34071 -0.0235155 0.572312 0.155566 0.804802
1341836564.031385 -3.1321 -0.375874 1.34527 -0.0233708 0.573154 0.155919 0.804138
1341836564.063489 -3.13196 -0.375236 1.34692 -0.0229481 0.573904 0.157934 0.803222
1341836564.095401 -3.13231 -0.378692 1.3489 -0.0238866 0.575475 0.158824 0.801893
1341836564.131464 -3.13305 -0.379927 1.35093 -0.023634 0.576325 0.15947 0.801162
1341836564.163332 -3.13286 -0.379637 1.35249 -0.0223703 0.57677 0.161284 0.800515
1341836564.195307 -3.13194 -0.380004 1.35406 -0.0226571 0.576256 0.161508 0.800831
1341836564.231400 -3.13149 -0.384096 1.35509 -0.0235493 0.576942 0.16083 0.800448
1341836564.263512 -3.13246 -0.381561 1.35787 -0.0222785 0.577612 0.161349 0.799897
1341836564.295354 -3.13088 -0.379591 1.35855 -0.0222689 0.576621 0.160345 0.800813
1341836564.331382 -3.13106 -0.380252 1.36151 -0.0243514 0.577229 0.157684 0.800843
1341836564.363288 -3.13026 -0.381941 1.36104 -0.0235699 0.577665 0.159529 0.800186
1341836564.396337 -3.12911 -0.38337 1.35966 -0.0228044 0.578032 0.161582 0.799531
1341836564.431406 -3.12934 -0.384632 1.36109 -0.0238278 0.578559 0.161521 0.799132
1341836564.463308 -3.12911 -0.38523 1.36111 -0.0244666 0.578733 0.160298 0.799233
1341836564.499232 -3.12917 -0.383316 1.3624 -0.0245286 0.578577 0.158823 0.799639
1341836564.531509 -3.12789 -0.385324 1.36151 -0.0251166 0.578546 0.159012 0.799606
1341836564.564458 -3.12623 -0.384935 1.36063 -0.0255658 0.579536 0.158306 0.799014
1341836564.599215 -3.12612 -0.383724 1.35968 -0.0247171 0.579807 0.158525 0.798801
1341836564.631361 -3.12573 -0.382094 1.35918 -0.0253012 0.578908 0.157656 0.799606
1341836564.664403 -3.12517 -0.38369 1.35909 -0.026791 0.579109 0.155758 0.799784
1341836564.699246 -3.12613 -0.380636 1.35979 -0.0260363 0.579823 0.155775 0.799288
1341836564.731521 -3.1266 -0.382973 1.35898 -0.0242414 0.579104 0.158782 0.799275
1341836564.767617 -3.12583 -0.382552 1.35901 -0.0256937 0.57831 0.156781 0.800198
1341836564.799280 -3.12529 -0.382362 1.35876 -0.026806 0.578929 0.155125 0.800037
1341836564.832295 -3.12603 -0.382424 1.35907 -0.0258422 0.578649 0.156282 0.800046
1341836564.867842 -3.12725 -0.38104 1.36156 -0.0269238 0.578344 0.155132 0.800454
1341836564.899297 -3.12657 -0.382168 1.36003 -0.0281408 0.578153 0.153703 0.800826
1341836564.935266 -3.12565 -0.380058 1.35883 -0.028316 0.577643 0.152124 0.80149
1341836564.967281 -3.12518 -0.380227 1.35858 -0.0278986 0.577438 0.152292 0.80162
1341836564.999531 -3.12459 -0.379856 1.35812 -0.0277783 0.577858 0.153058 0.801175
