1341840839.193463 -0.00148379 -0.00218383 0.00320403 -0.00114411 -0.000487322 -0.000518069 0.999999
1341840839.225363 0.00175706 -0.00947714 0.00479177 -0.00266353 0.000109847 -0.00112514 0.999996
1341840839.261700 -0.00690363 -0.0031849 0.00528435 -0.000503934 0.000379312 -0.000644747 1
1341840839.294583 -0.0076917 -0.00712494 0.00821247 -0.00244624 0.000241329 0.00272985 0.999993
1341840839.329412 -0.00860941 -0.0116577 0.00835388 -0.00381352 -0.000750508 0.00224825 0.99999
1341840839.361439 -0.00537958 -0.00483461 0.00616359 -0.00112602 -0.000554823 0.000892945 0.999999
1341840839.393461 -0.00290001 -0.00314226 0.00594636 -0.000860228 -0.00183819 -0.000133674 0.999998
1341840839.429312 0.00145136 -0.00375326 0.00685818 -0.000642465 -0.00144153 -0.00223339 0.999996
1341840839.461283 -0.00262328 -0.00274877 0.00881624 -0.00142499 -0.0015328 -0.00294205 0.999993
1341840839.497390 0.00287884 -0.00894097 0.0102267 -0.00308282 -0.00237325 -0.00125449 0.999992
1341840839.529496 0.00638844 -0.00451961 0.00917059 -0.00224646 -0.00282992 -0.00508442 0.999981
1341840839.561316 0.0133757 -0.00136226 0.00950572 -0.00240081 -0.00217859 -0.00701842 0.99997
1341840839.597405 0.00861166 -0.00499177 0.0115405 -0.00452919 -0.000950469 -0.00768256 0.99996
1341840839.629282 0.0144102 -0.00708619 0.0124722 -0.00471526 -0.00153682 -0.00957826 0.999942
1341840839.665514 0.0211325 -0.00491623 0.0140208 -0.0056222 -0.00257641 -0.0131307 0.999895
1341840839.697361 0.0245526 -0.0130333 0.0164509 -0.00836757 -0.0013859 -0.0147002 0.999856
1341840839.729327 0.0214247 -0.0104073 0.0159251 -0.00797368 -0.00142333 -0.0146343 0.99986
1341840839.765445 0.0304122 -0.0113263 0.0173129 -0.00797035 -0.00302863 -0.0145724 0.999857
1341840839.797266 0.038348 -0.0136119 0.0203605 -0.00870844 -0.00489001 -0.0169534 0.999806
1341840839.833487 0.049695 -0.0155821 0.0225978 -0.0100523 -0.00506776 -0.0189778 0.999756
1341840839.865409 0.0563703 -0.0192383 0.0251978 -0.0125113 -0.00641841 -0.0219428 0.99966
1341840839.897303 0.0641492 -0.0243374 0.0286547 -0.0132332 -0.00632528 -0.0223988 0.999641
1341840839.933443 0.0666807 -0.0240312 0.0302345 -0.0139256 -0.00752412 -0.0221246 0.99963
1341840839.965343 0.0735099 -0.0275095 0.0327845 -0.0150643 -0.00853402 -0.0213398 0.999622
1341840840.001548 0.0693276 -0.030609 0.0340519 -0.0155095 -0.0086562 -0.0187502 0.999666
1341840840.033327 0.0800114 -0.0273255 0.0343449 -0.012996 -0.0107218 -0.0139736 0.99976
1341840840.065272 0.0843752 -0.0221097 0.0366589 -0.0127995 -0.0137811 -0.0122722 0.999748
1341840840.101431 0.0934604 -0.0292099 0.0411987 -0.0161217 -0.0150863 -0.0158644 0.99963
1341840840.133310 0.0893836 -0.0278165 0.0401267 -0.0156799 -0.0138832 -0.0145733 0.999674
1341840840.169494 0.0977942 -0.0202303 0.0407003 -0.0129465 -0.0149566 -0.0124683 0.999726
1341840840.201335 0.104491 -0.026097 0.0447902 -0.0168699 -0.0153731 -0.0120816 0.999666
1341840840.233363 0.114511 -0.0391693 0.0491171 -0.0205156 -0.0158998 -0.0132791 0.999575
1341840840.294570 0.119463 -0.043033 0.0504098 -0.0192653 -0.0158429 -0.0134744 0.999598
1341840840.330394 0.113441 -0.0342869 0.0459737 -0.0172197 -0.0152594 -0.00965223 0.999689
1341840840.362487 0.130778 -0.0267871 0.0442619 -0.0149571 -0.0189435 -0.0102399 0.999656
1341840840.394382 0.146582 -0.0383787 0.0502732 -0.018005 -0.0225749 -0.0110905 0.999521
1341840840.430325 0.152397 -0.0421625 0.05071 -0.019329 -0.0223686 -0.0095798 0.999517
1341840840.462407 0.151906 -0.0245658 0.0444033 -0.0166785 -0.0221628 -0.0120378 0.999543
1341840840.494502 0.158795 -0.0305355 0.0499699 -0.0186028 -0.0226139 -0.0109827 0.999511
1341840840.530297 0.160716 -0.0466171 0.0557816 -0.0224121 -0.0236406 -0.0100952 0.999418
1341840840.562361 0.168513 -0.043382 0.0541048 -0.0210192 -0.0245554 -0.0103126 0.999424
1341840840.598321 0.160135 -0.0460982 0.0562143 -0.0208323 -0.0243571 -0.00682167 0.999463
1341840840.630280 0.175617 -0.0497579 0.0538497 -0.0210895 -0.028157 -0.00694971 0.999357
1341840840.662439 0.195774 -0.036307 0.0472753 -0.0177768 -0.0307287 -0.00733591 0.999343
1341840840.698371 0.215177 -0.0481315 0.0530937 -0.0191818 -0.0314139 -0.0127143 0.999241
1341840840.730361 0.202805 -0.0581211 0.0549549 -0.0207992 -0.0274048 -0.0134885 0.999317
1341840840.762407 0.202936 -0.048968 0.0483079 -0.0172368 -0.0267294 -0.0145886 0.999388
1341840840.798303 0.219519 -0.0346557 0.0430276 -0.0146977 -0.0291793 -0.01691 0.999323
1341840840.830375 0.232729 -0.0469193 0.0474242 -0.0167141 -0.0269782 -0.0145408 0.99939
1341840840.866393 0.223102 -0.049765 0.0462417 -0.0164356 -0.0248757 -0.016646 0.999417
1341840840.898320 0.225411 -0.0304596 0.03731 -0.0117723 -0.0240941 -0.0178383 0.999481
1341840840.930454 0.242321 -0.0282456 0.0382139 -0.0123288 -0.0272861 -0.0238029 0.999268
1341840840.966498 0.246796 -0.0410587 0.0447832 -0.0164668 -0.026526 -0.0260758 0.999172
1341840840.998398 0.244342 -0.0479545 0.0486652 -0.0168045 -0.0247707 -0.0271224 0.999184
1341840841.034538 0.266755 -0.0370114 0.0451135 -0.0164841 -0.0230412 -0.029691 0.999157
1341840841.066345 0.256176 -0.0391194 0.0508114 -0.01976 -0.0200474 -0.0327754 0.999066
1341840841.098335 0.256863 -0.0719217 0.0655879 -0.0265117 -0.0186934 -0.0332335 0.998921
1341840841.134331 0.273018 -0.0776457 0.0644624 -0.026464 -0.0204368 -0.0338717 0.998867
1341840841.166392 0.299651 -0.0682065 0.0600943 -0.023673 -0.025718 -0.0487765 0.998198
1341840841.198348 0.292286 -0.0831898 0.0665915 -0.0271364 -0.0231028 -0.0509505 0.998065
1341840841.234400 0.292386 -0.0963034 0.0667872 -0.0293814 -0.0230542 -0.0513668 0.997981
1341840841.266296 0.305674 -0.0793011 0.0535516 -0.0242432 -0.0250254 -0.0506111 0.99811
1341840841.302430 0.315531 -0.0592699 0.0441874 -0.0202687 -0.0268226 -0.0504097 0.998163
1341840841.334542 0.320304 -0.0639032 0.0449321 -0.0214631 -0.0267966 -0.0507616 0.99812
1341840841.366311 0.326255 -0.0705261 0.0468726 -0.0215399 -0.0275829 -0.0523847 0.998013
1341840841.402475 0.333722 -0.0672878 0.0448441 -0.0207927 -0.0286465 -0.0526874 0.997983
1341840841.434345 0.340298 -0.0661687 0.0445876 -0.0208687 -0.0292994 -0.0526452 0.997965
1341840841.466383 0.338428 -0.0683933 0.0460781 -0.0216505 -0.0290252 -0.0529825 0.997939
1341840841.502454 0.339478 -0.0752575 0.0486574 -0.0225561 -0.0286164 -0.051149 0.998026
1341840841.534696 0.351592 -0.0727811 0.0459664 -0.0219801 -0.0307286 -0.0519465 0.997935
1341840841.570470 0.370225 -0.0625487 0.0446003 -0.0202098 -0.0324792 -0.0534383 0.997838
1341840841.602476 0.373731 -0.0784648 0.0534096 -0.0243671 -0.0320345 -0.0538951 0.997735
1341840841.634468 0.366482 -0.082162 0.0528096 -0.0267075 -0.0297801 -0.053859 0.997747
1341840841.671032 0.363046 -0.0699642 0.0477722 -0.0241886 -0.0293369 -0.0538922 0.997822
1341840841.702284 0.375233 -0.0774452 0.0533374 -0.0237734 -0.0302283 -0.0484536 0.998085
1341840841.734304 0.380439 -0.0874273 0.0599482 -0.0260912 -0.0321693 -0.0474428 0.998015
1341840841.770351 0.371616 -0.0928316 0.0632757 -0.0272492 -0.0310591 -0.0427524 0.998231
1341840841.802313 0.37298 -0.0908391 0.0625926 -0.0266389 -0.034909 -0.0415153 0.998172
1341840841.838370 0.381275 -0.0906738 0.0609846 -0.0266877 -0.0394929 -0.0356421 0.998227
1341840841.870881 0.41049 -0.0763256 0.0536674 -0.0239119 -0.0455107 -0.0374903 0.997974
1341840841.902346 0.419127 -0.0646824 0.0536417 -0.0208357 -0.0426804 -0.0354544 0.998242
1341840841.938375 0.39549 -0.0782656 0.0623665 -0.0251307 -0.0375889 -0.0353422 0.998352
1341840841.970352 0.398215 -0.0796173 0.062004 -0.026351 -0.0371394 -0.0339786 0.998384
1341840842.006342 0.417379 -0.0783549 0.0620808 -0.0259882 -0.040678 -0.0361324 0.99818
1341840842.038475 0.420814 -0.0872814 0.0663411 -0.0272625 -0.0384503 -0.0360109 0.998239
1341840842.070419 0.40516 -0.086443 0.0646211 -0.027109 -0.0347541 -0.037034 0.998341
1341840842.106404 0.386746 -0.0861056 0.0629638 -0.0270375 -0.0329969 -0.0358684 0.998446
1341840842.138367 0.402891 -0.0987358 0.0617286 -0.0272869 -0.0373342 -0.0390917 0.998165
1341840842.170410 0.425788 -0.092523 0.0522994 -0.0234373 -0.0422423 -0.0440957 0.997859
1341840842.206430 0.438082 -0.087779 0.0469626 -0.02015 -0.043527 -0.0501765 0.997588
1341840842.238319 0.441505 -0.0927335 0.045542 -0.018462 -0.0425551 -0.0555433 0.997378
1341840842.274385 0.435697 -0.0895759 0.0410261 -0.0158934 -0.0402628 -0.0591387 0.997311
1341840842.306571 0.429552 -0.0756474 0.0307069 -0.0122225 -0.0375835 -0.0602777 0.997399
1341840842.338413 0.423604 -0.0661116 0.0255881 -0.0099585 -0.0382505 -0.0603975 0.997391
1341840842.374365 0.425819 -0.0769402 0.0252615 -0.0112334 -0.0405083 -0.0607747 0.997266
1341840842.406739 0.478213 -0.0647668 0.0122187 -0.00741283 -0.0504034 -0.072278 0.996082
1341840842.438410 0.542835 -0.0608673 0.0146179 -0.00428118 -0.0600478 -0.0963346 0.993527
1341840842.474299 0.498585 -0.111251 0.0426167 -0.0144508 -0.0519679 -0.104704 0.993039
1341840842.506377 0.478024 -0.128677 0.0422809 -0.0175696 -0.041927 -0.114767 0.992352
1341840842.542388 0.465051 -0.0798779 0.016116 -0.00442292 -0.0364607 -0.122013 0.991849
1341840842.574346 0.452587 -0.0293019 0.00445242 0.00591247 -0.0300258 -0.115514 0.992834
1341840842.606530 0.442225 -0.0551173 0.0200864 -0.00109353 -0.0286884 -0.120849 0.992256
1341840842.642329 0.41392 -0.077207 0.0253077 -0.00746359 -0.0240124 -0.120233 0.992427
1341840842.674386 0.412016 -0.058065 0.0137293 -0.00375734 -0.0267112 -0.119461 0.992472
1341840842.706548 0.445708 -0.0560338 0.0162712 -0.000897204 -0.0290397 -0.118076 0.992579
1341840842.742312 0.417966 -0.0736161 0.0219741 -0.00439225 -0.024209 -0.1228 0.992126
1341840842.774261 0.391179 -0.0556815 0.0099769 0.000427685 -0.0127199 -0.127385 0.991772
1341840842.810490 0.372249 -0.0133093 -0.00763772 0.00769421 -0.00908999 -0.130147 0.991423
1341840842.842296 0.390234 -0.0127647 -0.00433745 0.0064785 -0.0122653 -0.12801 0.991676
1341840842.874411 0.404257 -0.0564183 0.00602989 -0.00116032 -0.0147767 -0.132065 0.99113
1341840842.942647 0.418086 -0.0326354 -0.00421957 0.0041486 -0.0163363 -0.13448 0.990773
1341840842.974535 0.42688 -0.0458209 0.00381432 0.00352706 -0.0146199 -0.133217 0.990973
1341840843.010449 0.41155 -0.0564668 0.00674049 0.00119282 -0.0124637 -0.135515 0.990696
1341840843.042429 0.388165 -0.0364035 -0.00384543 0.0040039 -0.00528656 -0.127267 0.991846
1341840843.078385 0.404569 -0.0249054 -0.00733323 0.00599086 -0.0112386 -0.129146 0.991544
1341840843.110373 0.458389 -0.0689289 0.0116868 0.00143903 -0.0227374 -0.13953 0.989956
1341840843.142285 0.451123 -0.0821317 0.0148032 -0.000248962 -0.02069 -0.143858 0.989382
1341840843.178476 0.426733 -0.06089 0.00587713 0.00515049 -0.0129159 -0.146699 0.989083
1341840843.210589 0.411959 -0.040976 0.000999337 0.00825966 -0.0127436 -0.149138 0.9887
1341840843.246317 0.444019 -0.0603661 0.0102012 0.00609173 -0.0159097 -0.149137 0.98867
1341840843.278543 0.413538 -0.0651943 0.012581 0.00325696 -0.0109082 -0.141659 0.98985
1341840843.310587 0.401214 -0.0573037 0.0076236 0.00667361 -0.00594012 -0.142396 0.989769
1341840843.346529 0.415355 -0.0263107 -0.00264208 0.0123995 -0.00971328 -0.148805 0.988741
1341840843.385053 0.418829 -0.0371445 0.00931838 0.00954543 -0.00875734 -0.141016 0.989922
1341840843.411509 0.415027 -0.0598666 0.0203184 0.0024179 -0.00882285 -0.140883 0.989984
1341840843.447220 0.433011 -0.0498989 0.0203195 0.00374861 -0.0109288 -0.145309 0.989319
1341840843.515039 0.44446 -0.0877065 0.0405712 -0.0015637 -0.0179698 -0.158712 0.98716
1341840843.548527 0.432209 -0.0765504 0.0341746 0.00152806 -0.0151232 -0.162825 0.986538
1341840843.614798 0.436679 -0.0797187 0.0409294 -0.00397461 -0.0167231 -0.160553 0.986878
1341840843.653429 0.439159 -0.0937434 0.0453685 -0.00516668 -0.0161757 -0.160805 0.98684
1341840843.687928 0.443618 -0.0792264 0.040496 -0.0011511 -0.0165691 -0.163701 0.98637
1341840843.720258 0.445222 -0.0806754 0.0423334 -0.00249515 -0.0156757 -0.162527 0.986576
1341840843.785505 0.448555 -0.0872999 0.0431992 -0.00360485 -0.0160797 -0.16331 0.986437
1341840843.846439 0.454756 -0.0915398 0.0460014 -0.00265514 -0.0173846 -0.165048 0.986129
1341840843.882429 0.466217 -0.0936381 0.0470225 -0.00341801 -0.018245 -0.165944 0.98596
1341840843.914321 0.470615 -0.102297 0.0516928 -0.00362309 -0.0166487 -0.167557 0.985715
1341840843.946316 0.456069 -0.0902522 0.0463122 -0.00310514 -0.0126381 -0.166422 0.985969
1341840843.982401 0.457704 -0.0876399 0.0461975 -0.00213932 -0.0122716 -0.16854 0.985616
1341840844.014387 0.462537 -0.104098 0.0551519 -0.00452805 -0.0144032 -0.172507 0.984892
1341840844.050399 0.468146 -0.121132 0.0587442 -0.00489653 -0.0137667 -0.173752 0.984681
1341840844.082349 0.46816 -0.092396 0.0449467 0.000674532 -0.0120995 -0.17337 0.984782
1341840844.114393 0.478356 -0.0905686 0.0456284 0.00147082 -0.0128137 -0.176147 0.984279
1341840844.150523 0.481715 -0.10275 0.0483803 -0.00220643 -0.0131252 -0.176093 0.984284
1341840844.182299 0.488045 -0.118463 0.052564 -0.00227476 -0.0116883 -0.178892 0.983797
1341840844.218448 0.480543 -0.102849 0.0432856 0.00119317 -0.00927009 -0.178796 0.983842
1341840844.250566 0.485859 -0.0856107 0.0348082 0.00528082 -0.00880529 -0.177656 0.984039
1341840844.282274 0.484874 -0.0899844 0.0392771 0.00403286 -0.0105309 -0.177515 0.984053
1341840844.318322 0.483652 -0.107831 0.0424054 -0.000960405 -0.0118334 -0.17667 0.984199
1341840844.350432 0.479635 -0.103365 0.0376244 0.00188818 -0.0112069 -0.172398 0.984962
1341840844.382375 0.489157 -0.101919 0.0388852 0.00497149 -0.0106478 -0.17256 0.984929
1341840844.418837 0.474818 -0.116333 0.0427856 0.00105241 -0.00949265 -0.174492 0.984612
1341840844.450418 0.490241 -0.126847 0.0428277 0.00115646 -0.0130339 -0.176244 0.984259
1341840844.486330 0.512875 -0.120722 0.0382383 0.00365893 -0.0173548 -0.177475 0.983965
1341840844.518335 0.520848 -0.114904 0.033816 0.005162 -0.0169464 -0.180593 0.983398
1341840844.550458 0.501284 -0.110612 0.033969 0.00558364 -0.0144812 -0.180945 0.983371
1341840844.586351 0.505938 -0.119428 0.0361218 0.00387248 -0.0152419 -0.178698 0.983778
1341840844.618382 0.524086 -0.117281 0.0356096 0.00408981 -0.0191055 -0.178739 0.983702
1341840844.650334 0.53872 -0.130523 0.0413996 0.00203528 -0.0202636 -0.179877 0.983478
1341840844.686320 0.534548 -0.137913 0.0426567 0.000204709 -0.0192297 -0.180551 0.983378
1341840844.718495 0.534194 -0.127015 0.0380451 0.00233479 -0.0181207 -0.179463 0.983595
1341840844.757582 0.539699 -0.143542 0.0463908 -0.00110743 -0.0199983 -0.180394 0.98339
1341840844.818394 0.536698 -0.13292 0.041945 2.25411e-05 -0.0196047 -0.178247 0.98379
1341840844.854307 0.539515 -0.131462 0.0413843 -0.000318085 -0.020221 -0.180226 0.983417
1341840844.888045 0.544885 -0.12606 0.0386365 -0.000796341 -0.0212248 -0.180099 0.983419
1341840844.918612 0.548974 -0.125531 0.0394723 -0.00277482 -0.0223689 -0.179364 0.983525
1341840844.954718 0.552474 -0.136506 0.0442855 -0.00513794 -0.0227188 -0.179453 0.983491
1341840844.986719 0.556576 -0.14678 0.0496362 -0.0049196 -0.0218499 -0.179962 0.983419
1341840845.022279 0.548372 -0.145521 0.0492856 -0.00514494 -0.0199944 -0.178752 0.983678
1341840845.054280 0.547524 -0.146171 0.0503977 -0.00440136 -0.019031 -0.177764 0.983879
1341840845.086344 0.547793 -0.145823 0.0522563 -0.00461049 -0.0197812 -0.179663 0.983519
1341840845.123640 0.5516 -0.167574 0.0617857 -0.00717948 -0.0214085 -0.181889 0.98306
1341840845.154408 0.555363 -0.152642 0.0529041 -0.00484957 -0.0207417 -0.179095 0.983601
1341840845.186393 0.56695 -0.148999 0.0547612 -0.00324312 -0.0227841 -0.178877 0.983602
1341840845.222296 0.562976 -0.164248 0.0611913 -0.00861933 -0.0240501 -0.175969 0.984064
1341840845.254440 0.585132 -0.171394 0.0610788 -0.00891954 -0.0273081 -0.179164 0.9834
1341840845.290376 0.575289 -0.161859 0.059505 -0.00734815 -0.0267172 -0.181589 0.982984
1341840845.322289 0.572432 -0.17309 0.0644875 -0.00856059 -0.0259504 -0.187008 0.981978
1341840845.354494 0.559135 -0.17043 0.0613656 -0.00900087 -0.0265455 -0.183246 0.982667
1341840845.390309 0.596494 -0.17383 0.0592129 -0.00651952 -0.0334694 -0.187544 0.981664
1341840845.422339 0.624119 -0.155354 0.0518628 -0.00228667 -0.0368616 -0.189727 0.981142
1341840845.458335 0.628889 -0.155938 0.0559225 -0.00232273 -0.0359281 -0.192465 0.980643
1341840845.490264 0.607925 -0.164491 0.0615534 -0.00615641 -0.0328494 -0.193641 0.980503
1341840845.522343 0.609995 -0.170694 0.0637196 -0.00682345 -0.0324995 -0.194355 0.980369
1341840845.558310 0.606025 -0.172313 0.0657375 -0.00668814 -0.0345643 -0.188414 0.981459
1341840845.597232 0.646339 -0.181099 0.0673204 -0.00691165 -0.0432709 -0.186966 0.981389
1341840845.658634 0.65394 -0.167121 0.0621337 -0.00716483 -0.0428545 -0.189002 0.981015
1341840845.690353 0.635536 -0.174235 0.0660173 -0.00841643 -0.0394313 -0.190349 0.980888
1341840845.790466 0.647846 -0.171925 0.0642248 -0.00809242 -0.0435035 -0.189941 0.980798
1341840845.826375 0.675434 -0.17086 0.0641417 -0.00835654 -0.0496951 -0.19245 0.980012
1341840845.858782 0.672053 -0.186129 0.0714844 -0.0109181 -0.0475483 -0.193998 0.979788
1341840845.890417 0.642604 -0.188278 0.0705197 -0.0113015 -0.0413185 -0.194586 0.97995
1341840845.926383 0.653034 -0.16852 0.0605172 -0.00692148 -0.0427621 -0.195961 0.979654
1341840845.958390 0.667105 -0.169744 0.0620164 -0.0080617 -0.0453406 -0.197332 0.979255
1341840845.994269 0.667938 -0.189246 0.0667927 -0.0113328 -0.0446984 -0.19764 0.97919
1341840846.026558 0.67408 -0.179198 0.0612055 -0.00861973 -0.0459494 -0.197072 0.979274
1341840846.058807 0.695389 -0.186376 0.064202 -0.00874775 -0.0497684 -0.200262 0.978438
1341840846.094265 0.694559 -0.19612 0.0657819 -0.0107908 -0.0508778 -0.200298 0.978354
1341840846.126378 0.699499 -0.198956 0.0659098 -0.00956368 -0.0485881 -0.202707 0.977986
1341840846.158446 0.684373 -0.18132 0.0588943 -0.0085567 -0.0447627 -0.2019 0.978345
1341840846.194427 0.687182 -0.178171 0.0596281 -0.00937502 -0.0463452 -0.202577 0.978124
1341840846.226385 0.694524 -0.20291 0.0697318 -0.0128851 -0.0486622 -0.203176 0.977847
1341840846.262497 0.695814 -0.194181 0.0628694 -0.0117843 -0.0480474 -0.204402 0.977636
1341840846.294419 0.681866 -0.178458 0.0578088 -0.0089547 -0.045804 -0.203139 0.978037
1341840846.326478 0.688239 -0.195562 0.0649055 -0.0103741 -0.0472288 -0.204707 0.977628
1341840846.362426 0.692033 -0.197263 0.0649382 -0.0103749 -0.0481816 -0.202636 0.978013
1341840846.394323 0.702458 -0.201233 0.065001 -0.00928048 -0.0445402 -0.201719 0.978386
1341840846.430454 0.70054 -0.184239 0.0582329 -0.00760905 -0.0425997 -0.202642 0.978296
1341840846.465291 0.709592 -0.217862 0.0723287 -0.0119606 -0.0417503 -0.201387 0.978548
1341840846.530439 0.705245 -0.201042 0.0621261 -0.00942346 -0.0406381 -0.201405 0.978619
1341840846.562569 0.706009 -0.18355 0.0568663 -0.00603883 -0.0406171 -0.200874 0.978756
1341840846.594486 0.715554 -0.183236 0.0604613 -0.00735148 -0.0427143 -0.201449 0.97854
1341840846.630509 0.713009 -0.208276 0.0698047 -0.0118586 -0.0423581 -0.203698 0.978045
1341840846.662363 0.698644 -0.199401 0.0634523 -0.0103039 -0.0404578 -0.210497 0.976703
1341840846.698323 0.690237 -0.160462 0.0509066 -0.00368593 -0.0376089 -0.214293 0.976038
1341840846.730390 0.690552 -0.162384 0.0572514 -0.0055204 -0.0382187 -0.214378 0.975987
1341840846.762470 0.688662 -0.184229 0.0662149 -0.0102804 -0.0399914 -0.213546 0.97606
1341840846.798363 0.694151 -0.190098 0.0707587 -0.00856401 -0.0388352 -0.214198 0.97598
1341840846.830356 0.684959 -0.188337 0.0749932 -0.0101957 -0.0374702 -0.216008 0.975619
1341840846.862350 0.704682 -0.197733 0.0773489 -0.0118215 -0.0377766 -0.215735 0.975649
1341840846.898489 0.696686 -0.181884 0.0740522 -0.0103692 -0.0356743 -0.212923 0.976362
1341840846.930380 0.674144 -0.179531 0.0793209 -0.0132875 -0.0317908 -0.210865 0.976908
1341840846.966358 0.656593 -0.203938 0.0903312 -0.018618 -0.0299685 -0.209416 0.97719
1341840846.998844 0.672562 -0.190685 0.0836499 -0.0165672 -0.033294 -0.209635 0.977072
1341840847.030411 0.684699 -0.183665 0.0836721 -0.0157142 -0.0344583 -0.209188 0.977142
1341840847.066359 0.66768 -0.193948 0.0906062 -0.0195888 -0.0316634 -0.208989 0.977209
1341840847.098410 0.664273 -0.199285 0.0933116 -0.0211268 -0.0314957 -0.209681 0.977034
1341840847.130366 0.656922 -0.19481 0.0942627 -0.0196092 -0.029509 -0.202196 0.978704
1341840847.166401 0.660633 -0.204486 0.0987948 -0.0211989 -0.0300597 -0.202595 0.978571
1341840847.198307 0.655312 -0.212189 0.0996946 -0.0232722 -0.0294317 -0.203543 0.978347
1341840847.234496 0.667974 -0.205322 0.0926773 -0.0206465 -0.0330206 -0.204447 0.978103
1341840847.266747 0.704881 -0.195548 0.0885233 -0.0170934 -0.039171 -0.209974 0.976772
1341840847.298356 0.70343 -0.207854 0.0934742 -0.0197013 -0.0383963 -0.209739 0.976805
1341840847.334573 0.69244 -0.218341 0.097707 -0.0202882 -0.037063 -0.210684 0.976641
1341840847.366405 0.698827 -0.212621 0.0938877 -0.0180798 -0.0382482 -0.210945 0.976582
1341840847.398361 0.708396 -0.202448 0.0899778 -0.0161583 -0.0397564 -0.212677 0.97618
1341840847.434625 0.707868 -0.203927 0.0911445 -0.0174296 -0.0407132 -0.222097 0.974018
1341840847.466370 0.685361 -0.20368 0.0934392 -0.0187118 -0.0358903 -0.220624 0.974519
1341840847.502590 0.694875 -0.193816 0.0902095 -0.0168151 -0.037499 -0.220485 0.974524
1341840847.534309 0.715543 -0.205626 0.0969543 -0.0174239 -0.0404769 -0.221896 0.974074
1341840847.566354 0.716853 -0.222578 0.104014 -0.0206414 -0.0402625 -0.224279 0.973474
1341840847.603337 0.709308 -0.22367 0.104258 -0.019901 -0.0386677 -0.224539 0.973494
1341840847.634465 0.715422 -0.210743 0.0990298 -0.0178941 -0.0400877 -0.224987 0.973372
1341840847.670420 0.726931 -0.203437 0.095753 -0.0176155 -0.0421245 -0.225439 0.973187
1341840847.702420 0.726628 -0.205506 0.0977064 -0.0192174 -0.0413108 -0.226364 0.972977
1341840847.734342 0.715912 -0.226629 0.108479 -0.0221252 -0.0391927 -0.227333 0.972776
1341840847.770464 0.713766 -0.229192 0.107029 -0.0218795 -0.0397551 -0.227173 0.972797
1341840847.802407 0.74046 -0.224318 0.104258 -0.0171315 -0.0441165 -0.231309 0.971728
1341840847.834306 0.737593 -0.225633 0.10741 -0.0170195 -0.0427128 -0.230627 0.971955
1341840847.870532 0.723068 -0.215719 0.102009 -0.0183153 -0.0407445 -0.227064 0.972855
1341840847.902485 0.736741 -0.210687 0.100265 -0.017282 -0.0436874 -0.227245 0.972704
1341840847.938405 0.737434 -0.226927 0.106808 -0.0204166 -0.0448903 -0.227449 0.97254
1341840847.970339 0.742174 -0.230432 0.104516 -0.0205607 -0.0458441 -0.227867 0.972395
1341840848.002312 0.748966 -0.228547 0.10255 -0.0177421 -0.0476561 -0.228123 0.972303
1341840848.038354 0.753113 -0.22641 0.101078 -0.0166474 -0.0494153 -0.227577 0.972363
1341840848.070743 0.751959 -0.220673 0.0991055 -0.0158146 -0.0503329 -0.226259 0.972637
1341840848.102909 0.758178 -0.22217 0.099581 -0.0157685 -0.0490489 -0.227163 0.972493
1341840848.138432 0.748373 -0.220093 0.0995763 -0.0169623 -0.0473464 -0.225539 0.972935
1341840848.170385 0.748876 -0.232496 0.103835 -0.0187611 -0.047924 -0.225488 0.972886
1341840848.206548 0.759969 -0.235556 0.10287 -0.0178836 -0.0487044 -0.225492 0.972863
1341840848.238651 0.766037 -0.23457 0.102949 -0.0170541 -0.0501684 -0.224453 0.973043
1341840848.277372 0.760917 -0.244894 0.106581 -0.0178539 -0.0493329 -0.222552 0.973508
1341840848.313384 0.7658 -0.244846 0.106665 -0.0160126 -0.0495101 -0.222426 0.97356
1341840848.345285 0.778134 -0.250164 0.109569 -0.0152105 -0.0505247 -0.22453 0.973038
1341840848.377729 0.77798 -0.255025 0.110891 -0.0167416 -0.0500752 -0.225168 0.972888
1341840848.413434 0.780618 -0.257806 0.110048 -0.0175748 -0.050041 -0.22595 0.972694
1341840848.446614 0.777828 -0.253171 0.108258 -0.016406 -0.0495094 -0.223402 0.97333
1341840848.477376 0.781284 -0.247182 0.106275 -0.0172961 -0.0500568 -0.222742 0.973438
1341840848.514358 0.780203 -0.267053 0.110103 -0.0211469 -0.050317 -0.225329 0.972753
1341840848.545352 0.790035 -0.254458 0.0971378 -0.0176754 -0.0498361 -0.228967 0.971997
1341840848.581630 0.793539 -0.237674 0.0948978 -0.0101884 -0.0478828 -0.222924 0.973606
1341840848.613497 0.796232 -0.242855 0.0965986 -0.0126759 -0.0490543 -0.218108 0.974609
1341840848.645345 0.800586 -0.248935 0.0941186 -0.0132605 -0.0514802 -0.218517 0.974384
1341840848.681427 0.774166 -0.232638 0.0885385 -0.00726433 -0.0445753 -0.20789 0.977109
1341840848.713310 0.773188 -0.22312 0.0850196 -0.00396324 -0.0432258 -0.208594 0.977038
1341840848.774529 0.777644 -0.211483 0.0810954 -0.0025463 -0.0431112 -0.207945 0.977187
1341840848.806548 0.771722 -0.218897 0.0857117 -0.00551252 -0.042593 -0.203396 0.978154
1341840848.842443 0.769731 -0.240045 0.089959 -0.00893142 -0.0436882 -0.203311 0.978098
1341840848.874427 0.771543 -0.223043 0.0800273 -0.00389539 -0.0436804 -0.201871 0.97843
1341840848.910589 0.776087 -0.215693 0.0782236 -0.00141196 -0.0436889 -0.203091 0.978184
1341840848.942390 0.742408 -0.249767 0.0922324 -0.00399003 -0.0390534 -0.197408 0.979535
1341840848.974342 0.738392 -0.222727 0.0755287 0.0016145 -0.038978 -0.194621 0.980102
1341840849.010480 0.765717 -0.197936 0.0675161 0.00862003 -0.0436469 -0.194464 0.9799
1341840849.042373 0.768588 -0.223085 0.079583 0.00401578 -0.0447135 -0.194041 0.979966
1341840849.074269 0.761544 -0.238231 0.0821362 0.00190902 -0.0427713 -0.193168 0.980231
1341840849.110433 0.752878 -0.224879 0.0759711 0.00515488 -0.0414942 -0.192382 0.980429
1341840849.142356 0.751705 -0.217734 0.0721287 0.00693362 -0.042975 -0.191802 0.980468
1341840849.178427 0.752556 -0.2101 0.0692454 0.00859819 -0.0440183 -0.188903 0.980971
1341840849.210439 0.750859 -0.223693 0.0729323 0.00774234 -0.0449175 -0.187605 0.981187
1341840849.242309 0.766643 -0.211704 0.0660397 0.0110321 -0.0481187 -0.189902 0.980561
1341840849.278391 0.770483 -0.1953 0.0655806 0.0141938 -0.0474815 -0.186384 0.981226
1341840849.310332 0.744103 -0.206703 0.071501 0.0108091 -0.0425836 -0.185629 0.981637
1341840849.342402 0.721393 -0.206137 0.0679749 0.0120338 -0.0358446 -0.185577 0.981902
1341840849.378339 0.724416 -0.170825 0.0555669 0.0201883 -0.035468 -0.186747 0.98156
1341840849.410390 0.740216 -0.159557 0.0585751 0.0224207 -0.0383799 -0.183327 0.982046
1341840849.446437 0.74748 -0.184073 0.0641219 0.0169511 -0.0398994 -0.183371 0.982087
1341840849.478425 0.715339 -0.139401 0.0485017 0.0241744 -0.0350317 -0.188655 0.981121
1341840849.546449 0.681225 -0.136533 0.0555949 0.0221693 -0.0362396 -0.195695 0.979744
1341840849.578498 0.668939 -0.154525 0.0645725 0.0168599 -0.032997 -0.197912 0.979519
1341840849.610692 0.663542 -0.159254 0.0652755 0.0158955 -0.0304784 -0.196687 0.979864
1341840849.646317 0.668588 -0.132059 0.0595595 0.0192678 -0.0300021 -0.192917 0.980567
1341840849.685647 0.675165 -0.179216 0.0838372 0.00802517 -0.0266399 -0.195955 0.980218
1341840849.746347 0.668998 -0.188541 0.0912991 0.00945833 -0.0253956 -0.196815 0.980066
1341840849.778359 0.680049 -0.185005 0.0943434 0.00996906 -0.0268107 -0.198455 0.979693
1341840849.814323 0.680609 -0.201274 0.103129 0.0060403 -0.0261609 -0.197953 0.979844
1341840849.846557 0.680871 -0.210355 0.105861 0.00476267 -0.0264489 -0.197383 0.979958
1341840849.882256 0.700835 -0.197426 0.10039 0.0078058 -0.0309168 -0.200402 0.979195
1341840849.921575 0.686733 -0.21864 0.112732 0.00151647 -0.0285567 -0.198335 0.979717
1341840849.982476 0.69227 -0.207012 0.104056 0.00512601 -0.0282926 -0.198338 0.979712
1341840850.014371 0.69771 -0.173704 0.0954904 0.0100436 -0.0291487 -0.197608 0.979796
1341840850.046326 0.705149 -0.187654 0.103744 0.00511496 -0.0322513 -0.198073 0.979643
1341840850.082415 0.715109 -0.209251 0.105405 0.00435941 -0.0335062 -0.198943 0.979428
1341840850.121449 0.717157 -0.19931 0.105137 0.00708834 -0.0333512 -0.198162 0.979576
1341840850.157539 0.700603 -0.222186 0.116699 0.00295581 -0.033629 -0.194 0.980421
1341840850.189410 0.709116 -0.228814 0.115097 0.00207979 -0.0358067 -0.19423 0.9803
1341840850.221491 0.716965 -0.21852 0.110307 0.00667583 -0.0360566 -0.197826 0.979551
1341840850.257570 0.722908 -0.204809 0.106814 0.00858057 -0.0355094 -0.199871 0.979141
1341840850.314521 0.727866 -0.21513 0.112101 0.00647685 -0.0368479 -0.200821 0.978913
1341840850.350348 0.739 -0.232776 0.116832 0.00412012 -0.0379585 -0.204164 0.978192
1341840850.382480 0.724683 -0.229645 0.116129 0.00467332 -0.0347439 -0.202928 0.978566
1341840850.418448 0.730881 -0.228033 0.1151 0.00497666 -0.0367117 -0.205587 0.977937
1341840850.450229 0.753282 -0.237415 0.115689 0.00428839 -0.0403351 -0.20744 0.977406
1341840850.482352 0.770664 -0.23691 0.112083 0.00670104 -0.0343716 -0.206483 0.977823
1341840850.518351 0.736989 -0.206756 0.102083 0.0100262 -0.0264683 -0.206632 0.978009
1341840850.550287 0.69834 -0.209231 0.106927 0.00920007 -0.0271102 -0.203858 0.978582
1341840850.582563 0.714929 -0.225405 0.108624 0.00792114 -0.0324973 -0.198221 0.979586
1341840850.618439 0.742261 -0.221012 0.102612 0.0133558 -0.0374675 -0.198191 0.979356
1341840850.650443 0.753485 -0.191405 0.093284 0.0179932 -0.0381233 -0.197328 0.979431
1341840850.686406 0.741335 -0.215427 0.104982 0.0117525 -0.0370323 -0.197016 0.97963
1341840850.718516 0.739611 -0.229888 0.107026 0.00949414 -0.0375443 -0.195542 0.979931
1341840850.750308 0.754357 -0.209376 0.0985817 0.0135842 -0.0398881 -0.194533 0.97999
1341840850.786319 0.765321 -0.210202 0.102381 0.0133357 -0.0405527 -0.195112 0.979852
1341840850.818316 0.761047 -0.235698 0.112386 0.00934273 -0.0394863 -0.196761 0.979611
1341840850.854290 0.761835 -0.228244 0.109629 0.0108079 -0.0379374 -0.198243 0.979359
1341840850.886322 0.755917 -0.221177 0.109259 0.0114741 -0.0350556 -0.197484 0.979612
1341840850.918358 0.749255 -0.232727 0.11518 0.00835074 -0.0341187 -0.197731 0.979627
1341840850.954395 0.753188 -0.247299 0.119698 0.00762627 -0.0361475 -0.196669 0.979774
1341840850.986448 0.76717 -0.235993 0.115106 0.0105139 -0.0374756 -0.19481 0.980068
1341840851.018447 0.763073 -0.236869 0.117511 0.0094691 -0.0377886 -0.195292 0.979971
1341840851.054395 0.769299 -0.247801 0.119092 0.00789457 -0.0386225 -0.195368 0.979937
1341840851.086362 0.77451 -0.247984 0.120181 0.0102244 -0.0369936 -0.190183 0.980998
1341840851.122353 0.77543 -0.246264 0.119072 0.010494 -0.0374185 -0.191619 0.9807
1341840851.154293 0.776607 -0.248436 0.119409 0.0113038 -0.0368363 -0.189289 0.981165
1341840851.186482 0.787591 -0.24616 0.119546 0.0118472 -0.038226 -0.189172 0.981128
1341840851.222499 0.786857 -0.257181 0.12421 0.0108658 -0.0381728 -0.188838 0.981206
1341840851.254587 0.791975 -0.251899 0.120106 0.0122187 -0.0381501 -0.189526 0.981058
1341840851.286786 0.795898 -0.238365 0.115181 0.0142626 -0.0381367 -0.189527 0.981031
1341840851.322525 0.80657 -0.244248 0.118756 0.0135323 -0.0396857 -0.190987 0.980697
1341840851.354461 0.81004 -0.259897 0.12274 0.0111698 -0.0385283 -0.19186 0.980602
1341840851.390383 0.802352 -0.2516 0.11745 0.0125797 -0.0358376 -0.191393 0.980778
1341840851.422373 0.755285 -0.259018 0.127156 0.0143847 -0.0295732 -0.181115 0.982912
1341840851.454333 0.765097 -0.251706 0.120727 0.0158894 -0.034115 -0.179494 0.983039
1341840851.490328 0.795382 -0.252361 0.120385 0.0174803 -0.0356826 -0.171185 0.984437
1341840851.522431 0.790301 -0.261983 0.122579 0.0164869 -0.0347523 -0.171737 0.984392
1341840851.555777 0.791038 -0.256572 0.117387 0.0193733 -0.0337453 -0.174303 0.983923
1341840851.590800 0.801023 -0.235868 0.1105 0.023149 -0.0356649 -0.17466 0.98371
1341840851.622401 0.808118 -0.253554 0.118999 0.0196157 -0.037368 -0.175117 0.983643
1341840851.658371 0.807635 -0.264389 0.119339 0.0177338 -0.0359396 -0.173756 0.983973
1341840851.690446 0.802886 -0.251541 0.113391 0.0198077 -0.0338422 -0.17228 0.984267
1341840851.722387 0.802432 -0.258445 0.115293 0.0194253 -0.0344258 -0.173127 0.984106
1341840851.758379 0.810688 -0.266564 0.116508 0.0201501 -0.0355232 -0.17247 0.984168
1341840851.790498 0.812027 -0.264186 0.112728 0.0216352 -0.035718 -0.170827 0.984416
1341840851.822502 0.830718 -0.255221 0.108571 0.0245601 -0.03862 -0.171442 0.984131
1341840851.858469 0.843655 -0.255754 0.112069 0.0238199 -0.0394906 -0.170872 0.984213
1341840851.890382 0.8251 -0.292558 0.126175 0.0191447 -0.0333352 -0.163505 0.985793
1341840851.926297 0.818032 -0.273436 0.114273 0.0226627 -0.0317589 -0.161039 0.986176
1341840851.958364 0.828585 -0.272606 0.121351 0.0261132 -0.0353838 -0.161614 0.985874
1341840851.990589 0.843385 -0.293763 0.130212 0.0213971 -0.0383003 -0.163793 0.985519
1341840852.026374 0.840989 -0.312371 0.135376 0.020006 -0.0347322 -0.15913 0.986444
1341840852.058336 0.837233 -0.294169 0.128277 0.023479 -0.0339715 -0.157643 0.986632
1341840852.094404 0.868916 -0.28948 0.126906 0.0240468 -0.0398595 -0.164284 0.985314
1341840852.126392 0.868207 -0.298076 0.131521 0.0205428 -0.0397217 -0.163363 0.985552
1341840852.158516 0.891149 -0.326968 0.135853 0.0172432 -0.0352825 -0.163377 0.985782
1341840852.194279 0.855749 -0.29101 0.12104 0.0223652 -0.0265323 -0.157811 0.986859
1341840852.226380 0.861207 -0.285695 0.122759 0.0228808 -0.0300745 -0.163227 0.985865
1341840852.258313 0.888722 -0.323708 0.134707 0.0167119 -0.035929 -0.164523 0.985577
1341840852.294500 0.909926 -0.345425 0.136229 0.0166294 -0.0358077 -0.164305 0.985619
1341840852.326311 0.900457 -0.320511 0.128641 0.0235571 -0.0332744 -0.169413 0.984702
1341840852.362368 0.898907 -0.31813 0.131565 0.0233745 -0.0299349 -0.169823 0.984743
1341840852.394489 0.89765 -0.339033 0.136904 0.0189557 -0.0285645 -0.169478 0.984937
1341840852.426307 0.906721 -0.336515 0.132002 0.0210457 -0.0279663 -0.169195 0.984961
1341840852.462394 0.913575 -0.320116 0.125096 0.0240961 -0.0283253 -0.169654 0.984802
1341840852.494557 0.93275 -0.323278 0.127285 0.0237694 -0.0291993 -0.169293 0.984846
1341840852.526348 0.937821 -0.328537 0.129048 0.0217131 -0.0283466 -0.170449 0.984719
1341840852.562305 0.9366 -0.32885 0.12998 0.0212422 -0.0256186 -0.169147 0.985029
1341840852.594400 0.932434 -0.333791 0.134402 0.0196616 -0.0244355 -0.169556 0.985021
1341840852.630345 0.929376 -0.35209 0.140075 0.0174001 -0.0238621 -0.167961 0.985351
1341840852.663508 0.931125 -0.332453 0.130611 0.0218806 -0.0255478 -0.16625 0.98551
1341840852.694654 0.944363 -0.31889 0.128695 0.0245026 -0.0289276 -0.166216 0.98536
1341840852.732477 0.953926 -0.328933 0.134454 0.0212322 -0.0312483 -0.165696 0.985453
1341840852.762455 0.970399 -0.338177 0.138922 0.0189627 -0.0326317 -0.167485 0.985152
1341840852.794631 0.958347 -0.361927 0.147672 0.0161493 -0.0271749 -0.170221 0.984899
1341840852.862990 0.960481 -0.33178 0.135436 0.022522 -0.0264657 -0.17107 0.984646
1341840852.898597 0.966495 -0.318598 0.135894 0.0238028 -0.0275933 -0.17219 0.98439
1341840852.930367 0.963338 -0.357265 0.153464 0.0158769 -0.0283605 -0.173141 0.984361
1341840852.962482 0.975471 -0.373158 0.154587 0.014225 -0.0304 -0.175649 0.983881
1341840852.998535 0.986794 -0.352208 0.145339 0.0189507 -0.0318112 -0.177571 0.983411
1341840853.037588 0.985396 -0.366878 0.149263 0.0172173 -0.0316553 -0.177129 0.983528
1341840853.098354 1.00434 -0.362641 0.14599 0.0192844 -0.0339607 -0.178342 0.983193
1341840853.131999 1.00399 -0.363174 0.146399 0.0194346 -0.0331058 -0.179145 0.983073
1341840853.166530 0.999105 -0.372592 0.147141 0.0191838 -0.0317252 -0.180066 0.982956
1341840853.198406 1.02642 -0.347757 0.135105 0.0238265 -0.0363421 -0.18512 0.981755
1341840853.231726 1.0414 -0.352564 0.140312 0.0231604 -0.0360947 -0.184733 0.981853
1341840853.266442 1.02437 -0.379727 0.149992 0.0172143 -0.0312907 -0.185106 0.982069
1341840853.298516 1.01101 -0.383131 0.145811 0.0193039 -0.0292211 -0.184772 0.982157
1341840853.334385 1.05354 -0.360141 0.136432 0.0255991 -0.0364372 -0.187786 0.9812
1341840853.398402 1.04784 -0.376324 0.140507 0.0219427 -0.0347691 -0.18853 0.981206
1341840853.434335 1.05362 -0.370454 0.137097 0.0235766 -0.0345354 -0.189973 0.980898
1341840853.466387 1.06349 -0.368415 0.137258 0.0239796 -0.0363885 -0.193209 0.980189
1341840853.498430 1.06903 -0.381748 0.14142 0.0230409 -0.0352949 -0.192521 0.980387
1341840853.534407 1.0721 -0.367357 0.135821 0.0253041 -0.0347117 -0.194464 0.979969
1341840853.566451 1.0789 -0.355145 0.133368 0.0261032 -0.0347735 -0.19464 0.97991
1341840853.602691 1.08999 -0.371893 0.142586 0.0216363 -0.0364399 -0.198374 0.97921
1341840853.634832 1.07839 -0.399357 0.153057 0.0169552 -0.0337562 -0.197335 0.979608
1341840853.666488 1.07927 -0.392757 0.147583 0.0192566 -0.0339409 -0.197621 0.979501
1341840853.702424 1.09039 -0.380631 0.145822 0.0232307 -0.0367103 -0.199036 0.979029
1341840853.734353 1.09831 -0.388108 0.151291 0.0198713 -0.0376391 -0.200228 0.978824
1341840853.766467 1.09567 -0.41123 0.157218 0.0162687 -0.0361871 -0.19972 0.979049
1341840853.802607 1.10395 -0.388827 0.147819 0.0214276 -0.0373627 -0.201329 0.978576
1341840853.834576 1.11071 -0.384117 0.151224 0.0228563 -0.0376602 -0.202841 0.97822
1341840853.870615 1.10541 -0.393922 0.156958 0.0191464 -0.0355005 -0.202278 0.978497
1341840853.902573 1.09729 -0.404399 0.162786 0.0176662 -0.0334002 -0.201414 0.978777
1341840853.940152 1.12199 -0.407048 0.165982 0.0176768 -0.0362248 -0.205909 0.977741
1341840854.002413 1.11425 -0.418628 0.171096 0.0157609 -0.0325963 -0.205572 0.977972
1341840854.034566 1.11013 -0.417499 0.168482 0.0171426 -0.0299842 -0.207678 0.977587
1341840854.070475 1.10872 -0.40241 0.163542 0.020139 -0.0295207 -0.207215 0.977642
1341840854.102373 1.11722 -0.411583 0.168249 0.0189564 -0.031705 -0.207975 0.977436
1341840854.138343 1.12733 -0.43181 0.174395 0.0169417 -0.032379 -0.207048 0.977648
1341840854.170475 1.12062 -0.430142 0.169823 0.0181786 -0.0300155 -0.205423 0.978044
1341840854.202459 1.11577 -0.408681 0.160633 0.0227512 -0.0297468 -0.205318 0.977979
1341840854.238384 1.12277 -0.413751 0.164347 0.0229776 -0.0327175 -0.205162 0.977911
1341840854.270355 1.13919 -0.432673 0.167479 0.0212306 -0.0355232 -0.204239 0.978046
1341840854.306367 1.14832 -0.423158 0.160948 0.0246483 -0.035051 -0.204194 0.977992
1341840854.338540 1.13843 -0.406642 0.15715 0.0276862 -0.0326494 -0.202468 0.978353
1341840854.370427 1.14472 -0.412562 0.161149 0.0262308 -0.0349632 -0.202499 0.978307
1341840854.406491 1.15722 -0.425878 0.165537 0.0234621 -0.0370316 -0.20139 0.97853
1341840854.438402 1.15043 -0.422652 0.165114 0.0240952 -0.0358122 -0.199582 0.97893
1341840854.470341 1.15766 -0.420467 0.167047 0.0239576 -0.038645 -0.20204 0.978321
1341840854.506442 1.1748 -0.438364 0.174704 0.0210842 -0.0407715 -0.203886 0.977918
1341840854.538722 1.17618 -0.441961 0.176173 0.0203549 -0.0368458 -0.202561 0.978365
1341840854.574331 1.16604 -0.436397 0.177748 0.0209533 -0.0335682 -0.204159 0.978138
1341840854.606460 1.15744 -0.439173 0.179083 0.0192576 -0.032282 -0.202981 0.978461
1341840854.638476 1.17126 -0.437178 0.179031 0.0195217 -0.035038 -0.203321 0.97829
1341840854.674312 1.18017 -0.442581 0.182757 0.0173673 -0.0364009 -0.204348 0.978067
1341840854.706362 1.17956 -0.450922 0.185335 0.0156971 -0.0364469 -0.205681 0.977814
1341840854.738328 1.18651 -0.445831 0.183431 0.01681 -0.0365589 -0.20695 0.977524
1341840854.774384 1.18532 -0.444831 0.184481 0.0164606 -0.0361838 -0.207951 0.977331
1341840854.806396 1.19001 -0.452384 0.187664 0.0155113 -0.0367368 -0.209623 0.976969
1341840854.842383 1.18212 -0.459112 0.189653 0.0146651 -0.0353867 -0.20882 0.977204
1341840854.874351 1.17454 -0.465141 0.188113 0.0162779 -0.0354837 -0.206949 0.977573
1341840854.906375 1.19315 -0.442749 0.178654 0.0225864 -0.0408953 -0.208323 0.976944
1341840854.942414 1.21899 -0.447232 0.183243 0.0221698 -0.0470765 -0.212805 0.975708
1341840854.974632 1.22621 -0.486206 0.195776 0.0173114 -0.0470679 -0.21484 0.975361
1341840855.006485 1.22058 -0.469386 0.185103 0.0212945 -0.0449125 -0.216085 0.975109
1341840855.042409 1.24658 -0.435118 0.178271 0.0276825 -0.0476609 -0.218225 0.974341
