1305031453.359684 0.00144034 0.0042374 -0.0093138 -0.00109574 0.00635625 0.0118497 0.999909
1305031453.391690 0.00180682 0.00360745 -0.0170792 -0.000560509 0.0120286 0.0228135 0.999667
1305031453.423683 0.00446581 0.00513845 -0.0274727 0.00243887 0.0185973 0.0324781 0.999296
1305031453.459685 0.00620656 0.00944565 -0.0394678 0.00671296 0.0254514 0.0432389 0.998718
1305031453.491698 0.00784676 0.014621 -0.053124 0.0130528 0.0300341 0.0517281 0.998124
1305031453.523684 0.0110404 0.0187549 -0.0674548 0.0195833 0.0320627 0.0572573 0.997652
1305031453.559753 0.0120963 0.0264904 -0.083041 0.0271982 0.0344368 0.0608585 0.997181
1305031453.591640 0.00754173 0.0305149 -0.0966522 0.0339038 0.0361987 0.0653298 0.99663
1305031453.627706 0.000355802 0.0371297 -0.10977 0.0419442 0.0336612 0.0637796 0.996514
1305031453.659600 -0.00287744 0.0472514 -0.122742 0.0496284 0.0282764 0.0589356 0.996626
1305031453.691678 -0.0119748 0.0554341 -0.136384 0.05422 0.0238494 0.054342 0.996764
1305031453.727652 -0.0247527 0.0603054 -0.148207 0.0583681 0.0168209 0.0473547 0.997029
1305031453.759694 -0.0324869 0.0677351 -0.159548 0.0631784 0.00726907 0.0400905 0.99717
1305031453.791716 -0.0445072 0.0754005 -0.170718 0.066093 0.000707439 0.0334877 0.997251
1305031453.827773 -0.0549251 0.0800873 -0.180989 0.0674863 -0.0110305 0.025836 0.997325
1305031453.859705 -0.0647565 0.08482 -0.189848 0.0667585 -0.027465 0.0188958 0.997212
1305031453.891710 -0.0752073 0.088633 -0.197281 0.0640537 -0.0460262 0.0143546 0.996781
1305031453.927723 -0.085808 0.0930515 -0.202507 0.0619864 -0.0629234 0.00631076 0.996072
1305031453.959641 -0.0976049 0.0933239 -0.207884 0.0597281 -0.0749479 -0.00596287 0.995379
1305031453.991624 -0.111027 0.0943764 -0.212653 0.0614691 -0.0867805 -0.015844 0.994203
1305031454.027662 -0.126632 0.100194 -0.216663 0.0633307 -0.0971421 -0.0269407 0.992888
1305031454.059654 -0.139506 0.0991588 -0.220565 0.0624892 -0.108417 -0.0407288 0.991303
1305031454.091651 -0.154666 0.0997596 -0.222062 0.0653096 -0.121703 -0.054266 0.988928
1305031454.127701 -0.173024 0.108478 -0.224747 0.0677301 -0.13462 -0.0667643 0.986323
1305031454.159672 -0.187585 0.113641 -0.224565 0.0666799 -0.150506 -0.080441 0.983072
1305031454.191658 -0.199995 0.105499 -0.224903 0.0657257 -0.167619 -0.097823 0.978782
1305031454.227671 -0.207849 0.109339 -0.22411 0.0723351 -0.181046 -0.115314 0.974009
1305031454.259627 -0.215449 0.115604 -0.225142 0.0721975 -0.188543 -0.127963 0.971012
1305031454.291639 -0.233153 0.111554 -0.229165 0.0711174 -0.196449 -0.143002 0.96742
1305031454.327699 -0.239888 0.114628 -0.228964 0.0777525 -0.208359 -0.158489 0.961989
1305031454.359636 -0.247663 0.121346 -0.230056 0.0802937 -0.215912 -0.170964 0.95797
1305031454.391677 -0.261225 0.123944 -0.233119 0.0810415 -0.226835 -0.185471 0.952669
1305031454.427465 -0.268756 0.127289 -0.232937 0.0844921 -0.236614 -0.202912 0.946415
1305031454.459913 -0.276314 0.13324 -0.234673 0.0866844 -0.240635 -0.219374 0.941518
1305031454.491617 -0.281928 0.142484 -0.236382 0.0875048 -0.246326 -0.235724 0.936003
1305031454.527700 -0.288326 0.150403 -0.238049 0.0854011 -0.251435 -0.248534 0.931514
1305031454.559575 -0.296713 0.157564 -0.240588 0.0829055 -0.260591 -0.265234 0.924592
1305031454.591635 -0.30055 0.163966 -0.240074 0.0819336 -0.273672 -0.279547 0.916648
1305031454.627580 -0.299319 0.175648 -0.238372 0.0781032 -0.286893 -0.286267 0.910847
1305031454.659528 -0.300148 0.180656 -0.237906 0.0707054 -0.301578 -0.293164 0.904493
1305031454.691884 -0.298554 0.182367 -0.235116 0.0659305 -0.315672 -0.299169 0.898055
1305031454.727659 -0.293277 0.188851 -0.234418 0.0611598 -0.322259 -0.296443 0.896956
1305031454.759732 -0.289106 0.195101 -0.233811 0.0558183 -0.32535 -0.288968 0.898627
1305031454.791641 -0.28058 0.205265 -0.232607 0.0525351 -0.327384 -0.282305 0.900202
1305031454.827570 -0.275242 0.21325 -0.232406 0.0472802 -0.324504 -0.275151 0.903744
1305031454.859620 -0.272191 0.221297 -0.233203 0.0432667 -0.319319 -0.267387 0.908112
1305031454.891764 -0.267758 0.231135 -0.233837 0.0403102 -0.313881 -0.261099 0.911966
1305031454.927567 -0.269009 0.241009 -0.23793 0.0368194 -0.307384 -0.254558 0.916166
1305031454.959648 -0.273516 0.250506 -0.243138 0.0341122 -0.303019 -0.248393 0.919411
1305031454.991937 -0.274249 0.263236 -0.246564 0.0344803 -0.302119 -0.244926 0.920623
1305031455.027799 -0.278648 0.272566 -0.250835 0.0337238 -0.298394 -0.243104 0.922347
1305031455.059636 -0.28466 0.28171 -0.255268 0.0362117 -0.294394 -0.242718 0.923639
1305031455.091700 -0.289351 0.294376 -0.260468 0.0383208 -0.289142 -0.240917 0.925682
1305031455.127695 -0.298467 0.30548 -0.266318 0.0376048 -0.283503 -0.236543 0.928579
1305031455.159720 -0.307755 0.316019 -0.271457 0.0348863 -0.279066 -0.230929 0.931438
1305031455.191655 -0.318977 0.324069 -0.276338 0.0344707 -0.274852 -0.225534 0.934025
1305031455.227581 -0.324241 0.336448 -0.278872 0.0327052 -0.271163 -0.218759 0.936774
1305031455.259631 -0.337567 0.343321 -0.284596 0.0244196 -0.263991 -0.209658 0.941146
1305031455.291831 -0.34971 0.353814 -0.290943 0.0184451 -0.260377 -0.197883 0.944831
1305031455.327766 -0.355647 0.363224 -0.293467 0.0108466 -0.259234 -0.191692 0.946538
1305031455.359630 -0.368336 0.366375 -0.298043 0.000292815 -0.251224 -0.18493 0.950099
1305031455.391665 -0.382719 0.370668 -0.305153 -0.00800935 -0.242931 -0.174421 0.9542
1305031455.427642 -0.392932 0.371172 -0.310414 -0.0143162 -0.240315 -0.164689 0.956515
1305031455.459589 -0.406473 0.37685 -0.318676 -0.0185172 -0.235648 -0.153787 0.959415
1305031455.491637 -0.424049 0.377238 -0.327829 -0.0244684 -0.230642 -0.140303 0.96256
1305031455.527610 -0.443392 0.38079 -0.338677 -0.0264399 -0.229219 -0.127044 0.964686
1305031455.559669 -0.457724 0.385586 -0.348984 -0.028621 -0.229475 -0.113131 0.966294
1305031455.591645 -0.47596 0.382244 -0.360489 -0.0348601 -0.225852 -0.101008 0.968284
1305031455.627617 -0.49305 0.377548 -0.370388 -0.0340167 -0.222762 -0.0944047 0.969695
1305031455.659615 -0.508797 0.379163 -0.382328 -0.029686 -0.220231 -0.0950685 0.97035
1305031455.691605 -0.522989 0.375813 -0.39338 -0.0275788 -0.216736 -0.100806 0.97062
1305031455.727628 -0.539844 0.374332 -0.406936 -0.0262369 -0.20966 -0.103723 0.971903
1305031455.759683 -0.557509 0.365047 -0.41938 -0.0262061 -0.202742 -0.103312 0.973414
1305031455.791666 -0.573512 0.363659 -0.433784 -0.0228752 -0.198309 -0.102873 0.974457
1305031455.827590 -0.586552 0.359059 -0.446435 -0.0230579 -0.195744 -0.103929 0.97486
1305031455.859526 -0.598972 0.355043 -0.459389 -0.0233836 -0.191976 -0.103655 0.97563
1305031455.891657 -0.611014 0.350085 -0.470375 -0.024252 -0.187726 -0.104773 0.976316
1305031455.927955 -0.623169 0.349077 -0.481986 -0.0232216 -0.182912 -0.106735 0.977042
1305031455.959716 -0.633819 0.347636 -0.491421 -0.0246772 -0.177734 -0.109185 0.977691
1305031455.991694 -0.643414 0.35072 -0.500002 -0.0276973 -0.170974 -0.113872 0.978281
1305031456.027770 -0.656759 0.34484 -0.507667 -0.0372832 -0.164275 -0.121946 0.978137
1305031456.059713 -0.672311 0.335696 -0.514049 -0.0441692 -0.157924 -0.1273 0.978215
1305031456.091707 -0.685903 0.32929 -0.519731 -0.0460034 -0.152175 -0.128961 0.978823
1305031456.127645 -0.69762 0.320148 -0.523698 -0.0476053 -0.145541 -0.129668 0.979662
1305031456.159731 -0.708908 0.311273 -0.526129 -0.043575 -0.137068 -0.127349 0.981374
1305031456.191658 -0.715336 0.317581 -0.530149 -0.0372553 -0.12737 -0.12369 0.983407
1305031456.227678 -0.737394 0.305159 -0.526449 -0.0370675 -0.105505 -0.115142 0.987034
1305031456.291675 -0.750995 0.297053 -0.527775 -0.0329724 -0.0931969 -0.109828 0.989022
1305031456.327718 -0.76298 0.294951 -0.524373 -0.0267778 -0.0718078 -0.098422 0.992189
1305031456.391619 -0.785493 0.293946 -0.518665 -0.0197351 -0.0574154 -0.0935232 0.993764
1305031456.427662 -0.805354 0.306672 -0.517973 -0.0217449 -0.0525092 -0.0807161 0.995115
1305031456.491677 -0.830995 0.309195 -0.499799 -0.0283722 -0.0497776 -0.0763489 0.995434
1305031456.527641 -0.854091 0.305491 -0.490458 -0.0328372 -0.0437373 -0.0657173 0.996338
1305031456.591651 -0.870224 0.324272 -0.47337 -0.0406357 -0.0357968 -0.0590003 0.996788
1305031456.627612 -0.905294 0.312822 -0.458479 -0.0530547 -0.022315 -0.0448802 0.997333
1305031456.691612 -0.916564 0.326372 -0.442996 -0.0556036 -0.0221347 -0.0328519 0.997667
1305031456.727693 -0.970152 0.313746 -0.423563 -0.0621956 -0.0206538 -0.0225112 0.997596
1305031456.791649 -0.961753 0.337532 -0.412563 -0.0560886 -0.0319606 -0.0120512 0.997841
1305031456.827603 -0.980072 0.334782 -0.400874 -0.0649975 -0.0279618 -0.00169806 0.997492
1305031456.891672 -0.995278 0.336266 -0.381111 -0.0628049 -0.0206369 0.00623598 0.997793
1305031456.927690 -1.00788 0.349289 -0.376116 -0.062104 -0.0139761 0.0119254 0.997901
1305031456.959667 -1.02108 0.34869 -0.368149 -0.0704685 -0.00858137 0.0140181 0.997379
1305031456.991709 -1.03461 0.347248 -0.361884 -0.0733541 -0.00330105 0.0173802 0.997149
1305031457.027648 -1.04603 0.357955 -0.365972 -0.0803082 0.0020006 0.0285177 0.99636
1305031457.091655 -1.07087 0.345012 -0.354906 -0.0896114 0.0152519 0.0313207 0.995367
1305031457.127632 -1.09016 0.345318 -0.357312 -0.0876248 0.02808 0.0448776 0.994746
1305031457.191735 -1.11067 0.344403 -0.365709 -0.0901241 0.0386754 0.0497372 0.993936
1305031457.227543 -1.13647 0.32994 -0.364056 -0.0862253 0.0549516 0.0616777 0.992845
1305031457.291656 -1.15246 0.337012 -0.386726 -0.0774597 0.065993 0.0662668 0.992599
1305031457.327548 -1.17701 0.326724 -0.388569 -0.074658 0.0870137 0.0791735 0.990246
1305031457.391684 -1.19707 0.322353 -0.412872 -0.070612 0.0963399 0.0870122 0.98902
1305031457.427641 -1.22831 0.312139 -0.415883 -0.0692627 0.103661 0.0951837 0.987622
1305031457.491705 -1.24179 0.302103 -0.422523 -0.0674407 0.107639 0.0984135 0.987006
1305031457.527638 -1.25365 0.2962 -0.432875 -0.0639646 0.111884 0.102413 0.986358
1305031457.559685 -1.26941 0.29344 -0.44372 -0.0602274 0.116667 0.106336 0.985624
1305031457.591678 -1.28802 0.285545 -0.463976 -0.0583585 0.119768 0.108804 0.985095
1305031457.627526 -1.30445 0.28478 -0.471022 -0.0546203 0.122797 0.112866 0.984479
1305031457.659632 -1.31959 0.280758 -0.477232 -0.0587939 0.123618 0.115504 0.98383
1305031457.691570 -1.33202 0.263905 -0.480507 -0.0624316 0.125275 0.114412 0.983523
1305031457.727669 -1.34555 0.251308 -0.485438 -0.0607581 0.127903 0.112664 0.983492
1305031457.759556 -1.35616 0.235438 -0.490149 -0.0550047 0.132755 0.110942 0.983383
1305031457.791567 -1.37343 0.236405 -0.497357 -0.0432364 0.142069 0.111235 0.982636
1305031457.827699 -1.3871 0.228852 -0.502859 -0.0405298 0.150548 0.111316 0.981479
1305031457.859623 -1.40148 0.206064 -0.502157 -0.0364923 0.15907 0.111879 0.980229
1305031457.891593 -1.42041 0.202285 -0.504728 -0.0225643 0.164816 0.115496 0.979279
1305031457.927633 -1.45306 0.187845 -0.489137 -0.0112224 0.171384 0.119408 0.977877
1305031457.991644 -1.46539 0.171505 -0.481597 -0.00563948 0.176165 0.119838 0.977023
1305031458.027845 -1.47714 0.168169 -0.483727 0.00236888 0.180235 0.122287 0.97599
1305031458.059689 -1.48705 0.169577 -0.488007 0.00486824 0.182187 0.125674 0.975187
1305031458.091690 -1.50357 0.163275 -0.478212 0.0041599 0.187337 0.126332 0.974129
1305031458.127605 -1.52541 0.148627 -0.460353 0.00341186 0.193621 0.127204 0.972789
1305031458.159638 -1.54876 0.145807 -0.45147 0.00406535 0.196319 0.130838 0.971763
1305031458.191646 -1.56137 0.146425 -0.446242 0.000262471 0.192318 0.132405 0.972359
1305031458.227611 -1.57451 0.122662 -0.411339 -0.00521447 0.192339 0.128914 0.97281
1305031458.259934 -1.59365 0.0954989 -0.385364 -0.0072429 0.192541 0.128277 0.972841
1305031458.291664 -1.60737 0.0942885 -0.381435 -0.00332294 0.186281 0.129712 0.97389
1305031458.327628 -1.61976 0.0777583 -0.350389 0.00168282 0.184748 0.130611 0.974067
1305031458.359590 -1.63118 0.064925 -0.333305 0.00891875 0.183547 0.132887 0.973947
1305031458.391626 -1.64318 0.0662127 -0.3232 0.0189487 0.184677 0.139475 0.972668
1305031458.427598 -1.64193 0.0588434 -0.297603 0.0303304 0.189414 0.146619 0.970415
1305031458.459637 -1.64886 0.0592058 -0.268247 0.0522989 0.202343 0.142084 0.96754
1305031458.491696 -1.65272 0.067252 -0.264581 0.0710272 0.210081 0.142207 0.964675
1305031458.527737 -1.6518 0.0710936 -0.256781 0.0789963 0.215534 0.141218 0.962997
1305031458.559628 -1.65908 0.0747893 -0.230348 0.0892562 0.223259 0.135502 0.96116
1305031458.591641 -1.67177 0.0901888 -0.231195 0.0934303 0.223281 0.132263 0.961209
1305031458.627659 -1.6775 0.0927134 -0.210825 0.0889353 0.218611 0.134249 0.962433
1305031458.659623 -1.6776 0.0987513 -0.186455 0.0842945 0.203026 0.127452 0.967177
1305031458.691674 -1.65739 0.100549 -0.131313 0.0830769 0.187042 0.120363 0.971404
1305031458.727650 -1.65993 0.104294 -0.109724 0.0894471 0.172703 0.108885 0.974842
1305031458.759945 -1.65577 0.118402 -0.0964579 0.0902513 0.154902 0.0985733 0.978848
1305031458.791632 -1.65108 0.118178 -0.0839007 0.0834254 0.144647 0.0948188 0.98139
1305031458.827564 -1.64182 0.110637 -0.065012 0.0881194 0.138904 0.0853817 0.982675
1305031458.891665 -1.66168 0.115243 -0.0671662 0.0877518 0.149496 0.0870612 0.981005
1305031458.927621 -1.66579 0.106396 -0.0598416 0.0798441 0.155252 0.1013 0.979418
1305031458.959617 -1.67172 0.093793 -0.0299144 0.0806037 0.16191 0.10459 0.977931
1305031458.991647 -1.6908 0.0825632 -0.0145757 0.0893315 0.162995 0.105361 0.976909
1305031459.027665 -1.71713 0.0630671 -0.0136421 0.0953399 0.158289 0.114888 0.976041
1305031459.059631 -1.74735 0.0455561 0.00452425 0.106905 0.145736 0.125755 0.975458
1305031459.127618 -1.75674 0.0407235 0.00824783 0.1165 0.119132 0.129614 0.977464
1305031459.159639 -1.77413 0.0382974 0.0139033 0.122838 0.102131 0.135552 0.977807
1305031459.191674 -1.77476 0.0430487 0.0285088 0.127702 0.0866952 0.147278 0.976978
1305031459.227607 -1.78172 0.0461142 0.0416358 0.128401 0.083719 0.156748 0.975671
1305031459.259760 -1.78994 0.0441199 0.0436362 0.122712 0.110736 0.186112 0.968525
1305031459.327632 -1.79609 0.0598003 0.0640885 0.130088 0.136166 0.202545 0.960995
1305031459.359651 -1.80889 0.0843431 0.072865 0.132052 0.161945 0.226537 0.951324
1305031459.391667 -1.80941 0.0942651 0.070135 0.121125 0.191366 0.260235 0.938608
1305031459.427646 -1.82547 0.0967526 0.0791844 0.12143 0.228418 0.297604 0.918973
1305031459.459679 -1.87892 0.0938441 0.0537779 0.100276 0.268039 0.356913 0.88922
1305031459.527594 -1.8913 0.106119 0.0713724 0.0998389 0.28515 0.3763 0.875854
1305031459.559647 -1.9049 0.110938 0.081253 0.100189 0.292244 0.391965 0.866556
1305031459.591695 -1.91442 0.113772 0.0885051 0.0992495 0.293651 0.40188 0.861633
1305031459.627608 -1.92542 0.114792 0.0988188 0.0998999 0.300835 0.403657 0.858242
1305031459.659641 -1.94426 0.11297 0.100411 0.0968637 0.310163 0.408229 0.853091
1305031459.691604 -1.96559 0.082964 0.130653 0.087299 0.332834 0.414199 0.842638
1305031459.727551 -1.98231 0.0593034 0.149761 0.0873005 0.342851 0.409611 0.840863
1305031459.791650 -1.99638 0.0461863 0.155357 0.0862749 0.343607 0.407999 0.841444
1305031459.827664 -2.01295 0.0325307 0.160898 0.0829992 0.342446 0.40798 0.842255
1305031459.859660 -2.02468 0.0176408 0.169848 0.0780634 0.339363 0.409508 0.843233
1305031459.891596 -2.02708 0.000169989 0.177401 0.0755979 0.335564 0.414022 0.842774
1305031459.927607 -2.04618 -0.0245995 0.194273 0.072461 0.334095 0.420608 0.840368
1305031459.991725 -2.04635 -0.0397599 0.204854 0.0706681 0.333822 0.424265 0.83879
1305031460.027565 -2.0471 -0.0569296 0.213646 0.0696459 0.33367 0.427486 0.837299
1305031460.059659 -2.05568 -0.0773386 0.226872 0.0709312 0.333038 0.43218 0.83503
1305031460.091717 -2.05922 -0.0952855 0.239912 0.0756872 0.327261 0.439529 0.833058
1305031460.127690 -2.06082 -0.109887 0.247313 0.0818832 0.319414 0.447785 0.831119
1305031460.159678 -2.07349 -0.127484 0.254928 0.0826219 0.315189 0.455446 0.828492
1305031460.191559 -2.05977 -0.138286 0.252603 0.0811639 0.309633 0.462354 0.826903
1305031460.227761 -2.05223 -0.154102 0.263226 0.0824788 0.32331 0.462368 0.821513
1305031460.291689 -2.06124 -0.171923 0.272764 0.0821934 0.336646 0.461323 0.816758
1305031460.327512 -2.0605 -0.186252 0.281263 0.0786564 0.353484 0.466479 0.807006
1305031460.391611 -2.05557 -0.197618 0.288874 0.076328 0.36372 0.470845 0.800117
1305031460.427477 -2.05339 -0.205334 0.290678 0.0736316 0.374624 0.474513 0.793141
1305031460.459620 -2.0602 -0.212636 0.292385 0.0684408 0.387671 0.479575 0.784242
1305031460.491504 -2.0614 -0.224528 0.301276 0.0616906 0.399455 0.487706 0.773804
1305031460.527570 -2.05285 -0.232575 0.307299 0.0552154 0.407085 0.492971 0.76695
1305031460.559647 -2.04636 -0.241947 0.315608 0.0499036 0.415784 0.494274 0.761792
1305031460.591855 -2.04306 -0.2542 0.32385 0.0455724 0.424521 0.495917 0.756156
1305031460.627625 -2.04045 -0.262919 0.331465 0.0429245 0.432221 0.495181 0.752422
1305031460.659764 -2.04435 -0.275529 0.340043 0.0394679 0.437829 0.49602 0.748807
1305031460.691671 -2.04371 -0.28615 0.347372 0.0345684 0.440096 0.497057 0.747031
1305031460.727675 -2.03823 -0.293223 0.356294 0.0311273 0.444664 0.495674 0.745394
1305031460.759667 -2.03601 -0.306072 0.365713 0.0266715 0.449253 0.494966 0.743282
1305031460.791660 -2.03732 -0.315396 0.373753 0.0221231 0.451024 0.492939 0.743706
1305031460.827660 -2.03752 -0.320477 0.381086 0.0170486 0.45389 0.490608 0.743638
1305031460.859714 -2.0328 -0.329382 0.389377 0.00924392 0.457893 0.488554 0.742673
1305031460.891774 -2.02465 -0.349456 0.412217 -0.00208386 0.464567 0.487891 0.73901
1305031460.927562 -2.00692 -0.365458 0.426363 -0.00470759 0.467871 0.490121 0.735429
1305031460.991668 -1.99895 -0.386521 0.433755 -0.00687473 0.470652 0.492336 0.73215
1305031461.027620 -1.99299 -0.400909 0.450395 -0.00409401 0.471055 0.491399 0.732541
1305031461.091728 -1.98415 -0.404314 0.458362 -0.00497351 0.471106 0.489538 0.733749
1305031461.127586 -1.9722 -0.414565 0.468567 -0.00583315 0.473578 0.487492 0.733513
1305031461.159720 -1.96607 -0.422284 0.47424 -0.00505141 0.474494 0.483689 0.735442
1305031461.192013 -1.96306 -0.426513 0.477884 -0.00435263 0.475588 0.480783 0.736644
1305031461.227607 -1.95442 -0.433363 0.487099 -0.00407708 0.477448 0.477714 0.737439
1305031461.259642 -1.94777 -0.436685 0.490419 -0.00333164 0.477504 0.472455 0.740787
1305031461.291656 -1.94309 -0.437049 0.492728 -0.00273622 0.479488 0.467539 0.742625
1305031461.327751 -1.94603 -0.434612 0.491379 -0.00468352 0.480415 0.46392 0.744283
1305031461.359709 -1.94075 -0.440329 0.504899 -0.0106465 0.484025 0.464171 0.741722
1305031461.391708 -1.92324 -0.443026 0.510635 -0.0152905 0.484198 0.463734 0.741801
1305031461.427624 -1.92596 -0.442636 0.508834 -0.0175328 0.483227 0.46484 0.741693
1305031461.459781 -1.91456 -0.444281 0.517189 -0.0204126 0.485243 0.465385 0.739959
1305031461.491677 -1.9017 -0.448411 0.515799 -0.0216941 0.4851 0.465111 0.740188
1305031461.527705 -1.90288 -0.441347 0.505639 -0.0197113 0.484789 0.461915 0.742446
1305031461.559677 -1.89631 -0.436201 0.499106 -0.0214459 0.489619 0.458164 0.741552
1305031461.591690 -1.89752 -0.434863 0.493048 -0.024485 0.494032 0.457357 0.739024
1305031461.627541 -1.89511 -0.431135 0.491144 -0.0268565 0.498331 0.456855 0.736362
1305031461.659622 -1.89529 -0.429297 0.488223 -0.029632 0.500736 0.460986 0.732036
1305031461.691563 -1.89244 -0.422631 0.484151 -0.030408 0.501 0.466292 0.728455
1305031461.727602 -1.89205 -0.412953 0.477438 -0.0302512 0.501434 0.468866 0.726507
1305031461.759684 -1.89441 -0.403688 0.468195 -0.0327687 0.501427 0.47287 0.723803
1305031461.791612 -1.89338 -0.392055 0.46375 -0.0336332 0.505074 0.476437 0.718872
1305031461.827615 -1.89763 -0.382806 0.457944 -0.0343485 0.508387 0.482314 0.712556
1305031461.859767 -1.9051 -0.372312 0.450963 -0.0365844 0.50823 0.491723 0.706097
1305031461.891723 -1.9066 -0.360936 0.447462 -0.0396702 0.505976 0.502051 0.700256
1305031461.927758 -1.91316 -0.337766 0.443226 -0.0392276 0.509037 0.503584 0.696955
1305031461.959703 -1.92297 -0.326936 0.4358 -0.0443229 0.512605 0.510279 0.68912
1305031461.991590 -1.93048 -0.322778 0.440694 -0.052126 0.513703 0.519153 0.681082
1305031462.027675 -1.93311 -0.314527 0.444391 -0.053176 0.510086 0.530959 0.674587
1305031462.059837 -1.93778 -0.304065 0.4429 -0.0514312 0.504116 0.542603 0.669928
1305031462.091777 -1.94428 -0.291566 0.438915 -0.0499301 0.498872 0.552057 0.666234
1305031462.127739 -1.9481 -0.282919 0.438194 -0.0505991 0.495824 0.559563 0.662185
1305031462.159646 -1.95307 -0.272404 0.434735 -0.0523889 0.492674 0.561518 0.66274
1305031462.191641 -1.96231 -0.26507 0.43228 -0.0568432 0.491193 0.56273 0.662445
1305031462.227633 -1.9688 -0.258577 0.432237 -0.0626641 0.489038 0.562988 0.663295
1305031462.259765 -1.97578 -0.252182 0.434248 -0.069055 0.486051 0.560776 0.66672
1305031462.291629 -1.98382 -0.243647 0.432938 -0.0757073 0.481872 0.558082 0.671277
1305031462.327540 -1.99137 -0.23789 0.435068 -0.083317 0.479406 0.554688 0.674944
1305031462.359732 -2.0027 -0.236089 0.438084 -0.0939755 0.475063 0.551724 0.679032
1305031462.391695 -2.01326 -0.229486 0.44446 -0.102661 0.470463 0.548011 0.683966
1305031462.427635 -2.02293 -0.224659 0.4504 -0.111326 0.464215 0.544691 0.689509
1305031462.459897 -2.03805 -0.215062 0.452305 -0.118229 0.456889 0.540231 0.696724
1305031462.492008 -2.04107 -0.206177 0.456119 -0.126096 0.449715 0.535387 0.703717
1305031462.527670 -2.04569 -0.196644 0.452146 -0.131432 0.439243 0.529516 0.713726
1305031462.559862 -2.04442 -0.187678 0.4435 -0.13526 0.42979 0.525428 0.721741
1305031462.591862 -2.04862 -0.183521 0.440201 -0.13931 0.425846 0.518093 0.728579
1305031462.627851 -2.05119 -0.179768 0.437091 -0.143081 0.423973 0.50892 0.735374
1305031462.659660 -2.05711 -0.17916 0.432779 -0.145263 0.421366 0.500864 0.741947
1305031462.692548 -2.07204 -0.176549 0.429394 -0.144976 0.418034 0.490678 0.750643
1305031462.727652 -2.08314 -0.170016 0.42298 -0.145464 0.411963 0.480691 0.760305
1305031462.759782 -2.0901 -0.163413 0.413899 -0.147256 0.405709 0.473229 0.767965
1305031462.791943 -2.10097 -0.157149 0.405649 -0.148452 0.400923 0.467374 0.773812
1305031462.827816 -2.10817 -0.146541 0.394438 -0.150394 0.396013 0.461832 0.779273
1305031462.859782 -2.10651 -0.138149 0.382072 -0.152825 0.393429 0.460904 0.780658
1305031462.891847 -2.10978 -0.131209 0.369159 -0.152848 0.392121 0.459536 0.782116
1305031462.927607 -2.11273 -0.124834 0.356488 -0.15115 0.389299 0.45828 0.784589
1305031462.959676 -2.11116 -0.116928 0.343096 -0.147186 0.385613 0.4558 0.788597
1305031462.995550 -2.10593 -0.11185 0.327349 -0.144025 0.380478 0.451798 0.79396
1305031463.027667 -2.1124 -0.107546 0.311296 -0.138899 0.374978 0.44471 0.801456
1305031463.059810 -2.12173 -0.095494 0.294052 -0.134647 0.371081 0.434906 0.809337
1305031463.095809 -2.11528 -0.0884307 0.278823 -0.132996 0.367403 0.428669 0.814598
1305031463.127550 -2.11515 -0.0862974 0.262269 -0.132099 0.364396 0.420939 0.820108
1305031463.159787 -2.12387 -0.0782263 0.242619 -0.131603 0.361829 0.411696 0.825995
1305031463.195657 -2.12769 -0.0673815 0.229858 -0.128397 0.361209 0.406965 0.829109
1305031463.227784 -2.1159 -0.06384 0.217473 -0.127119 0.359155 0.404605 0.83135
1305031463.260034 -2.11674 -0.0564079 0.198552 -0.124293 0.356127 0.399029 0.835763
1305031463.295737 -2.1198 -0.0458982 0.183855 -0.120572 0.352991 0.395633 0.839247
1305031463.327739 -2.10791 -0.0420273 0.175556 -0.117328 0.34911 0.395189 0.841536
1305031463.359750 -2.10653 -0.0328797 0.158621 -0.113442 0.343582 0.39017 0.846669
1305031463.395630 -2.10738 -0.0171225 0.142318 -0.109513 0.339931 0.384671 0.851165
1305031463.427716 -2.10088 -0.00484448 0.127924 -0.108443 0.337845 0.381195 0.853693
1305031463.459756 -2.09578 0.00984368 0.110051 -0.107648 0.336747 0.377571 0.855835
1305031463.495629 -2.08508 0.0214998 0.0989414 -0.106953 0.340353 0.373735 0.856179
1305031463.527670 -2.07714 0.0221186 0.089108 -0.106578 0.344628 0.375189 0.853877
1305031463.559751 -2.07391 0.026656 0.0725063 -0.105802 0.342636 0.376092 0.854378
1305031463.595600 -2.0598 0.0372167 0.0581008 -0.104064 0.339651 0.372743 0.857246
1305031463.627588 -2.04336 0.0362278 0.0498948 -0.101624 0.342451 0.370418 0.857433
1305031463.659766 -2.03808 0.0379196 0.0276751 -0.0973414 0.340874 0.369407 0.858993
1305031463.695640 -2.02542 0.0505688 7.08736e-05 -0.0945967 0.335708 0.364452 0.863439
1305031463.727588 -2.0015 0.0454125 -0.0122986 -0.0961521 0.337597 0.35871 0.864934
1305031463.759674 -1.98836 0.0413595 -0.0331029 -0.0935927 0.338372 0.352932 0.867286
1305031463.795647 -1.97765 0.0464294 -0.0616969 -0.0917398 0.334926 0.343066 0.872763
1305031463.827761 -1.96214 0.0410033 -0.0784233 -0.0933913 0.336399 0.332771 0.876001
1305031463.859910 -1.95031 0.0343069 -0.098228 -0.0934167 0.337092 0.324528 0.878819
1305031463.895648 -1.94293 0.0289816 -0.119801 -0.0931628 0.335117 0.318956 0.881638
1305031463.927664 -1.93 0.0207727 -0.135968 -0.0937944 0.331516 0.313727 0.884802
1305031463.959680 -1.91738 0.0132684 -0.152458 -0.0919145 0.328315 0.307627 0.888328
1305031463.995821 -1.90908 0.0109725 -0.176991 -0.0897923 0.322901 0.300115 0.893086
1305031464.027703 -1.89693 0.00707049 -0.196701 -0.0892458 0.320366 0.291515 0.896895
1305031464.059652 -1.88789 -0.00309374 -0.210388 -0.0886973 0.322233 0.282164 0.899268
1305031464.095634 -1.88738 -0.0141678 -0.225789 -0.0875578 0.322994 0.277036 0.9007
1305031464.127681 -1.88176 -0.0296586 -0.234975 -0.0852355 0.321322 0.275763 0.90191
1305031464.159817 -1.87353 -0.0461992 -0.243916 -0.0795845 0.315931 0.272039 0.905455
1305031464.195585 -1.87396 -0.0544046 -0.26054 -0.0693582 0.307211 0.268552 0.910324
1305031464.227624 -1.88131 -0.0559111 -0.277608 -0.0593399 0.295552 0.266098 0.915598
1305031464.259644 -1.8776 -0.0530145 -0.296643 -0.0527078 0.277957 0.262399 0.922556
1305031464.295667 -1.86369 -0.0512068 -0.314178 -0.049024 0.261848 0.257867 0.928729
1305031464.327866 -1.84569 -0.0559573 -0.326724 -0.046207 0.250561 0.253833 0.933088
1305031464.359684 -1.83101 -0.0536799 -0.347874 -0.0414159 0.242218 0.246001 0.937602
1305031464.395611 -1.81841 -0.0493805 -0.372009 -0.0383376 0.237633 0.23774 0.941032
1305031464.427634 -1.81016 -0.0553335 -0.383582 -0.0376413 0.236025 0.229219 0.943575
1305031464.459689 -1.79652 -0.0580297 -0.404764 -0.0365436 0.231635 0.222661 0.946273
1305031464.495633 -1.78499 -0.0586702 -0.426848 -0.0355174 0.229569 0.21632 0.948284
1305031464.527574 -1.77159 -0.0601844 -0.450882 -0.0382544 0.22485 0.205546 0.951699
1305031464.559703 -1.74506 -0.0695801 -0.462845 -0.0396329 0.22636 0.19324 0.95386
1305031464.595698 -1.73542 -0.0820939 -0.477538 -0.0350832 0.239049 0.181752 0.9532
1305031464.627672 -1.72492 -0.0885193 -0.501673 -0.0283301 0.249626 0.167907 0.953253
1305031464.659749 -1.71385 -0.104781 -0.509318 -0.0207709 0.261018 0.150089 0.953369
1305031464.695663 -1.70937 -0.123057 -0.516497 -0.00959878 0.26868 0.13173 0.954131
1305031464.727652 -1.70177 -0.120426 -0.542267 0.00275427 0.265081 0.113507 0.957518
1305031464.759740 -1.69728 -0.129569 -0.549235 0.00814723 0.259714 0.0954576 0.960922
1305031464.796021 -1.69547 -0.14309 -0.546827 0.0153434 0.249562 0.0787363 0.965031
1305031464.827759 -1.68892 -0.134264 -0.566298 0.0238546 0.23051 0.0635046 0.970702
1305031464.859654 -1.67112 -0.12975 -0.581671 0.022659 0.209805 0.0453166 0.97643
1305031464.895817 -1.64838 -0.140619 -0.576006 0.0171091 0.194236 0.0257773 0.980467
1305031464.927799 -1.62881 -0.151653 -0.564001 0.0167068 0.187127 0.00674919 0.982171
1305031464.959763 -1.60524 -0.154989 -0.561499 0.0201541 0.181972 -0.0114583 0.98303
1305031464.995687 -1.59111 -0.154243 -0.558958 0.0220986 0.17938 -0.0324067 0.982998
1305031465.027823 -1.59087 -0.145349 -0.553443 0.0268417 0.174108 -0.0532601 0.982919
1305031465.059749 -1.57548 -0.111931 -0.580214 0.0265586 0.157711 -0.0677496 0.9848
1305031465.095700 -1.54981 -0.101719 -0.576961 0.00901286 0.139518 -0.078991 0.987023
1305031465.127664 -1.5345 -0.0944307 -0.556869 -0.0086721 0.12662 -0.086069 0.988172
1305031465.159842 -1.51905 -0.0857937 -0.53577 -0.0221022 0.11527 -0.0922836 0.988791
1305031465.195564 -1.49839 -0.0703434 -0.524571 -0.0329622 0.103913 -0.0957003 0.989423
1305031465.227907 -1.4836 -0.0633526 -0.50576 -0.0451645 0.0948823 -0.0958146 0.989837
1305031465.259807 -1.47069 -0.0514402 -0.489171 -0.0502131 0.0867728 -0.0865592 0.99119
1305031465.295623 -1.45157 -0.0343819 -0.483302 -0.0542774 0.07349 -0.0713131 0.993261
1305031465.327674 -1.43695 -0.0266096 -0.467287 -0.0580888 0.0592295 -0.0574599 0.994895
1305031465.359948 -1.41554 -0.0193152 -0.455602 -0.0575802 0.0423403 -0.0458626 0.996388
1305031465.395586 -1.38972 -0.00966804 -0.451083 -0.0549696 0.0277848 -0.0352198 0.99748
1305031465.427697 -1.3656 0.00663516 -0.452069 -0.0501248 0.0157934 -0.0212182 0.998393
1305031465.460125 -1.34029 0.0279834 -0.462138 -0.0478998 0.00372914 -0.00974463 0.998798
1305031465.495703 -1.32037 0.0346215 -0.457518 -0.0498521 -0.0057805 -0.00403668 0.998732
1305031465.527622 -1.29921 0.0442376 -0.456102 -0.0446583 -0.0142539 0.00149037 0.9989
1305031465.559812 -1.27026 0.0611346 -0.464971 -0.0374405 -0.0218181 0.00994705 0.999011
1305031465.595599 -1.25346 0.0797593 -0.473514 -0.0308116 -0.0254569 0.0200657 0.999
1305031465.627688 -1.23818 0.095623 -0.48068 -0.0251759 -0.0332027 0.0287754 0.998717
1305031465.660060 -1.20668 0.112166 -0.486383 -0.0184835 -0.0440998 0.0364293 0.998192
1305031465.695668 -1.18449 0.129989 -0.492341 -0.010391 -0.0480029 0.0458069 0.997742
1305031465.727682 -1.16074 0.152205 -0.500755 -0.00144508 -0.0533226 0.0555589 0.99703
1305031465.759766 -1.13564 0.174075 -0.509245 0.00565597 -0.0579631 0.0629537 0.996316
1305031465.795937 -1.12066 0.187876 -0.510252 0.0132989 -0.0585793 0.0682522 0.995858
1305031465.827996 -1.08931 0.214689 -0.518505 0.0255631 -0.0639064 0.0736531 0.994906
1305031465.859861 -1.04718 0.246192 -0.529605 0.0325599 -0.0678066 0.0783272 0.994086
1305031465.895494 -1.02902 0.26239 -0.528295 0.0372705 -0.0599161 0.0794539 0.994338
1305031465.927495 -1.00593 0.285022 -0.53164 0.0477828 -0.0536456 0.0798091 0.994218
1305031465.959710 -0.985987 0.310878 -0.542473 0.0564021 -0.0490407 0.0776874 0.994172
1305031465.995753 -0.970288 0.336674 -0.548264 0.063636 -0.0473855 0.0754306 0.99399
1305031466.027644 -0.939476 0.3711 -0.558621 0.0666241 -0.0529696 0.0778177 0.993328
1305031466.059757 -0.927606 0.393272 -0.565128 0.0633947 -0.0546034 0.0785203 0.993395
1305031466.095840 -0.914279 0.412592 -0.571985 0.0585639 -0.059777 0.0784762 0.993397
1305031466.127640 -0.90479 0.430021 -0.578863 0.0539489 -0.0648193 0.080095 0.993213
1305031466.160428 -0.890843 0.448361 -0.592155 0.0472841 -0.0748234 0.0821856 0.992679
1305031466.195833 -0.870536 0.46028 -0.60399 0.0366798 -0.0870192 0.0788918 0.9924
1305031466.227951 -0.861556 0.468412 -0.607909 0.0338635 -0.0876693 0.0721643 0.992955
1305031466.259815 -0.832867 0.478373 -0.620873 0.034392 -0.0882612 0.0629933 0.993509
1305031466.295737 -0.812984 0.491091 -0.639158 0.0351045 -0.0803321 0.0535258 0.994711
1305031466.327702 -0.796281 0.499993 -0.656772 0.0297991 -0.0729251 0.0472992 0.99577
1305031466.359829 -0.794336 0.505249 -0.663505 0.0295901 -0.0649573 0.040244 0.996637
1305031466.395784 -0.794305 0.508008 -0.677024 0.0327946 -0.0616144 0.0359551 0.996913
1305031466.427819 -0.766338 0.516834 -0.692857 0.0325665 -0.07173 0.0325895 0.99636
1305031466.459790 -0.743808 0.525924 -0.704332 0.029016 -0.0774834 0.0313873 0.996077
1305031466.495809 -0.717791 0.531893 -0.708138 0.0259272 -0.0789946 0.031765 0.996032
1305031466.527538 -0.692877 0.541316 -0.717853 0.0235622 -0.0779496 0.030824 0.996202
1305031466.560353 -0.666058 0.554157 -0.728795 0.0169507 -0.0806785 0.0286115 0.996185
1305031466.595936 -0.643422 0.55836 -0.725734 0.0100311 -0.0808485 0.0250516 0.996361
1305031466.627549 -0.648931 0.564429 -0.732597 0.01543 -0.0681369 0.0191827 0.997372
1305031466.659688 -0.628275 0.568753 -0.748364 0.0138338 -0.0699901 0.0154178 0.997333
1305031466.695822 -0.600171 0.578862 -0.754625 0.00976864 -0.0759814 0.00619666 0.997042
1305031466.728074 -0.584352 0.590123 -0.745399 0.0154991 -0.0757703 -0.00451524 0.996995
1305031466.759637 -0.573415 0.595748 -0.749987 0.0214943 -0.0749083 -0.0112016 0.996896
1305031466.795604 -0.549129 0.594958 -0.760371 0.0164954 -0.0822073 -0.0135869 0.996386
1305031466.827879 -0.548474 0.598082 -0.761285 0.0146754 -0.0834084 -0.0131418 0.996321
1305031466.859665 -0.546124 0.603241 -0.763713 0.0186294 -0.0906514 -0.0132071 0.995621
1305031466.895694 -0.528006 0.607816 -0.770257 0.0204815 -0.105637 -0.0151688 0.994078
1305031466.927756 -0.505622 0.608389 -0.771454 0.0211552 -0.118571 -0.0162478 0.992587
1305031466.959728 -0.474791 0.610035 -0.774358 0.0217241 -0.128979 -0.0184174 0.991238
1305031466.995712 -0.454065 0.61278 -0.77743 0.0225884 -0.13498 -0.0223596 0.990339
1305031467.027843 -0.435943 0.610797 -0.782113 0.0212827 -0.138393 -0.0262162 0.989802
1305031467.059700 -0.413276 0.617469 -0.786393 0.021275 -0.142033 -0.0308606 0.989152
1305031467.095687 -0.398585 0.622908 -0.783848 0.0235541 -0.145722 -0.0411286 0.98819
1305031467.128974 -0.390442 0.624237 -0.785156 0.0254798 -0.14748 -0.0494083 0.987502
1305031467.159660 -0.382745 0.628301 -0.788253 0.0276284 -0.150724 -0.0535737 0.986737
1305031467.195663 -0.370668 0.631838 -0.791158 0.0295461 -0.15709 -0.0587983 0.98539
1305031467.227704 -0.356303 0.633387 -0.791415 0.031683 -0.163184 -0.0636928 0.984028
1305031467.259694 -0.340681 0.636386 -0.793271 0.0346642 -0.169339 -0.0696693 0.982481
1305031467.295846 -0.328836 0.638067 -0.798165 0.0360804 -0.174595 -0.0744672 0.981157
1305031467.328008 -0.312238 0.640251 -0.802844 0.0345291 -0.1818 -0.0774545 0.979672
1305031467.359654 -0.288971 0.645167 -0.804395 0.0310655 -0.192156 -0.0822658 0.977417
1305031467.395756 -0.277505 0.651348 -0.80307 0.0309848 -0.197827 -0.0868104 0.975894
1305031467.427783 -0.273254 0.656241 -0.807801 0.0322887 -0.201543 -0.0887676 0.974914
1305031467.459692 -0.251891 0.651177 -0.815207 0.0263729 -0.210626 -0.0932228 0.972754
1305031467.496058 -0.223279 0.658472 -0.813018 0.0245299 -0.218539 -0.101286 0.970248
1305031467.527663 -0.214909 0.664384 -0.810914 0.0261927 -0.218554 -0.104162 0.969896
1305031467.559763 -0.203292 0.664725 -0.813938 0.0259065 -0.219509 -0.10259 0.969856
1305031467.595989 -0.193582 0.670134 -0.809106 0.0301304 -0.223619 -0.101237 0.968936
1305031467.627532 -0.190368 0.66294 -0.807227 0.0347328 -0.226522 -0.0982415 0.968416
1305031467.659626 -0.169973 0.655723 -0.807952 0.0372079 -0.232318 -0.100419 0.966726
1305031467.695886 -0.15314 0.64931 -0.800937 0.0410008 -0.236515 -0.104845 0.965084
1305031467.727535 -0.145663 0.64145 -0.792555 0.0464948 -0.238267 -0.107267 0.964137
1305031467.759907 -0.134756 0.636296 -0.788382 0.0510248 -0.24103 -0.109948 0.962919
1305031467.796075 -0.130284 0.627156 -0.77876 0.0553178 -0.242678 -0.111475 0.962092
1305031467.827800 -0.130431 0.61739 -0.767061 0.0614994 -0.245057 -0.108756 0.961425
1305031467.859729 -0.11875 0.613064 -0.755798 0.0674783 -0.253588 -0.107112 0.958993
1305031467.895947 -0.107326 0.603908 -0.741716 0.071042 -0.262558 -0.109746 0.956019
1305031467.927754 -0.105417 0.593445 -0.725559 0.0772135 -0.267016 -0.111608 0.954088
1305031467.959826 -0.0862281 0.585722 -0.709895 0.0807452 -0.273409 -0.11292 0.951828
1305031467.995754 -0.0743284 0.574485 -0.693106 0.0791601 -0.276325 -0.115653 0.950791
1305031468.028107 -0.0832172 0.564817 -0.677828 0.0842372 -0.274688 -0.119339 0.950373
1305031468.059850 -0.0728588 0.554828 -0.662032 0.086066 -0.279776 -0.120028 0.948637
1305031468.095867 -0.063282 0.54149 -0.645257 0.0845052 -0.283627 -0.12121 0.947482
1305031468.127816 -0.05823 0.526099 -0.626955 0.0850946 -0.286415 -0.124009 0.946228
1305031468.159864 -0.0451985 0.513314 -0.6098 0.0849125 -0.289577 -0.127075 0.944874
1305031468.195985 -0.0416715 0.497522 -0.595025 0.0827155 -0.288643 -0.127933 0.945239
1305031468.228158 -0.0351144 0.480528 -0.579704 0.081104 -0.287684 -0.126927 0.945806
1305031468.259754 -0.0243176 0.462627 -0.56554 0.0789006 -0.287108 -0.126573 0.946215
1305031468.295830 -0.0241933 0.442223 -0.552711 0.0787597 -0.283583 -0.125727 0.947402
1305031468.327847 -0.0172911 0.423964 -0.543119 0.0800227 -0.281054 -0.121995 0.948537
1305031468.359787 -0.00180382 0.409301 -0.534479 0.0772321 -0.282232 -0.120149 0.948654
1305031468.395860 -0.00315919 0.38899 -0.526935 0.0721992 -0.280735 -0.121056 0.949379
1305031468.428025 -0.00158632 0.370011 -0.517979 0.0698254 -0.280943 -0.119389 0.949706
1305031468.459759 0.0124479 0.350525 -0.509254 0.0660021 -0.282453 -0.118977 0.949584
1305031468.495809 0.012297 0.328487 -0.501909 0.0641989 -0.280688 -0.123513 0.949651
1305031468.527756 0.00633211 0.303688 -0.496694 0.0674486 -0.279669 -0.132042 0.948578
1305031468.559739 0.0112291 0.288952 -0.495043 0.0703417 -0.281163 -0.137588 0.947137
1305031468.595768 0.0100011 0.272223 -0.493459 0.0646785 -0.282054 -0.139646 0.946975
1305031468.627626 -0.00606845 0.250774 -0.49181 0.0612545 -0.282162 -0.141857 0.946842
1305031468.659579 -0.0155209 0.229317 -0.488488 0.0637132 -0.287174 -0.145062 0.944685
1305031468.695835 -0.0193305 0.21214 -0.486128 0.0671815 -0.29298 -0.146364 0.942458
1305031468.727785 -0.0186704 0.195126 -0.482408 0.0678048 -0.298471 -0.146323 0.940695
1305031468.759628 -0.0206428 0.174431 -0.476778 0.0700224 -0.301875 -0.149758 0.938904
1305031468.795796 -0.0272253 0.160552 -0.474198 0.0781568 -0.30305 -0.155326 0.936977
1305031468.829247 -0.0167462 0.149681 -0.469518 0.0815455 -0.305547 -0.158669 0.935316
1305031468.859659 -0.0158308 0.137741 -0.465818 0.0793735 -0.301773 -0.16075 0.936372
1305031468.895873 -0.0239344 0.129182 -0.466922 0.0753508 -0.294076 -0.159585 0.939348
1305031468.928141 -0.0225915 0.125345 -0.466485 0.0690601 -0.288901 -0.156037 0.942029
1305031468.959594 -0.00372029 0.133642 -0.461344 0.0604309 -0.291442 -0.157404 0.941612
1305031468.995711 -0.00730966 0.121483 -0.452943 0.0406318 -0.289926 -0.165291 0.941791
1305031469.027699 -0.0241078 0.109008 -0.44667 0.0253691 -0.286927 -0.174446 0.941593
1305031469.059832 -0.0204781 0.10335 -0.435332 0.0146197 -0.288697 -0.184863 0.93929
1305031469.095723 -0.0155188 0.0947292 -0.42098 0.00234523 -0.285605 -0.195862 0.938117
1305031469.127679 -0.0256545 0.0864077 -0.410732 -0.00862866 -0.276019 -0.205765 0.938829
1305031469.159703 -0.0350606 0.0796813 -0.400653 -0.0174602 -0.266017 -0.212504 0.940092
1305031469.195540 -0.0509163 0.0742284 -0.393585 -0.0239423 -0.256889 -0.217007 0.941458
1305031469.227754 -0.0546514 0.0731197 -0.383997 -0.028645 -0.254266 -0.221351 0.941027
1305031469.259586 -0.0578818 0.0716387 -0.371274 -0.0335334 -0.250437 -0.224546 0.941135
1305031469.296754 -0.0640751 0.0734008 -0.36133 -0.0386422 -0.246636 -0.226975 0.941361
1305031469.327618 -0.0562986 0.0758038 -0.344329 -0.0440871 -0.245787 -0.230574 0.940468
1305031469.359592 -0.0606573 0.0715167 -0.328229 -0.047423 -0.235678 -0.237776 0.9411
1305031469.395695 -0.0657036 0.0727217 -0.317234 -0.0481342 -0.223729 -0.244375 0.942289
1305031469.427651 -0.0694176 0.0783605 -0.307039 -0.0483195 -0.214092 -0.251651 0.942604
1305031469.459668 -0.0824726 0.0809556 -0.297171 -0.0510511 -0.206745 -0.256007 0.942927
1305031469.495744 -0.0919658 0.0865435 -0.288854 -0.0555584 -0.204729 -0.257146 0.942802
1305031469.527622 -0.0936685 0.0986212 -0.278634 -0.060012 -0.205561 -0.257121 0.942355
1305031469.559645 -0.0967194 0.110344 -0.267013 -0.0662765 -0.205754 -0.257385 0.94182
1305031469.595755 -0.0965576 0.121894 -0.253835 -0.0744494 -0.20572 -0.257474 0.941193
1305031469.627752 -0.0979306 0.133794 -0.238095 -0.0792756 -0.204113 -0.258072 0.940985
1305031469.659590 -0.102085 0.142231 -0.225553 -0.0843852 -0.201012 -0.258243 0.941161
1305031469.695613 -0.106764 0.155454 -0.215565 -0.0892124 -0.195998 -0.256803 0.942167
1305031469.727679 -0.111463 0.168683 -0.205822 -0.0954676 -0.191958 -0.253222 0.943354
1305031469.759599 -0.11965 0.186079 -0.19766 -0.100617 -0.189848 -0.249472 0.944245
1305031469.795621 -0.128059 0.200523 -0.188971 -0.106286 -0.190466 -0.247017 0.944144
1305031469.827526 -0.138598 0.220184 -0.184232 -0.110935 -0.190089 -0.243279 0.944656
1305031469.859574 -0.145333 0.234364 -0.175754 -0.116056 -0.192643 -0.241572 0.943961
1305031469.895755 -0.153985 0.251691 -0.169692 -0.118647 -0.194845 -0.237978 0.9441
1305031469.927854 -0.164161 0.266856 -0.163906 -0.120371 -0.198251 -0.235676 0.94375
1305031469.959805 -0.175828 0.278217 -0.158677 -0.123758 -0.200476 -0.234912 0.943032
1305031469.995551 -0.190658 0.294175 -0.158097 -0.125869 -0.200726 -0.233404 0.943074
1305031470.027694 -0.203202 0.308378 -0.156962 -0.127609 -0.201016 -0.234137 0.942597
1305031470.059638 -0.216714 0.32362 -0.158235 -0.129198 -0.199302 -0.231154 0.94348
1305031470.095944 -0.231875 0.336948 -0.160973 -0.133876 -0.197375 -0.228894 0.943784
1305031470.127633 -0.245099 0.355015 -0.164353 -0.134867 -0.19667 -0.224715 0.944794
1305031470.159626 -0.259565 0.371068 -0.168788 -0.136011 -0.195772 -0.219245 0.9461
1305031470.196092 -0.27407 0.380938 -0.173101 -0.141261 -0.19494 -0.216595 0.946113
1305031470.227618 -0.287041 0.392971 -0.177286 -0.145721 -0.194074 -0.213286 0.946367
1305031470.259965 -0.300384 0.403151 -0.181207 -0.15225 -0.192771 -0.210811 0.94616
1305031470.295718 -0.314275 0.41547 -0.185624 -0.158139 -0.191827 -0.207138 0.946197
1305031470.327644 -0.329641 0.428867 -0.191353 -0.162475 -0.191199 -0.201844 0.946733
1305031470.359624 -0.341614 0.440312 -0.19575 -0.165099 -0.192731 -0.198845 0.946604
1305031470.395823 -0.353733 0.452352 -0.200367 -0.164076 -0.194675 -0.198732 0.946407
1305031470.427641 -0.367206 0.46111 -0.205269 -0.163225 -0.19616 -0.198986 0.946194
1305031470.459721 -0.381177 0.47041 -0.211025 -0.161305 -0.196596 -0.196717 0.946907
1305031470.495686 -0.393291 0.475777 -0.215851 -0.16161 -0.197095 -0.19666 0.946763
1305031470.527689 -0.404592 0.481085 -0.220122 -0.162984 -0.196627 -0.196408 0.946677
1305031470.559677 -0.417794 0.487069 -0.224021 -0.164515 -0.195 -0.193233 0.947402
1305031470.595760 -0.428917 0.491673 -0.227221 -0.167554 -0.193724 -0.188621 0.948061
1305031470.627729 -0.440673 0.499347 -0.230156 -0.168297 -0.19255 -0.182867 0.949295
1305031470.659690 -0.451139 0.504699 -0.233075 -0.170628 -0.192732 -0.179021 0.949575
1305031470.695630 -0.462877 0.511677 -0.234514 -0.169259 -0.191934 -0.177382 0.950289
1305031470.727654 -0.468975 0.511616 -0.2354 -0.171638 -0.191859 -0.17548 0.95023
1305031470.759682 -0.474983 0.51729 -0.23705 -0.171787 -0.188604 -0.171135 0.951646
1305031470.795615 -0.489243 0.528734 -0.240398 -0.164497 -0.184041 -0.163177 0.955219
1305031470.827831 -0.501347 0.531898 -0.243556 -0.159293 -0.182221 -0.157171 0.957454
1305031470.859645 -0.51084 0.531012 -0.246571 -0.157159 -0.182553 -0.15158 0.958645
1305031470.895722 -0.521496 0.534818 -0.249953 -0.150667 -0.183855 -0.146519 0.960224
1305031470.927684 -0.539958 0.541658 -0.255899 -0.138057 -0.179386 -0.139372 0.964021
1305031470.959647 -0.543924 0.529696 -0.257339 -0.13784 -0.183622 -0.138527 0.963376
1305031470.995996 -0.55273 0.529051 -0.261091 -0.128789 -0.180937 -0.13652 0.965421
1305031471.027644 -0.563431 0.52679 -0.26532 -0.119428 -0.175912 -0.133305 0.967999
1305031471.059636 -0.569991 0.51968 -0.268037 -0.115779 -0.175629 -0.126494 0.969407
1305031471.095777 -0.576189 0.514452 -0.270452 -0.112573 -0.176506 -0.119071 0.970565
1305031471.127663 -0.578374 0.512441 -0.272104 -0.106818 -0.17857 -0.113346 0.971522
1305031471.159649 -0.578166 0.507084 -0.273249 -0.107134 -0.179586 -0.107329 0.971983
1305031471.195703 -0.581718 0.50385 -0.274333 -0.108892 -0.177759 -0.101698 0.972729
1305031471.227569 -0.589068 0.502541 -0.275857 -0.109517 -0.174962 -0.0988822 0.973456
1305031471.259722 -0.59827 0.501208 -0.278298 -0.108755 -0.170555 -0.0952188 0.974688
1305031471.296068 -0.602007 0.499635 -0.28012 -0.105378 -0.166951 -0.0927428 0.975921
1305031471.327642 -0.597107 0.495583 -0.279993 -0.106241 -0.165245 -0.0907936 0.976301
1305031471.359615 -0.604961 0.497188 -0.282738 -0.103714 -0.15587 -0.0869643 0.978461
1305031471.395730 -0.61798 0.494325 -0.287241 -0.102273 -0.146991 -0.0794947 0.98062
1305031471.427704 -0.619971 0.491602 -0.289766 -0.1027 -0.147944 -0.0742226 0.980845
1305031471.459647 -0.620798 0.490511 -0.291641 -0.103807 -0.149429 -0.0698008 0.980828
1305031471.496491 -0.626834 0.488777 -0.294423 -0.10513 -0.147107 -0.06508 0.981362
1305031471.527624 -0.628425 0.487278 -0.297189 -0.106167 -0.146156 -0.062372 0.981569
1305031471.559671 -0.626442 0.485466 -0.299333 -0.107214 -0.144667 -0.0606832 0.981781
1305031471.595702 -0.628512 0.483785 -0.302424 -0.108026 -0.140223 -0.059146 0.982431
1305031471.627621 -0.630203 0.481894 -0.305759 -0.107385 -0.135762 -0.0570089 0.983253
1305031471.659642 -0.632637 0.481476 -0.309084 -0.106201 -0.130433 -0.0528152 0.984337
1305031471.695609 -0.632991 0.484231 -0.312901 -0.104966 -0.127279 -0.0500347 0.985027
1305031471.727501 -0.631535 0.484361 -0.314502 -0.106335 -0.124311 -0.0448232 0.98551
1305031471.759702 -0.629755 0.483175 -0.31606 -0.107906 -0.119328 -0.036405 0.986302
1305031471.795801 -0.62845 0.486475 -0.317455 -0.10995 -0.115483 -0.030864 0.986723
1305031471.827639 -0.632502 0.490568 -0.319156 -0.112794 -0.110394 -0.0244043 0.987165
1305031471.859665 -0.631273 0.49198 -0.319748 -0.116995 -0.107952 -0.0184404 0.987076
1305031471.895604 -0.629957 0.4954 -0.320267 -0.121846 -0.105651 -0.0155186 0.986788
1305031471.927651 -0.632321 0.498554 -0.320061 -0.123382 -0.0991942 -0.0128027 0.987306
1305031471.959643 -0.632219 0.497219 -0.320345 -0.126084 -0.0934844 -0.0128288 0.987522
1305031471.995573 -0.631953 0.502358 -0.320998 -0.130107 -0.0899351 -0.0134143 0.987322
1305031472.027638 -0.640295 0.507418 -0.320386 -0.131787 -0.0821509 -0.009598 0.987822
1305031472.059668 -0.642569 0.508376 -0.32075 -0.132669 -0.077922 -0.0052064 0.988079
1305031472.095601 -0.643784 0.507542 -0.320599 -0.139684 -0.077344 -0.00468727 0.98716
1305031472.127594 -0.652932 0.515606 -0.320243 -0.138755 -0.0725361 -0.000762958 0.987667
1305031472.159645 -0.66187 0.524615 -0.321753 -0.12985 -0.0683666 0.00563177 0.989158
1305031472.195682 -0.664586 0.523862 -0.322714 -0.128574 -0.0666945 0.0100243 0.989404
1305031472.227626 -0.666547 0.525208 -0.322752 -0.124834 -0.0659101 0.0095691 0.98994
1305031472.263840 -0.670885 0.525956 -0.324332 -0.117704 -0.0619666 0.0133988 0.991023
1305031472.295671 -0.672764 0.523606 -0.326387 -0.114104 -0.0592917 0.0170813 0.991551
1305031472.327678 -0.675282 0.526875 -0.328298 -0.110522 -0.0577212 0.0170494 0.99205
1305031472.363577 -0.679826 0.526477 -0.329108 -0.109948 -0.0572779 0.0191748 0.9921
1305031472.395599 -0.682639 0.523508 -0.32936 -0.109347 -0.0587477 0.0228924 0.992002
1305031472.427686 -0.679066 0.520253 -0.328791 -0.10847 -0.0621894 0.0217051 0.991915
1305031472.463603 -0.675556 0.518084 -0.328907 -0.108577 -0.0625669 0.0210594 0.991894
1305031472.495626 -0.675397 0.515033 -0.328021 -0.108694 -0.0609002 0.0213505 0.991978
1305031472.527625 -0.677296 0.51276 -0.32848 -0.103663 -0.0596419 0.0246055 0.992518
1305031472.563587 -0.675837 0.508636 -0.329528 -0.100563 -0.0602034 0.0270766 0.992739
1305031472.595675 -0.675915 0.509048 -0.330671 -0.0981365 -0.0598676 0.0279454 0.992977
1305031472.627701 -0.671941 0.505704 -0.329084 -0.0980931 -0.0620937 0.0300099 0.992785
1305031472.663575 -0.670521 0.501375 -0.327745 -0.0977224 -0.0628309 0.0321858 0.992707
1305031472.695755 -0.66782 0.497836 -0.326632 -0.095965 -0.0643506 0.0322475 0.992779
1305031472.727628 -0.665189 0.495207 -0.325857 -0.094267 -0.0647643 0.031349 0.992943
1305031472.763578 -0.66072 0.492208 -0.323777 -0.0924539 -0.0655443 0.0296046 0.993116
1305031472.795640 -0.661436 0.489032 -0.322921 -0.0908008 -0.0636363 0.0292676 0.993403
1305031472.827627 -0.665294 0.487678 -0.322893 -0.0886503 -0.0608861 0.0307185 0.993726
1305031472.863598 -0.667646 0.488564 -0.322929 -0.08688 -0.0602551 0.0318016 0.993886
1305031472.895713 -0.666781 0.487779 -0.321409 -0.0871135 -0.0617631 0.0344441 0.993685
1305031472.927685 -0.66293 0.484938 -0.319117 -0.0882916 -0.0634987 0.0351028 0.993449
1305031472.963756 -0.665075 0.486662 -0.318817 -0.0874046 -0.0629616 0.0364494 0.993513
1305031472.995704 -0.664718 0.485988 -0.317564 -0.088166 -0.0646675 0.0362927 0.993342
1305031473.027638 -0.662252 0.485172 -0.316124 -0.0890803 -0.0668267 0.0351935 0.993157
1305031473.063684 -0.658892 0.482686 -0.31403 -0.0898085 -0.0682693 0.0338139 0.993041
1305031473.095695 -0.660714 0.483114 -0.314179 -0.0894346 -0.0660146 0.0322323 0.99328
1305031473.127744 -0.663831 0.480839 -0.313946 -0.0896768 -0.0646155 0.0322486 0.993349
1305031473.167060 -0.662802 0.479747 -0.313851 -0.0888417 -0.065797 0.0317472 0.993363
