0 0.000104 0.015572 100.000000 9.009009
0 0.000631 0.031280 200.000000 7.604563
0 0.000617 0.047383 300.000000 7.142857
0 0.000469 0.045619 400.000000 6.884682
0 0.000392 0.021656 500.000000 7.267442
0 0.000379 0.013865 600.000000 7.263923
0 0.000498 0.032539 700.000000 7.179487
0 0.000522 0.052593 800.000000 7.299270
10 0.000459 0.020626 100.000000 8.849558
10 0.000631 0.035381 200.000000 7.722008
10 0.000620 0.050792 300.000000 7.075472
10 0.000459 0.044358 400.000000 6.932409
10 0.000385 0.022702 500.000000 7.309941
10 0.000377 0.015861 600.000000 7.281553
10 0.000494 0.033611 700.000000 7.194244
10 0.000522 0.053595 800.000000 7.326007
20 0.000675 0.020417 100.000000 8.196721
20 0.000631 0.041400 200.000000 7.782101
20 0.000639 0.056009 300.000000 7.025761
20 0.000453 0.045401 400.000000 6.956522
20 0.000387 0.024064 500.000000 7.342144
20 0.000395 0.019352 600.000000 7.290401
20 0.000500 0.036503 700.000000 7.201646
20 0.000523 0.056345 800.000000 7.346189
30 0.000805 0.022862 100.000000 7.751938
30 0.000673 0.045482 200.000000 7.751938
30 0.000664 0.060326 300.000000 7.009346
30 0.000489 0.045719 400.000000 6.968641
30 0.000406 0.023911 500.000000 7.363770
30 0.000392 0.023043 600.000000 7.290401
30 0.000513 0.039925 700.000000 7.179487
30 0.000532 0.059876 800.000000 7.352941
40 0.000764 0.027307 100.000000 7.518797
40 0.000734 0.044661 200.000000 7.692307
40 0.000647 0.059723 300.000000 6.993007
40 0.000500 0.041264 400.000000 6.956522
40 0.000434 0.021054 500.000000 7.363770
40 0.000393 0.026444 600.000000 7.263923
40 0.000525 0.042123 700.000000 7.142857
40 0.000543 0.062015 800.000000 7.346189
50 0.000809 0.033528 100.000000 7.407407
50 0.000801 0.050166 200.000000 7.575758
50 0.000666 0.065702 300.000000 6.960557
50 0.000508 0.040538 400.000000 6.932409
50 0.000441 0.020691 500.000000 7.363770
50 0.000411 0.029363 600.000000 7.177033
50 0.000543 0.045142 700.000000 7.106599
50 0.000563 0.065791 800.000000 7.326007
60 0.000911 0.038120 100.000000 7.246377
60 0.000822 0.051988 200.000000 7.407407
60 0.000668 0.065961 300.000000 6.928406
60 0.000504 0.036322 400.000000 6.908463
60 0.000452 0.019071 500.000000 7.342144
60 0.000483 0.031751 600.000000 7.042253
60 0.000543 0.047038 700.000000 7.092198
60 0.000594 0.067442 800.000000 7.299270
70 0.000933 0.044433 100.000000 6.944445
70 0.000866 0.058635 200.000000 7.220217
70 0.000677 0.072330 300.000000 6.849315
70 0.000509 0.034961 400.000000 6.896552
70 0.000443 0.018309 500.000000 7.320644
70 0.000520 0.033149 600.000000 6.984866
70 0.000556 0.050476 700.000000 7.092198
70 0.000594 0.071599 800.000000 7.239819
80 0.001158 0.049064 100.000000 6.711410
80 0.000772 0.067071 200.000000 6.968641
80 0.000650 0.079398 300.000000 6.607930
80 0.000494 0.033612 400.000000 6.884682
80 0.000440 0.017667 500.000000 7.267442
80 0.000548 0.034592 600.000000 6.952491
80 0.000572 0.054491 700.000000 7.085020
80 0.000606 0.075456 800.000000 7.098492
90 0.001208 0.054686 100.000000 6.535948
90 0.000824 0.072324 200.000000 6.711410
90 0.000663 0.076190 300.000000 6.382979
90 0.000477 0.031974 400.000000 6.872852
90 0.000447 0.016261 500.000000 7.153076
90 0.000580 0.036928 600.000000 6.928406
90 0.000590 0.058172 700.000000 7.077857
90 0.000641 0.074862 800.000000 7.042253
100 0.001362 0.067559 100.000000 6.451613
100 0.000962 0.082889 200.000000 6.557377
100 0.000678 0.075996 300.000000 6.342494
100 0.000516 0.033092 400.000000 6.884682
100 0.000457 0.018341 500.000000 6.993007
100 0.000596 0.040251 600.000000 6.920415
100 0.000610 0.062821 700.000000 7.077857
100 0.000649 0.073546 800.000000 7.017544
110 0.001351 0.060310 100.000000 6.535948
110 0.000972 0.077529 200.000000 6.430868
110 0.000656 0.068079 300.000000 6.369427
110 0.000502 0.028885 400.000000 6.920415
110 0.000460 0.018835 500.000000 6.973501
110 0.000591 0.040677 600.000000 6.928406
110 0.000609 0.063359 700.000000 7.092198
110 0.000644 0.068958 800.000000 7.023705
120 0.001171 0.033712 100.000000 6.756757
120 0.000927 0.058320 200.000000 6.389776
120 0.000622 0.052150 300.000000 6.423983
120 0.000464 0.020195 400.000000 6.980803
120 0.000423 0.016681 500.000000 7.012623
120 0.000555 0.036235 600.000000 6.960557
120 0.000583 0.057424 700.000000 7.135576
120 0.000612 0.059756 800.000000 7.054674
130 0.001031 0.024325 100.000000 6.993007
130 0.000884 0.050907 200.000000 6.451613
130 0.000590 0.043062 300.000000 6.507592
130 0.000438 0.014914 400.000000 7.054674
130 0.000404 0.015638 500.000000 7.062147
130 0.000528 0.033449 600.000000 7.001167
130 0.000560 0.053618 700.000000 7.179487
130 0.000602 0.053589 800.000000 7.092198
140 0.000955 0.027559 100.000000 7.299270
140 0.000865 0.053965 200.000000 6.535948
140 0.000561 0.040634 300.000000 6.593407
140 0.000408 0.014999 400.000000 7.142857
140 0.000397 0.015565 500.000000 7.122507
140 0.000518 0.033103 600.000000 7.042253
140 0.000550 0.053637 700.000000 7.223942
140 0.000593 0.052129 800.000000 7.123775
150 0.000866 0.025275 100.000000 7.575758
150 0.000813 0.051529 200.000000 6.622517
150 0.000528 0.033437 300.000000 6.681514
150 0.000375 0.012809 400.000000 7.207207
150 0.000364 0.014958 500.000000 7.163324
150 0.000497 0.030898 600.000000 7.075472
150 0.000527 0.050781 700.000000 7.268951
150 0.000570 0.047972 800.000000 7.155635
160 0.000836 0.020845 100.000000 7.751938
160 0.000776 0.047216 200.000000 6.666667
160 0.000530 0.027859 300.000000 6.726458
160 0.000388 0.012396 400.000000 7.272727
160 0.000368 0.017051 500.000000 7.194244
160 0.000495 0.031956 600.000000 7.083825
160 0.000524 0.051098 700.000000 7.291667
160 0.000548 0.045653 800.000000 7.168459
170 0.000861 0.018778 100.000000 7.751938
170 0.000729 0.044889 200.000000 6.711410
170 0.000514 0.023250 300.000000 6.756757
170 0.000422 0.012291 400.000000 7.299270
170 0.000363 0.020046 500.000000 7.204611
170 0.000502 0.033438 600.000000 7.067138
170 0.000529 0.051943 700.000000 7.306890
170 0.000552 0.043420 800.000000 7.149240
180 0.000885 0.015798 100.000000 7.692307
180 0.000678 0.042168 200.000000 6.734007
180 0.000479 0.019238 300.000000 6.756757
180 0.000417 0.012352 400.000000 7.326007
180 0.000357 0.022622 500.000000 7.153076
180 0.000510 0.034355 600.000000 7.050529
180 0.000528 0.052788 700.000000 7.306890
180 0.000525 0.040780 800.000000 7.104796
190 0.000791 0.018978 100.000000 7.575758
190 0.000637 0.042428 200.000000 6.756757
190 0.000442 0.016252 300.000000 6.772009
190 0.000375 0.012505 400.000000 7.339449
190 0.000359 0.020799 500.000000 7.052186
190 0.000481 0.033553 600.000000 7.050529
190 0.000533 0.052400 700.000000 7.306890
190 0.000514 0.038628 800.000000 7.073386
200 0.000870 0.025795 100.000000 7.518797
200 0.000669 0.047574 200.000000 6.779661
200 0.000443 0.015653 300.000000 6.802721
200 0.000391 0.012463 400.000000 7.366483
200 0.000429 0.021511 500.000000 6.983240
200 0.000499 0.035715 600.000000 7.067138
200 0.000565 0.055455 700.000000 7.299270
200 0.000514 0.037099 800.000000 7.073386
210 0.000916 0.026597 100.000000 7.407407
210 0.000659 0.048082 200.000000 6.756757
210 0.000452 0.013844 300.000000 6.849315
210 0.000396 0.011824 400.000000 7.393715
210 0.000456 0.023043 500.000000 6.973501
210 0.000507 0.037739 600.000000 7.092198
210 0.000568 0.057126 700.000000 7.276507
210 0.000512 0.035098 800.000000 7.079646
220 0.000896 0.032953 100.000000 7.299270
220 0.000630 0.051711 200.000000 6.666667
220 0.000446 0.013216 300.000000 6.896552
220 0.000374 0.012242 400.000000 7.407407
220 0.000478 0.023275 500.000000 6.983240
220 0.000516 0.039392 600.000000 7.117438
220 0.000560 0.058976 700.000000 7.209063
220 0.000512 0.033643 800.000000 7.098492
230 0.000428 0.011983 100.000000 7.142857
230 0.000515 0.028203 200.000000 6.493506
230 0.000381 0.013723 300.000000 6.944445
230 0.000381 0.013424 400.000000 7.393715
230 0.000437 0.023753 500.000000 6.993007
230 0.000473 0.036938 600.000000 7.142857
230 0.000530 0.052024 700.000000 7.142857
230 0.000471 0.031521 800.000000 7.117438
240 0.000571 0.015625 100.000000 6.849315
240 0.000490 0.025915 200.000000 6.309148
240 0.000365 0.014382 300.000000 6.976744
240 0.000392 0.013481 400.000000 7.339449
240 0.000465 0.024693 500.000000 7.002801
240 0.000485 0.039025 600.000000 7.159904
240 0.000565 0.051779 700.000000 7.113821
240 0.000483 0.030623 800.000000 7.130125
250 0.000735 0.017736 100.000000 6.711410
250 0.000480 0.020814 200.000000 6.269592
250 0.000393 0.016104 300.000000 7.009346
250 0.000387 0.014609 400.000000 7.168459
250 0.000477 0.025371 500.000000 7.012623
250 0.000499 0.040093 600.000000 7.177033
250 0.000559 0.049250 700.000000 7.099391
250 0.000469 0.029937 800.000000 7.136485
260 0.000698 0.013982 100.000000 6.369427
260 0.000403 0.013980 200.000000 6.250000
260 0.000375 0.016537 300.000000 7.025761
260 0.000388 0.017880 400.000000 7.079646
260 0.000468 0.027202 500.000000 7.002801
260 0.000494 0.040934 600.000000 7.185629
260 0.000547 0.045913 700.000000 7.092198
260 0.000461 0.029633 800.000000 7.142857
270 0.000789 0.015126 100.000000 5.952381
270 0.000419 0.011034 200.000000 6.269592
270 0.000381 0.017209 300.000000 7.042253
270 0.000390 0.020646 400.000000 7.054674
270 0.000456 0.028787 500.000000 6.983240
270 0.000488 0.042094 600.000000 7.194244
270 0.000542 0.044141 700.000000 7.092198
270 0.000458 0.029270 800.000000 7.149240
280 0.000781 0.014982 100.000000 5.813953
280 0.000397 0.013147 200.000000 6.269592
280 0.000410 0.016443 300.000000 7.075472
280 0.000410 0.022929 400.000000 7.054674
280 0.000466 0.030381 500.000000 6.973501
280 0.000491 0.044332 600.000000 7.202881
280 0.000543 0.043905 700.000000 7.092198
280 0.000448 0.029253 800.000000 7.162041
290 0.000738 0.016321 100.000000 5.813953
290 0.000408 0.014878 200.000000 6.289308
290 0.000458 0.016768 300.000000 7.109005
290 0.000401 0.025346 400.000000 7.054674
290 0.000459 0.031374 500.000000 6.954103
290 0.000490 0.045585 600.000000 7.211538
290 0.000515 0.044242 700.000000 7.085020
290 0.000439 0.029635 800.000000 7.174888
300 0.000668 0.014271 100.000000 5.882353
300 0.000369 0.016183 200.000000 6.309148
300 0.000459 0.017237 300.000000 7.142857
300 0.000384 0.028089 400.000000 7.054674
300 0.000454 0.032430 500.000000 6.925208
300 0.000482 0.045813 600.000000 7.228916
300 0.000513 0.043138 700.000000 7.056452
300 0.000421 0.030177 800.000000 7.194244
310 0.000546 0.011988 100.000000 5.952381
310 0.000361 0.018341 200.000000 6.349206
310 0.000478 0.019211 300.000000 7.194244
310 0.000377 0.032986 400.000000 7.005254
310 0.000454 0.034150 500.000000 6.925208
310 0.000476 0.046377 600.000000 7.237636
310 0.000476 0.041570 700.000000 7.014028
310 0.000402 0.030579 800.000000 7.213706
320 0.000492 0.010955 100.000000 6.024096
320 0.000414 0.019311 200.000000 6.389776
320 0.000500 0.022541 300.000000 7.228916
320 0.000391 0.037485 400.000000 6.908463
320 0.000442 0.036453 500.000000 6.934813
320 0.000501 0.047253 600.000000 7.246377
320 0.000481 0.040515 700.000000 7.000000
320 0.000394 0.030974 800.000000 7.239819
330 0.000489 0.011544 100.000000 6.097561
330 0.000465 0.019835 200.000000 6.451613
330 0.000530 0.025581 300.000000 7.281553
330 0.000456 0.039368 400.000000 6.849315
330 0.000455 0.038467 500.000000 6.963789
330 0.000538 0.048716 600.000000 7.255139
330 0.000475 0.039251 700.000000 7.000000
330 0.000409 0.031051 800.000000 7.259528
340 0.000461 0.012490 100.000000 6.134969
340 0.000470 0.022618 200.000000 6.535948
340 0.000514 0.027884 300.000000 7.334963
340 0.000452 0.039458 400.000000 6.837607
340 0.000448 0.039258 500.000000 7.002801
340 0.000520 0.049279 600.000000 7.246377
340 0.000458 0.038703 700.000000 7.021063
340 0.000402 0.031313 800.000000 7.292616
350 0.000451 0.013006 100.000000 6.097561
350 0.000417 0.024350 200.000000 6.622517
350 0.000497 0.025681 300.000000 7.389163
350 0.000459 0.034932 400.000000 6.872852
350 0.000455 0.038715 500.000000 7.042253
350 0.000518 0.050231 600.000000 7.211538
350 0.000463 0.037968 700.000000 7.042253
350 0.000398 0.030992 800.000000 7.319304
360 0.000438 0.020102 100.000000 6.024096
360 0.000468 0.022747 200.000000 6.711410
360 0.000503 0.023275 300.000000 7.425743
360 0.000484 0.032623 400.000000 6.908463
360 0.000469 0.038937 500.000000 7.092198
360 0.000522 0.051955 600.000000 7.142857
360 0.000469 0.037186 700.000000 7.070707
360 0.000405 0.029634 800.000000 7.352941
370 0.000657 0.022868 100.000000 5.882353
370 0.000567 0.018474 200.000000 6.825939
370 0.000563 0.026818 300.000000 7.462687
370 0.000512 0.037362 400.000000 6.944445
370 0.000514 0.043103 500.000000 7.142857
370 0.000576 0.054414 600.000000 7.125891
370 0.000495 0.036038 700.000000 7.106599
370 0.000430 0.028028 800.000000 7.393715
380 0.000471 0.016570 100.000000 5.780347
380 0.000525 0.017544 200.000000 6.944445
380 0.000576 0.029570 300.000000 7.481297
380 0.000514 0.037588 400.000000 7.005254
380 0.000498 0.043535 500.000000 7.183908
380 0.000579 0.053162 600.000000 7.134364
380 0.000491 0.035562 700.000000 7.142857
380 0.000425 0.027402 800.000000 7.434944
390 0.000544 0.012850 100.000000 5.780347
390 0.000590 0.017025 200.000000 7.042253
390 0.000593 0.035751 300.000000 7.425743
390 0.000566 0.041552 400.000000 7.042253
390 0.000524 0.046013 500.000000 7.235890
390 0.000596 0.052833 600.000000 7.151371
390 0.000498 0.034945 700.000000 7.172131
390 0.000447 0.026902 800.000000 7.469655
400 0.000369 0.009632 100.000000 5.847953
400 0.000649 0.016727 200.000000 7.168459
400 0.000607 0.045106 300.000000 7.299270
400 0.000539 0.042652 400.000000 7.079646
400 0.000505 0.045625 500.000000 7.278020
400 0.000567 0.050040 600.000000 7.168459
400 0.000465 0.034799 700.000000 7.201646
400 0.000424 0.026003 800.000000 7.504691
410 0.000335 0.011948 100.000000 5.988024
410 0.000670 0.019841 200.000000 7.272727
410 0.000629 0.052974 300.000000 7.299270
410 0.000549 0.045786 400.000000 7.130125
410 0.000516 0.047419 500.000000 7.320644
410 0.000561 0.049457 600.000000 7.194244
410 0.000462 0.033895 700.000000 7.238883
410 0.000423 0.024457 800.000000 7.547170
420 0.000427 0.010450 100.000000 6.172840
420 0.000677 0.024304 200.000000 7.434944
420 0.000621 0.055317 300.000000 7.371007
420 0.000539 0.047118 400.000000 7.194244
420 0.000504 0.048772 500.000000 7.385524
420 0.000557 0.049296 600.000000 7.237636
420 0.000469 0.034312 700.000000 7.276507
420 0.000422 0.025451 800.000000 7.590133
430 0.000488 0.009746 100.000000 6.410256
430 0.000735 0.030166 200.000000 7.633588
430 0.000659 0.065312 300.000000 7.444169
430 0.000542 0.051524 400.000000 7.259528
430 0.000513 0.050711 500.000000 7.451565
430 0.000553 0.049128 600.000000 7.281553
430 0.000468 0.033253 700.000000 7.322176
430 0.000432 0.023463 800.000000 7.640879
440 0.000527 0.011851 100.000000 6.622517
440 0.000778 0.035353 200.000000 7.782101
440 0.000673 0.069183 300.000000 7.518797
440 0.000522 0.052756 400.000000 7.299270
440 0.000503 0.051901 500.000000 7.507507
440 0.000559 0.049221 600.000000 7.326007
440 0.000462 0.033480 700.000000 7.368421
440 0.000428 0.023397 800.000000 7.684918
450 0.000580 0.014770 100.000000 6.711410
450 0.000800 0.036331 200.000000 7.874016
450 0.000664 0.069036 300.000000 7.556675
450 0.000518 0.050943 400.000000 7.312614
450 0.000494 0.052075 500.000000 7.541478
450 0.000546 0.049267 600.000000 7.343941
450 0.000450 0.033085 700.000000 7.391764
450 0.000431 0.023248 800.000000 7.707129
460 0.000657 0.018466 100.000000 6.756757
460 0.000885 0.043829 200.000000 7.936508
460 0.000664 0.074367 300.000000 7.556675
460 0.000511 0.053002 400.000000 7.285975
460 0.000495 0.053830 500.000000 7.564297
460 0.000519 0.050447 600.000000 7.334963
460 0.000448 0.033456 700.000000 7.415254
460 0.000421 0.023370 800.000000 7.722008
470 0.000709 0.023520 100.000000 6.756757
470 0.000915 0.050057 200.000000 7.968128
470 0.000654 0.078817 300.000000 7.518797
470 0.000538 0.054575 400.000000 7.233273
470 0.000527 0.056202 500.000000 7.552870
470 0.000538 0.050344 600.000000 7.272727
470 0.000449 0.033105 700.000000 7.423118
470 0.000416 0.022978 800.000000 7.707129
480 0.000874 0.033307 100.000000 6.756757
480 0.000940 0.057303 200.000000 8.000000
480 0.000619 0.081706 300.000000 7.352941
480 0.000527 0.055967 400.000000 7.194244
480 0.000547 0.057946 500.000000 7.541478
480 0.000511 0.049659 600.000000 7.202881
480 0.000429 0.033869 700.000000 7.438895
480 0.000413 0.023820 800.000000 7.670182
490 0.000996 0.041315 100.000000 6.756757
490 0.000928 0.065275 200.000000 8.000000
490 0.000633 0.081111 300.000000 7.142857
490 0.000512 0.057291 400.000000 7.194244
490 0.000577 0.059138 500.000000 7.530120
490 0.000506 0.048398 600.000000 7.168459
490 0.000438 0.034235 700.000000 7.446808
490 0.000382 0.025139 800.000000 7.490637
500 0.001013 0.042811 100.000000 6.896552
500 0.000903 0.067561 200.000000 8.064516
500 0.000653 0.076397 300.000000 7.075472
500 0.000519 0.056656 400.000000 7.233273
500 0.000576 0.060277 500.000000 7.507507
500 0.000488 0.047056 600.000000 7.168459
500 0.000437 0.032938 700.000000 7.470651
500 0.000377 0.024655 800.000000 7.462687
510 0.000960 0.040011 100.000000 7.092198
510 0.000904 0.066191 200.000000 8.163265
510 0.000644 0.070818 300.000000 7.125891
510 0.000524 0.055451 400.000000 7.285975
510 0.000574 0.060931 500.000000 7.473842
510 0.000498 0.045917 600.000000 7.202881
510 0.000437 0.031795 700.000000 7.510730
510 0.000383 0.024717 800.000000 7.483630
520 0.001008 0.025905 100.000000 7.352941
520 0.000881 0.060415 200.000000 8.298756
520 0.000686 0.063451 300.000000 7.194244
520 0.000555 0.052378 400.000000 7.366483
520 0.000589 0.061860 500.000000 7.429420
520 0.000516 0.044493 600.000000 7.255139
520 0.000456 0.029663 700.000000 7.559395
520 0.000436 0.025994 800.000000 7.511737
530 0.000974 0.011615 100.000000 7.692307
530 0.000893 0.058591 200.000000 8.438819
530 0.000703 0.056038 300.000000 7.281553
530 0.000596 0.047527 400.000000 7.448790
530 0.000617 0.062390 500.000000 7.407407
530 0.000536 0.042327 600.000000 7.299270
530 0.000473 0.027133 700.000000 7.616975
530 0.000452 0.029474 800.000000 7.554296
540 0.001119 0.017255 100.000000 8.064516
540 0.000935 0.065762 200.000000 8.583691
540 0.000671 0.059890 300.000000 7.389163
540 0.000581 0.051740 400.000000 7.532957
540 0.000634 0.062068 500.000000 7.429420
540 0.000529 0.041951 600.000000 7.352941
540 0.000470 0.027061 700.000000 7.667032
540 0.000448 0.027116 800.000000 7.597341
550 0.001102 0.023012 100.000000 8.474576
550 0.000946 0.071459 200.000000 8.695652
550 0.000674 0.060215 300.000000 7.481297
550 0.000562 0.052789 400.000000 7.619048
550 0.000636 0.061491 500.000000 7.462687
550 0.000529 0.041188 600.000000 7.407407
550 0.000464 0.026686 700.000000 7.726269
550 0.000443 0.026603 800.000000 7.640879
560 0.001062 0.017631 100.000000 8.849558
560 0.000898 0.068571 200.000000 8.620689
560 0.000714 0.053452 300.000000 7.556675
560 0.000592 0.051557 400.000000 7.692307
560 0.000664 0.061439 500.000000 7.485030
560 0.000535 0.039944 600.000000 7.453416
560 0.000482 0.026749 700.000000 7.777778
560 0.000448 0.029327 800.000000 7.677543
570 0.001171 0.021569 100.000000 9.090909
570 0.000868 0.073289 200.000000 8.264462
570 0.000694 0.051418 300.000000 7.594937
570 0.000597 0.053274 400.000000 7.722008
570 0.000656 0.060274 500.000000 7.485030
570 0.000521 0.039122 600.000000 7.481297
570 0.000470 0.027163 700.000000 7.812500
570 0.000457 0.030116 800.000000 7.707129
580 0.001128 0.022524 100.000000 9.259259
580 0.000854 0.071960 200.000000 8.097166
580 0.000700 0.048303 300.000000 7.575758
580 0.000617 0.055331 400.000000 7.736944
580 0.000669 0.060322 500.000000 7.473842
580 0.000540 0.037748 600.000000 7.490637
580 0.000477 0.028033 700.000000 7.829978
580 0.000463 0.032830 800.000000 7.722008
590 0.001188 0.027726 100.000000 9.345795
590 0.000849 0.073904 200.000000 8.032128
590 0.000662 0.046536 300.000000 7.537688
590 0.000618 0.057347 400.000000 7.751938
590 0.000677 0.060106 500.000000 7.473842
590 0.000537 0.036612 600.000000 7.500000
590 0.000478 0.028535 700.000000 7.856341
590 0.000466 0.034425 800.000000 7.729469
600 0.001146 0.026205 100.000000 9.433962
600 0.000775 0.066811 200.000000 8.000000
600 0.000632 0.042619 300.000000 7.481297
600 0.000597 0.059140 400.000000 7.751938
600 0.000643 0.060598 500.000000 7.462687
600 0.000504 0.036414 600.000000 7.509387
600 0.000463 0.030413 700.000000 7.865169
600 0.000435 0.036649 800.000000 7.744434
610 0.001364 0.037429 100.000000 9.523809
610 0.000766 0.073418 200.000000 7.968128
610 0.000620 0.044931 300.000000 7.425743
610 0.000607 0.061983 400.000000 7.766990
610 0.000617 0.062165 500.000000 7.418397
610 0.000499 0.036250 600.000000 7.528231
610 0.000446 0.030522 700.000000 7.856341
610 0.000441 0.037425 800.000000 7.759457
620 0.001295 0.042806 100.000000 9.615385
620 0.000703 0.071127 200.000000 7.874016
620 0.000640 0.046261 300.000000 7.352941
620 0.000616 0.064730 400.000000 7.766990
620 0.000610 0.060445 500.000000 7.331378
620 0.000488 0.035887 600.000000 7.537688
620 0.000447 0.031548 700.000000 7.838746
620 0.000437 0.038649 800.000000 7.774539
630 0.001192 0.042972 100.000000 9.615385
630 0.000730 0.061150 200.000000 7.518797
630 0.000629 0.045962 300.000000 7.334963
630 0.000652 0.068596 400.000000 7.736944
630 0.000612 0.058626 500.000000 7.256894
630 0.000472 0.035551 600.000000 7.556675
630 0.000429 0.034497 700.000000 7.751938
630 0.000432 0.042761 800.000000 7.782101
640 0.001109 0.041793 100.000000 9.615385
640 0.000774 0.046449 200.000000 7.220217
640 0.000671 0.048241 300.000000 7.317073
640 0.000717 0.074793 400.000000 7.692307
640 0.000622 0.056485 500.000000 7.225433
640 0.000498 0.034972 600.000000 7.566204
640 0.000392 0.038692 700.000000 7.559395
640 0.000420 0.047620 800.000000 7.797271
650 0.000997 0.040543 100.000000 9.433962
650 0.000740 0.035903 200.000000 7.092198
650 0.000681 0.052691 300.000000 7.334963
650 0.000710 0.079380 400.000000 7.547170
650 0.000616 0.052509 500.000000 7.215007
650 0.000491 0.034440 600.000000 7.575758
650 0.000391 0.040213 700.000000 7.526882
650 0.000404 0.049188 800.000000 7.804878
660 0.000890 0.035663 100.000000 9.174312
660 0.000783 0.026000 200.000000 7.042253
660 0.000744 0.058529 300.000000 7.334963
660 0.000764 0.087595 400.000000 7.285975
660 0.000639 0.050765 500.000000 7.215007
660 0.000501 0.035098 600.000000 7.585335
660 0.000433 0.044885 700.000000 7.518797
660 0.000417 0.055401 800.000000 7.812500
670 0.000809 0.034091 100.000000 8.403361
670 0.000895 0.026990 200.000000 6.993007
670 0.000801 0.064852 300.000000 7.334963
670 0.000857 0.089719 400.000000 7.194244
670 0.000663 0.047443 500.000000 7.204611
670 0.000526 0.036466 600.000000 7.604563
670 0.000443 0.047883 700.000000 7.518797
670 0.000425 0.058924 800.000000 7.820137
680 0.000599 0.025810 100.000000 7.407407
680 0.000866 0.028955 200.000000 6.968641
680 0.000816 0.069453 300.000000 7.334963
680 0.000859 0.087487 400.000000 7.142857
680 0.000649 0.044150 500.000000 7.204611
680 0.000490 0.038589 600.000000 7.614213
680 0.000437 0.050761 700.000000 7.526882
680 0.000407 0.061386 800.000000 7.835455
690 0.000619 0.025763 100.000000 7.042253
690 0.000861 0.036803 200.000000 6.896552
690 0.000834 0.075858 300.000000 7.317073
690 0.000859 0.085206 400.000000 7.117438
690 0.000654 0.041460 500.000000 7.194244
690 0.000498 0.040160 600.000000 7.633588
690 0.000446 0.052287 700.000000 7.534984
690 0.000419 0.063300 800.000000 7.843137
700 0.000542 0.016631 100.000000 6.944445
700 0.000907 0.043632 200.000000 6.802721
700 0.000876 0.084102 300.000000 7.317073
700 0.000889 0.086050 400.000000 7.092198
700 0.000648 0.039751 500.000000 7.204611
700 0.000512 0.042324 600.000000 7.643312
700 0.000446 0.055608 700.000000 7.543103
700 0.000444 0.067574 800.000000 7.858546
710 0.000305 0.011306 100.000000 6.849315
710 0.000918 0.048127 200.000000 6.711410
710 0.000879 0.089812 300.000000 7.299270
710 0.000833 0.085086 400.000000 7.054674
710 0.000624 0.038016 500.000000 7.204611
710 0.000490 0.044546 600.000000 7.633588
710 0.000429 0.057987 700.000000 7.543103
710 0.000425 0.069607 800.000000 7.858546
720 0.000213 0.009096 100.000000 6.666667
720 0.001014 0.056914 200.000000 6.578948
720 0.000928 0.100966 300.000000 7.281553
720 0.000882 0.085454 400.000000 6.944445
720 0.000611 0.037766 500.000000 7.215007
720 0.000492 0.046669 600.000000 7.604563
720 0.000435 0.061475 700.000000 7.551240
720 0.000433 0.074071 800.000000 7.858546
730 0.000777 0.010170 100.000000 6.211180
730 0.001063 0.064569 200.000000 6.514658
730 0.000973 0.108775 300.000000 7.246377
730 0.000860 0.080201 400.000000 6.837607
730 0.000592 0.037272 500.000000 7.225433
730 0.000488 0.048978 600.000000 7.537688
730 0.000429 0.064336 700.000000 7.559395
730 0.000442 0.076905 800.000000 7.858546
740 0.000941 0.015482 100.000000 5.780347
740 0.001095 0.072043 200.000000 6.514658
740 0.001057 0.116797 300.000000 7.194244
740 0.000864 0.074332 400.000000 6.791172
740 0.000600 0.037447 500.000000 7.235890
740 0.000426 0.052960 600.000000 7.299270
740 0.000413 0.066648 700.000000 7.575758
740 0.000460 0.079623 800.000000 7.850834
750 0.001160 0.022536 100.000000 5.649717
750 0.001146 0.081342 200.000000 6.535948
750 0.001067 0.125028 300.000000 7.109005
750 0.000862 0.069625 400.000000 6.779661
750 0.000605 0.038161 500.000000 7.256894
750 0.000418 0.054904 600.000000 7.263923
750 0.000412 0.068809 700.000000 7.592191
750 0.000473 0.082033 800.000000 7.850834
760 0.001373 0.028639 100.000000 5.649717
760 0.001224 0.089817 200.000000 6.578948
760 0.001079 0.132982 300.000000 6.896552
760 0.000871 0.064376 400.000000 6.802721
760 0.000614 0.038574 500.000000 7.288630
760 0.000468 0.057518 600.000000 7.272727
760 0.000419 0.070789 700.000000 7.616975
760 0.000476 0.083752 800.000000 7.843137
770 0.001465 0.034069 100.000000 5.714286
770 0.001213 0.094284 200.000000 6.666667
770 0.001120 0.134485 300.000000 6.787330
770 0.000852 0.060331 400.000000 6.837607
770 0.000593 0.039683 500.000000 7.331378
770 0.000459 0.058886 600.000000 7.299270
770 0.000422 0.072090 700.000000 7.650273
770 0.000471 0.084567 800.000000 7.835455
780 0.001620 0.040349 100.000000 5.813953
780 0.001232 0.101906 200.000000 6.756757
780 0.001177 0.137677 300.000000 6.802721
780 0.000876 0.058071 400.000000 6.884682
780 0.000597 0.040446 500.000000 7.385524
780 0.000458 0.060457 600.000000 7.334963
780 0.000425 0.073946 700.000000 7.692307
780 0.000474 0.085862 800.000000 7.835455
790 0.001660 0.044135 100.000000 5.988024
790 0.001263 0.101683 200.000000 6.896552
790 0.001196 0.132652 300.000000 6.849315
790 0.000864 0.054135 400.000000 6.956522
790 0.000598 0.041399 500.000000 7.462687
790 0.000457 0.061046 600.000000 7.389163
790 0.000419 0.073764 700.000000 7.751938
790 0.000472 0.085352 800.000000 7.820137
800 0.001662 0.047247 100.000000 6.211180
800 0.001269 0.103921 200.000000 7.042253
800 0.001194 0.129794 300.000000 6.928406
800 0.000847 0.052699 400.000000 7.042253
800 0.000597 0.042617 500.000000 7.541478
800 0.000466 0.061931 600.000000 7.453416
800 0.000419 0.074317 700.000000 7.812500
800 0.000473 0.086012 800.000000 7.812500
810 0.001721 0.051978 100.000000 6.451613
810 0.001317 0.109747 200.000000 7.194244
810 0.001199 0.130695 300.000000 7.009346
810 0.000854 0.052447 400.000000 7.117438
810 0.000586 0.043788 500.000000 7.621951
810 0.000474 0.063043 600.000000 7.518797
810 0.000421 0.076136 700.000000 7.865169
810 0.000474 0.088413 800.000000 7.797271
820 0.001654 0.053976 100.000000 6.578948
820 0.001329 0.108811 200.000000 7.326007
820 0.001183 0.123577 300.000000 7.075472
820 0.000836 0.046213 400.000000 7.168459
820 0.000568 0.044739 500.000000 7.692307
820 0.000463 0.064019 600.000000 7.566204
820 0.000412 0.076100 700.000000 7.918552
820 0.000470 0.087287 800.000000 7.766990
830 0.001640 0.057376 100.000000 6.666667
830 0.001289 0.110321 200.000000 7.407407
830 0.001161 0.115943 300.000000 7.109005
830 0.000821 0.041674 400.000000 7.207207
830 0.000558 0.046847 500.000000 7.739938
830 0.000466 0.064760 600.000000 7.604563
830 0.000412 0.076309 700.000000 7.954545
830 0.000463 0.086590 800.000000 7.759457
840 0.001749 0.069554 100.000000 6.622517
840 0.001306 0.120738 200.000000 7.462687
840 0.001177 0.116092 300.000000 7.109005
840 0.000807 0.042028 400.000000 7.246377
840 0.000562 0.048923 500.000000 7.776050
840 0.000470 0.066460 600.000000 7.633588
840 0.000441 0.078952 700.000000 7.981756
840 0.000458 0.089655 800.000000 7.759457
850 0.001809 0.081883 100.000000 6.535948
850 0.001333 0.131627 200.000000 7.490637
850 0.001159 0.115609 300.000000 7.109005
850 0.000776 0.042196 400.000000 7.272727
850 0.000571 0.051576 500.000000 7.788162
850 0.000461 0.068563 600.000000 7.653061
850 0.000459 0.080953 700.000000 8.009153
850 0.000461 0.092103 800.000000 7.774539
860 0.001824 0.090538 100.000000 6.451613
860 0.001344 0.137623 200.000000 7.518797
860 0.001129 0.111229 300.000000 7.058824
860 0.000747 0.042167 400.000000 7.299270
860 0.000549 0.054063 500.000000 7.800312
860 0.000472 0.070266 600.000000 7.672634
860 0.000456 0.082116 700.000000 8.027523
860 0.000458 0.093010 800.000000 7.797271
870 0.001957 0.101031 100.000000 6.410256
870 0.001347 0.145188 200.000000 7.575758
870 0.001155 0.107783 300.000000 7.009346
870 0.000732 0.043329 400.000000 7.352941
870 0.000557 0.056064 500.000000 7.812500
870 0.000475 0.071966 600.000000 7.712082
870 0.000468 0.083894 700.000000 8.055236
870 0.000462 0.094821 800.000000 7.835455
880 0.001952 0.097656 100.000000 6.578948
880 0.001336 0.141660 200.000000 7.722008
880 0.001095 0.095710 300.000000 7.009346
880 0.000698 0.040901 400.000000 7.421150
880 0.000547 0.057145 500.000000 7.836991
880 0.000466 0.071942 600.000000 7.772021
880 0.000463 0.082927 700.000000 8.101851
880 0.000455 0.093344 800.000000 7.881773
890 0.001636 0.060738 100.000000 6.802721
890 0.001235 0.111558 200.000000 7.843137
890 0.000981 0.058780 300.000000 7.042253
890 0.000604 0.031119 400.000000 7.504691
890 0.000460 0.054698 500.000000 7.849294
890 0.000410 0.064953 600.000000 7.832898
890 0.000428 0.070004 700.000000 8.149011
890 0.000417 0.077465 800.000000 7.928642
900 0.001645 0.062266 100.000000 7.042253
900 0.001278 0.111621 200.000000 8.000000
900 0.000997 0.052594 300.000000 7.109005
900 0.000590 0.031985 400.000000 7.604563
900 0.000418 0.056795 500.000000 7.776050
900 0.000405 0.064995 600.000000 7.894737
900 0.000431 0.069352 700.000000 8.206330
900 0.000416 0.076757 800.000000 7.984032
910 0.001540 0.062297 100.000000 7.352941
910 0.001243 0.110760 200.000000 8.163265
910 0.000935 0.048921 300.000000 7.177033
910 0.000557 0.031892 400.000000 7.692307
910 0.000355 0.055927 500.000000 7.704160
910 0.000362 0.062788 600.000000 7.957560
910 0.000434 0.066876 700.000000 8.254717
910 0.000405 0.073522 800.000000 8.032128
920 0.001456 0.059902 100.000000 7.575758
920 0.001175 0.107658 200.000000 8.196721
920 0.000868 0.039931 300.000000 7.228916
920 0.000512 0.032362 400.000000 7.751938
920 0.000308 0.054493 500.000000 7.692307
920 0.000328 0.059312 600.000000 8.010681
920 0.000420 0.062083 700.000000 8.293839
920 0.000387 0.067945 800.000000 8.072654
930 0.001334 0.056108 100.000000 7.751938
930 0.001085 0.100607 200.000000 8.000000
930 0.000808 0.029963 300.000000 7.263923
930 0.000470 0.035889 400.000000 7.812500
930 0.000291 0.054278 500.000000 7.692307
930 0.000309 0.057009 600.000000 8.053691
930 0.000432 0.059604 700.000000 8.303678
930 0.000401 0.065225 800.000000 8.105370
940 0.001232 0.048796 100.000000 7.874016
940 0.001030 0.089787 200.000000 7.547170
940 0.000726 0.020452 300.000000 7.281553
940 0.000413 0.039583 400.000000 7.858546
940 0.000320 0.053466 500.000000 7.704160
940 0.000302 0.053162 600.000000 8.086253
940 0.000441 0.055433 700.000000 8.284023
940 0.000407 0.060714 800.000000 8.121827
950 0.001019 0.033824 100.000000 7.936508
950 0.001027 0.066145 200.000000 7.380074
950 0.000667 0.015310 300.000000 7.317073
950 0.000370 0.044036 400.000000 7.905138
950 0.000319 0.050291 500.000000 7.727975
950 0.000321 0.045379 600.000000 8.108109
950 0.000460 0.045140 700.000000 8.225616
950 0.000418 0.050428 800.000000 8.146640
960 0.001088 0.034645 100.000000 8.064516
960 0.001009 0.060043 200.000000 7.326007
960 0.000613 0.018698 300.000000 7.334963
960 0.000346 0.044398 400.000000 7.936508
960 0.000320 0.047887 500.000000 7.751938
960 0.000311 0.042017 600.000000 8.141112
960 0.000466 0.043084 700.000000 8.083141
960 0.000416 0.046583 800.000000 8.163265
970 0.001173 0.035958 100.000000 8.130081
970 0.000978 0.050837 200.000000 7.299270
970 0.000584 0.023270 300.000000 7.352941
970 0.000323 0.045754 400.000000 8.000000
970 0.000331 0.047434 500.000000 7.776050
970 0.000326 0.041453 600.000000 8.174387
970 0.000496 0.044281 700.000000 7.954545
970 0.000424 0.046696 800.000000 8.188332
980 0.001050 0.032607 100.000000 8.264462
980 0.000930 0.036815 200.000000 7.299270
980 0.000554 0.029010 300.000000 7.389163
980 0.000335 0.046828 400.000000 8.048289
980 0.000352 0.046088 500.000000 7.812500
980 0.000366 0.041205 600.000000 8.207934
980 0.000512 0.046754 700.000000 7.927520
980 0.000442 0.047251 800.000000 8.213552
990 0.000912 0.025320 100.000000 8.403361
990 0.000897 0.024788 200.000000 7.352941
990 0.000490 0.036308 300.000000 7.444169
990 0.000350 0.047213 400.000000 8.097166
990 0.000367 0.043946 500.000000 7.849294
990 0.000433 0.040668 600.000000 8.253095
990 0.000533 0.048682 700.000000 7.945517
990 0.000460 0.046753 800.000000 8.238929
1000 0.000907 0.029044 100.000000 8.620689
1000 0.000852 0.023639 200.000000 7.380074
1000 0.000444 0.038755 300.000000 7.500000
1000 0.000336 0.046856 400.000000 8.146640
1000 0.000343 0.042429 500.000000 7.898894
1000 0.000442 0.039454 600.000000 8.298756
1000 0.000527 0.046938 700.000000 7.972665
1000 0.000458 0.045404 800.000000 8.264462
1010 0.000921 0.029061 100.000000 8.849558
1010 0.000787 0.022610 200.000000 7.380074
1010 0.000426 0.042588 300.000000 7.575758
1010 0.000334 0.047245 400.000000 8.196721
1010 0.000365 0.041657 500.000000 7.949126
1010 0.000460 0.039920 600.000000 8.333333
1010 0.000536 0.046934 700.000000 8.018328
1010 0.000465 0.045612 800.000000 8.290155
1020 0.000819 0.026567 100.000000 9.090909
1020 0.000782 0.020244 200.000000 7.352941
1020 0.000375 0.044317 300.000000 7.653061
1020 0.000309 0.045575 400.000000 8.230453
1020 0.000368 0.039910 500.000000 8.000000
1020 0.000473 0.041137 600.000000 8.379889
1020 0.000538 0.048113 700.000000 8.055236
1020 0.000474 0.044603 800.000000 8.324662
1030 0.000738 0.023761 100.000000 9.174312
1030 0.000668 0.018286 200.000000 7.220217
1030 0.000323 0.044772 300.000000 7.731959
1030 0.000310 0.043347 400.000000 8.213552
1030 0.000363 0.036576 500.000000 8.038586
1030 0.000483 0.040351 600.000000 8.415147
1030 0.000538 0.045867 700.000000 8.092485
1030 0.000472 0.040924 800.000000 8.342023
1040 0.000934 0.022499 100.000000 9.174312
1040 0.000700 0.022899 200.000000 7.092198
1040 0.000318 0.046842 300.000000 7.772021
1040 0.000299 0.045225 400.000000 7.968128
1040 0.000393 0.036244 500.000000 8.064516
1040 0.000533 0.042477 600.000000 8.415147
1040 0.000551 0.045043 700.000000 8.120649
1040 0.000476 0.040612 800.000000 8.350731
1050 0.000989 0.020499 100.000000 8.849558
1050 0.000600 0.028053 200.000000 7.042253
1050 0.000341 0.046500 300.000000 7.792208
1050 0.000296 0.042582 400.000000 7.707129
1050 0.000385 0.033821 500.000000 8.090615
1050 0.000590 0.045154 600.000000 8.403361
1050 0.000555 0.043982 700.000000 8.139535
1050 0.000483 0.037085 800.000000 8.359457
1060 0.000902 0.020628 100.000000 7.812500
1060 0.000545 0.033701 200.000000 6.993007
1060 0.000330 0.045418 300.000000 7.812500
1060 0.000372 0.038526 400.000000 7.648183
1060 0.000397 0.030116 500.000000 8.103727
1060 0.000597 0.047158 600.000000 8.368201
1060 0.000564 0.040163 700.000000 8.139535
1060 0.000483 0.032313 800.000000 8.359457
1070 0.001023 0.015016 100.000000 6.944445
1070 0.000499 0.038651 200.000000 6.993007
1070 0.000342 0.045044 300.000000 7.832898
1070 0.000409 0.037209 400.000000 7.648183
1070 0.000416 0.032738 500.000000 8.116883
1070 0.000611 0.055576 600.000000 8.310249
1070 0.000573 0.042469 700.000000 8.158508
1070 0.000485 0.032565 800.000000 8.368201
1080 0.001056 0.005860 100.000000 6.666667
1080 0.000471 0.041146 200.000000 6.993007
1080 0.000403 0.041266 300.000000 7.874016
1080 0.000447 0.034024 400.000000 7.648183
1080 0.000458 0.036701 500.000000 8.130081
1080 0.000645 0.066309 600.000000 8.141112
1080 0.000588 0.045035 700.000000 8.168028
1080 0.000498 0.029288 800.000000 8.385744
1090 0.000972 0.014713 100.000000 6.535948
1090 0.000388 0.041847 200.000000 6.993007
1090 0.000386 0.038816 300.000000 7.915567
1090 0.000485 0.036558 400.000000 7.662835
1090 0.000503 0.046138 500.000000 8.156607
1090 0.000710 0.076830 600.000000 7.926024
1090 0.000606 0.052380 700.000000 8.177570
1090 0.000516 0.026353 800.000000 8.394544
1100 0.000935 0.022810 100.000000 6.493506
1100 0.000386 0.043197 200.000000 6.993007
1100 0.000416 0.037809 300.000000 7.936508
1100 0.000497 0.037890 400.000000 7.677543
1100 0.000540 0.051100 500.000000 8.183306
1100 0.000714 0.077872 600.000000 7.863696
1100 0.000611 0.053128 700.000000 8.187135
1100 0.000509 0.025581 800.000000 8.403361
1110 0.000909 0.031604 100.000000 6.451613
1110 0.000344 0.047162 200.000000 6.993007
1110 0.000452 0.036651 300.000000 7.978724
1110 0.000494 0.037977 400.000000 7.707129
1110 0.000607 0.054235 500.000000 8.196721
1110 0.000718 0.076121 600.000000 7.853403
1110 0.000611 0.050960 700.000000 8.196721
1110 0.000509 0.023032 800.000000 8.394544
1120 0.000712 0.040533 100.000000 6.329114
1120 0.000356 0.048083 200.000000 7.042253
1120 0.000439 0.036988 300.000000 7.957560
1120 0.000498 0.041568 400.000000 7.722008
1120 0.000626 0.060988 500.000000 8.223684
1120 0.000718 0.077700 600.000000 7.874016
1120 0.000620 0.052629 700.000000 8.206330
1120 0.000595 0.023989 800.000000 8.324662
1130 0.000783 0.037755 100.000000 6.060606
1130 0.000322 0.047373 200.000000 7.067138
1130 0.000415 0.036273 300.000000 7.936508
1130 0.000493 0.043278 400.000000 7.751938
1130 0.000636 0.065774 500.000000 8.237232
1130 0.000704 0.076847 600.000000 7.894737
1130 0.000614 0.052816 700.000000 8.206330
1130 0.000585 0.024042 800.000000 8.179959
1140 0.000633 0.037156 100.000000 5.847953
1140 0.000286 0.044174 200.000000 7.142857
1140 0.000409 0.033424 300.000000 7.874016
1140 0.000484 0.042431 400.000000 7.782101
1140 0.000655 0.068067 500.000000 8.250825
1140 0.000699 0.073800 600.000000 7.926024
1140 0.000603 0.050033 700.000000 8.225616
1140 0.000587 0.022331 800.000000 8.154943
1150 0.000603 0.031400 100.000000 5.747127
1150 0.000374 0.035631 200.000000 7.194244
1150 0.000441 0.039707 300.000000 7.500000
1150 0.000521 0.055543 400.000000 7.827789
1150 0.000715 0.084753 500.000000 8.278146
1150 0.000721 0.085922 600.000000 7.957560
1150 0.000621 0.060565 700.000000 8.244994
1150 0.000605 0.022928 800.000000 8.163265
1160 0.000505 0.028643 100.000000 5.780347
1160 0.000385 0.030952 200.000000 7.299270
1160 0.000463 0.039771 300.000000 7.352941
1160 0.000508 0.059657 400.000000 7.874016
1160 0.000765 0.090701 500.000000 8.291874
1160 0.000714 0.087276 600.000000 8.000000
1160 0.000624 0.060804 700.000000 8.274232
1160 0.000610 0.022253 800.000000 8.179959
1170 0.000435 0.028184 100.000000 5.917160
1170 0.000404 0.028788 200.000000 7.434944
1170 0.000480 0.040603 300.000000 7.389163
1170 0.000525 0.062348 400.000000 7.968128
1170 0.000774 0.095427 500.000000 8.347245
1170 0.000722 0.087715 600.000000 8.064516
1170 0.000625 0.059412 700.000000 8.323424
1170 0.000613 0.021884 800.000000 8.230453
1180 0.000393 0.032881 100.000000 6.097561
1180 0.000429 0.030666 200.000000 7.604563
1180 0.000487 0.042032 300.000000 7.500000
1180 0.000541 0.063898 400.000000 8.064516
1180 0.000778 0.097991 500.000000 8.417508
1180 0.000724 0.086603 600.000000 8.130081
1180 0.000621 0.057034 700.000000 8.383233
1180 0.000607 0.023891 800.000000 8.281573
1190 0.000423 0.037163 100.000000 6.369427
1190 0.000461 0.034550 200.000000 7.843137
1190 0.000590 0.046316 300.000000 7.614213
1190 0.000550 0.067673 400.000000 8.196721
1190 0.000783 0.102633 500.000000 8.503402
1190 0.000731 0.088514 600.000000 8.207934
1190 0.000625 0.057963 700.000000 8.454106
1190 0.000604 0.027580 800.000000 8.342023
1200 0.000400 0.037321 100.000000 6.666667
1200 0.000497 0.035407 200.000000 8.064516
1200 0.000610 0.050658 300.000000 7.731959
1200 0.000564 0.073051 400.000000 8.316009
1200 0.000795 0.109194 500.000000 8.576329
1200 0.000736 0.091705 600.000000 8.287292
1200 0.000629 0.059529 700.000000 8.526188
1200 0.000608 0.028527 800.000000 8.412198
1210 0.000194 0.024214 100.000000 6.896552
1210 0.000504 0.019670 200.000000 8.264462
1210 0.000614 0.043934 300.000000 7.853403
1210 0.000569 0.072908 400.000000 8.421053
1210 0.000790 0.111273 500.000000 8.605852
1210 0.000739 0.089377 600.000000 8.368201
1210 0.000625 0.054691 700.000000 8.588957
1210 0.000617 0.018515 800.000000 8.465609
1220 0.000106 0.012853 100.000000 7.092198
1220 0.000566 0.017539 200.000000 8.438819
1220 0.000661 0.052876 300.000000 7.936508
1220 0.000606 0.085215 400.000000 8.510638
1220 0.000818 0.124287 500.000000 8.591065
1220 0.000751 0.096315 600.000000 8.426967
1220 0.000635 0.058567 700.000000 8.641975
1220 0.000636 0.011884 800.000000 8.519702
1230 0.000210 0.011970 100.000000 7.246377
1230 0.000651 0.026140 200.000000 8.620689
1230 0.000712 0.062571 300.000000 8.021390
1230 0.000646 0.096150 400.000000 8.583691
1230 0.000849 0.133921 500.000000 8.460237
1230 0.000765 0.100388 600.000000 8.474576
1230 0.000641 0.061324 700.000000 8.695652
1230 0.000645 0.006903 800.000000 8.556149
1240 0.000216 0.014501 100.000000 7.407407
1240 0.000670 0.030821 200.000000 8.733624
1240 0.000743 0.067224 300.000000 8.086253
1240 0.000684 0.099701 400.000000 8.658009
1240 0.000910 0.135182 500.000000 8.278146
1240 0.000767 0.098488 600.000000 8.510638
1240 0.000659 0.060201 700.000000 8.728180
1240 0.000643 0.007789 800.000000 8.592911
1250 0.000292 0.017937 100.000000 7.462687
1250 0.000693 0.035100 200.000000 8.849558
1250 0.000757 0.071592 300.000000 8.152174
1250 0.000728 0.103567 400.000000 8.714597
1250 0.000925 0.133899 500.000000 8.196721
1250 0.000766 0.096192 600.000000 8.534851
1250 0.000646 0.056427 700.000000 8.750000
1250 0.000642 0.011430 800.000000 8.629990
1260 0.000411 0.012996 100.000000 7.575758
1260 0.000731 0.043398 200.000000 8.968610
1260 0.000759 0.082072 300.000000 8.196721
1260 0.000809 0.113831 400.000000 8.752735
1260 0.000925 0.138644 500.000000 8.183306
1260 0.000772 0.101310 600.000000 8.559201
1260 0.000648 0.058195 700.000000 8.760951
1260 0.000639 0.014987 800.000000 8.648648
1270 0.000565 0.011185 100.000000 7.692307
1270 0.000726 0.048522 200.000000 9.049774
1270 0.000718 0.087004 300.000000 8.241758
1270 0.000833 0.118160 400.000000 8.810573
1270 0.000923 0.137488 500.000000 8.223684
1270 0.000779 0.099716 600.000000 8.583691
1270 0.000652 0.052479 700.000000 8.739077
1270 0.000637 0.023052 800.000000 8.686211
1280 0.000593 0.028875 100.000000 7.936508
1280 0.000718 0.053455 200.000000 9.132421
1280 0.000707 0.087372 300.000000 8.333333
1280 0.000854 0.117984 400.000000 8.888889
1280 0.000917 0.133394 500.000000 8.278146
1280 0.000776 0.097147 600.000000 8.633094
1280 0.000762 0.043575 700.000000 8.674102
1280 0.000622 0.034709 800.000000 8.724100
1290 0.000768 0.006826 100.000000 8.264462
1290 0.000723 0.054225 200.000000 9.259259
1290 0.000747 0.092211 300.000000 8.450705
1290 0.000862 0.124642 400.000000 8.968610
1290 0.000908 0.132221 500.000000 8.347245
1290 0.000778 0.094702 600.000000 8.683068
1290 0.000772 0.040584 700.000000 8.599508
1290 0.000636 0.028611 800.000000 8.771930
1300 0.000866 0.010196 100.000000 8.620689
1300 0.000748 0.057731 200.000000 9.389671
1300 0.000756 0.094829 300.000000 8.595988
1300 0.000880 0.127579 400.000000 9.070294
1300 0.000909 0.129634 500.000000 8.431704
1300 0.000778 0.090462 600.000000 8.746356
1300 0.000764 0.032639 700.000000 8.599508
1300 0.000634 0.033702 800.000000 8.830022
1310 0.000856 0.009717 100.000000 9.090909
1310 0.000745 0.056416 200.000000 9.478673
1310 0.000758 0.093660 300.000000 8.720930
1310 0.000893 0.126345 400.000000 9.174312
1310 0.000906 0.124013 500.000000 8.517887
1310 0.000765 0.084804 600.000000 8.810573
1310 0.000756 0.025502 700.000000 8.631319
1310 0.000628 0.039198 800.000000 8.879024
1320 0.000906 0.017265 100.000000 9.433962
1320 0.000799 0.060622 200.000000 9.009009
1320 0.000804 0.098609 300.000000 8.849558
1320 0.000934 0.132203 400.000000 9.237875
1320 0.000909 0.123997 500.000000 8.591065
1320 0.000767 0.084383 600.000000 8.862629
1320 0.000761 0.024291 700.000000 8.663366
1320 0.000632 0.040489 800.000000 8.928572
1330 0.001002 0.020486 100.000000 9.708738
1330 0.000870 0.064733 200.000000 8.510638
1330 0.000794 0.102434 300.000000 8.928572
1330 0.001007 0.135328 400.000000 9.280743
1330 0.000905 0.121252 500.000000 8.650519
1330 0.000765 0.079844 600.000000 8.888889
1330 0.000756 0.017484 700.000000 8.684863
1330 0.000627 0.046263 800.000000 8.958567
1340 0.000993 0.024970 100.000000 9.900990
1340 0.000856 0.069173 200.000000 8.403361
1340 0.000797 0.105122 300.000000 8.982036
1340 0.001016 0.140442 400.000000 9.259259
1340 0.000908 0.117288 500.000000 8.680555
1340 0.000760 0.074261 600.000000 8.915304
1340 0.000746 0.011212 700.000000 8.706468
1340 0.000621 0.052075 800.000000 8.988764
1350 0.001017 0.024441 100.000000 10.101010
1350 0.000973 0.068124 200.000000 8.368201
1350 0.000788 0.103237 300.000000 9.036144
1350 0.001001 0.141520 400.000000 9.195402
1350 0.000890 0.110232 500.000000 8.695652
1350 0.000740 0.065862 600.000000 8.928572
1350 0.000726 0.007876 700.000000 8.728180
1350 0.000609 0.059275 800.000000 8.998875
1360 0.001113 0.034628 100.000000 10.204082
1360 0.000980 0.076622 200.000000 8.403361
1360 0.000798 0.111582 300.000000 9.063444
1360 0.001011 0.151793 400.000000 9.009009
1360 0.000894 0.110752 500.000000 8.726004
1360 0.000732 0.063999 600.000000 8.955224
1360 0.000723 0.008428 700.000000 8.750000
1360 0.000608 0.062576 800.000000 9.019166
1370 0.001237 0.040118 100.000000 10.526316
1370 0.001028 0.082402 200.000000 8.438819
1370 0.000844 0.114960 300.000000 9.118541
1370 0.001071 0.154694 400.000000 8.639309
1370 0.000897 0.106640 500.000000 8.741259
1370 0.000728 0.058072 600.000000 8.968610
1370 0.000709 0.015103 700.000000 8.771930
1370 0.000596 0.069823 800.000000 9.029346
1380 0.001152 0.043553 100.000000 10.638298
1380 0.001003 0.082465 200.000000 8.474576
1380 0.000886 0.113043 300.000000 9.174312
1380 0.001097 0.146942 400.000000 8.385744
1380 0.000878 0.100549 500.000000 8.756567
1380 0.000717 0.053708 600.000000 8.982036
1380 0.000699 0.019974 700.000000 8.793970
1380 0.000578 0.074872 800.000000 9.039548
1390 0.001083 0.045964 100.000000 10.869565
1390 0.000955 0.084780 200.000000 8.474576
1390 0.000957 0.113003 300.000000 9.202454
1390 0.001066 0.139470 400.000000 8.333333
1390 0.000858 0.095842 500.000000 8.771930
1390 0.000697 0.047467 600.000000 8.982036
1390 0.000676 0.028616 700.000000 8.816121
1390 0.000568 0.081148 800.000000 9.039548
1400 0.000897 0.038575 100.000000 10.752688
1400 0.000801 0.073371 200.000000 8.510638
1400 0.000927 0.101485 300.000000 9.230769
1400 0.001016 0.120159 400.000000 8.333333
1400 0.000825 0.080991 500.000000 8.771930
1400 0.000666 0.032738 600.000000 8.902077
1400 0.000655 0.040741 700.000000 8.827238
1400 0.000541 0.089547 800.000000 9.029346
1410 0.000753 0.032982 100.000000 10.416667
1410 0.000751 0.063490 200.000000 8.510638
1410 0.000920 0.093449 300.000000 9.202454
1410 0.000960 0.103983 400.000000 8.350731
1410 0.000793 0.069223 500.000000 8.756567
1410 0.000783 0.015615 600.000000 8.633094
1410 0.000622 0.052093 700.000000 8.838384
1410 0.000538 0.096251 800.000000 8.958567
1420 0.000703 0.026100 100.000000 9.615385
1420 0.000752 0.056247 200.000000 8.510638
1420 0.000934 0.087393 300.000000 9.174312
1420 0.000935 0.087658 400.000000 8.368201
1420 0.000758 0.053370 500.000000 8.741259
1420 0.000759 0.003631 600.000000 8.534851
1420 0.000605 0.063358 700.000000 8.838384
1420 0.000527 0.103963 800.000000 8.048289
1430 0.000741 0.021503 100.000000 7.575758
1430 0.000704 0.050953 200.000000 8.510638
1430 0.000984 0.082380 300.000000 9.118541
1430 0.000893 0.076432 400.000000 8.385744
1430 0.000727 0.044798 500.000000 8.726004
1430 0.000750 0.010382 600.000000 8.510638
1430 0.000590 0.067996 700.000000 8.849558
1430 0.000530 0.105213 800.000000 7.976072
1440 0.000796 0.022599 100.000000 7.194244
1440 0.000710 0.053778 200.000000 8.510638
1440 0.001028 0.087718 300.000000 9.036144
1440 0.000895 0.071094 400.000000 8.385744
1440 0.000716 0.036713 500.000000 8.710801
1440 0.000736 0.019440 600.000000 8.510638
1440 0.000584 0.075255 700.000000 8.849558
1440 0.000527 0.106666 800.000000 7.960199
1450 0.000938 0.017531 100.000000 7.092198
1450 0.000662 0.049115 200.000000 8.510638
1450 0.000989 0.086223 300.000000 8.849558
1450 0.000863 0.059980 400.000000 8.385744
1450 0.000684 0.024730 500.000000 8.710801
1450 0.000707 0.030347 600.000000 8.522727
1450 0.000565 0.083109 700.000000 8.849558
1450 0.000515 0.108277 800.000000 7.960199
1460 0.000899 0.019450 100.000000 6.993007
1460 0.000651 0.047205 200.000000 8.510638
1460 0.000978 0.084914 300.000000 8.379889
1460 0.000825 0.053109 400.000000 8.385744
1460 0.000644 0.019914 500.000000 8.710801
1460 0.000681 0.036665 600.000000 8.522727
1460 0.000544 0.087724 700.000000 8.838384
1460 0.000503 0.107804 800.000000 7.960199
1470 0.000949 0.019431 100.000000 6.944445
1470 0.000745 0.044722 200.000000 8.510638
1470 0.001095 0.083183 300.000000 7.853403
1470 0.000825 0.049757 400.000000 8.368201
1470 0.000655 0.017185 500.000000 8.695652
1470 0.000661 0.046537 600.000000 8.522727
1470 0.000517 0.094808 700.000000 8.827238
1470 0.000493 0.109687 800.000000 7.960199
1480 0.000952 0.024746 100.000000 6.896552
1480 0.000890 0.047440 200.000000 8.510638
1480 0.001068 0.078101 300.000000 7.712082
1480 0.000806 0.046224 400.000000 8.350731
1480 0.000629 0.014249 500.000000 8.665511
1480 0.000646 0.053441 600.000000 8.534851
1480 0.000514 0.100120 700.000000 8.816121
1480 0.000503 0.111273 800.000000 7.952286
1490 0.000809 0.032594 100.000000 6.944445
1490 0.000944 0.053882 200.000000 8.547009
1490 0.001059 0.076510 300.000000 7.731959
1490 0.000811 0.045468 400.000000 8.350731
1490 0.000631 0.013657 500.000000 8.605852
1490 0.000650 0.059344 600.000000 8.547009
1490 0.000510 0.104806 700.000000 8.805032
1490 0.000505 0.112462 800.000000 7.960199
1500 0.000903 0.036454 100.000000 7.042253
1500 0.001005 0.055406 200.000000 8.620689
1500 0.001039 0.068715 300.000000 7.772021
1500 0.000812 0.035997 400.000000 8.385744
1500 0.000854 0.015625 500.000000 8.417508
1500 0.000639 0.069348 600.000000 8.583691
1500 0.000502 0.112259 700.000000 8.793970
1500 0.000506 0.115152 800.000000 7.976072
1510 0.000875 0.041814 100.000000 7.194244
1510 0.001018 0.060937 200.000000 8.695652
1510 0.001020 0.066404 300.000000 7.853403
1510 0.000799 0.034698 400.000000 8.421053
1510 0.000847 0.017897 500.000000 8.305648
1510 0.000638 0.072857 600.000000 8.633094
1510 0.000547 0.113749 700.000000 8.728180
1510 0.000499 0.116183 800.000000 8.000000
1520 0.000865 0.043478 100.000000 7.462687
1520 0.001045 0.062951 200.000000 8.849558
1520 0.001019 0.063439 300.000000 7.957560
1520 0.000784 0.032637 400.000000 8.492569
1520 0.000844 0.020374 500.000000 8.319468
1520 0.000634 0.076727 600.000000 8.683068
1520 0.000544 0.116233 700.000000 7.856341
1520 0.000492 0.116887 800.000000 8.032128
1530 0.000930 0.038877 100.000000 7.874016
1530 0.001088 0.060726 200.000000 9.090909
1530 0.001018 0.059819 300.000000 8.108109
1530 0.000776 0.029471 400.000000 8.602151
1530 0.000826 0.022544 500.000000 8.389262
1530 0.000623 0.079602 600.000000 8.771930
1530 0.000557 0.117235 700.000000 7.865169
1530 0.000489 0.117616 800.000000 8.080808
1540 0.000903 0.029406 100.000000 8.403361
1540 0.001101 0.054251 200.000000 9.433962
1540 0.001004 0.054888 300.000000 8.287292
1540 0.000767 0.026765 400.000000 8.752735
1540 0.000802 0.026429 500.000000 8.503402
1540 0.000601 0.082976 600.000000 8.875740
1540 0.000538 0.117846 700.000000 7.918552
1540 0.000478 0.117998 800.000000 8.146640
1550 0.000848 0.020017 100.000000 9.009009
1550 0.001167 0.052269 200.000000 9.756098
1550 0.001005 0.053690 300.000000 8.474576
1550 0.000761 0.029232 400.000000 8.908686
1550 0.000779 0.032718 500.000000 8.605852
1550 0.000580 0.086546 600.000000 8.982036
1550 0.000517 0.118615 700.000000 7.972665
1550 0.000458 0.118540 800.000000 8.213552
1560 0.000780 0.017213 100.000000 9.615385
1560 0.001203 0.055035 200.000000 10.050251
1560 0.000997 0.055412 300.000000 8.645534
1560 0.000754 0.034266 400.000000 9.029346
1560 0.000754 0.039507 500.000000 8.710801
1560 0.000563 0.090265 600.000000 9.077156
1560 0.000501 0.119253 700.000000 8.027523
1560 0.000441 0.119293 800.000000 8.273009
1570 0.000805 0.019611 100.000000 10.000000
1570 0.001277 0.061133 200.000000 10.204082
1570 0.000984 0.055938 300.000000 8.771930
1570 0.000751 0.035036 400.000000 9.111617
1570 0.000744 0.045580 500.000000 8.771930
1570 0.000556 0.093955 600.000000 9.146341
1570 0.000493 0.120195 700.000000 8.055236
1570 0.000435 0.120490 800.000000 8.307373
1580 0.000701 0.009682 100.000000 10.416667
1580 0.001211 0.056728 200.000000 10.256411
1580 0.000961 0.046167 300.000000 8.849558
1580 0.000715 0.027446 400.000000 9.174312
1580 0.000724 0.049611 500.000000 8.818342
1580 0.000546 0.096636 600.000000 9.188361
1580 0.000492 0.119816 700.000000 8.073818
1580 0.000429 0.121032 800.000000 8.342023
1590 0.000504 0.004518 100.000000 10.526316
1590 0.001111 0.052460 200.000000 10.050251
1590 0.000898 0.040861 300.000000 8.902077
1590 0.000667 0.024679 400.000000 9.216590
1590 0.000700 0.049451 500.000000 8.865249
1590 0.000524 0.095763 600.000000 9.216590
1590 0.000484 0.116460 700.000000 8.092485
1590 0.000415 0.121389 800.000000 8.359457
1600 0.000604 0.002169 100.000000 10.752688
1600 0.001146 0.063677 200.000000 9.389671
1600 0.000896 0.044967 300.000000 8.928572
1600 0.000656 0.026783 400.000000 9.237875
1600 0.000675 0.054933 500.000000 8.880995
1600 0.000512 0.098552 600.000000 9.230769
1600 0.000473 0.116354 700.000000 8.111239
1600 0.000415 0.123049 800.000000 8.368201
1610 0.000899 0.008946 100.000000 10.752688
1610 0.001296 0.068243 200.000000 8.474576
1610 0.000895 0.050902 300.000000 8.928572
1610 0.000669 0.023864 400.000000 9.237875
1610 0.000665 0.057854 500.000000 8.912656
1610 0.000493 0.100248 600.000000 9.230769
1610 0.000473 0.116158 700.000000 8.111239
1610 0.000409 0.124593 800.000000 8.368201
1620 0.001040 0.015764 100.000000 10.869565
1620 0.001305 0.068734 200.000000 8.163265
1620 0.000888 0.053179 300.000000 8.928572
1620 0.000642 0.023956 400.000000 9.237875
1620 0.000652 0.064619 500.000000 8.928572
1620 0.000480 0.104285 600.000000 9.230769
1620 0.000485 0.118291 700.000000 8.111239
1620 0.000405 0.126840 800.000000 8.359457
1630 0.001367 0.028185 100.000000 10.869565
1630 0.001354 0.076949 200.000000 8.130081
1630 0.000926 0.057629 300.000000 8.928572
1630 0.000677 0.022003 400.000000 9.153318
1630 0.000662 0.069717 500.000000 8.944544
1630 0.000501 0.110335 600.000000 9.202454
1630 0.000497 0.121946 700.000000 8.111239
1630 0.000423 0.130324 800.000000 8.359457
1640 0.001497 0.029937 100.000000 10.869565
1640 0.001295 0.067606 200.000000 8.163265
1640 0.000906 0.049449 300.000000 8.902077
1640 0.000948 0.016632 400.000000 8.849558
1640 0.000660 0.077174 500.000000 8.944544
1640 0.000488 0.116054 600.000000 9.146341
1640 0.000501 0.124329 700.000000 8.111239
1640 0.000427 0.132522 800.000000 8.368201
1650 0.001457 0.036487 100.000000 10.752688
1650 0.001229 0.060088 200.000000 8.163265
1650 0.000869 0.042408 300.000000 8.875740
1650 0.000936 0.016336 400.000000 8.547009
1650 0.000657 0.083408 500.000000 8.960573
1650 0.000544 0.119223 600.000000 8.862629
1650 0.000489 0.126976 700.000000 8.101851
1650 0.000429 0.135218 800.000000 8.368201
1660 0.001677 0.043966 100.000000 10.526316
1660 0.001217 0.059877 200.000000 8.196721
1660 0.000840 0.046216 300.000000 8.823529
1660 0.000912 0.029360 400.000000 8.492569
1660 0.000620 0.089273 500.000000 8.960573
1660 0.000558 0.119748 600.000000 7.812500
1660 0.000479 0.127613 700.000000 8.101851
1660 0.000410 0.136388 800.000000 8.359457
1670 0.001912 0.059421 100.000000 10.204082
1670 0.001201 0.059428 200.000000 8.196721
1670 0.000830 0.042709 300.000000 8.797654
1670 0.000878 0.042799 400.000000 8.474576
1670 0.000602 0.097475 500.000000 8.960573
1670 0.000546 0.122895 600.000000 7.782101
1670 0.000461 0.130225 700.000000 8.101851
1670 0.000421 0.137581 800.000000 8.342023
1680 0.001798 0.062804 100.000000 9.708738
1680 0.001129 0.046451 200.000000 8.196721
1680 0.000763 0.029464 300.000000 8.797654
1680 0.000835 0.053026 400.000000 8.492569
1680 0.000578 0.104749 500.000000 8.960573
1680 0.000539 0.125637 600.000000 7.772021
1680 0.000450 0.132351 700.000000 8.101851
1680 0.000434 0.139907 800.000000 8.324662
1690 0.001756 0.070782 100.000000 8.620689
1690 0.001093 0.038407 200.000000 8.196721
1690 0.000716 0.017728 300.000000 8.797654
1690 0.000819 0.059125 400.000000 8.492569
1690 0.000579 0.109840 500.000000 8.960573
1690 0.000550 0.127567 600.000000 7.782101
1690 0.000463 0.135541 700.000000 8.101851
1690 0.000437 0.144648 800.000000 8.324662
1700 0.001877 0.056688 100.000000 6.993007
1700 0.000991 0.023656 200.000000 8.163265
1700 0.000682 0.006615 300.000000 8.771930
1700 0.000780 0.068919 400.000000 8.510638
1700 0.000528 0.115826 500.000000 8.944544
1700 0.000549 0.128458 600.000000 7.772021
1700 0.000458 0.136748 700.000000 8.092485
1700 0.000436 0.147443 800.000000 8.324662
1710 0.001658 0.033528 100.000000 6.493506
1710 0.000858 0.015563 200.000000 8.163265
1710 0.000569 0.012778 300.000000 8.746356
1710 0.000735 0.075005 400.000000 8.510638
1710 0.000479 0.116434 500.000000 8.928572
1710 0.000550 0.126300 600.000000 7.772021
1710 0.000441 0.136517 700.000000 8.083141
1710 0.000433 0.149343 800.000000 8.324662
1720 0.001403 0.021540 100.000000 6.410256
1720 0.000741 0.015178 200.000000 8.130081
1720 0.000529 0.019239 300.000000 8.670520
1720 0.000715 0.076789 400.000000 8.528785
1720 0.000465 0.116648 500.000000 8.912656
1720 0.000558 0.125572 600.000000 7.772021
1720 0.000453 0.138902 700.000000 8.073818
1720 0.000435 0.154125 800.000000 8.324662
1730 0.001168 0.008346 100.000000 6.451613
1730 0.000675 0.011291 200.000000 8.097166
1730 0.001146 0.022486 300.000000 8.310249
1730 0.000708 0.085963 400.000000 8.547009
1730 0.000452 0.122678 500.000000 8.849558
1730 0.000567 0.128448 600.000000 7.761966
1730 0.000463 0.141600 700.000000 8.083141
1730 0.000447 0.158147 800.000000 8.307373
1740 0.001061 0.010742 100.000000 6.535948
1740 0.000642 0.015836 200.000000 8.097166
1740 0.001154 0.029339 300.000000 8.000000
1740 0.000707 0.092790 400.000000 8.565310
1740 0.000542 0.124510 500.000000 8.635578
1740 0.000555 0.131215 600.000000 7.772021
1740 0.000469 0.145094 700.000000 8.092485
1740 0.000450 0.162396 800.000000 8.307373
1750 0.000945 0.012023 100.000000 6.622517
1750 0.000582 0.019715 200.000000 8.130081
1750 0.001166 0.024290 300.000000 7.957560
1750 0.000697 0.092747 400.000000 8.602151
1750 0.000677 0.121288 500.000000 7.429420
1750 0.000557 0.130882 600.000000 7.782101
1750 0.000460 0.146837 700.000000 8.101851
1750 0.000437 0.165973 800.000000 8.316009
1760 0.000613 0.009904 100.000000 6.711410
1760 0.000452 0.017945 200.000000 8.163265
1760 0.001120 0.029026 300.000000 7.957560
1760 0.000648 0.094336 400.000000 8.639309
1760 0.000671 0.117483 500.000000 7.407407
1760 0.000538 0.129133 600.000000 7.792208
1760 0.000449 0.145814 700.000000 8.111239
1760 0.000422 0.166228 800.000000 8.333333
1770 0.000667 0.011539 100.000000 6.849315
1770 0.000463 0.022015 200.000000 8.230453
1770 0.001108 0.036336 300.000000 8.021390
1770 0.000648 0.099289 400.000000 8.695652
1770 0.000670 0.119657 500.000000 7.418397
1770 0.000537 0.132331 600.000000 7.822686
1770 0.000514 0.148573 700.000000 8.120649
1770 0.000416 0.170101 800.000000 8.359457
1780 0.000648 0.017712 100.000000 6.993007
1780 0.000469 0.025189 200.000000 8.333333
1780 0.001093 0.045309 300.000000 8.108109
1780 0.000638 0.106524 400.000000 8.752735
1780 0.000682 0.123809 500.000000 7.462687
1780 0.000546 0.136254 600.000000 7.863696
1780 0.000529 0.152618 700.000000 8.149011
1780 0.000418 0.174306 800.000000 8.394544
1790 0.000695 0.018889 100.000000 7.246377
1790 0.000450 0.028863 200.000000 8.510638
1790 0.001066 0.051966 300.000000 8.219178
1790 0.000636 0.110747 400.000000 8.849558
1790 0.000697 0.126263 500.000000 7.507507
1790 0.000540 0.139332 600.000000 7.915567
1790 0.000524 0.156463 700.000000 8.187135
1790 0.000425 0.177547 800.000000 8.438819
1800 0.000677 0.022036 100.000000 7.575758
1800 0.000432 0.033356 200.000000 8.733624
1800 0.001048 0.057469 300.000000 8.356546
1800 0.000632 0.114619 400.000000 8.948545
1800 0.000689 0.127763 500.000000 7.575758
1800 0.000544 0.141757 600.000000 7.968128
1800 0.000527 0.159342 700.000000 8.235294
1800 0.000429 0.180566 800.000000 8.483563
1810 0.000672 0.020228 100.000000 7.936508
1810 0.000405 0.032275 200.000000 8.968610
1810 0.001016 0.059605 300.000000 8.522727
1810 0.000608 0.114393 400.000000 9.090909
1810 0.000685 0.126438 500.000000 7.656968
1810 0.000537 0.141428 600.000000 8.042895
1810 0.000516 0.159305 700.000000 8.303678
1810 0.000421 0.180308 800.000000 8.547009
1820 0.000642 0.016679 100.000000 8.474576
1820 0.000391 0.029207 200.000000 9.259259
1820 0.000974 0.061205 300.000000 8.695652
1820 0.000583 0.112663 400.000000 9.237875
1820 0.000670 0.123833 500.000000 7.739938
1820 0.000519 0.139867 600.000000 8.119080
1820 0.000507 0.158143 700.000000 8.373206
1820 0.000415 0.178243 800.000000 8.620689
1830 0.000548 0.016583 100.000000 9.009009
1830 0.000398 0.029048 200.000000 9.615385
1830 0.000954 0.063031 300.000000 8.902077
1830 0.000560 0.112231 400.000000 9.411765
1830 0.000668 0.122502 500.000000 7.836991
1830 0.000514 0.138805 600.000000 8.207934
1830 0.000503 0.157488 700.000000 8.454106
1830 0.000414 0.177812 800.000000 8.686211
1840 0.000370 0.011393 100.000000 9.615385
1840 0.000415 0.026492 200.000000 9.950249
1840 0.000916 0.064795 300.000000 9.090909
1840 0.000516 0.110117 400.000000 9.569378
1840 0.000657 0.119377 500.000000 7.923930
1840 0.000499 0.136454 600.000000 8.275862
1840 0.000497 0.154981 700.000000 8.526188
1840 0.000400 0.174740 800.000000 8.752735
1850 0.000272 0.012159 100.000000 10.204082
1850 0.000424 0.024661 200.000000 10.256411
1850 0.000894 0.068235 300.000000 9.287926
1850 0.000487 0.111648 400.000000 9.708738
1850 0.000641 0.119925 500.000000 8.000000
1850 0.000486 0.137135 600.000000 8.344924
1850 0.000496 0.155332 700.000000 8.599508
1850 0.000401 0.174642 800.000000 8.820287
1860 0.000232 0.009933 100.000000 10.638298
1860 0.000386 0.025347 200.000000 10.471204
1860 0.000892 0.073564 300.000000 9.433962
1860 0.000483 0.115507 400.000000 9.803922
1860 0.000656 0.122756 500.000000 8.064516
1860 0.000494 0.139676 600.000000 8.403361
1860 0.000503 0.158445 700.000000 8.652658
1870 0.000211 0.008056 100.000000 10.869565
1870 0.000376 0.023863 200.000000 10.526316
1870 0.000843 0.080510 300.000000 9.523809
1870 0.000458 0.119171 400.000000 9.828010
1870 0.000644 0.125486 500.000000 8.090615
1870 0.000499 0.142413 600.000000 8.426967
1870 0.000495 0.161727 700.000000 8.674102
1880 0.000292 0.011006 100.000000 10.869565
1880 0.001024 0.017993 200.000000 10.101010
1880 0.000849 0.091796 300.000000 9.523809
1880 0.000473 0.126444 400.000000 9.779951
1880 0.000658 0.132191 500.000000 8.077544
1880 0.000508 0.148881 600.000000 8.426967
1880 0.000500 0.168407 700.000000 8.663366
1890 0.000370 0.011138 100.000000 10.526316
1890 0.001605 0.011920 200.000000 9.009009
1890 0.000830 0.101645 300.000000 9.523809
1890 0.000608 0.128293 400.000000 9.501187
1890 0.000635 0.137329 500.000000 8.064516
1890 0.000518 0.154346 600.000000 8.415147
1890 0.000507 0.173907 700.000000 8.631319
1900 0.000363 0.013891 100.000000 10.309278
1900 0.001619 0.025212 200.000000 8.771930
1900 0.000825 0.110063 300.000000 9.523809
1900 0.000813 0.131652 400.000000 7.648183
1900 0.000641 0.142176 500.000000 8.038586
1900 0.000511 0.158706 600.000000 8.403361
1900 0.000489 0.178762 700.000000 8.620689
1910 0.000411 0.012920 100.000000 10.204082
1910 0.001578 0.040155 200.000000 8.733624
1910 0.000783 0.119228 300.000000 9.493670
1910 0.000809 0.135362 400.000000 7.561437
1910 0.000621 0.146020 500.000000 8.038586
1910 0.000529 0.162059 600.000000 8.379889
1910 0.000466 0.183285 700.000000 8.610086
1920 0.000405 0.013444 100.000000 10.101010
1920 0.001490 0.056979 200.000000 8.733624
1920 0.000745 0.126502 300.000000 9.493670
1920 0.000803 0.137203 400.000000 7.561437
1920 0.000616 0.149665 500.000000 8.038586
1920 0.000585 0.165394 600.000000 8.356546
1920 0.000461 0.186471 700.000000 8.620689
1930 0.000284 0.016456 100.000000 10.101010
1930 0.001381 0.075239 200.000000 8.733624
1930 0.000709 0.133738 300.000000 9.493670
1930 0.000802 0.140143 400.000000 7.561437
1930 0.000596 0.154134 500.000000 8.038586
1930 0.000576 0.170402 600.000000 8.344924
1930 0.000466 0.190328 700.000000 8.620689
1940 0.000387 0.016767 100.000000 10.204082
1940 0.001296 0.089750 200.000000 8.771930
1940 0.000659 0.139979 300.000000 9.493670
1940 0.000794 0.143214 400.000000 7.561437
1940 0.000589 0.157594 500.000000 8.038586
1940 0.000568 0.174245 600.000000 8.356546
1940 0.000462 0.193375 700.000000 8.631319
1950 0.000630 0.037892 100.000000 10.101010
1950 0.001283 0.101054 200.000000 8.849558
1950 0.000615 0.146080 300.000000 9.493670
1950 0.000798 0.146723 400.000000 7.575758
1950 0.000580 0.161673 500.000000 8.038586
1950 0.000578 0.178968 600.000000 8.368201
1950 0.000465 0.197448 700.000000 8.631319
1960 0.000607 0.041363 100.000000 10.000000
1960 0.001220 0.114689 200.000000 8.888889
1960 0.000586 0.152193 300.000000 9.493670
1960 0.000790 0.151783 400.000000 7.575758
1960 0.000589 0.166398 500.000000 8.038586
1960 0.000570 0.184413 600.000000 8.368201
1970 0.001013 0.032786 100.000000 9.433962
1970 0.001194 0.124796 200.000000 8.928572
1970 0.000576 0.155206 300.000000 9.433962
1970 0.000782 0.154385 400.000000 7.575758
1970 0.000586 0.168977 500.000000 8.051530
1970 0.000561 0.187102 600.000000 8.368201
1980 0.002960 0.014315 100.000000 8.000000
1980 0.001120 0.131842 200.000000 9.009009
1980 0.000695 0.151155 300.000000 9.287926
1980 0.000753 0.155242 400.000000 7.590133
1980 0.000581 0.170248 500.000000 8.064516
1980 0.000562 0.188475 600.000000 8.356546
1990 0.002923 0.018526 100.000000 7.575758
1990 0.001105 0.140197 200.000000 9.049774
1990 0.000947 0.150191 300.000000 7.109005
1990 0.000719 0.158126 400.000000 7.590133
1990 0.000569 0.172724 500.000000 8.077544
1990 0.000539 0.190865 600.000000 8.368201
2000 0.002909 0.042943 100.000000 7.518797
2000 0.001043 0.148637 200.000000 9.090909
2000 0.001001 0.153383 300.000000 6.976744
2000 0.000733 0.160757 400.000000 7.604563
2000 0.000569 0.174975 500.000000 8.077544
2000 0.000524 0.193745 600.000000 8.368201
2010 0.002775 0.073199 100.000000 7.518797
2010 0.001022 0.157197 200.000000 9.132421
2010 0.000991 0.156285 300.000000 6.944445
2010 0.000705 0.164545 400.000000 7.619048
2010 0.000622 0.177347 500.000000 8.064516
2010 0.000505 0.197124 600.000000 8.379889
2020 0.002615 0.102196 100.000000 7.575758
2020 0.000958 0.165427 200.000000 9.174312
2020 0.000980 0.159540 300.000000 6.944445
2020 0.000694 0.168996 400.000000 7.619048
2020 0.000658 0.181285 500.000000 8.051530
2020 0.000500 0.200289 600.000000 8.391608
2030 0.002541 0.139042 100.000000 7.633588
2030 0.000964 0.186097 200.000000 9.132421
2030 0.001019 0.173783 300.000000 6.944445
2030 0.000705 0.182858 400.000000 7.619048
2030 0.000654 0.195695 500.000000 8.038586
2030 0.000513 0.212686 600.000000 8.403361
2040 0.002013 0.174695 100.000000 7.692307
2040 0.000668 0.176329 200.000000 9.132421
2040 0.000878 0.157202 300.000000 6.944445
2040 0.000592 0.165445 400.000000 7.619048
2040 0.000579 0.176468 500.000000 8.051530
2040 0.000445 0.190391 600.000000 8.403361
2050 0.001976 0.197966 100.000000 7.751938
2050 0.000642 0.185913 200.000000 9.132421
2050 0.000883 0.165218 300.000000 6.960557
2050 0.000587 0.172717 400.000000 7.619048
2050 0.000588 0.183943 500.000000 8.064516
2060 0.001881 0.215705 100.000000 7.936508
2060 0.000614 0.193118 200.000000 9.174312
2060 0.000878 0.171091 300.000000 6.993007
2060 0.000610 0.178209 400.000000 7.633588
2060 0.000581 0.189525 500.000000 8.090615
2070 0.001898 0.231550 100.000000 8.196721
2070 0.000629 0.199685 200.000000 9.302325
2070 0.000885 0.177333 300.000000 7.058824
2070 0.000621 0.183625 400.000000 7.707129
2070 0.000584 0.195578 500.000000 8.130081
2080 0.000377 0.021916 100.000000 8.620689
2080 0.000484 0.024577 200.000000 9.478673
2080 0.000268 0.030965 300.000000 7.142857
2080 0.000191 0.031447 400.000000 7.797271
2080 0.000228 0.038230 500.000000 8.196721
2090 0.000629 0.016734 100.000000 9.259259
2090 0.000640 0.044731 200.000000 9.756098
2090 0.000234 0.044737 300.000000 7.263923
2090 0.000203 0.039645 400.000000 7.905138
2090 0.000208 0.042407 500.000000 8.291874
2100 0.000704 0.019201 100.000000 9.900990
2100 0.000594 0.050232 200.000000 9.950249
2100 0.000235 0.046518 300.000000 7.389163
2100 0.000227 0.042086 400.000000 8.016032
2100 0.000213 0.046163 500.000000 8.389262
2110 0.000738 0.023378 100.000000 10.526316
2110 0.000435 0.059251 200.000000 9.950249
2110 0.000239 0.048096 300.000000 7.500000
2110 0.000237 0.043899 400.000000 8.113590
2110 0.000214 0.048017 500.000000 8.460237
2120 0.000781 0.026833 100.000000 10.989011
2120 0.000318 0.066589 200.000000 6.872852
2120 0.000224 0.049041 300.000000 7.556675
2120 0.000231 0.044949 400.000000 8.179959
2120 0.000207 0.048900 500.000000 8.517887
2130 0.000886 0.033229 100.000000 11.235955
2130 0.000299 0.070504 200.000000 6.688963
2130 0.000208 0.050351 300.000000 7.594937
2130 0.000218 0.045889 400.000000 8.196721
2130 0.000202 0.048316 500.000000 8.532423
2140 0.000803 0.033509 100.000000 11.363636
2140 0.000279 0.063754 200.000000 6.644518
2140 0.000202 0.046483 300.000000 7.614213
2140 0.000197 0.044023 400.000000 8.179959
2140 0.000211 0.046739 500.000000 8.547009
2150 0.000746 0.027971 100.000000 11.363636
2150 0.000312 0.052654 200.000000 6.622517
2150 0.000224 0.039647 300.000000 7.614213
2150 0.000249 0.039547 400.000000 8.146640
2150 0.000215 0.045193 500.000000 8.547009
2160 0.000640 0.018828 100.000000 11.235955
2160 0.000391 0.039398 200.000000 6.622517
2160 0.000204 0.034838 300.000000 7.594937
2160 0.000254 0.039131 400.000000 8.130081
2160 0.000219 0.048098 500.000000 8.547009
2170 0.000711 0.014656 100.000000 11.111111
2170 0.000406 0.033557 200.000000 6.600660
2170 0.000215 0.036298 300.000000 7.575758
2170 0.000288 0.043728 400.000000 8.130081
2170 0.000234 0.054059 500.000000 8.547009
2180 0.000775 0.017434 100.000000 10.869565
2180 0.000406 0.031984 200.000000 6.578948
2180 0.000221 0.037669 300.000000 7.537688
2180 0.000296 0.046854 400.000000 8.113590
2190 0.000674 0.014555 100.000000 10.526316
2190 0.000442 0.032751 200.000000 6.557377
2190 0.000267 0.042822 300.000000 7.518797
2190 0.000309 0.054925 400.000000 8.097166
2200 0.000484 0.019139 100.000000 9.900990
2200 0.000457 0.037398 200.000000 6.535948
2200 0.000297 0.047705 300.000000 7.518797
2200 0.000330 0.061240 400.000000 8.064516
2210 0.000801 0.042585 100.000000 4.926108
2210 0.000384 0.040894 200.000000 6.514658
2210 0.000280 0.048890 300.000000 7.518797
2210 0.000310 0.062663 400.000000 8.032128
2220 0.001001 0.032487 100.000000 4.694836
2220 0.000432 0.047425 200.000000 6.493506
2220 0.000302 0.056426 300.000000 7.481297
2220 0.000315 0.071155 400.000000 8.016032
2230 0.001037 0.030976 100.000000 4.651163
2230 0.000454 0.054689 200.000000 6.493506
2230 0.000445 0.062923 300.000000 7.444169
2230 0.000323 0.078579 400.000000 8.032128
2240 0.001162 0.035163 100.000000 4.651163
2240 0.000482 0.064935 200.000000 6.493506
2240 0.000477 0.074069 300.000000 7.407407
2240 0.000343 0.087939 400.000000 8.032128
2250 0.001246 0.046217 100.000000 4.651163
2250 0.000498 0.075917 200.000000 6.514658
2250 0.000487 0.086029 300.000000 7.425743
2250 0.000358 0.098581 400.000000 8.048289
2260 0.001375 0.063725 100.000000 4.672897
2260 0.000538 0.094198 200.000000 6.493506
2260 0.000550 0.104115 300.000000 7.444169
2260 0.000382 0.115538 400.000000 8.048289
2270 0.001423 0.080462 100.000000 4.672897
2270 0.000582 0.104537 200.000000 6.493506
2270 0.000578 0.115391 300.000000 7.444169
2280 0.001470 0.093614 100.000000 4.716981
2280 0.000627 0.112534 200.000000 6.514658
2280 0.000580 0.123033 300.000000 7.481297
2290 0.001428 0.100309 100.000000 4.761905
2290 0.000618 0.112819 200.000000 6.578948
2290 0.000570 0.123593 300.000000 7.500000
2300 0.001267 0.102183 100.000000 4.854369
2300 0.000569 0.107149 200.000000 6.688963
2300 0.000542 0.117540 300.000000 7.556675
2310 0.000842 0.076286 100.000000 5.000000
2310 0.000419 0.073028 200.000000 6.825939
2310 0.000428 0.081368 300.000000 7.672634
2320 0.000763 0.072628 100.000000 5.181347
2320 0.000394 0.068578 200.000000 7.017544
2320 0.000408 0.077658 300.000000 7.812500
2330 0.000658 0.067127 100.000000 5.434783
2330 0.000353 0.062476 200.000000 7.246377
2330 0.000364 0.071950 300.000000 8.000000
2340 0.000667 0.069286 100.000000 5.747127
2340 0.000359 0.064746 200.000000 7.518797
2340 0.000367 0.074251 300.000000 8.219178
2350 0.000654 0.068567 100.000000 6.097561
2350 0.000355 0.064154 200.000000 7.812500
2350 0.000363 0.073752 300.000000 8.450705
2360 0.000381 0.046101 100.000000 6.493506
2360 0.000267 0.042515 200.000000 8.130081
2360 0.000271 0.052880 300.000000 8.695652
2370 0.000360 0.043346 100.000000 6.944445
2370 0.000266 0.040605 200.000000 8.438819
2370 0.000260 0.051010 300.000000 8.955224
2380 0.000367 0.043503 100.000000 7.462687
2380 0.000274 0.040949 200.000000 8.810573
2380 0.000259 0.051444 300.000000 9.230769
2390 0.000345 0.041066 100.000000 8.064516
2390 0.000265 0.038470 200.000000 9.216590
2390 0.000249 0.048968 300.000000 9.523809
2400 0.000380 0.043870 100.000000 8.771930
2400 0.000282 0.041399 200.000000 9.661836
2400 0.000257 0.051925 300.000000 9.836065
2410 0.000189 0.026693 100.000000 9.345795
2410 0.000231 0.022509 200.000000 10.050251
2410 0.000185 0.033469 300.000000 10.101010
2420 0.000189 0.009906 100.000000 9.900990
2420 0.000242 0.013224 200.000000 10.362695
2420 0.000137 0.021040 300.000000 10.309278
2430 0.000184 0.009271 100.000000 10.309278
2430 0.000221 0.014834 200.000000 10.526316
2430 0.000152 0.020287 300.000000 10.452962
2440 0.000313 0.012728 100.000000 10.526316
2440 0.000186 0.023069 200.000000 10.582010
2440 0.000184 0.028282 300.000000 10.526316
2450 0.000297 0.009527 100.000000 10.638298
2450 0.000217 0.018303 200.000000 10.471204
2450 0.000171 0.022858 300.000000 10.563380
2460 0.000356 0.008243 100.000000 10.638298
2460 0.000177 0.016780 200.000000 10.471204
2460 0.000156 0.022220 300.000000 10.563380
2470 0.000434 0.011438 100.000000 10.526316
2470 0.000211 0.019464 200.000000 10.471204
2470 0.000182 0.025538 300.000000 10.563380
2480 0.000389 0.013521 100.000000 10.416667
2480 0.000200 0.016674 200.000000 10.526316
2490 0.000332 0.011875 100.000000 10.416667
2490 0.000186 0.016110 200.000000 10.526316
2500 0.000360 0.013852 100.000000 10.526316
2500 0.000186 0.015893 200.000000 10.471204
2510 0.000329 0.007953 100.000000 10.638298
2510 0.000221 0.017117 200.000000 10.416667
2520 0.000302 0.011391 100.000000 10.638298
2520 0.000209 0.020537 200.000000 10.416667
2530 0.000220 0.015994 100.000000 10.416667
2530 0.000251 0.026033 200.000000 10.416667
2540 0.000439 0.012369 100.000000 10.204082
2540 0.000209 0.022046 200.000000 10.416667
2550 0.000498 0.016641 100.000000 10.101010
2550 0.000250 0.029692 200.000000 10.416667
2560 0.000530 0.021912 100.000000 10.204082
2560 0.000279 0.033782 200.000000 10.471204
2570 0.000647 0.027310 100.000000 10.309278
2570 0.000313 0.036714 200.000000 10.526316
2580 0.000538 0.028823 100.000000 10.416667
2590 0.000486 0.033143 100.000000 10.309278
2600 0.000536 0.035721 100.000000 10.101010
2610 0.000482 0.045457 100.000000 10.000000
2620 0.000395 0.043278 100.000000 10.101010
2630 0.000343 0.018267 100.000000 10.309278
2640 0.000449 0.013965 100.000000 10.526316
2650 0.000369 0.014308 100.000000 10.638298
2660 0.000394 0.014998 100.000000 10.638298
