0 0.000381 0.013400 100.000000 11.627907
0 0.000338 0.020413 200.000000 12.048193
0 0.000309 0.023605 300.000000 10.309278
0 0.000403 0.044136 400.000000 10.282776
0 0.000444 0.067719 500.000000 10.351967
0 0.000369 0.089162 600.000000 10.791367
0 0.000298 0.106243 700.000000 11.146497
0 0.000434 0.098199 800.000000 10.810811
10 0.000486 0.013574 100.000000 11.627907
10 0.000345 0.022469 200.000000 12.048193
10 0.000459 0.026935 300.000000 9.771987
10 0.000411 0.048319 400.000000 10.335917
10 0.000446 0.072402 500.000000 10.330579
10 0.000363 0.093314 600.000000 10.810811
10 0.000287 0.109673 700.000000 11.164274
10 0.000439 0.092749 800.000000 10.796222
20 0.000470 0.013403 100.000000 11.764706
20 0.000327 0.023260 200.000000 11.904762
20 0.000513 0.029390 300.000000 9.646302
20 0.000418 0.051723 400.000000 10.389610
20 0.000442 0.076175 500.000000 10.351967
20 0.000371 0.097233 600.000000 10.830325
20 0.000280 0.112816 700.000000 11.182109
20 0.000441 0.087598 800.000000 10.810811
30 0.000542 0.011715 100.000000 11.764706
30 0.000308 0.021379 200.000000 11.560694
30 0.000527 0.029812 300.000000 9.615385
30 0.000471 0.055976 400.000000 10.416667
30 0.000443 0.080722 500.000000 10.373444
30 0.000378 0.101416 600.000000 10.869565
30 0.000275 0.116865 700.000000 11.182109
30 0.000449 0.082951 800.000000 10.840109
40 0.000517 0.012118 100.000000 11.904762
40 0.000324 0.021850 200.000000 11.111111
40 0.000537 0.031825 300.000000 9.646302
40 0.000486 0.059460 400.000000 10.443864
40 0.000448 0.085332 500.000000 10.416667
40 0.000371 0.106158 600.000000 10.909091
40 0.000275 0.121010 700.000000 11.182109
40 0.000450 0.078185 800.000000 10.869565
50 0.000549 0.021748 100.000000 11.904762
50 0.000304 0.027428 200.000000 10.752688
50 0.000481 0.041411 300.000000 9.677420
50 0.000480 0.065588 400.000000 10.443864
50 0.000418 0.089749 500.000000 10.460251
50 0.000347 0.108762 600.000000 10.928962
50 0.000253 0.121143 700.000000 11.128776
50 0.000434 0.070964 800.000000 10.899182
60 0.000440 0.034555 100.000000 12.048193
60 0.000249 0.033283 200.000000 10.526316
60 0.000445 0.050655 300.000000 9.708738
60 0.000480 0.072383 400.000000 10.309278
60 0.000391 0.093366 500.000000 10.504202
60 0.000323 0.110128 600.000000 10.968922
60 0.000350 0.116627 700.000000 10.920437
60 0.000418 0.064058 800.000000 10.928962
70 0.000291 0.030081 100.000000 12.048193
70 0.000255 0.024837 200.000000 10.309278
70 0.000471 0.050010 300.000000 9.771987
70 0.000475 0.076412 400.000000 10.152285
70 0.000414 0.098196 500.000000 10.548523
70 0.000334 0.116356 600.000000 10.989011
70 0.000471 0.117533 700.000000 10.736197
70 0.000440 0.060578 800.000000 10.958904
80 0.000344 0.030574 100.000000 12.195122
80 0.000255 0.025473 200.000000 9.900990
80 0.000483 0.055566 300.000000 9.803922
80 0.000498 0.080978 400.000000 10.050251
80 0.000414 0.103429 500.000000 10.570825
80 0.000338 0.119905 600.000000 11.029411
80 0.000492 0.112220 700.000000 10.670732
80 0.000432 0.055532 800.000000 10.989011
90 0.000275 0.016355 100.000000 12.195122
90 0.000651 0.011847 200.000000 9.216590
90 0.000534 0.054511 300.000000 9.868421
90 0.000550 0.087489 400.000000 10.000000
90 0.000449 0.112900 500.000000 10.615711
90 0.000368 0.132071 600.000000 11.049724
90 0.000525 0.114929 700.000000 10.670732
90 0.000470 0.054864 800.000000 11.019283
100 0.000256 0.017707 100.000000 12.048193
100 0.000714 0.018449 200.000000 8.849558
100 0.000554 0.061564 300.000000 9.933775
100 0.000548 0.093113 400.000000 10.000000
100 0.000451 0.117002 500.000000 10.638298
100 0.000357 0.134616 600.000000 11.070110
100 0.000520 0.107014 700.000000 10.670732
100 0.000469 0.048485 800.000000 11.034483
110 0.000315 0.014969 100.000000 11.494253
110 0.000835 0.019064 200.000000 8.733624
110 0.000573 0.067476 300.000000 9.966778
110 0.000569 0.100911 400.000000 10.025063
110 0.000494 0.125801 500.000000 10.660981
110 0.000364 0.143862 600.000000 11.070110
110 0.000545 0.104280 700.000000 10.687023
110 0.000484 0.044843 800.000000 11.049724
120 0.000343 0.024259 100.000000 10.526316
120 0.000894 0.021761 200.000000 8.733624
120 0.000682 0.074246 300.000000 10.000000
120 0.000605 0.109815 400.000000 10.075566
120 0.000517 0.136442 500.000000 10.683761
120 0.000382 0.154300 600.000000 11.049724
120 0.000562 0.101027 700.000000 10.703364
120 0.000498 0.041118 800.000000 11.065007
130 0.000201 0.016270 100.000000 9.803922
130 0.000801 0.037194 200.000000 8.771930
130 0.000686 0.080573 300.000000 10.000000
130 0.000568 0.113626 400.000000 10.101010
130 0.000470 0.136844 500.000000 10.706638
130 0.000351 0.151418 600.000000 11.009174
130 0.000536 0.089340 700.000000 10.736197
130 0.000488 0.032230 800.000000 11.065007
140 0.000266 0.014370 100.000000 9.345795
140 0.000780 0.047557 200.000000 8.771930
140 0.000712 0.087823 300.000000 9.836065
140 0.000541 0.118349 400.000000 10.126582
140 0.000456 0.139823 500.000000 10.729613
140 0.000416 0.149270 600.000000 10.791367
140 0.000526 0.080830 700.000000 10.769231
140 0.000476 0.025560 800.000000 11.080333
150 0.000229 0.010057 100.000000 8.928572
150 0.000712 0.059461 200.000000 8.810573
150 0.000614 0.093415 300.000000 9.584664
150 0.000520 0.118114 400.000000 10.152285
150 0.000418 0.136619 500.000000 10.752688
150 0.000550 0.136724 600.000000 10.526316
150 0.000516 0.068302 700.000000 10.785825
150 0.000454 0.017281 800.000000 11.080333
160 0.000231 0.014155 100.000000 8.264462
160 0.000698 0.068325 200.000000 8.888889
160 0.000631 0.098701 300.000000 9.433962
160 0.000511 0.122385 400.000000 10.178117
160 0.000415 0.138794 500.000000 10.775862
160 0.000583 0.127738 600.000000 10.434783
160 0.000499 0.060062 700.000000 10.802469
160 0.000455 0.012738 800.000000 11.080333
170 0.001129 0.019638 100.000000 7.299270
170 0.000720 0.076332 200.000000 8.928572
170 0.000666 0.107984 300.000000 9.375000
170 0.000523 0.131052 400.000000 10.230179
170 0.000421 0.147783 500.000000 10.799136
170 0.000593 0.124692 600.000000 10.416667
170 0.000519 0.056787 700.000000 10.835914
170 0.000459 0.010826 800.000000 11.095700
180 0.001275 0.025627 100.000000 6.896552
180 0.000784 0.083231 200.000000 9.049774
180 0.000681 0.114604 300.000000 9.404388
180 0.000531 0.136668 400.000000 10.282776
180 0.000416 0.152104 500.000000 10.845987
180 0.000595 0.118259 600.000000 10.434783
180 0.000524 0.051334 700.000000 10.869565
180 0.000462 0.010327 800.000000 11.095700
190 0.001434 0.035602 100.000000 6.896552
190 0.000794 0.090961 200.000000 9.216590
190 0.000684 0.121146 300.000000 9.493670
190 0.000565 0.142088 400.000000 10.362695
190 0.000408 0.156830 500.000000 10.893247
190 0.000603 0.113210 600.000000 10.489511
190 0.000527 0.046952 700.000000 10.920437
190 0.000459 0.012035 800.000000 11.126565
200 0.001353 0.048563 100.000000 7.092198
200 0.000686 0.094826 200.000000 9.389671
200 0.000643 0.120936 300.000000 9.646302
200 0.000547 0.140025 400.000000 10.498688
200 0.000388 0.153366 500.000000 10.989011
200 0.000592 0.103898 600.000000 10.582010
200 0.000523 0.040674 700.000000 11.006289
200 0.000824 0.014922 800.000000 11.173184
210 0.001490 0.057860 100.000000 7.299270
210 0.000868 0.105258 200.000000 9.615385
210 0.000711 0.134219 300.000000 9.803922
210 0.000585 0.153556 400.000000 10.638298
210 0.000422 0.166115 500.000000 11.111111
210 0.000613 0.107382 600.000000 10.676157
210 0.000538 0.042170 700.000000 11.093502
210 0.000925 0.018355 800.000000 11.220197
220 0.001527 0.067819 100.000000 7.575758
220 0.000877 0.109705 200.000000 9.852217
220 0.000695 0.136720 300.000000 10.000000
220 0.000557 0.156074 400.000000 10.781672
220 0.000405 0.167628 500.000000 11.185682
220 0.000608 0.101621 600.000000 10.771993
220 0.000534 0.038120 700.000000 11.182109
220 0.000925 0.023825 800.000000 11.283498
230 0.001488 0.081912 100.000000 7.812500
230 0.000958 0.118621 200.000000 10.000000
230 0.000713 0.146317 300.000000 10.135135
230 0.000565 0.164515 400.000000 10.899182
230 0.000408 0.174587 500.000000 11.235955
230 0.000611 0.099754 600.000000 10.869565
230 0.000544 0.035740 700.000000 11.254020
230 0.000932 0.030172 800.000000 11.331445
240 0.001427 0.092091 100.000000 8.064516
240 0.000982 0.122723 200.000000 10.050251
240 0.000689 0.148041 300.000000 10.273973
240 0.000541 0.164658 400.000000 11.019283
240 0.000399 0.172117 500.000000 11.185682
240 0.000601 0.092058 600.000000 10.968922
240 0.000529 0.029382 700.000000 11.308562
240 0.000911 0.038474 800.000000 11.379801
250 0.001340 0.098148 100.000000 8.333333
250 0.000916 0.122406 200.000000 10.000000
250 0.000651 0.143079 300.000000 10.452962
250 0.000522 0.158794 400.000000 11.142061
250 0.000547 0.159702 500.000000 11.013216
250 0.000580 0.080230 600.000000 11.049724
250 0.000510 0.022160 700.000000 11.382113
250 0.000891 0.047130 800.000000 11.444921
260 0.001312 0.106098 100.000000 8.620689
260 0.000850 0.127387 200.000000 9.900990
260 0.000650 0.144328 300.000000 10.600707
260 0.000503 0.159120 400.000000 11.267606
260 0.000635 0.153801 500.000000 10.893247
260 0.000585 0.072998 600.000000 11.131725
260 0.000500 0.018433 700.000000 11.456629
260 0.000887 0.054852 800.000000 11.510792
270 0.001315 0.115327 100.000000 8.928572
270 0.000860 0.131430 200.000000 9.900990
270 0.000652 0.148103 300.000000 10.752688
270 0.000490 0.160743 400.000000 11.428572
270 0.000686 0.148133 500.000000 10.893247
270 0.000577 0.067567 600.000000 11.235955
270 0.000507 0.015257 700.000000 11.532125
270 0.000893 0.060902 800.000000 11.594203
280 0.001232 0.111147 100.000000 9.433962
280 0.000844 0.125045 200.000000 10.101010
280 0.000621 0.141571 300.000000 10.989011
280 0.000482 0.153276 400.000000 11.627907
280 0.000666 0.134973 500.000000 10.964912
280 0.000555 0.058608 600.000000 11.363636
280 0.000495 0.013079 700.000000 11.627907
280 0.000881 0.067824 800.000000 11.695907
290 0.000916 0.078623 100.000000 10.101010
290 0.000709 0.094034 200.000000 10.362695
290 0.000523 0.110340 300.000000 11.278195
290 0.000405 0.122318 400.000000 11.834319
290 0.000600 0.102487 500.000000 11.111111
290 0.000498 0.036773 600.000000 11.516315
290 0.000451 0.016409 700.000000 11.744967
290 0.000845 0.078028 800.000000 11.799410
300 0.000456 0.038173 100.000000 10.869565
300 0.000525 0.054368 200.000000 10.695188
300 0.000391 0.070367 300.000000 11.583012
300 0.000309 0.082560 400.000000 12.084592
300 0.000519 0.064395 500.000000 11.261261
300 0.000438 0.013960 600.000000 11.673152
300 0.000392 0.030201 700.000000 11.884550
300 0.000803 0.088050 800.000000 11.922503
310 0.000329 0.022433 100.000000 11.764706
310 0.000441 0.038192 200.000000 11.049724
310 0.000330 0.053754 300.000000 11.857708
310 0.000267 0.065968 400.000000 12.307693
310 0.000484 0.046845 500.000000 11.415525
310 0.000416 0.009706 600.000000 11.834319
310 0.000356 0.037416 700.000000 12.006861
310 0.000785 0.093849 800.000000 12.048193
320 0.000390 0.019662 100.000000 12.658228
320 0.000413 0.035361 200.000000 11.299435
320 0.000317 0.050466 300.000000 12.145749
320 0.000264 0.061859 400.000000 12.539185
320 0.000478 0.039733 500.000000 11.547344
320 0.000421 0.011514 600.000000 11.952191
320 0.000356 0.040895 700.000000 12.110726
320 0.000778 0.099834 800.000000 12.139606
330 0.000234 0.014524 100.000000 13.333333
330 0.000337 0.023515 200.000000 11.560694
330 0.000292 0.037883 300.000000 12.295082
330 0.000221 0.048434 400.000000 12.658228
330 0.000450 0.023870 500.000000 11.627907
330 0.000391 0.019724 600.000000 12.048193
330 0.000331 0.047856 700.000000 12.152778
330 0.000772 0.107735 800.000000 12.213740
340 0.000105 0.005364 100.000000 13.698630
340 0.000313 0.021889 200.000000 11.695907
340 0.000300 0.035637 300.000000 12.448133
340 0.000209 0.045854 400.000000 12.698413
340 0.000447 0.016859 500.000000 11.709601
340 0.000392 0.025391 600.000000 12.096774
340 0.000828 0.051160 700.000000 12.131716
340 0.000768 0.116344 800.000000 12.251148
350 0.000370 0.014702 100.000000 13.698630
350 0.000319 0.022423 200.000000 11.764706
350 0.000267 0.035617 300.000000 12.500000
350 0.000194 0.043900 400.000000 12.658228
350 0.000435 0.009706 500.000000 11.737089
350 0.000378 0.031553 600.000000 12.096774
350 0.000845 0.061431 700.000000 12.110726
350 0.000770 0.125593 800.000000 12.269938
360 0.000579 0.019656 100.000000 13.333333
360 0.000330 0.031353 200.000000 11.834319
360 0.000284 0.044515 300.000000 12.500000
360 0.000186 0.051427 400.000000 12.461060
360 0.000437 0.010050 500.000000 11.764706
360 0.000384 0.034520 600.000000 12.096774
360 0.000843 0.072425 700.000000 12.068966
360 0.000770 0.136099 800.000000 12.232416
370 0.000652 0.021008 100.000000 12.195122
370 0.000323 0.031698 200.000000 11.834319
370 0.000282 0.044667 300.000000 12.500000
370 0.000389 0.045179 400.000000 11.834319
370 0.000438 0.012470 500.000000 11.792453
370 0.000366 0.040917 600.000000 12.096774
370 0.000826 0.083584 700.000000 12.068966
370 0.000770 0.146426 800.000000 12.102875
380 0.000590 0.023050 100.000000 10.869565
380 0.000339 0.034983 200.000000 11.834319
380 0.000249 0.046563 300.000000 12.500000
380 0.000535 0.039174 400.000000 11.461318
380 0.000434 0.014630 500.000000 11.792453
380 0.000375 0.045599 600.000000 12.072434
380 0.000836 0.094531 700.000000 12.068966
380 0.000769 0.156901 800.000000 11.958146
390 0.000691 0.030900 100.000000 10.309278
390 0.000377 0.043191 200.000000 11.834319
390 0.000288 0.054258 300.000000 12.448133
390 0.000540 0.035925 400.000000 11.299435
390 0.000439 0.018957 500.000000 11.792453
390 0.000384 0.050287 600.000000 12.024048
390 0.000855 0.105865 700.000000 12.068966
390 0.000787 0.168116 800.000000 11.834319
400 0.000616 0.022785 100.000000 10.101010
400 0.000321 0.034180 200.000000 11.764706
400 0.000245 0.043869 300.000000 12.396694
400 0.000506 0.019078 400.000000 11.235955
400 0.000424 0.028942 500.000000 11.792453
400 0.000355 0.057621 600.000000 11.976048
400 0.000853 0.118814 700.000000 12.048193
400 0.000779 0.177581 800.000000 11.730206
410 0.000628 0.034063 100.000000 10.000000
410 0.000410 0.044352 200.000000 11.764706
410 0.000249 0.053838 300.000000 12.345679
410 0.000536 0.018657 400.000000 11.235955
410 0.000448 0.032962 500.000000 11.764706
410 0.000786 0.060165 600.000000 11.881188
410 0.000870 0.130789 700.000000 12.048193
410 0.000865 0.187900 800.000000 11.611031
420 0.000314 0.024026 100.000000 10.101010
420 0.000391 0.033138 200.000000 11.764706
420 0.000307 0.041594 300.000000 12.244898
420 0.000516 0.018656 400.000000 11.267606
420 0.000429 0.045042 500.000000 11.764706
420 0.000946 0.073262 600.000000 11.834319
420 0.000845 0.141702 700.000000 12.048193
430 0.000221 0.018646 100.000000 10.309278
430 0.000367 0.025432 200.000000 11.904762
430 0.000288 0.033594 300.000000 12.145749
430 0.000482 0.026346 400.000000 11.331445
430 0.000404 0.052206 500.000000 11.820331
430 0.000923 0.084769 600.000000 11.834319
430 0.000822 0.150374 700.000000 12.048193
440 0.000229 0.015108 100.000000 10.752688
440 0.000368 0.019692 200.000000 12.195122
440 0.000310 0.027422 300.000000 11.952191
440 0.000466 0.033806 400.000000 11.461318
440 0.000378 0.057626 500.000000 11.904762
440 0.000895 0.092601 600.000000 11.904762
440 0.000820 0.155663 700.000000 12.068966
450 0.000311 0.015999 100.000000 11.363636
450 0.000406 0.023018 200.000000 12.578616
450 0.000462 0.027506 300.000000 11.673152
450 0.000495 0.034339 400.000000 11.627907
450 0.000386 0.059749 500.000000 12.019231
450 0.000895 0.099568 600.000000 12.000000
450 0.000819 0.162576 700.000000 12.068966
460 0.000438 0.018788 100.000000 12.048193
460 0.000426 0.032339 200.000000 12.987013
460 0.000608 0.032715 300.000000 11.583012
460 0.000522 0.032628 400.000000 11.834319
460 0.000403 0.060682 500.000000 12.165450
460 0.000916 0.106301 600.000000 12.121212
460 0.000838 0.170418 700.000000 12.089810
470 0.000438 0.016434 100.000000 12.820513
470 0.000421 0.030671 200.000000 13.333333
470 0.000655 0.030502 300.000000 11.583012
470 0.000497 0.039135 400.000000 11.976048
470 0.000399 0.063964 500.000000 12.285012
470 0.000912 0.111564 600.000000 12.244898
470 0.000824 0.174981 700.000000 12.089810
480 0.000507 0.013543 100.000000 13.333333
480 0.000459 0.024833 200.000000 13.698630
480 0.000628 0.025102 300.000000 11.583012
480 0.000475 0.044664 400.000000 12.121212
480 0.000386 0.067465 500.000000 12.376238
480 0.000907 0.119642 600.000000 12.320329
480 0.000823 0.180535 700.000000 12.068966
490 0.000549 0.013182 100.000000 13.698630
490 0.000478 0.028757 200.000000 13.793103
490 0.000620 0.026569 300.000000 11.627907
490 0.000494 0.048720 400.000000 12.195122
490 0.000369 0.071135 500.000000 12.406948
490 0.000921 0.127927 600.000000 12.396694
490 0.000832 0.189153 700.000000 12.027492
500 0.000616 0.015675 100.000000 13.888889
500 0.000482 0.032214 200.000000 13.888889
500 0.000604 0.031677 300.000000 11.627907
500 0.000473 0.054685 400.000000 12.232416
500 0.000362 0.075117 500.000000 12.376238
500 0.000931 0.138198 600.000000 12.422360
500 0.000830 0.196615 700.000000 11.965812
510 0.000667 0.016879 100.000000 13.888889
510 0.000470 0.032150 200.000000 13.793103
510 0.000615 0.032688 300.000000 11.627907
510 0.000480 0.059252 400.000000 12.232416
510 0.001055 0.077388 500.000000 12.285012
510 0.000934 0.150832 600.000000 12.422360
520 0.000598 0.018322 100.000000 13.888889
520 0.000423 0.030883 200.000000 13.513514
520 0.000589 0.040256 300.000000 11.627907
520 0.000461 0.066057 400.000000 12.195122
520 0.001065 0.092985 500.000000 12.165450
520 0.000934 0.163024 600.000000 12.396694
530 0.000560 0.022071 100.000000 13.698630
530 0.000377 0.029761 200.000000 12.738853
530 0.000576 0.045035 300.000000 11.673152
530 0.000445 0.071991 400.000000 12.158054
530 0.001057 0.108688 500.000000 12.106538
530 0.000942 0.177998 600.000000 12.295082
540 0.000502 0.020853 100.000000 13.698630
540 0.000666 0.026036 200.000000 11.428572
540 0.000570 0.052436 300.000000 11.673152
540 0.000414 0.077750 400.000000 12.121212
540 0.001042 0.121146 500.000000 12.106538
540 0.000933 0.189214 600.000000 12.096774
550 0.000462 0.017763 100.000000 13.698630
550 0.000804 0.023694 200.000000 10.869565
550 0.000547 0.060480 300.000000 11.673152
550 0.000426 0.082293 400.000000 12.121212
550 0.001049 0.134857 500.000000 12.106538
550 0.000934 0.201372 600.000000 11.904762
560 0.000423 0.015369 100.000000 13.698630
560 0.000766 0.028611 200.000000 10.695188
560 0.000549 0.066335 300.000000 11.718750
560 0.000413 0.088300 400.000000 12.048193
560 0.001074 0.149426 500.000000 12.106538
560 0.000952 0.214684 600.000000 11.764706
570 0.000398 0.015119 100.000000 13.513514
570 0.000735 0.040043 200.000000 10.638298
570 0.000536 0.072852 300.000000 11.718750
570 0.000401 0.092201 400.000000 11.976048
570 0.001093 0.161779 500.000000 12.106538
570 0.000951 0.224030 600.000000 11.650485
580 0.000481 0.019423 100.000000 13.333333
580 0.000710 0.051927 200.000000 10.695188
580 0.000530 0.078562 300.000000 11.718750
580 0.001259 0.091784 400.000000 11.869436
580 0.001078 0.172185 500.000000 12.106538
590 0.000394 0.015977 100.000000 12.987013
590 0.000747 0.060509 200.000000 10.695188
590 0.000539 0.087672 300.000000 11.673152
590 0.001310 0.112589 400.000000 11.764706
590 0.001107 0.191969 500.000000 12.077294
600 0.000354 0.015363 100.000000 11.764706
600 0.000745 0.070227 200.000000 10.752688
600 0.000549 0.095186 300.000000 11.673152
600 0.001306 0.130699 400.000000 11.730206
600 0.001111 0.208115 500.000000 12.019231
610 0.000971 0.029127 100.000000 9.803922
610 0.000779 0.080073 200.000000 10.752688
610 0.000532 0.104038 300.000000 11.627907
610 0.001308 0.150021 400.000000 11.695907
610 0.001119 0.224911 500.000000 11.792453
620 0.001499 0.036526 100.000000 8.928572
620 0.000797 0.090810 200.000000 10.810811
620 0.000565 0.112385 300.000000 11.583012
620 0.001322 0.169664 400.000000 11.695907
620 0.001131 0.242821 500.000000 11.574074
630 0.001499 0.055078 100.000000 8.695652
630 0.000791 0.102457 200.000000 10.810811
630 0.000557 0.120834 300.000000 11.538462
630 0.001357 0.186988 400.000000 11.730206
630 0.001153 0.258163 500.000000 11.441648
640 0.001570 0.072007 100.000000 8.695652
640 0.000858 0.114105 200.000000 10.869565
640 0.000597 0.131767 300.000000 11.494253
640 0.001404 0.209802 400.000000 11.730206
640 0.001183 0.276866 500.000000 11.337869
650 0.001677 0.094520 100.000000 8.695652
650 0.000882 0.127674 200.000000 10.928962
650 0.001135 0.139510 300.000000 11.406844
650 0.001440 0.231359 400.000000 11.764706
650 0.001319 0.294507 500.000000 11.185682
660 0.001673 0.114073 100.000000 8.849558
660 0.000891 0.137492 200.000000 10.989011
660 0.001822 0.153241 300.000000 11.363636
660 0.001444 0.246983 400.000000 11.799410
670 0.001731 0.136857 100.000000 9.090909
670 0.000948 0.152855 200.000000 11.111111
670 0.001833 0.178208 300.000000 11.406844
670 0.001450 0.268112 400.000000 11.869436
680 0.001771 0.153896 100.000000 9.523809
680 0.000962 0.165402 200.000000 11.363636
680 0.001855 0.198118 300.000000 11.538462
680 0.001461 0.284435 400.000000 11.976048
690 0.001584 0.138623 100.000000 10.101010
690 0.000849 0.148191 200.000000 11.764706
690 0.001782 0.185956 300.000000 11.811024
690 0.001436 0.271258 400.000000 12.121212
700 0.000964 0.074876 100.000000 10.869565
700 0.000550 0.087558 200.000000 12.195122
700 0.001559 0.131145 300.000000 12.096774
700 0.001274 0.216334 400.000000 12.232416
710 0.000655 0.044170 100.000000 11.627907
710 0.000372 0.055499 200.000000 12.658228
710 0.001460 0.103411 300.000000 12.396694
710 0.001194 0.186369 400.000000 12.383901
720 0.000323 0.017703 100.000000 12.500000
720 0.000242 0.026174 200.000000 13.071896
720 0.001353 0.075222 300.000000 12.711864
720 0.001105 0.158575 400.000000 12.422360
730 0.000230 0.013058 100.000000 13.333333
730 0.000194 0.020182 200.000000 13.422819
730 0.001290 0.070248 300.000000 12.931034
730 0.001061 0.150830 400.000000 12.422360
740 0.000232 0.014146 100.000000 13.888889
740 0.000215 0.018192 200.000000 13.605442
740 0.001322 0.081663 300.000000 13.100436
740 0.001066 0.160429 400.000000 12.383901
750 0.000240 0.013080 100.000000 14.285714
750 0.000190 0.017808 200.000000 13.605442
750 0.001344 0.092512 300.000000 13.215859
750 0.001070 0.169907 400.000000 12.269938
760 0.000251 0.015037 100.000000 14.285714
760 0.000196 0.018702 200.000000 13.422819
760 0.001343 0.108821 300.000000 13.215859
760 0.001149 0.179002 400.000000 12.084592
770 0.000232 0.016774 100.000000 14.084507
770 0.001898 0.013329 200.000000 13.071896
770 0.001359 0.122920 300.000000 13.215859
780 0.000192 0.014525 100.000000 13.888889
780 0.001944 0.035648 200.000000 12.820513
780 0.001372 0.147917 300.000000 13.100436
790 0.000211 0.015093 100.000000 13.698630
790 0.001875 0.064161 200.000000 12.738853
790 0.001393 0.171104 300.000000 12.711864
800 0.000277 0.015864 100.000000 13.333333
800 0.001946 0.084790 200.000000 12.658228
800 0.001389 0.184918 300.000000 12.244898
810 0.000340 0.015056 100.000000 13.157895
810 0.001949 0.118692 200.000000 12.658228
810 0.001422 0.211719 300.000000 11.904762
820 0.000341 0.015505 100.000000 12.820513
820 0.001982 0.131929 200.000000 12.658228
820 0.001384 0.219247 300.000000 11.627907
830 0.000806 0.013202 100.000000 12.345679
830 0.001973 0.159841 200.000000 12.658228
830 0.001579 0.233737 300.000000 11.363636
840 0.003712 0.008454 100.000000 12.048193
840 0.002006 0.182930 200.000000 12.658228
850 0.003662 0.055574 100.000000 11.764706
850 0.001966 0.207949 200.000000 12.578616
860 0.003588 0.112790 100.000000 11.627907
860 0.002026 0.240325 200.000000 12.269938
870 0.003659 0.157393 100.000000 11.764706
870 0.002023 0.267994 200.000000 11.764706
880 0.003632 0.196057 100.000000 11.904762
880 0.002007 0.285879 200.000000 11.363636
890 0.003773 0.245335 100.000000 12.048193
890 0.002056 0.315672 200.000000 11.111111
900 0.003859 0.284338 100.000000 12.345679
900 0.002065 0.334691 200.000000 10.989011
910 0.003226 0.265263 100.000000 12.658228
910 0.001997 0.287216 200.000000 10.810811
920 0.000311 0.014494 100.000000 12.987013
930 0.000358 0.012581 100.000000 13.333333
940 0.000378 0.012391 100.000000 13.157895
950 0.000435 0.015852 100.000000 12.048193
960 0.000382 0.018904 100.000000 10.989011
970 0.000388 0.015383 100.000000 10.204082
980 0.000358 0.008816 100.000000 9.708738
990 0.000864 0.017267 100.000000 9.090909
