0 0.000829 0.042389 100.000000 8.474576
0 0.000634 0.062865 200.000000 9.478673
0 0.001049 0.071689 300.000000 10.452962
0 0.000836 0.092344 400.000000 10.498688
0 0.000690 0.129117 500.000000 10.438414
0 0.000660 0.145684 600.000000 10.434783
0 0.000685 0.164074 700.000000 10.294118
0 0.000645 0.171306 800.000000 10.282776
10 0.000858 0.046521 100.000000 9.009009
10 0.000697 0.066302 200.000000 9.756098
10 0.001084 0.077696 300.000000 10.714286
10 0.000839 0.101481 400.000000 10.695188
10 0.000692 0.137511 500.000000 10.593221
10 0.000656 0.152066 600.000000 10.563380
10 0.000683 0.169586 700.000000 10.385756
10 0.000643 0.175812 800.000000 10.376135
20 0.000922 0.055311 100.000000 9.523809
20 0.000696 0.074698 200.000000 10.050251
20 0.001128 0.082982 300.000000 10.989011
20 0.000851 0.106807 400.000000 10.840109
20 0.000715 0.142617 500.000000 10.729613
20 0.000672 0.157369 600.000000 10.676157
20 0.000693 0.176701 700.000000 10.463378
20 0.000650 0.180364 800.000000 10.471204
30 0.000864 0.056333 100.000000 10.101010
30 0.000691 0.075181 200.000000 10.256411
30 0.001160 0.081992 300.000000 11.235955
30 0.000824 0.108752 400.000000 10.958904
30 0.000711 0.142930 500.000000 10.845987
30 0.000673 0.156745 600.000000 10.771993
30 0.000702 0.177864 700.000000 10.510510
30 0.000639 0.179076 800.000000 10.554090
40 0.000798 0.050821 100.000000 10.526316
40 0.000671 0.066993 200.000000 10.471204
40 0.001125 0.075752 300.000000 11.450381
40 0.000794 0.108544 400.000000 11.049724
40 0.000691 0.140288 500.000000 10.917030
40 0.000657 0.151452 600.000000 10.830325
40 0.000701 0.172763 700.000000 10.542169
40 0.000615 0.172809 800.000000 10.624170
50 0.000863 0.058267 100.000000 10.989011
50 0.000760 0.074392 200.000000 10.638298
50 0.001163 0.081936 300.000000 11.583012
50 0.000810 0.117652 400.000000 11.080333
50 0.000709 0.147444 500.000000 10.989011
50 0.000663 0.157367 600.000000 10.889292
50 0.000724 0.179392 700.000000 10.558069
50 0.000614 0.177067 800.000000 10.680908
60 0.000394 0.011957 100.000000 11.363636
60 0.000585 0.024165 200.000000 10.810811
60 0.000991 0.056669 300.000000 11.673152
60 0.000677 0.100231 400.000000 11.111111
60 0.000607 0.117677 500.000000 11.013216
60 0.000587 0.119487 600.000000 10.928962
60 0.000653 0.140381 700.000000 10.558069
60 0.000533 0.142638 800.000000 10.738256
70 0.000392 0.015492 100.000000 11.494253
70 0.000755 0.007485 200.000000 10.989011
70 0.000891 0.056720 300.000000 11.673152
70 0.000604 0.094331 400.000000 11.111111
70 0.000550 0.103836 500.000000 10.989011
70 0.000557 0.102074 600.000000 10.928962
70 0.000614 0.123353 700.000000 10.558069
70 0.000477 0.127927 800.000000 10.767160
80 0.000373 0.010728 100.000000 11.494253
80 0.000939 0.010475 200.000000 11.111111
80 0.000907 0.063679 300.000000 11.627907
80 0.000635 0.098958 400.000000 11.080333
80 0.000585 0.107149 500.000000 10.940919
80 0.000593 0.107449 600.000000 10.909091
80 0.000610 0.129099 700.000000 10.558069
80 0.000471 0.132327 800.000000 10.810811
90 0.000390 0.003567 100.000000 11.494253
90 0.001105 0.022897 200.000000 11.299435
90 0.000937 0.075455 300.000000 11.583012
90 0.000661 0.108923 400.000000 11.049724
90 0.000614 0.115465 500.000000 10.917030
90 0.000617 0.117738 600.000000 10.869565
90 0.000629 0.137521 700.000000 10.558069
90 0.000479 0.140985 800.000000 10.840109
100 0.000421 0.004037 100.000000 11.235955
100 0.001137 0.024395 200.000000 11.494253
100 0.000898 0.080674 300.000000 11.494253
100 0.000643 0.109403 400.000000 11.049724
100 0.000617 0.114079 500.000000 10.917030
100 0.000626 0.119928 600.000000 10.791367
100 0.000631 0.137017 700.000000 10.574018
100 0.000473 0.141280 800.000000 10.854816
110 0.000398 0.004521 100.000000 10.869565
110 0.001122 0.033830 200.000000 11.627907
110 0.000850 0.088653 300.000000 11.450381
110 0.000648 0.113915 400.000000 11.049724
110 0.000633 0.117206 500.000000 10.917030
110 0.000636 0.127094 600.000000 10.695188
110 0.000626 0.140395 700.000000 10.574018
110 0.000452 0.145000 800.000000 10.854816
120 0.000594 0.006473 100.000000 10.526316
120 0.001252 0.040785 200.000000 11.764706
120 0.000853 0.097747 300.000000 11.320755
120 0.000669 0.119320 400.000000 11.019283
120 0.000639 0.120540 500.000000 10.893247
120 0.000671 0.133840 600.000000 10.619469
120 0.000626 0.143127 700.000000 10.590015
120 0.000425 0.149413 800.000000 10.825439
130 0.000643 0.010944 100.000000 10.309278
130 0.001366 0.047701 200.000000 11.834319
130 0.000817 0.104133 300.000000 11.194030
130 0.000684 0.121719 400.000000 10.989011
130 0.000655 0.121871 500.000000 10.869565
130 0.000695 0.139631 600.000000 10.544815
130 0.000614 0.144695 700.000000 10.606061
130 0.000415 0.152580 800.000000 10.796222
140 0.000716 0.013347 100.000000 10.204082
140 0.001366 0.059484 200.000000 11.764706
140 0.000814 0.109078 300.000000 11.070110
140 0.000699 0.123440 400.000000 10.928962
140 0.000657 0.123372 500.000000 10.822511
140 0.000726 0.144233 600.000000 10.452962
140 0.000598 0.145867 700.000000 10.606061
140 0.000408 0.155227 800.000000 10.767160
150 0.000763 0.020782 100.000000 10.204082
150 0.001309 0.069629 200.000000 11.695907
150 0.000824 0.113683 300.000000 10.948905
150 0.000713 0.126711 400.000000 10.869565
150 0.000674 0.128389 500.000000 10.799136
150 0.000737 0.151971 600.000000 10.398614
150 0.000573 0.149711 700.000000 10.638298
150 0.000407 0.160449 800.000000 10.752688
160 0.001316 0.014831 100.000000 10.416667
160 0.001250 0.069527 200.000000 11.627907
160 0.000807 0.108134 300.000000 10.869565
160 0.000700 0.118686 400.000000 10.810811
160 0.000693 0.122915 500.000000 10.775862
160 0.000709 0.147232 600.000000 10.380623
160 0.000547 0.143654 700.000000 10.670732
160 0.000404 0.155436 800.000000 10.767160
170 0.001638 0.022192 100.000000 10.752688
170 0.001248 0.085152 200.000000 11.560694
170 0.000791 0.117214 300.000000 10.869565
170 0.000696 0.122281 400.000000 10.752688
170 0.000687 0.124979 500.000000 10.729613
170 0.000688 0.145910 600.000000 10.398614
170 0.000522 0.144977 700.000000 10.703364
170 0.000398 0.158190 800.000000 10.767160
180 0.001864 0.026073 100.000000 11.111111
180 0.001219 0.093994 200.000000 11.494253
180 0.000787 0.118741 300.000000 10.869565
180 0.000698 0.118848 400.000000 10.781672
180 0.000695 0.122822 500.000000 10.706638
180 0.000695 0.141070 600.000000 10.416667
180 0.000510 0.142179 700.000000 10.752688
180 0.000394 0.156559 800.000000 10.767160
190 0.001928 0.025701 100.000000 11.627907
190 0.001156 0.096412 200.000000 11.560694
190 0.000753 0.116535 300.000000 10.948905
190 0.000710 0.116758 400.000000 10.810811
190 0.000697 0.125234 500.000000 10.660981
190 0.000694 0.140216 600.000000 10.452962
190 0.000504 0.141636 700.000000 10.785825
190 0.000396 0.156685 800.000000 10.752688
200 0.001900 0.037911 100.000000 12.345679
200 0.001108 0.106919 200.000000 11.627907
200 0.000767 0.123531 300.000000 11.029411
200 0.000719 0.122078 400.000000 10.899182
200 0.000709 0.132975 500.000000 10.638298
200 0.000691 0.144392 600.000000 10.507881
200 0.000487 0.146391 700.000000 10.835914
200 0.000408 0.161825 800.000000 10.738256
210 0.001982 0.038564 100.000000 12.987013
210 0.001072 0.106046 200.000000 11.695907
210 0.000773 0.119418 300.000000 11.152416
210 0.000716 0.119800 400.000000 10.958904
210 0.000741 0.135274 500.000000 10.638298
210 0.000683 0.142911 600.000000 10.563380
210 0.000455 0.145771 700.000000 10.852714
210 0.000415 0.160466 800.000000 10.709505
220 0.002162 0.048621 100.000000 13.513514
220 0.001076 0.113539 200.000000 11.695907
220 0.000804 0.125615 300.000000 11.194030
220 0.000727 0.125855 400.000000 10.989011
220 0.000754 0.144873 500.000000 10.593221
220 0.000677 0.147965 600.000000 10.600707
220 0.000444 0.151660 700.000000 10.852714
220 0.000421 0.164534 800.000000 10.666667
230 0.002119 0.057156 100.000000 13.698630
230 0.000969 0.111508 200.000000 11.560694
230 0.000764 0.118515 300.000000 11.194030
230 0.000706 0.118614 400.000000 10.989011
230 0.000756 0.140209 500.000000 10.548523
230 0.000636 0.140270 600.000000 10.638298
230 0.000418 0.146108 700.000000 10.852714
230 0.000423 0.153973 800.000000 10.582010
240 0.001920 0.059554 100.000000 13.698630
240 0.000840 0.098199 200.000000 11.428572
240 0.000711 0.102472 300.000000 11.152416
240 0.000661 0.105411 400.000000 10.958904
240 0.000736 0.129731 500.000000 10.460251
240 0.000585 0.126789 600.000000 10.676157
240 0.000386 0.135153 700.000000 10.835914
240 0.000425 0.136358 800.000000 10.498688
250 0.001357 0.050125 100.000000 13.157895
250 0.000703 0.076347 200.000000 11.173184
250 0.000604 0.087264 300.000000 10.948905
250 0.000594 0.094557 400.000000 10.869565
250 0.000662 0.118606 500.000000 10.373444
250 0.000502 0.115176 600.000000 10.676157
250 0.000362 0.125642 700.000000 10.802469
250 0.000408 0.120403 800.000000 10.430247
260 0.001034 0.049117 100.000000 12.345679
260 0.000650 0.066311 200.000000 10.869565
260 0.000550 0.076412 300.000000 10.752688
260 0.000575 0.085348 400.000000 10.723861
260 0.000602 0.106382 500.000000 10.309278
260 0.000456 0.105634 600.000000 10.676157
260 0.000356 0.118459 700.000000 10.752688
260 0.000389 0.106878 800.000000 10.362695
270 0.000800 0.044646 100.000000 11.627907
270 0.000641 0.058472 200.000000 10.638298
270 0.000508 0.066188 300.000000 10.563380
270 0.000539 0.075910 400.000000 10.498688
270 0.000581 0.092339 500.000000 10.224949
270 0.000423 0.096972 600.000000 10.657193
270 0.000342 0.111318 700.000000 10.670732
270 0.000351 0.095430 800.000000 10.296010
280 0.000736 0.048871 100.000000 10.869565
280 0.000602 0.058152 200.000000 10.416667
280 0.000515 0.063799 300.000000 10.416667
280 0.000529 0.076695 400.000000 10.256411
280 0.000566 0.088643 500.000000 10.183299
280 0.000388 0.095818 600.000000 10.582010
280 0.000358 0.110111 700.000000 10.510510
280 0.000299 0.090081 800.000000 10.230179
290 0.000477 0.021216 100.000000 10.309278
290 0.000541 0.031761 200.000000 10.256411
290 0.000444 0.042164 300.000000 10.309278
290 0.000506 0.060062 400.000000 10.075566
290 0.000508 0.068631 500.000000 10.141988
290 0.000317 0.079566 600.000000 10.507881
290 0.000338 0.092951 700.000000 10.370370
290 0.000255 0.074333 800.000000 10.178117
300 0.000567 0.007721 100.000000 9.900990
300 0.000494 0.021616 200.000000 10.152285
300 0.000409 0.031154 300.000000 10.238908
300 0.000493 0.050309 400.000000 9.950249
300 0.000443 0.057280 500.000000 10.162601
300 0.000300 0.070560 600.000000 10.452962
300 0.000333 0.080690 700.000000 10.233918
300 0.000226 0.065890 800.000000 10.126582
310 0.000624 0.008345 100.000000 9.708738
310 0.000431 0.011650 200.000000 10.101010
310 0.000366 0.020871 300.000000 10.238908
310 0.000500 0.041509 400.000000 9.852217
310 0.000406 0.049994 500.000000 10.183299
310 0.000294 0.064851 600.000000 10.434783
310 0.000347 0.070558 700.000000 10.144928
310 0.000205 0.060684 800.000000 10.037642
320 0.000743 0.009960 100.000000 9.615385
320 0.000484 0.022491 200.000000 10.050251
320 0.000422 0.032043 300.000000 10.204082
320 0.000540 0.053449 400.000000 9.828010
320 0.000396 0.059933 500.000000 10.224949
320 0.000313 0.074047 600.000000 10.452962
320 0.000357 0.075907 700.000000 10.115607
320 0.000232 0.064902 800.000000 9.950249
330 0.000774 0.014784 100.000000 9.523809
330 0.000468 0.025080 200.000000 10.000000
330 0.000461 0.034273 300.000000 10.204082
330 0.000541 0.055528 400.000000 9.828010
330 0.000403 0.062335 500.000000 10.288066
330 0.000323 0.076626 600.000000 10.471204
330 0.000358 0.074837 700.000000 10.101010
330 0.000248 0.064015 800.000000 9.913259
340 0.000756 0.013020 100.000000 9.523809
340 0.000425 0.021837 200.000000 10.000000
340 0.000467 0.033527 300.000000 10.204082
340 0.000513 0.053278 400.000000 9.852217
340 0.000381 0.061719 500.000000 10.351967
340 0.000315 0.075274 600.000000 10.507881
340 0.000345 0.070395 700.000000 10.115607
340 0.000240 0.060541 800.000000 9.900990
350 0.000714 0.007717 100.000000 9.615385
350 0.000398 0.015953 200.000000 10.000000
350 0.000470 0.030770 300.000000 10.169492
350 0.000524 0.048030 400.000000 9.876543
350 0.000359 0.058928 500.000000 10.416667
350 0.000300 0.071605 600.000000 10.526316
350 0.000311 0.064460 700.000000 10.115607
350 0.000219 0.055786 800.000000 9.913259
360 0.000663 0.007282 100.000000 9.708738
360 0.000438 0.019094 200.000000 10.101010
360 0.000484 0.037474 300.000000 10.101010
360 0.000547 0.051257 400.000000 9.925558
360 0.000359 0.061952 500.000000 10.482181
360 0.000301 0.074393 600.000000 10.489511
360 0.000286 0.063907 700.000000 10.130246
360 0.000218 0.054474 800.000000 9.925558
370 0.000550 0.007251 100.000000 9.900990
370 0.000467 0.024737 200.000000 10.152285
370 0.000506 0.047347 300.000000 10.033444
370 0.000548 0.055506 400.000000 9.975062
370 0.000330 0.064909 500.000000 10.504202
370 0.000304 0.076315 600.000000 10.434783
370 0.000242 0.062376 700.000000 10.130246
370 0.000200 0.052433 800.000000 9.937888
380 0.000609 0.009668 100.000000 10.000000
380 0.000469 0.028737 200.000000 10.204082
380 0.000573 0.052509 300.000000 9.966778
380 0.000544 0.057771 400.000000 10.025063
380 0.000301 0.068075 500.000000 10.504202
380 0.000316 0.078718 600.000000 10.380623
380 0.000236 0.062784 700.000000 10.130246
380 0.000191 0.052088 800.000000 9.950249
390 0.000617 0.008958 100.000000 10.101010
390 0.000492 0.030147 200.000000 10.256411
390 0.000579 0.055478 300.000000 9.933775
390 0.000528 0.057242 400.000000 10.101010
390 0.000281 0.067899 500.000000 10.526316
390 0.000313 0.077163 600.000000 10.327023
390 0.000217 0.061011 700.000000 10.130246
390 0.000175 0.050222 800.000000 9.962640
400 0.000598 0.013016 100.000000 10.309278
400 0.000542 0.037211 200.000000 10.362695
400 0.000653 0.064134 300.000000 9.900990
400 0.000513 0.061360 400.000000 10.178117
400 0.000280 0.071082 500.000000 10.548523
400 0.000325 0.077008 600.000000 10.256411
400 0.000199 0.061582 700.000000 10.130246
400 0.000170 0.050171 800.000000 9.987515
410 0.000571 0.010579 100.000000 10.416667
410 0.000545 0.037162 200.000000 10.416667
410 0.000683 0.062470 300.000000 9.868421
410 0.000491 0.058156 400.000000 10.256411
410 0.000270 0.068276 500.000000 10.570825
410 0.000340 0.070337 600.000000 10.204082
410 0.000177 0.058073 700.000000 10.086455
410 0.000152 0.047552 800.000000 10.025063
420 0.000563 0.012171 100.000000 10.416667
420 0.000563 0.039604 200.000000 10.471204
420 0.000691 0.062209 300.000000 9.868421
420 0.000442 0.057537 400.000000 10.335917
420 0.000257 0.067021 500.000000 10.593221
420 0.000327 0.065485 600.000000 10.186757
420 0.000171 0.055532 700.000000 10.000000
420 0.000143 0.045904 800.000000 10.050251
430 0.000572 0.014619 100.000000 10.416667
430 0.000569 0.042012 200.000000 10.526316
430 0.000677 0.060837 300.000000 9.868421
430 0.000407 0.057331 400.000000 10.443864
430 0.000255 0.066537 500.000000 10.638298
430 0.000319 0.062128 600.000000 10.169492
430 0.000187 0.053420 700.000000 9.957326
430 0.000135 0.044761 800.000000 10.075566
440 0.000589 0.016619 100.000000 10.309278
440 0.000623 0.044173 200.000000 10.471204
440 0.000630 0.057664 300.000000 9.900990
440 0.000375 0.057142 400.000000 10.498688
440 0.000252 0.065303 500.000000 10.660981
440 0.000303 0.058328 600.000000 10.186757
440 0.000186 0.050895 700.000000 9.929078
440 0.000119 0.043610 800.000000 10.113780
450 0.000620 0.019827 100.000000 10.309278
450 0.000648 0.047368 200.000000 10.416667
450 0.000645 0.055254 300.000000 9.933775
450 0.000360 0.058176 400.000000 10.582010
450 0.000250 0.065410 500.000000 10.683761
450 0.000286 0.056118 600.000000 10.186757
450 0.000170 0.049417 700.000000 9.929078
450 0.000101 0.043076 800.000000 10.139417
460 0.000666 0.019771 100.000000 10.309278
460 0.000660 0.050025 200.000000 10.256411
460 0.000655 0.052171 300.000000 9.933775
460 0.000340 0.059393 400.000000 10.638298
460 0.000249 0.065917 500.000000 10.638298
460 0.000248 0.054937 600.000000 10.169492
460 0.000166 0.048466 700.000000 9.929078
460 0.000087 0.043355 800.000000 10.178117
470 0.000703 0.020187 100.000000 10.309278
470 0.000665 0.052960 200.000000 10.050251
470 0.000639 0.051635 300.000000 9.966778
470 0.000308 0.062714 400.000000 10.638298
470 0.000263 0.067984 500.000000 10.526316
470 0.000205 0.055591 600.000000 10.152285
470 0.000163 0.048898 700.000000 9.929078
470 0.000085 0.044501 800.000000 10.204082
480 0.000615 0.015496 100.000000 10.204082
480 0.000699 0.046360 200.000000 9.852217
480 0.000591 0.048038 300.000000 10.000000
480 0.000240 0.062912 400.000000 10.610080
480 0.000267 0.065702 500.000000 10.416667
480 0.000178 0.054254 600.000000 10.118044
480 0.000148 0.047379 700.000000 9.915014
480 0.000086 0.043445 800.000000 10.230179
490 0.000629 0.017314 100.000000 10.204082
490 0.000719 0.045724 200.000000 9.708738
490 0.000545 0.048142 300.000000 10.067114
490 0.000218 0.062230 400.000000 10.582010
490 0.000249 0.062644 500.000000 10.288066
490 0.000161 0.052298 600.000000 10.101010
490 0.000132 0.045519 700.000000 9.929078
490 0.000085 0.041888 800.000000 10.256411
500 0.000577 0.014221 100.000000 10.309278
500 0.000740 0.040522 200.000000 9.569378
500 0.000488 0.049775 300.000000 10.135135
500 0.000226 0.061831 400.000000 10.554090
500 0.000299 0.059696 500.000000 10.183299
500 0.000130 0.052094 600.000000 10.050251
500 0.000130 0.044414 700.000000 9.929078
500 0.000084 0.040928 800.000000 10.296010
510 0.000605 0.017339 100.000000 10.309278
510 0.000791 0.040916 200.000000 9.523809
510 0.000460 0.053246 300.000000 10.204082
510 0.000238 0.062924 400.000000 10.582010
510 0.000326 0.058223 500.000000 10.101010
510 0.000137 0.052243 600.000000 9.950249
510 0.000128 0.044332 700.000000 9.957326
510 0.000088 0.040707 800.000000 10.322580
520 0.000651 0.021456 100.000000 10.416667
520 0.000778 0.041898 200.000000 9.523809
520 0.000385 0.054856 300.000000 10.344828
520 0.000231 0.061698 400.000000 10.638298
520 0.000313 0.055601 500.000000 10.101010
520 0.000161 0.050061 600.000000 9.868421
520 0.000125 0.042799 700.000000 10.000000
520 0.000086 0.039459 800.000000 10.376135
530 0.000681 0.015426 100.000000 10.526316
530 0.000719 0.039876 200.000000 9.569378
530 0.000381 0.057298 300.000000 10.452962
530 0.000263 0.062642 400.000000 10.695188
530 0.000322 0.055658 500.000000 10.121457
530 0.000191 0.050482 600.000000 9.852217
530 0.000138 0.043409 700.000000 10.043041
530 0.000091 0.040442 800.000000 10.430247
540 0.000710 0.017979 100.000000 10.526316
540 0.000700 0.042318 200.000000 9.661836
540 0.000371 0.061322 300.000000 10.563380
540 0.000277 0.065138 400.000000 10.723861
540 0.000325 0.056419 500.000000 10.121457
540 0.000199 0.051492 600.000000 9.852217
540 0.000135 0.044893 700.000000 10.086455
540 0.000100 0.042312 800.000000 10.471204
550 0.000717 0.016654 100.000000 10.309278
550 0.000712 0.040490 200.000000 9.708738
550 0.000354 0.061086 300.000000 10.676157
550 0.000273 0.062528 400.000000 10.723861
550 0.000285 0.053413 500.000000 10.121457
550 0.000187 0.048734 600.000000 9.852217
550 0.000127 0.043281 700.000000 10.115607
550 0.000102 0.041274 800.000000 10.512484
560 0.000657 0.017937 100.000000 9.900990
560 0.000682 0.043613 200.000000 9.708738
560 0.000333 0.062881 300.000000 10.714286
560 0.000273 0.060932 400.000000 10.610080
560 0.000232 0.051708 500.000000 10.101010
560 0.000192 0.046811 600.000000 9.852217
560 0.000118 0.043008 700.000000 10.144928
560 0.000118 0.042110 800.000000 10.540184
570 0.000715 0.019366 100.000000 9.523809
570 0.000649 0.047467 200.000000 9.756098
570 0.000300 0.064976 300.000000 10.676157
570 0.000307 0.061053 400.000000 10.471204
570 0.000211 0.052004 500.000000 10.080646
570 0.000187 0.046261 600.000000 9.836065
570 0.000115 0.043036 700.000000 10.189228
570 0.000119 0.042288 800.000000 10.582010
580 0.000818 0.021418 100.000000 9.259259
580 0.000645 0.051271 200.000000 9.852217
580 0.000303 0.066211 300.000000 10.676157
580 0.000320 0.061643 400.000000 10.362695
580 0.000202 0.052479 500.000000 10.060362
580 0.000190 0.046210 600.000000 9.836065
580 0.000130 0.043689 700.000000 10.218978
580 0.000129 0.044138 800.000000 10.610080
590 0.000949 0.022456 100.000000 9.009009
590 0.000568 0.054867 200.000000 9.950249
590 0.000324 0.064453 300.000000 10.638298
590 0.000332 0.058208 400.000000 10.204082
590 0.000190 0.051089 500.000000 10.020041
590 0.000183 0.044597 600.000000 9.852217
590 0.000136 0.042695 700.000000 10.248902
590 0.000138 0.044123 800.000000 10.638298
600 0.001106 0.025904 100.000000 8.771930
600 0.000529 0.059575 200.000000 10.050251
600 0.000358 0.065237 300.000000 10.600707
600 0.000396 0.056888 400.000000 10.075566
600 0.000192 0.052462 500.000000 9.920635
600 0.000185 0.045440 600.000000 9.868421
600 0.000146 0.043978 700.000000 10.294118
600 0.000145 0.046301 800.000000 10.680908
610 0.001077 0.029344 100.000000 8.695652
610 0.000449 0.061427 200.000000 10.152285
610 0.000362 0.061647 300.000000 10.638298
610 0.000395 0.052875 400.000000 10.000000
610 0.000217 0.050266 500.000000 9.803922
610 0.000192 0.043940 600.000000 9.884679
610 0.000145 0.043468 700.000000 10.324484
610 0.000166 0.046724 800.000000 10.709505
620 0.000967 0.032783 100.000000 8.695652
620 0.000425 0.058996 200.000000 10.309278
620 0.000377 0.056480 300.000000 10.676157
620 0.000379 0.049080 400.000000 9.975062
620 0.000243 0.047099 500.000000 9.708738
620 0.000192 0.041890 600.000000 9.933775
620 0.000149 0.042254 700.000000 10.370370
620 0.000185 0.046318 800.000000 10.752688
630 0.000737 0.034331 100.000000 8.771930
630 0.000384 0.054406 200.000000 10.471204
630 0.000390 0.048906 300.000000 10.752688
630 0.000364 0.043299 400.000000 10.000000
630 0.000256 0.043409 500.000000 9.708738
630 0.000202 0.040387 600.000000 9.966778
630 0.000156 0.042565 700.000000 10.432191
630 0.000206 0.048822 800.000000 10.796222
640 0.000767 0.037614 100.000000 8.928572
640 0.000377 0.053200 200.000000 10.638298
640 0.000367 0.043897 300.000000 10.791367
640 0.000337 0.039070 400.000000 10.025063
640 0.000242 0.039910 500.000000 9.727627
640 0.000195 0.038613 600.000000 10.033444
640 0.000170 0.042768 700.000000 10.479042
640 0.000225 0.050670 800.000000 10.854816
650 0.000781 0.038941 100.000000 9.174312
650 0.000399 0.052260 200.000000 10.869565
650 0.000376 0.042088 300.000000 10.869565
650 0.000311 0.039398 400.000000 10.075566
650 0.000248 0.039939 500.000000 9.765625
650 0.000200 0.040199 600.000000 10.101010
650 0.000180 0.045350 700.000000 10.558069
650 0.000239 0.054495 800.000000 10.914052
660 0.000782 0.043433 100.000000 9.433962
660 0.000423 0.052913 200.000000 11.111111
660 0.000397 0.042306 300.000000 10.830325
660 0.000291 0.041988 400.000000 10.126582
660 0.000256 0.041216 500.000000 9.803922
660 0.000193 0.042122 600.000000 10.169492
660 0.000186 0.047653 700.000000 10.622155
660 0.000242 0.056873 800.000000 10.989011
670 0.000725 0.042139 100.000000 9.803922
670 0.000445 0.050011 200.000000 11.235955
670 0.000419 0.039617 300.000000 10.830325
670 0.000271 0.041605 400.000000 10.178117
670 0.000254 0.040287 500.000000 9.861933
670 0.000194 0.041823 600.000000 10.256411
670 0.000193 0.048040 700.000000 10.703364
670 0.000239 0.058287 800.000000 11.065007
680 0.000577 0.030079 100.000000 10.101010
680 0.000511 0.038017 200.000000 11.363636
680 0.000450 0.035363 300.000000 10.791367
680 0.000290 0.041350 400.000000 10.230179
680 0.000266 0.039868 500.000000 9.920635
680 0.000214 0.042838 600.000000 10.327023
680 0.000216 0.051139 700.000000 10.769231
680 0.000239 0.063407 800.000000 11.126565
690 0.000590 0.031226 100.000000 10.526316
690 0.000578 0.037604 200.000000 11.494253
690 0.000465 0.038654 300.000000 10.714286
690 0.000289 0.043586 400.000000 10.256411
690 0.000265 0.040989 500.000000 9.960159
690 0.000221 0.044117 600.000000 10.398614
690 0.000220 0.053033 700.000000 10.835914
690 0.000243 0.065636 800.000000 11.188811
700 0.000475 0.023620 100.000000 10.869565
700 0.000678 0.033676 200.000000 11.560694
700 0.000499 0.042910 300.000000 10.638298
700 0.000319 0.048115 400.000000 10.282776
700 0.000286 0.044970 500.000000 10.020041
700 0.000248 0.049115 600.000000 10.471204
700 0.000245 0.059655 700.000000 10.903427
700 0.000259 0.073154 800.000000 11.251758
710 0.000453 0.017154 100.000000 11.363636
710 0.000742 0.035625 200.000000 11.695907
710 0.000521 0.048561 300.000000 10.526316
710 0.000359 0.053151 400.000000 10.230179
710 0.000295 0.048880 500.000000 10.060362
710 0.000263 0.053493 600.000000 10.544815
710 0.000262 0.065134 700.000000 10.971786
710 0.000278 0.079172 800.000000 11.315417
720 0.000586 0.016958 100.000000 11.764706
720 0.000779 0.039555 200.000000 11.834319
720 0.000531 0.052678 300.000000 10.489511
720 0.000401 0.056622 400.000000 10.126582
720 0.000309 0.051944 500.000000 10.121457
720 0.000269 0.057356 600.000000 10.619469
720 0.000271 0.069752 700.000000 11.023623
720 0.000302 0.083812 800.000000 11.379801
730 0.000747 0.019414 100.000000 12.195122
730 0.000784 0.040349 200.000000 11.904762
730 0.000512 0.053048 300.000000 10.452962
730 0.000377 0.056319 400.000000 10.000000
730 0.000310 0.053724 500.000000 10.162601
730 0.000268 0.060387 600.000000 10.676157
730 0.000289 0.072648 700.000000 11.093502
730 0.000309 0.088242 800.000000 11.428572
740 0.000685 0.014039 100.000000 12.658228
740 0.000704 0.033253 200.000000 11.976048
740 0.000444 0.045899 300.000000 10.416667
740 0.000357 0.047797 400.000000 9.925558
740 0.000304 0.048820 500.000000 10.204082
740 0.000258 0.058176 600.000000 10.714286
740 0.000306 0.071568 700.000000 11.128776
740 0.000315 0.088620 800.000000 11.477762
750 0.000771 0.014677 100.000000 12.987013
750 0.000682 0.035681 200.000000 11.976048
750 0.000425 0.047276 300.000000 10.416667
750 0.000356 0.047813 400.000000 9.900990
750 0.000304 0.050898 500.000000 10.245902
750 0.000270 0.061509 600.000000 10.771993
750 0.000322 0.076331 700.000000 11.164274
750 0.000330 0.093637 800.000000 11.527377
760 0.000848 0.014294 100.000000 13.157895
760 0.000671 0.036336 200.000000 11.764706
760 0.000389 0.045767 300.000000 10.344828
760 0.000353 0.046741 400.000000 9.876543
760 0.000320 0.053819 500.000000 10.288066
760 0.000297 0.067842 600.000000 10.810811
760 0.000350 0.084274 700.000000 11.217949
760 0.000359 0.103644 800.000000 11.560694
770 0.000940 0.016989 100.000000 12.987013
770 0.000630 0.040139 200.000000 11.363636
770 0.000371 0.045115 300.000000 10.273973
770 0.000338 0.045003 400.000000 9.852217
770 0.000317 0.053243 500.000000 10.309278
770 0.000309 0.068152 600.000000 10.849910
770 0.000346 0.086146 700.000000 11.235955
770 0.000372 0.105435 800.000000 11.594203
780 0.001137 0.023626 100.000000 12.658228
780 0.000617 0.046500 200.000000 10.928962
780 0.000371 0.047293 300.000000 10.169492
780 0.000335 0.044985 400.000000 9.803922
780 0.000319 0.053044 500.000000 10.330579
780 0.000311 0.068165 600.000000 10.869565
780 0.000328 0.086181 700.000000 11.272141
780 0.000370 0.105781 800.000000 11.611031
790 0.001147 0.025536 100.000000 12.195122
790 0.000576 0.046662 200.000000 10.416667
790 0.000357 0.044821 300.000000 10.033444
790 0.000312 0.041681 400.000000 9.779951
790 0.000311 0.050357 500.000000 10.351967
790 0.000309 0.066301 600.000000 10.869565
790 0.000331 0.084630 700.000000 11.272141
790 0.000379 0.104461 800.000000 11.627907
800 0.001106 0.026460 100.000000 11.764706
800 0.000524 0.041604 200.000000 9.950249
800 0.000374 0.040552 300.000000 9.740260
800 0.000286 0.038205 400.000000 9.732360
800 0.000297 0.047820 500.000000 10.373444
800 0.000300 0.063919 600.000000 10.889292
800 0.000350 0.082969 700.000000 11.290322
800 0.000387 0.104373 800.000000 11.594203
810 0.000898 0.025737 100.000000 11.363636
810 0.000443 0.033580 200.000000 9.661836
810 0.000278 0.030244 300.000000 9.375000
810 0.000243 0.029480 400.000000 9.732360
810 0.000252 0.039798 500.000000 10.373444
810 0.000305 0.054885 600.000000 10.889292
810 0.000342 0.074827 700.000000 11.308562
810 0.000364 0.097527 800.000000 11.477762
820 0.000719 0.027345 100.000000 11.111111
820 0.000354 0.029528 200.000000 9.478673
820 0.000245 0.023506 300.000000 9.202454
820 0.000227 0.025396 400.000000 9.708738
820 0.000243 0.037200 500.000000 10.373444
820 0.000326 0.052965 600.000000 10.889292
820 0.000348 0.074465 700.000000 11.308562
820 0.000361 0.095745 800.000000 11.220197
830 0.000588 0.030727 100.000000 10.752688
830 0.000239 0.029900 200.000000 9.345795
830 0.000213 0.020629 300.000000 9.118541
830 0.000220 0.022684 400.000000 9.708738
830 0.000256 0.035223 500.000000 10.395010
830 0.000340 0.052112 600.000000 10.909091
830 0.000375 0.074222 700.000000 11.326860
830 0.000367 0.090658 800.000000 11.080333
840 0.000525 0.028456 100.000000 10.204082
840 0.000165 0.029536 200.000000 9.259259
840 0.000182 0.018333 300.000000 9.063444
840 0.000228 0.020355 400.000000 9.732360
840 0.000265 0.033565 500.000000 10.416667
840 0.000341 0.051543 600.000000 10.928962
840 0.000376 0.073733 700.000000 11.363636
840 0.000371 0.085178 800.000000 11.004127
850 0.000458 0.018463 100.000000 9.708738
850 0.000090 0.027066 200.000000 9.216590
850 0.000144 0.018190 300.000000 9.063444
850 0.000213 0.016876 400.000000 9.803922
850 0.000248 0.027100 500.000000 10.482181
850 0.000318 0.045250 600.000000 10.989011
850 0.000379 0.067359 700.000000 11.419250
850 0.000385 0.075981 800.000000 10.943913
860 0.000542 0.015964 100.000000 9.433962
860 0.000073 0.028810 200.000000 9.216590
860 0.000105 0.022247 300.000000 9.090909
860 0.000202 0.016269 400.000000 9.876543
860 0.000231 0.018874 500.000000 10.548523
860 0.000302 0.035511 600.000000 11.049724
860 0.000371 0.057668 700.000000 11.475410
870 0.000485 0.014447 100.000000 9.009009
870 0.000056 0.031797 200.000000 9.174312
870 0.000113 0.024482 300.000000 9.146341
870 0.000237 0.018398 400.000000 9.950249
870 0.000254 0.021586 500.000000 10.615711
870 0.000325 0.039695 600.000000 11.111111
870 0.000403 0.062994 700.000000 11.513158
880 0.000639 0.011647 100.000000 8.695652
880 0.000069 0.034390 200.000000 9.009009
880 0.000127 0.024789 300.000000 9.174312
880 0.000254 0.018321 400.000000 10.025063
880 0.000271 0.023624 500.000000 10.683761
880 0.000363 0.043819 600.000000 11.173184
880 0.000427 0.068286 700.000000 11.551155
890 0.000728 0.017318 100.000000 8.403361
890 0.000059 0.035166 200.000000 8.733624
890 0.000159 0.027125 300.000000 9.202454
890 0.000271 0.023438 400.000000 10.075566
890 0.000295 0.030675 500.000000 10.729613
890 0.000395 0.051839 600.000000 11.235955
890 0.000442 0.077294 700.000000 11.532125
900 0.000720 0.022928 100.000000 8.264462
900 0.000150 0.031131 200.000000 8.510638
900 0.000178 0.025816 300.000000 9.230769
900 0.000286 0.025255 400.000000 10.126582
900 0.000362 0.035181 500.000000 10.775862
900 0.000400 0.059031 600.000000 11.278195
900 0.000429 0.086028 700.000000 11.382113
910 0.000686 0.031548 100.000000 8.130081
910 0.000174 0.030776 200.000000 8.403361
910 0.000217 0.026502 300.000000 9.287926
910 0.000304 0.030157 400.000000 10.178117
910 0.000400 0.043084 500.000000 10.822511
910 0.000421 0.068201 600.000000 11.320755
910 0.000467 0.093208 700.000000 11.182109
920 0.000575 0.037224 100.000000 8.130081
920 0.000189 0.030114 200.000000 8.403361
920 0.000252 0.028118 300.000000 9.345795
920 0.000334 0.035586 400.000000 10.256411
920 0.000423 0.051466 500.000000 10.869565
920 0.000450 0.076602 600.000000 11.385200
920 0.000469 0.096860 700.000000 11.093502
930 0.000426 0.044415 100.000000 8.264462
930 0.000248 0.031828 200.000000 8.474576
930 0.000319 0.032571 300.000000 9.463722
930 0.000355 0.042523 400.000000 10.362695
930 0.000440 0.059288 500.000000 10.989011
930 0.000468 0.085491 600.000000 11.472276
930 0.000480 0.101046 700.000000 11.093502
940 0.000317 0.045000 100.000000 8.403361
940 0.000258 0.028230 200.000000 8.583691
940 0.000362 0.030689 300.000000 9.615385
940 0.000379 0.043507 400.000000 10.498688
940 0.000460 0.063486 500.000000 11.086474
940 0.000484 0.089790 600.000000 11.583012
940 0.000485 0.101895 700.000000 11.111111
950 0.000326 0.037478 100.000000 8.620689
950 0.000292 0.022523 200.000000 8.695652
950 0.000403 0.030661 300.000000 9.771987
950 0.000400 0.048472 400.000000 10.638298
950 0.000458 0.071992 500.000000 11.210762
950 0.000507 0.098529 600.000000 11.695907
950 0.000497 0.107064 700.000000 11.111111
960 0.000414 0.036513 100.000000 8.849558
960 0.000346 0.023076 200.000000 8.849558
960 0.000440 0.035013 300.000000 9.900990
960 0.000420 0.053513 400.000000 10.781672
960 0.000466 0.078614 500.000000 11.337869
960 0.000524 0.105295 600.000000 11.811024
960 0.000500 0.110555 700.000000 11.111111
970 0.000438 0.033783 100.000000 9.009009
970 0.000355 0.020771 200.000000 8.968610
970 0.000460 0.034854 300.000000 10.067114
970 0.000437 0.054781 400.000000 10.899182
970 0.000476 0.080525 500.000000 11.467890
970 0.000524 0.107841 600.000000 11.928430
980 0.000479 0.029972 100.000000 9.259259
980 0.000360 0.019552 200.000000 9.132421
980 0.000474 0.036382 300.000000 10.238908
980 0.000439 0.056159 400.000000 11.080333
980 0.000485 0.082876 500.000000 11.627907
980 0.000548 0.110646 600.000000 12.048193
990 0.000717 0.016738 100.000000 9.345795
990 0.000396 0.020327 200.000000 9.302325
990 0.000508 0.042447 300.000000 10.452962
990 0.000470 0.064492 400.000000 11.235955
990 0.000524 0.091758 500.000000 11.764706
990 0.000575 0.119338 600.000000 12.145749
1000 0.000875 0.019894 100.000000 9.174312
1000 0.000455 0.034109 200.000000 9.478673
1000 0.000546 0.056777 300.000000 10.600707
1000 0.000499 0.078047 400.000000 11.363636
1000 0.000567 0.103956 500.000000 11.904762
1000 0.000583 0.130526 600.000000 12.244898
1010 0.000704 0.024765 100.000000 8.849558
1010 0.000441 0.036526 200.000000 9.615385
1010 0.000529 0.059396 300.000000 10.752688
1010 0.000545 0.079858 400.000000 11.494253
1010 0.000567 0.106300 500.000000 12.019231
1010 0.000578 0.133319 600.000000 12.244898
1020 0.000592 0.030340 100.000000 8.620689
1020 0.000454 0.043914 200.000000 9.756098
1020 0.000519 0.066564 300.000000 10.909091
1020 0.000564 0.087415 400.000000 11.594203
1020 0.000560 0.113107 500.000000 12.135922
1020 0.000534 0.140733 600.000000 12.121212
1030 0.000575 0.031467 100.000000 8.547009
1030 0.000487 0.047468 200.000000 9.852217
1030 0.000518 0.070389 300.000000 11.029411
1030 0.000584 0.091613 400.000000 11.695907
1030 0.000565 0.117526 500.000000 12.224939
1030 0.000529 0.142241 600.000000 11.904762
1040 0.000554 0.028337 100.000000 8.547009
1040 0.000489 0.044059 200.000000 10.000000
1040 0.000505 0.066763 300.000000 11.152416
1040 0.000575 0.088753 400.000000 11.799410
1040 0.000573 0.114543 500.000000 12.315271
1040 0.000520 0.133974 600.000000 11.787819
1050 0.000405 0.019110 100.000000 8.620689
1050 0.000499 0.034514 200.000000 10.152285
1050 0.000488 0.058651 300.000000 11.278195
1050 0.000560 0.082237 400.000000 11.904762
1050 0.000566 0.109346 500.000000 12.406948
1050 0.000524 0.123946 600.000000 11.741683
1060 0.000334 0.006052 100.000000 8.620689
1060 0.000454 0.023221 200.000000 10.309278
1060 0.000442 0.046650 300.000000 11.406844
1060 0.000517 0.070657 400.000000 12.048193
1060 0.000545 0.098386 500.000000 12.500000
1060 0.000522 0.108185 600.000000 11.673152
1070 0.000344 0.004283 100.000000 8.695652
1070 0.000475 0.021918 200.000000 10.471204
1070 0.000442 0.044623 300.000000 11.538462
1070 0.000490 0.070288 400.000000 12.158054
1070 0.000552 0.097588 500.000000 12.594459
1070 0.000526 0.103531 600.000000 11.583012
1080 0.000347 0.004444 100.000000 8.849558
1080 0.000478 0.022189 200.000000 10.638298
1080 0.000443 0.043971 300.000000 11.673152
1080 0.000487 0.070270 400.000000 12.269938
1080 0.000542 0.097400 500.000000 12.722647
1090 0.000334 0.010118 100.000000 9.009009
1090 0.000465 0.021503 200.000000 10.869565
1090 0.000423 0.040894 300.000000 11.857708
1090 0.000495 0.067690 400.000000 12.422360
1090 0.000570 0.095211 500.000000 12.820513
1100 0.000391 0.020311 100.000000 9.345795
1100 0.000473 0.029081 200.000000 11.173184
1100 0.000425 0.045286 300.000000 12.096774
1100 0.000525 0.071676 400.000000 12.618297
1100 0.000583 0.099776 500.000000 12.953368
1110 0.000393 0.027947 100.000000 9.803922
1110 0.000499 0.033595 200.000000 11.494253
1110 0.000436 0.046912 300.000000 12.345679
1110 0.000557 0.073097 400.000000 12.861736
1110 0.000596 0.101731 500.000000 13.089005
1120 0.000357 0.020727 100.000000 10.309278
1120 0.000500 0.030263 200.000000 11.904762
1120 0.000505 0.046076 300.000000 12.658228
1120 0.000568 0.075445 400.000000 13.071896
1120 0.000599 0.104335 500.000000 13.192612
1130 0.000354 0.011522 100.000000 10.869565
1130 0.000504 0.032474 200.000000 12.269938
1130 0.000559 0.051399 300.000000 12.931034
1130 0.000570 0.081198 400.000000 13.333333
1130 0.000581 0.111238 500.000000 13.192612
1140 0.000413 0.013611 100.000000 11.235955
1140 0.000543 0.036707 200.000000 12.578616
1140 0.000609 0.056151 300.000000 13.157895
1140 0.000585 0.086572 400.000000 13.513514
1140 0.000574 0.116443 500.000000 12.987013
1150 0.000483 0.014278 100.000000 11.627907
1150 0.000539 0.037499 200.000000 12.820513
1150 0.000618 0.058449 300.000000 13.333333
1150 0.000608 0.088592 400.000000 13.651877
1150 0.000598 0.114223 500.000000 12.787724
1160 0.000563 0.014933 100.000000 11.904762
1160 0.000568 0.039381 200.000000 13.071896
1160 0.000633 0.061945 300.000000 13.513514
1160 0.000646 0.091513 400.000000 13.793103
1160 0.000592 0.111479 500.000000 12.658228
1170 0.000737 0.016474 100.000000 12.345679
1170 0.000601 0.042422 200.000000 13.333333
1170 0.000639 0.067016 300.000000 13.698630
1170 0.000639 0.096258 400.000000 13.937283
1170 0.000592 0.109819 500.000000 12.562814
1180 0.000733 0.013702 100.000000 12.658228
1180 0.000565 0.038184 200.000000 13.513514
1180 0.000591 0.064709 300.000000 13.824884
1180 0.000637 0.092338 400.000000 14.084507
1180 0.000595 0.101930 500.000000 12.406948
1190 0.000737 0.014105 100.000000 12.987013
1190 0.000544 0.035254 200.000000 13.793103
1190 0.000581 0.063010 300.000000 13.953488
1190 0.000628 0.090722 400.000000 14.184397
1200 0.000771 0.017036 100.000000 13.333333
1200 0.000556 0.038414 200.000000 13.888889
1200 0.000601 0.066174 300.000000 14.150944
1200 0.000669 0.094631 400.000000 14.234876
1210 0.000757 0.021384 100.000000 13.698630
1210 0.000549 0.040876 200.000000 14.084507
1210 0.000661 0.070483 300.000000 14.218010
1210 0.000673 0.099258 400.000000 14.234876
1220 0.000739 0.029110 100.000000 13.888889
1220 0.000682 0.045536 200.000000 14.184397
1220 0.000661 0.074844 300.000000 14.354067
1220 0.000654 0.105055 400.000000 13.937283
1230 0.000682 0.027227 100.000000 14.084507
1230 0.000725 0.044734 200.000000 14.184397
1230 0.000644 0.075003 300.000000 14.423077
1230 0.000663 0.105032 400.000000 13.245033
1240 0.000684 0.020475 100.000000 14.084507
1240 0.000710 0.040833 200.000000 14.285714
1240 0.000671 0.071089 300.000000 14.492754
1240 0.000669 0.095027 400.000000 12.861736
1250 0.000466 0.012811 100.000000 14.285714
1250 0.000614 0.035736 200.000000 14.285714
1250 0.000616 0.063878 300.000000 14.492754
1250 0.000636 0.078994 400.000000 12.578616
1260 0.000381 0.011417 100.000000 14.285714
1260 0.000514 0.034180 200.000000 14.285714
1260 0.000611 0.060558 300.000000 14.492754
1260 0.000644 0.070572 400.000000 12.195122
1270 0.000349 0.009084 100.000000 14.285714
1270 0.000498 0.031147 200.000000 14.388489
1270 0.000616 0.059163 300.000000 14.492754
1280 0.000393 0.010658 100.000000 14.285714
1280 0.000619 0.035886 200.000000 14.388489
1280 0.000663 0.065485 300.000000 14.354067
1290 0.000635 0.017558 100.000000 14.084507
1290 0.000630 0.045737 200.000000 14.388489
1290 0.000652 0.076646 300.000000 13.888889
1300 0.000796 0.022299 100.000000 14.084507
1300 0.000655 0.053842 200.000000 14.388489
1300 0.000731 0.083737 300.000000 12.931034
1310 0.000784 0.022641 100.000000 14.084507
1310 0.000699 0.050632 200.000000 14.492754
1310 0.000747 0.073768 300.000000 12.345679
1320 0.000799 0.020795 100.000000 14.084507
1320 0.000698 0.050607 200.000000 14.492754
1320 0.000793 0.065806 300.000000 11.952191
1330 0.000675 0.027765 100.000000 14.084507
1330 0.000749 0.054676 200.000000 14.492754
1330 0.000809 0.065195 300.000000 11.494253
1340 0.000717 0.032194 100.000000 14.285714
1340 0.000799 0.060312 200.000000 14.492754
1350 0.000967 0.037757 100.000000 14.285714
1350 0.000861 0.067458 200.000000 14.285714
1360 0.000635 0.021187 100.000000 14.285714
1360 0.000716 0.051713 200.000000 13.513514
1370 0.000523 0.013606 100.000000 14.492754
1370 0.000935 0.043980 200.000000 12.195122
1380 0.000651 0.009892 100.000000 14.492754
1380 0.000954 0.036372 200.000000 11.494253
1390 0.000647 0.017338 100.000000 14.492754
1390 0.000968 0.039123 200.000000 10.989011
1400 0.000827 0.026822 100.000000 14.492754
1410 0.000872 0.025920 100.000000 14.492754
1420 0.000816 0.020217 100.000000 13.888889
1430 0.000988 0.027935 100.000000 12.048193
1440 0.001759 0.030231 100.000000 10.101010
1450 0.001796 0.038204 100.000000 9.174312
1460 0.001892 0.061112 100.000000 8.547009
