0.000000 0.000000 0.000000 0.000000
0.263111 2.998350 0.236392 2.982610
0.918881 5.900160 0.871582 5.888800
1.970020 8.659130 1.900800 8.669130
3.440740 11.289100 3.290180 11.268300
5.230050 13.642700 5.026120 13.608800
7.280450 15.672400 7.056540 15.663400
9.537540 17.350500 9.332940 17.419300
12.080800 18.734400 11.837700 18.834700
14.772600 19.765700 14.541000 19.926500
17.668200 20.597400 17.401600 20.754000
20.663100 21.098600 20.384500 21.310900
23.858500 21.383700 23.559200 21.608800
27.136700 21.400100 26.835500 21.657300
30.542200 21.220700 30.219600 21.509300
34.012300 20.935400 33.655100 21.238100
37.587600 20.494800 37.237000 20.846400
41.444000 19.985400 41.019300 20.349000
45.416200 19.402800 44.999300 19.780500
49.573300 18.764500 49.176600 19.156300
53.969800 18.061000 53.524800 18.486200
58.535000 17.344600 58.064600 17.795200
63.268500 16.610400 62.773600 17.077700
68.128200 15.902700 67.663400 16.351200
73.155200 15.152800 72.677900 15.634500
78.290000 14.357300 77.834900 14.882000
83.620600 13.558900 83.123500 14.112800
89.037600 12.748800 88.537500 13.301300
94.617200 11.922200 94.086900 12.458200
100.297000 10.970800 99.748600 11.541600
106.082000 9.896110 105.487000 10.530200
111.886000 8.779030 111.307000 9.425410
117.778000 7.501420 117.192000 8.192560
123.739000 6.105920 123.156000 6.824360
129.759000 4.586310 129.159000 5.329940
135.818000 2.981790 135.230000 3.754630
141.946000 1.321710 141.361000 2.089770
148.166000 -0.486941 147.545000 0.339894
154.377000 -2.399440 153.776000 -1.559340
160.665000 -4.411790 160.076000 -3.565720
166.981000 -6.583140 166.407000 -5.631580
173.383000 -8.787060 172.795000 -7.830570
179.810000 -11.122000 179.228000 -10.089700
186.379000 -13.571600 185.714000 -12.422700
192.770000 -16.087900 192.185000 -14.869800
199.353000 -18.696600 198.747000 -17.435100
205.902000 -21.419400 205.359000 -20.115900
212.479000 -24.222700 211.948000 -22.849700
219.079000 -27.111600 218.514000 -25.670000
225.627000 -30.115800 225.060000 -28.555700
232.223000 -33.143100 231.589000 -31.553400
238.727000 -36.238200 238.139000 -34.586900
245.225000 -39.450300 244.650000 -37.702800
251.680000 -42.656900 251.114000 -40.900000
258.030000 -45.990600 257.504000 -44.192600
264.507000 -49.480100 263.910000 -47.577800
270.936000 -53.005100 270.288000 -51.042100
277.319000 -56.628200 276.711000 -54.602900
283.796000 -60.385000 283.182000 -58.300500
290.259000 -64.279600 289.704000 -62.127300
296.898000 -68.260800 296.217000 -66.056100
303.532000 -72.336400 302.803000 -70.146900
310.263000 -76.513000 309.456000 -74.296400
316.974000 -80.890200 316.130000 -78.585500
323.607000 -85.387700 322.767000 -83.050300
330.207000 -89.970400 329.364000 -87.642300
336.798000 -94.715800 335.974000 -92.336400
343.415000 -99.580200 342.521000 -97.139800
349.896000 -104.496000 349.050000 -102.003000
356.347000 -109.499000 355.497000 -106.953000
362.852000 -114.586000 361.895000 -111.971000
369.748000 -120.182000 368.192000 -117.057000
375.779000 -125.134000 374.466000 -122.191000
382.207000 -130.638000 380.615000 -127.317000
388.368000 -135.854000 386.724000 -132.541000
394.562000 -141.287000 392.758000 -137.852000
400.682000 -146.760000 398.734000 -143.224000
406.860000 -152.370000 404.638000 -148.633000
412.870000 -157.933000 410.520000 -154.098000
418.944000 -163.510000 416.332000 -159.557000
424.838000 -169.068000 422.095000 -165.007000
430.875000 -174.830000 427.775000 -170.452000
436.743000 -180.434000 433.474000 -175.947000
442.745000 -186.029000 439.225000 -181.382000
448.675000 -191.517000 445.016000 -186.771000
454.622000 -196.955000 450.882000 -192.099000
460.556000 -202.362000 456.757000 -197.410000
466.569000 -207.780000 462.617000 -202.677000
472.448000 -213.029000 468.516000 -207.969000
478.485000 -218.426000 474.461000 -213.228000
484.449000 -223.679000 480.412000 -218.453000
490.463000 -228.974000 486.348000 -223.660000
496.555000 -234.343000 492.254000 -228.840000
502.697000 -239.775000 498.180000 -234.037000
508.717000 -245.079000 504.098000 -239.250000
514.662000 -250.399000 510.004000 -244.467000
520.697000 -255.705000 515.902000 -249.614000
526.695000 -261.056000 521.789000 -254.777000
532.684000 -266.327000 527.700000 -259.901000
538.725000 -271.681000 533.645000 -265.069000
544.680000 -276.959000 539.558000 -270.225000
550.860000 -282.422000 545.443000 -275.426000
556.784000 -287.734000 551.325000 -280.589000
562.735000 -293.026000 557.232000 -285.809000
568.668000 -298.282000 563.091000 -290.974000
574.634000 -303.589000 568.980000 -296.172000
580.655000 -308.876000 574.842000 -301.318000
586.630000 -314.157000 580.708000 -306.434000
592.567000 -319.379000 586.558000 -311.549000
598.636000 -324.632000 592.455000 -316.660000
604.396000 -329.771000 598.343000 -321.753000
610.451000 -334.995000 604.203000 -326.813000
616.454000 -340.253000 610.144000 -331.947000
622.304000 -345.271000 616.024000 -336.993000
628.334000 -350.543000 621.935000 -342.050000
634.422000 -355.734000 627.841000 -347.080000
640.463000 -360.849000 633.767000 -352.103000
646.530000 -366.022000 639.710000 -357.108000
652.653000 -371.136000 645.658000 -362.120000
658.823000 -376.295000 651.612000 -367.083000
664.856000 -381.366000 657.539000 -372.015000
670.911000 -386.434000 663.533000 -377.039000
677.033000 -391.573000 669.475000 -382.074000
683.044000 -396.621000 675.382000 -387.102000
689.122000 -401.708000 681.302000 -392.129000
695.231000 -406.822000 687.190000 -397.081000
701.430000 -411.890000 693.108000 -402.053000
707.500000 -416.910000 699.021000 -406.992000
713.825000 -422.033000 704.930000 -411.888000
720.001000 -427.088000 710.858000 -416.745000
726.269000 -432.147000 716.794000 -421.583000
732.453000 -437.163000 722.794000 -426.398000
738.732000 -442.298000 728.833000 -431.236000
744.926000 -447.228000 734.825000 -436.099000
751.226000 -452.273000 740.839000 -440.948000
757.479000 -457.249000 746.827000 -445.769000
763.790000 -462.236000 752.856000 -450.587000
770.074000 -467.132000 758.897000 -455.384000
776.229000 -472.004000 764.940000 -460.178000
782.474000 -476.884000 770.944000 -464.937000
788.690000 -481.769000 776.982000 -469.717000
794.830000 -486.600000 782.979000 -474.499000
801.124000 -491.573000 788.957000 -479.294000
807.350000 -496.453000 794.922000 -484.040000
813.554000 -501.329000 800.935000 -488.789000
819.843000 -506.205000 806.961000 -493.544000
826.145000 -511.038000 812.996000 -498.258000
832.476000 -515.901000 819.066000 -502.974000
838.727000 -520.746000 825.125000 -507.720000
845.145000 -525.683000 831.189000 -512.477000
851.607000 -530.598000 837.270000 -517.246000
858.852000 -536.137000 843.308000 -522.011000
865.199000 -540.920000 849.347000 -526.772000
871.724000 -545.793000 855.339000 -531.463000
878.441000 -550.734000 861.335000 -536.124000
884.797000 -555.404000 867.288000 -540.732000
891.110000 -559.988000 873.270000 -545.303000
897.518000 -564.629000 879.227000 -549.839000
904.040000 -569.338000 885.113000 -554.301000
910.542000 -574.001000 891.110000 -558.796000
917.111000 -578.668000 897.017000 -563.218000
923.366000 -583.141000 902.876000 -567.650000
929.897000 -587.804000 908.709000 -572.092000
936.270000 -592.314000 914.627000 -576.589000
943.355000 -597.344000 920.512000 -581.071000
950.002000 -602.029000 926.401000 -585.494000
956.401000 -606.520000 932.341000 -589.928000
963.012000 -611.127000 938.243000 -594.330000
969.579000 -615.682000 944.126000 -598.733000
976.008000 -620.153000 950.043000 -603.112000
982.474000 -624.690000 955.979000 -607.492000
988.965000 -629.227000 961.956000 -611.872000
995.409000 -633.667000 967.877000 -616.204000
1001.720000 -638.077000 973.795000 -620.473000
1008.120000 -642.482000 979.622000 -624.676000
1014.430000 -646.846000 985.483000 -628.946000
1020.730000 -651.244000 991.318000 -633.175000
1027.020000 -655.565000 997.147000 -637.360000
1033.310000 -659.929000 1003.000000 -641.538000
1039.640000 -664.321000 1008.830000 -645.708000
1045.930000 -668.650000 1014.690000 -649.869000
1052.150000 -672.914000 1020.450000 -653.985000
1058.390000 -677.121000 1026.250000 -658.092000
1064.570000 -681.292000 1032.050000 -662.169000
1070.800000 -685.496000 1037.830000 -666.261000
1077.090000 -689.701000 1043.600000 -670.331000
1083.420000 -693.939000 1049.410000 -674.403000
1089.650000 -698.014000 1055.190000 -678.453000
1095.980000 -702.139000 1060.970000 -682.430000
1102.300000 -706.255000 1066.740000 -686.428000
1108.690000 -710.331000 1072.520000 -690.437000
1115.090000 -714.398000 1078.260000 -694.357000
1121.630000 -718.519000 1084.010000 -698.250000
1128.000000 -722.523000 1089.810000 -702.120000
1134.510000 -726.582000 1095.610000 -705.966000
1141.080000 -730.698000 1101.330000 -709.762000
1147.570000 -734.751000 1107.140000 -713.662000
1154.100000 -738.882000 1112.880000 -717.481000
1160.630000 -743.027000 1118.710000 -721.384000
1167.230000 -747.223000 1124.480000 -725.255000
1173.850000 -751.372000 1130.350000 -729.171000
1180.410000 -755.479000 1136.190000 -733.081000
1186.990000 -759.619000 1142.120000 -737.029000
1193.720000 -763.765000 1148.030000 -740.956000
1200.340000 -767.901000 1153.970000 -744.876000
1207.080000 -772.048000 1159.920000 -748.771000
1213.780000 -776.171000 1165.890000 -752.647000
1220.720000 -780.321000 1171.920000 -756.498000
1227.540000 -784.432000 1177.980000 -760.336000
1234.500000 -788.575000 1184.080000 -764.175000
1241.420000 -792.730000 1190.190000 -768.010000
1248.370000 -796.856000 1196.290000 -771.791000
1255.310000 -800.964000 1202.470000 -775.580000
1262.300000 -805.107000 1208.660000 -779.368000
1269.340000 -809.229000 1214.900000 -783.185000
1276.330000 -813.342000 1221.120000 -786.973000
1283.380000 -817.454000 1227.380000 -790.789000
1290.420000 -821.577000 1233.580000 -794.572000
1297.420000 -825.680000 1239.770000 -798.327000
1304.530000 -829.755000 1245.960000 -802.065000
1311.590000 -833.835000 1252.140000 -805.766000
1318.660000 -837.896000 1258.350000 -809.430000
1325.770000 -841.964000 1264.570000 -813.134000
1332.930000 -846.065000 1270.780000 -816.810000
1340.020000 -850.196000 1277.020000 -820.498000
1347.010000 -854.227000 1283.200000 -824.115000
1354.140000 -858.254000 1289.380000 -827.727000
1361.210000 -862.275000 1295.510000 -831.288000
1368.320000 -866.330000 1301.690000 -834.858000
1375.570000 -870.351000 1307.870000 -838.406000
1382.550000 -874.232000 1314.040000 -841.949000
1389.610000 -878.141000 1320.200000 -845.472000
1396.660000 -882.001000 1326.370000 -848.975000
1403.650000 -885.803000 1332.500000 -852.427000
1410.760000 -889.676000 1338.620000 -855.866000
1417.880000 -893.492000 1344.720000 -859.257000
1424.950000 -897.306000 1350.830000 -862.653000
1432.070000 -901.181000 1356.850000 -865.998000
1439.110000 -904.904000 1362.960000 -869.353000
1446.130000 -908.709000 1369.000000 -872.667000
1453.120000 -912.450000 1375.010000 -875.946000
1460.080000 -916.129000 1380.990000 -879.192000
1467.010000 -919.805000 1386.960000 -882.425000
1473.830000 -923.379000 1392.830000 -885.650000
1480.380000 -926.898000 1398.610000 -888.807000
1487.160000 -930.441000 1404.380000 -891.948000
1493.760000 -933.936000 1410.120000 -895.078000
1500.440000 -937.425000 1415.820000 -898.193000
1507.180000 -940.892000 1421.490000 -901.252000
1514.340000 -944.584000 1427.150000 -904.287000
1520.890000 -947.959000 1432.780000 -907.310000
1527.510000 -951.357000 1438.350000 -910.285000
1534.120000 -954.745000 1443.880000 -913.214000
1540.710000 -958.076000 1449.380000 -916.105000
1547.160000 -961.356000 1454.830000 -918.997000
1554.060000 -964.868000 1460.210000 -921.876000
1560.470000 -968.159000 1465.550000 -924.775000
1566.930000 -971.506000 1470.850000 -927.667000
1573.600000 -974.964000 1476.130000 -930.598000
1579.930000 -978.259000 1481.330000 -933.553000
1586.340000 -981.699000 1486.480000 -936.560000
1592.870000 -985.346000 1491.520000 -939.598000
1599.020000 -988.832000 1496.500000 -942.670000
1605.550000 -992.361000 1501.380000 -945.726000
1611.200000 -995.679000 1506.250000 -948.794000
1617.160000 -999.021000 1511.060000 -951.825000
1622.910000 -1002.310000 1515.820000 -954.857000
1629.060000 -1005.700000 1520.380000 -957.818000
1634.850000 -1008.890000 1524.980000 -960.767000
1640.570000 -1012.000000 1528.930000 -963.383000
1646.560000 -1015.180000 1531.040000 -964.887000
1652.420000 -1018.230000 1531.210000 -965.145000
1658.470000 -1021.320000 1531.160000 -965.217000
1664.910000 -1024.640000 1531.060000 -965.253000
1670.730000 -1027.630000 1531.140000 -965.395000
1676.600000 -1030.650000 1531.290000 -965.591000
1682.480000 -1033.680000 1531.250000 -965.648000
1688.360000 -1036.680000 1531.180000 -965.652000
1694.300000 -1039.690000 1531.040000 -965.582000
1700.140000 -1042.600000 1531.030000 -965.566000
1705.750000 -1045.380000 1530.910000 -965.435000
1711.500000 -1048.230000 1531.130000 -965.499000
1716.980000 -1050.900000 1531.880000 -965.885000
1722.510000 -1053.610000 1535.150000 -968.039000
1727.740000 -1056.260000 1538.430000 -970.163000
1733.300000 -1059.100000 1541.630000 -972.271000
1738.310000 -1061.670000 1544.810000 -974.372000
1743.480000 -1064.370000 1547.870000 -976.469000
1748.460000 -1066.930000 1550.870000 -978.560000
1753.320000 -1069.500000 1553.750000 -980.602000
1758.090000 -1072.050000 1556.570000 -982.632000
1762.580000 -1074.540000 1559.270000 -984.626000
1766.920000 -1076.970000 1561.860000 -986.619000
1771.240000 -1079.550000 1564.280000 -988.628000
1775.080000 -1082.080000 1566.530000 -990.764000
1778.970000 -1084.900000 1568.550000 -993.013000
1782.600000 -1087.760000 1570.430000 -995.433000
1785.870000 -1090.830000 1572.050000 -998.010000
1788.870000 -1094.080000 1573.520000 -1000.810000
1791.810000 -1097.680000 1574.710000 -1003.810000
1794.320000 -1101.380000 1575.640000 -1007.010000
1796.520000 -1105.200000 1576.310000 -1010.390000
1798.390000 -1109.410000 1576.740000 -1014.000000
1799.860000 -1113.550000 1576.880000 -1017.730000
1800.920000 -1117.820000 1576.740000 -1021.600000
1801.600000 -1122.080000 1576.300000 -1025.550000
1801.980000 -1126.480000 1575.640000 -1029.620000
1801.980000 -1130.900000 1574.700000 -1033.730000
1801.610000 -1135.390000 1573.540000 -1037.870000
1800.920000 -1139.710000 1572.130000 -1042.020000
1799.840000 -1144.130000 1570.490000 -1046.180000
1798.390000 -1148.350000 1568.590000 -1050.270000
1796.580000 -1152.500000 1566.480000 -1054.310000
1794.320000 -1156.610000 1564.110000 -1058.220000
1791.830000 -1160.390000 1561.580000 -1062.020000
1788.950000 -1163.950000 1558.840000 -1065.590000
1785.870000 -1167.220000 1555.970000 -1068.970000
1782.470000 -1170.200000 1552.920000 -1072.090000
1778.710000 -1172.910000 1549.800000 -1074.930000
1774.730000 -1175.280000 1546.560000 -1077.510000
1770.500000 -1177.390000 1543.250000 -1079.820000
1766.050000 -1179.130000 1539.860000 -1081.830000
1761.440000 -1180.570000 1536.410000 -1083.610000
1756.940000 -1181.610000 1532.900000 -1085.080000
1752.020000 -1182.490000 1529.390000 -1086.340000
1747.180000 -1183.120000 1525.850000 -1087.380000
1742.210000 -1183.560000 1522.290000 -1088.280000
1737.060000 -1183.880000 1518.670000 -1089.010000
1732.040000 -1184.110000 1515.050000 -1089.670000
1726.870000 -1184.270000 1511.400000 -1090.240000
1721.940000 -1184.350000 1507.790000 -1090.770000
1716.800000 -1184.430000 1504.130000 -1091.250000
1711.640000 -1184.460000 1500.470000 -1091.710000
1706.390000 -1184.490000 1496.750000 -1092.130000
1701.460000 -1184.470000 1493.070000 -1092.530000
1696.300000 -1184.440000 1489.430000 -1092.900000
1691.300000 -1184.410000 1485.890000 -1093.270000
1686.330000 -1184.290000 1482.370000 -1093.600000
1681.430000 -1184.070000 1478.950000 -1093.820000
1676.650000 -1183.690000 1475.630000 -1093.870000
1672.050000 -1183.060000 1472.500000 -1093.740000
1667.600000 -1182.230000 1469.490000 -1093.320000
1663.340000 -1181.070000 1466.650000 -1092.610000
1659.250000 -1179.560000 1464.010000 -1091.590000
1655.260000 -1177.690000 1461.550000 -1090.240000
1651.530000 -1175.420000 1459.320000 -1088.510000
1648.100000 -1172.830000 1457.400000 -1086.440000
1644.890000 -1169.780000 1455.710000 -1083.990000
1642.170000 -1166.600000 1454.380000 -1081.260000
1639.830000 -1163.130000 1453.360000 -1078.240000
1637.900000 -1159.470000 1452.720000 -1075.020000
1636.340000 -1155.590000 1452.370000 -1071.550000
1635.130000 -1151.470000 1452.350000 -1067.930000
1634.270000 -1147.320000 1452.580000 -1064.150000
1633.840000 -1143.290000 1453.150000 -1060.290000
1633.920000 -1138.870000 1454.060000 -1056.340000
1634.360000 -1134.720000 1455.260000 -1052.350000
1635.250000 -1130.490000 1456.790000 -1048.360000
1636.620000 -1126.300000 1458.630000 -1044.440000
1638.330000 -1122.240000 1460.750000 -1040.520000
1640.430000 -1118.200000 1463.090000 -1036.670000
1642.660000 -1114.430000 1465.600000 -1032.810000
1645.310000 -1110.470000 1468.280000 -1029.020000
1648.090000 -1106.570000 1471.080000 -1025.210000
1650.970000 -1102.720000 1473.970000 -1021.370000
1653.990000 -1098.720000 1476.880000 -1017.450000
1657.050000 -1094.730000 1479.840000 -1013.490000
