0.000000 0.000000 0.000000 0.000000
-0.029778 3.912680 -0.013013 3.925700
-0.046422 7.861440 -0.018424 7.876580
-0.074851 11.819300 -0.033407 11.863300
-0.124666 15.861900 -0.052356 15.874900
-0.130309 19.923300 -0.038297 19.922800
-0.151192 24.012800 -0.031459 23.980200
-0.162416 28.126700 -0.029871 28.059100
-0.167475 32.245300 -0.037600 32.203700
-0.176635 36.410300 -0.028511 36.348000
-0.192679 40.586300 -0.030466 40.530000
-0.227084 44.813700 -0.027149 44.740500
-0.215972 49.059100 -0.020935 48.969700
-0.253838 53.310700 -0.030198 53.230600
-0.292086 57.584900 -0.041175 57.506800
-0.329420 61.905900 -0.045144 61.739500
-0.357997 66.171700 -0.050351 65.983600
-0.388823 70.417500 -0.051907 70.207300
-0.428180 74.602900 -0.050484 74.421000
-0.454144 78.827400 -0.042059 78.567000
-0.462387 83.020200 -0.007942 82.708000
-0.488411 87.145600 0.006151 86.837200
-0.512899 91.330400 0.002953 90.926400
-0.541516 95.564300 -0.013606 94.964800
-0.577668 99.729100 -0.032070 99.013900
-0.615204 103.584000 -0.041694 103.065000
-0.646104 107.639000 -0.043999 107.061000
-0.669612 111.607000 -0.025659 111.053000
-0.686941 115.800000 -0.028310 114.985000
-0.692748 119.733000 0.004620 118.982000
-0.688790 123.790000 0.042553 122.970000
-0.666823 127.767000 0.094104 126.947000
-0.627941 131.798000 0.163994 130.937000
-0.583407 135.736000 0.249673 134.942000
-0.539948 139.806000 0.314899 138.946000
-0.517217 143.844000 0.356995 142.953000
-0.482894 147.909000 0.421766 146.950000
-0.458051 151.950000 0.478886 151.003000
-0.449677 156.000000 0.512322 155.038000
-0.413096 160.014000 0.575067 159.058000
-0.409439 164.125000 0.608630 163.059000
-0.401081 168.169000 0.644940 167.094000
-0.403149 172.341000 0.662139 171.187000
-0.396681 176.483000 0.697486 175.288000
-0.382953 180.695000 0.753542 179.398000
-0.400074 184.909000 0.774018 183.537000
-0.415222 189.214000 0.787187 187.742000
-0.408216 193.531000 0.827619 191.941000
-0.384531 197.726000 0.871585 196.137000
-0.399014 201.980000 0.876258 200.386000
-0.402824 206.307000 0.890592 204.709000
-0.377981 210.704000 0.935570 209.023000
-0.378127 215.070000 0.954076 213.385000
-0.371152 219.470000 0.982669 217.764000
-0.369494 223.945000 0.990145 222.192000
-0.385323 228.438000 0.998366 226.642000
-0.385927 232.882000 1.018970 231.113000
-0.387261 237.436000 1.029070 235.601000
-0.394105 241.964000 1.045120 240.114000
-0.389503 246.535000 1.075980 244.668000
-0.385739 251.050000 1.119800 249.235000
-0.372893 255.656000 1.144990 253.797000
-0.358682 260.333000 1.189950 258.393000
-0.339807 264.955000 1.257940 262.977000
-0.300362 269.595000 1.300580 267.573000
-0.271791 274.233000 1.337270 272.177000
-0.237563 278.890000 1.385440 276.770000
-0.154317 283.582000 1.471880 281.373000
-0.077613 288.220000 1.560070 285.993000
-0.000781 292.961000 1.648680 290.629000
0.062034 297.677000 1.727510 295.293000
0.133220 302.446000 1.814170 299.995000
0.172784 307.238000 1.902220 304.743000
0.223721 312.033000 2.021970 309.561000
0.268651 316.925000 2.105430 314.412000
0.297909 321.882000 2.176090 319.266000
0.318247 326.776000 2.272660 324.125000
0.360069 331.655000 2.390460 328.972000
0.387482 336.544000 2.499830 333.800000
0.437206 341.370000 2.601570 338.615000
0.422522 346.193000 2.687710 343.396000
0.426174 351.014000 2.770100 348.168000
0.400770 355.775000 2.852970 352.943000
0.392204 360.513000 2.927720 357.693000
0.392404 365.273000 3.016500 362.440000
0.391007 370.088000 3.108520 367.195000
0.396433 374.853000 3.204120 371.967000
0.391603 379.678000 3.308040 376.746000
0.438271 384.474000 3.415630 381.543000
0.458860 389.390000 3.526720 386.355000
0.499137 394.228000 3.641780 391.187000
