0.000000 0.000000 0.000000 0.000000
-0.022988 0.257472 -0.027036 0.283998
-0.074857 0.592901 -0.072588 0.632407
-0.161378 1.029490 -0.147635 1.084580
-0.325799 1.539970 -0.289325 1.602270
-0.558983 2.097080 -0.492300 2.169150
-0.879079 2.669940 -0.786397 2.757760
-1.270560 3.238260 -1.152070 3.345320
-1.794350 3.784400 -1.629070 3.912320
-2.441380 4.280070 -2.239470 4.439760
-3.230790 4.711290 -2.988890 4.921530
-4.179830 5.017620 -3.902730 5.295520
-5.286930 5.213560 -4.982570 5.545710
-6.529830 5.279790 -6.204860 5.651290
-7.921480 5.233360 -7.582440 5.648160
-9.455480 5.101270 -9.113650 5.539470
-11.123200 4.926100 -10.782200 5.372540
-12.920600 4.738890 -12.580400 5.187670
-14.862700 4.538960 -14.525600 4.982100
-16.985800 4.339820 -16.632600 4.774680
-19.195700 4.135520 -18.848700 4.569230
-21.528100 3.938810 -21.168600 4.376510
-23.915000 3.745280 -23.592800 4.169600
-26.384900 3.542560 -26.061400 3.966150
-28.887500 3.324010 -28.567800 3.744060
-31.406300 3.099310 -31.063800 3.530530
-33.923700 2.880800 -33.549400 3.317010
-36.393100 2.675880 -36.031400 3.109350
-38.889200 2.469560 -38.520600 2.914540
-41.378500 2.264250 -40.999700 2.700390
-43.843700 2.044660 -43.474800 2.486800
-46.300000 1.847310 -45.929500 2.290510
-48.735500 1.635910 -48.369700 2.080830
-51.127300 1.380790 -50.746600 1.845570
-53.496400 1.139140 -53.106800 1.611630
-55.830500 0.902182 -55.424000 1.387590
-58.129300 0.674480 -57.708200 1.158530
-60.310700 0.451558 -59.889500 0.943699
-62.380200 0.239942 -61.947100 0.739861
-64.317200 0.093315 -63.892100 0.585134
-66.121800 0.028777 -65.694200 0.499692
-67.736000 0.117255 -67.304600 0.557432
-69.155400 0.375873 -68.729700 0.779474
-70.440700 0.843686 -70.010900 1.198060
-71.584600 1.533280 -71.167000 1.825880
-72.576500 2.391120 -72.193600 2.626190
-73.428700 3.333950 -73.063900 3.532000
-74.173200 4.517150 -73.853700 4.674090
-74.808900 5.956710 -74.538100 6.068800
-75.334100 7.573850 -75.094600 7.665780
-75.774200 9.348090 -75.556500 9.427450
-76.187900 11.277600 -75.971200 11.340200
-76.539600 13.356800 -76.325500 13.415600
-76.826500 15.539200 -76.613700 15.593900
-77.085400 17.834300 -76.865600 17.879400
-77.317700 20.154800 -77.088200 20.178200
-77.516700 22.463900 -77.279300 22.478800
-77.717700 24.727200 -77.471700 24.757200
-77.905300 26.992400 -77.646000 27.021300
-78.074000 29.276300 -77.792300 29.285400
-78.226900 31.544500 -77.933300 31.542500
-78.379700 33.832400 -78.077500 33.845200
-78.549000 36.190400 -78.224400 36.184800
-78.761300 38.600600 -78.417500 38.564500
-78.968700 41.045600 -78.616500 41.029000
-79.194300 43.567200 -78.833000 43.545000
-79.426200 46.142500 -79.059500 46.113300
-79.638500 48.758200 -79.254300 48.718300
-79.836700 51.395100 -79.438300 51.326600
-80.038700 53.944100 -79.627600 53.900900
-80.244200 56.496300 -79.800200 56.450700
-80.425800 59.052000 -79.977000 58.998800
-80.634200 61.531000 -80.154100 61.476900
-80.882300 63.978600 -80.369700 63.916400
-81.156400 66.376300 -80.616800 66.325800
-81.438900 68.764900 -80.873000 68.692300
-81.768300 71.102300 -81.175000 71.027600
-82.125600 73.380600 -81.521200 73.317300
-82.532900 75.651200 -81.893800 75.596800
-82.974800 77.867800 -82.301500 77.814100
-83.500900 80.061500 -82.768900 80.011900
-84.088300 82.194400 -83.318900 82.142100
-84.762800 84.326300 -83.946000 84.267100
-85.498200 86.445100 -84.652500 86.368500
-86.300400 88.545900 -85.420700 88.441000
-87.174400 90.636900 -86.259400 90.522600
-88.106700 92.733900 -87.166300 92.603300
-89.055000 94.811800 -88.081600 94.671300
-90.066200 96.894800 -89.049400 96.752100
-91.095900 98.955800 -90.051200 98.807100
-92.158700 101.004000 -91.083000 100.851000
-93.232100 103.016000 -92.117700 102.854000
-94.335400 105.006000 -93.185600 104.826000
-95.433400 106.935000 -94.261100 106.746000
-96.517500 108.818000 -95.329300 108.623000
-97.557300 110.571000 -96.334800 110.356000
-98.525500 112.177000 -97.289900 111.953000
-99.407300 113.622000 -98.157400 113.385000
-100.201000 114.876000 -98.930100 114.626000
-100.896000 115.966000 -99.604100 115.709000
-101.557000 116.890000 -100.240000 116.633000
-102.120000 117.666000 -100.777000 117.415000
-102.639000 118.274000 -101.276000 118.025000
-103.127000 118.738000 -101.735000 118.504000
-103.622000 119.108000 -102.221000 118.904000
-104.146000 119.475000 -102.720000 119.288000
-104.735000 119.790000 -103.267000 119.604000
-105.325000 120.011000 -103.845000 119.869000
-105.975000 120.213000 -104.480000 120.092000
-106.802000 120.364000 -105.281000 120.272000
-107.775000 120.403000 -106.234000 120.351000
-108.845000 120.300000 -107.305000 120.297000
-110.018000 120.015000 -108.479000 120.062000
-111.297000 119.527000 -109.754000 119.624000
-112.652000 118.796000 -111.120000 118.951000
-114.054000 117.849000 -112.535000 118.031000
-115.556000 116.732000 -114.046000 116.935000
-117.153000 115.485000 -115.648000 115.693000
-118.840000 114.117000 -117.349000 114.331000
-120.627000 112.651000 -119.147000 112.869000
-122.537000 111.079000 -121.044000 111.308000
-124.530000 109.419000 -123.034000 109.651000
-126.591000 107.708000 -125.108000 107.929000
-128.748000 105.898000 -127.268000 106.131000
-130.971000 104.009000 -129.500000 104.243000
-133.267000 102.090000 -131.777000 102.334000
-135.538000 100.171000 -134.051000 100.425000
-137.796000 98.273000 -136.326000 98.504500
-140.062000 96.360500 -138.589000 96.597300
-142.310000 94.441700 -140.836000 94.677900
-144.548000 92.522400 -143.084000 92.756800
-146.804000 90.595500 -145.317000 90.847300
-149.055000 88.704100 -147.585000 88.953800
-151.306000 86.826000 -149.836000 87.078100
-153.538000 84.945700 -152.079000 85.198300
-155.765000 83.073600 -154.309000 83.331300
-157.987000 81.205000 -156.527000 81.462600
-160.184000 79.347400 -158.709000 79.616500
-162.353000 77.503500 -160.865000 77.774000
-164.515000 75.675400 -163.011000 75.953000
-166.639000 73.890700 -165.145000 74.151600
-168.768000 72.119900 -167.256000 72.382800
-170.860000 70.381100 -169.337000 70.649400
-172.889000 68.681500 -171.354000 68.975500
-174.842000 67.049000 -173.291000 67.375600
-176.705000 65.499300 -175.141000 65.835400
-178.467000 64.027000 -176.919000 64.364200
-180.146000 62.631700 -178.609000 62.961400
-181.732000 61.301300 -180.188000 61.639600
-183.182000 60.020600 -181.654000 60.353000
-184.494000 58.738500 -182.993000 59.070200
-185.664000 57.401400 -184.151000 57.758300
-186.570000 56.042000 -185.103000 56.408600
-187.246000 54.644100 -185.813000 55.041700
-187.648000 53.225900 -186.276000 53.642400
-187.863000 51.791600 -186.557000 52.217000
-187.816000 50.367800 -186.585000 50.797700
-187.628000 48.997600 -186.439000 49.431200
-187.197000 47.718600 -186.094000 48.147900
-186.610000 46.509500 -185.591000 46.895800
-185.871000 45.308600 -184.888000 45.679100
-185.004000 44.131900 -184.056000 44.485500
-184.074000 42.954900 -183.143000 43.292800
-183.076000 41.737800 -182.170000 42.059700
-182.009000 40.460800 -181.111000 40.773200
-180.882000 39.086400 -179.979000 39.387500
-179.651000 37.612200 -178.768000 37.916000
-178.334000 36.012300 -177.469000 36.314000
-176.887000 34.303200 -176.057000 34.606100
-175.367000 32.446800 -174.554000 32.753500
-173.774000 30.514600 -172.983000 30.823500
-172.125000 28.508500 -171.345000 28.783600
-170.418000 26.410500 -169.672000 26.693600
-168.634000 24.247200 -167.925000 24.550900
-166.877000 22.072400 -166.183000 22.369000
-165.109000 19.893100 -164.435000 20.186000
-163.363000 17.750700 -162.717000 18.053900
-161.642000 15.624400 -161.013000 15.912100
-159.930000 13.489600 -159.320000 13.784000
-158.308000 11.336300 -157.728000 11.644200
-156.845000 9.121660 -156.277000 9.448720
-155.597000 6.805130 -155.029000 7.160690
-154.610000 4.430080 -154.040000 4.820370
-153.838000 1.999890 -153.274000 2.386760
-153.263000 -0.536986 -152.701000 -0.124096
-152.798000 -3.158040 -152.255000 -2.742950
-152.465000 -5.857400 -151.940000 -5.448760
-152.174000 -8.685460 -151.671000 -8.269030
-151.840000 -11.567300 -151.367000 -11.143900
-151.498000 -14.548200 -151.063000 -14.132200
-151.154000 -17.589000 -150.749000 -17.175800
-150.786000 -20.711500 -150.421000 -20.277000
-150.432000 -23.858100 -150.113000 -23.434400
-150.098000 -27.021400 -149.814000 -26.581700
-149.770000 -30.149500 -149.529000 -29.708600
-149.469000 -33.215200 -149.263000 -32.804400
-149.181000 -36.287100 -149.017000 -35.875400
-148.939000 -39.349100 -148.797000 -38.940100
-148.707000 -42.392300 -148.614000 -41.972500
-148.490000 -45.374900 -148.435000 -44.989000
-148.279000 -48.340200 -148.270000 -47.974500
-148.073000 -51.300000 -148.103000 -50.933400
-147.858000 -54.182400 -147.928000 -53.862600
-147.634000 -57.044100 -147.749000 -56.738200
-147.390000 -59.891000 -147.549000 -59.583400
-147.138000 -62.664600 -147.337000 -62.365900
-146.903000 -65.342800 -147.142000 -65.037300
-146.721000 -67.877800 -146.997000 -67.568900
-146.618000 -70.252000 -146.928000 -69.936100
-146.575000 -72.398000 -146.907000 -72.087900
-146.577000 -74.292600 -146.933000 -73.986200
-146.601000 -75.977800 -146.978000 -75.646300
-146.641000 -77.384800 -147.035000 -77.040400
-146.678000 -78.499400 -147.083000 -78.153700
-146.685000 -79.313500 -147.111000 -78.983600
-146.681000 -79.934800 -147.123000 -79.611700
-146.685000 -80.462200 -147.139000 -80.167900
-146.672000 -80.912500 -147.140000 -80.642800
-146.647000 -81.312700 -147.131000 -81.043000
-146.603000 -81.642100 -147.100000 -81.374700
-146.576000 -81.822700 -147.080000 -81.575000
-146.560000 -81.901900 -147.071000 -81.660700
-146.559000 -81.906800 -147.078000 -81.666700
-146.562000 -81.910900 -147.078000 -81.666800
-146.562000 -81.909400 -147.087000 -81.669400
-146.559000 -81.910800 -147.089000 -81.669700
-146.561000 -81.911200 -147.094000 -81.670700
-146.560000 -81.906800 -147.092000 -81.671500
-146.560000 -81.909000 -147.092000 -81.676500
-146.560000 -81.906300 -147.086000 -81.676000
-146.560000 -81.904700 -147.086000 -81.674600
-146.557000 -81.911500 -147.083000 -81.669600
-146.560000 -81.905800 -147.086000 -81.669700
-146.560000 -81.901500 -147.081000 -81.665200
-146.558000 -81.903200 -147.078000 -81.666500
-146.558000 -81.899900 -147.082000 -81.664800
-146.559000 -81.901000 -147.087000 -81.661900
-146.556000 -81.901600 -147.087000 -81.663000
-146.556000 -81.901800 -147.087000 -81.657600
-146.559000 -81.903800 -147.090000 -81.661500
-146.547000 -81.930900 -147.081000 -81.682200
-146.523000 -81.996800 -147.069000 -81.750800
-146.483000 -82.098200 -147.042000 -81.858700
-146.429000 -82.221000 -146.997000 -81.999200
-146.334000 -82.417200 -146.935000 -82.200000
-146.193000 -82.752300 -146.824000 -82.540700
-145.983000 -83.202000 -146.641000 -83.000500
-145.699000 -83.730000 -146.392000 -83.542900
-145.303000 -84.300600 -146.042000 -84.143100
-144.720000 -84.919500 -145.515000 -84.803200
-143.890000 -85.636600 -144.734000 -85.565500
-142.738000 -86.385500 -143.640000 -86.376800
-141.257000 -87.068900 -142.228000 -87.143000
-139.506000 -87.578200 -140.539000 -87.732300
-137.529000 -87.882900 -138.596000 -88.119800
-135.307000 -88.021400 -136.402000 -88.329900
-132.865000 -88.073300 -133.973000 -88.459100
-130.241000 -88.029400 -131.349000 -88.487200
-127.403000 -87.889900 -128.520000 -88.428100
-124.326000 -87.742200 -125.479000 -88.360900
-121.128000 -87.553400 -122.283000 -88.265300
-117.771000 -87.314200 -118.935000 -88.117200
-114.266000 -87.023900 -115.455000 -87.924900
-110.691000 -86.735600 -111.873000 -87.728300
-107.104000 -86.456700 -108.286000 -87.549200
-103.551000 -86.185100 -104.761000 -87.376200
-99.999500 -85.921500 -101.213000 -87.200800
-96.483700 -85.677500 -97.689300 -87.041500
-92.977400 -85.416400 -94.173000 -86.875100
-89.516900 -85.166000 -90.688500 -86.710300
-86.058900 -84.922500 -87.265100 -86.573400
-82.624100 -84.682500 -83.860300 -86.430400
-79.241800 -84.413600 -80.479400 -86.242200
-75.891600 -84.121000 -77.132500 -86.037200
-72.569000 -83.808100 -73.815500 -85.813300
-69.278400 -83.487000 -70.519300 -85.575000
-65.984900 -83.188600 -67.240100 -85.366000
-62.732300 -82.923800 -63.992800 -85.197400
-59.480700 -82.668200 -60.753300 -85.027900
-56.249400 -82.433600 -57.539300 -84.880500
-53.031900 -82.216300 -54.321100 -84.761700
-49.849600 -82.000200 -51.095900 -84.619900
-46.658600 -81.761100 -47.917000 -84.463500
-43.496000 -81.528600 -44.768400 -84.328700
-40.319600 -81.315900 -41.596300 -84.205100
-37.188200 -81.092700 -38.463100 -84.057500
-34.051000 -80.860700 -35.342000 -83.907200
-30.988200 -80.648700 -32.238800 -83.772000
-27.888800 -80.438400 -29.173800 -83.642200
-24.869100 -80.229600 -26.141100 -83.516600
-21.852200 -80.035400 -23.133400 -83.410900
-18.901700 -79.846400 -20.201600 -83.310200
-16.116100 -79.669800 -17.426900 -83.218900
-13.528600 -79.492800 -14.870900 -83.132500
-11.118000 -79.288000 -12.484700 -83.007800
-8.904910 -79.062300 -10.269200 -82.852900
-6.900370 -78.771900 -8.268730 -82.631900
-5.128910 -78.414500 -6.492470 -82.340400
-3.495490 -77.960700 -4.836190 -81.961500
-2.005400 -77.404200 -3.327090 -81.480300
-0.645083 -76.724600 -1.935140 -80.864100
0.539524 -75.846000 -0.709138 -80.059100
1.540950 -74.837600 0.357670 -79.111600
2.347700 -73.661900 1.227330 -77.987300
2.983740 -72.387600 1.945950 -76.767300
3.393810 -71.006500 2.450100 -75.444100
3.666750 -69.591500 2.801680 -74.048500
3.835870 -68.071200 3.047690 -72.552900
3.950890 -66.459000 3.231110 -70.966900
4.009950 -64.750300 3.355350 -69.261900
4.011940 -62.900500 3.429060 -67.399200
3.952690 -60.889300 3.439700 -65.394300
3.865910 -58.725200 3.433660 -63.247300
3.764290 -56.460900 3.413570 -60.980700
3.644760 -54.182300 3.377340 -58.693700
3.500680 -51.894300 3.316290 -56.401600
3.323950 -49.611800 3.234490 -54.113100
3.151380 -47.308200 3.142600 -51.825900
2.978150 -45.028100 3.052410 -49.546600
2.807150 -42.773700 2.961200 -47.295800
2.655980 -40.581800 2.880600 -45.077300
2.514360 -38.444400 2.812380 -42.940300
2.380300 -36.401400 2.755680 -40.928300
2.239410 -34.409300 2.693140 -38.961400
2.110370 -32.508900 2.642160 -37.041900
1.982710 -30.645100 2.583700 -35.155400
1.855430 -28.789100 2.535910 -33.303500
1.722050 -26.990200 2.481860 -31.488500
1.594940 -25.201300 2.421570 -29.694300
1.450210 -23.428200 2.350740 -27.937600
1.300410 -21.726000 2.268360 -26.224000
1.165700 -20.114300 2.188050 -24.604000
1.060810 -18.588300 2.126850 -23.086000
0.964733 -17.172100 2.078650 -21.664900
0.883142 -15.867800 2.040520 -20.353200
0.816023 -14.692200 2.003460 -19.192500
0.759991 -13.729800 1.976820 -18.215100
0.706949 -12.872900 1.959990 -17.382000
0.653530 -12.101700 1.950330 -16.605700
0.611054 -11.327200 1.939260 -15.845900
0.565045 -10.590000 1.924140 -15.097800
0.510632 -9.842890 1.909910 -14.364000
0.422541 -9.137130 1.865060 -13.648600
0.325789 -8.430540 1.807210 -12.938900
0.228600 -7.733810 1.746980 -12.245900
0.143583 -7.056930 1.692370 -11.556300
0.070457 -6.376310 1.648540 -10.888800
0.002469 -5.710880 1.614260 -10.227900
-0.039825 -5.071680 1.588500 -9.571680
-0.092090 -4.332740 1.570090 -8.838600
-0.137944 -3.486260 1.563280 -8.003970
-0.182102 -2.542550 1.566090 -7.074510
-0.208659 -1.562840 1.574720 -6.080840
-0.230522 -0.506607 1.603920 -5.015900
-0.275394 0.652266 1.632760 -3.853840
-0.252054 1.862910 1.707920 -2.659790
-0.318169 3.003170 1.719980 -1.515190
-0.459573 4.107430 1.656390 -0.404782
-0.675918 5.164430 1.509060 0.675555
-0.970111 6.168110 1.295280 1.711690
-1.294110 7.161360 1.040750 2.714220
-1.513920 8.139540 0.855329 3.685570
-1.650520 8.843600 0.745085 4.387800
-1.696880 9.221240 0.704322 4.778280
-1.712800 9.306550 0.691715 4.868390
-1.714910 9.283690 0.696042 4.841290
-1.715400 9.294150 0.703702 4.850640
