-0.000000 0.000000 0.000000 0.000000
-0.041489 2.276680 -0.014760 2.281390
-0.052306 4.418450 -0.032129 4.431210
-0.061395 6.382280 -0.037174 6.396220
-0.066312 8.111560 -0.035153 8.131830
-0.042636 9.605940 -0.018307 9.620360
-0.036176 10.830500 -0.014066 10.848700
0.009015 11.792300 0.015657 11.814100
0.040401 12.483400 0.045928 12.522100
0.043769 13.005500 0.058007 13.047000
0.071028 13.451300 0.077377 13.507300
0.081426 13.842600 0.097386 13.907100
0.112892 14.219400 0.117919 14.282400
0.109932 14.590300 0.126769 14.664900
0.107821 14.957700 0.121574 15.050000
0.076755 15.379600 0.100673 15.471500
0.005552 15.886300 0.038761 15.988900
-0.164198 16.543900 -0.097551 16.653300
-0.449588 17.312500 -0.333872 17.437600
-0.903673 18.156100 -0.736341 18.297500
-1.527070 19.018900 -1.301150 19.190300
-2.346510 19.849500 -2.066890 20.055500
-3.372420 20.624400 -3.040530 20.875800
-4.623230 21.303000 -4.248040 21.619100
-6.078120 21.824700 -5.675570 22.210500
-7.766420 22.141000 -7.332500 22.584900
-9.634860 22.225800 -9.181080 22.760000
-11.684600 22.144200 -11.217600 22.735900
-13.947900 21.991400 -13.450100 22.658200
-16.325800 21.913100 -15.845800 22.610600
-18.936300 21.840800 -18.420200 22.571500
-21.685800 21.730500 -21.179400 22.494200
-24.686700 21.594100 -24.138600 22.401800
-27.713500 21.502400 -27.180000 22.301700
-30.803600 21.299900 -30.252200 22.168400
-33.980900 21.085400 -33.405100 21.985400
-37.187900 20.773200 -36.590200 21.736500
-40.454600 20.475500 -39.806600 21.453000
-43.687400 20.127800 -43.053400 21.156700
-46.923400 19.776800 -46.344100 20.859400
-50.275600 19.452600 -49.650300 20.595100
-53.636700 19.152600 -53.015100 20.342600
-57.004100 18.887800 -56.414600 20.151500
-60.425000 18.726800 -59.822100 20.026200
-63.856700 18.603200 -63.257100 19.956900
-67.310900 18.514700 -66.735900 19.930100
-70.863700 18.456900 -70.245000 19.911500
-74.390200 18.398400 -73.768100 19.909600
-77.949200 18.338800 -77.306400 19.911500
-81.470000 18.272100 -80.822200 19.913900
-85.008700 18.200400 -84.326300 19.926600
-88.517000 18.136400 -87.814000 19.928400
-91.979200 18.084400 -91.297500 19.951200
-95.503000 18.032800 -94.771800 19.969700
-98.928900 17.993100 -98.217500 19.984700
-102.377000 17.938000 -101.663000 20.015800
-105.835000 17.885800 -105.144000 20.023400
-109.376000 17.802300 -108.657000 20.038900
-112.956000 17.718200 -112.232000 20.061000
-116.596000 17.603200 -115.889000 20.074600
-120.327000 17.446100 -119.577000 20.082600
-124.119000 17.266700 -123.339000 20.046700
-127.863000 17.044700 -127.102000 20.027000
-131.642000 16.847400 -130.861000 20.020700
-135.322000 16.771800 -134.604000 20.005400
-139.002000 16.642900 -138.341000 19.983700
-142.743000 16.512200 -142.059000 19.971300
-146.419000 16.449200 -145.759000 19.979800
-150.111000 16.422500 -149.454000 19.995100
-153.845000 16.421800 -153.136000 20.009200
-157.503000 16.460200 -156.817000 19.997800
-161.177000 16.496800 -160.472000 19.990800
-164.778000 16.582300 -164.092000 20.030600
-168.434000 16.665700 -167.728000 20.062000
-172.049000 16.742800 -171.348000 20.088600
-175.640000 16.855200 -174.922000 20.148300
-179.019000 16.987100 -178.269000 20.201700
-182.117000 17.110600 -181.374000 20.258500
-184.983000 17.227700 -184.222000 20.322500
-187.755000 17.299100 -186.971000 20.356500
-190.487000 17.356500 -189.706000 20.355100
-193.204000 17.409900 -192.428000 20.347600
-195.921000 17.453700 -195.134000 20.310000
-198.658000 17.523400 -197.852000 20.300800
-201.484000 17.580800 -200.620000 20.303700
-204.354000 17.637100 -203.439000 20.298200
-207.260000 17.653400 -206.337000 20.312700
-210.234000 17.694700 -209.310000 20.350000
-213.332000 17.757700 -212.339000 20.399000
-216.431000 17.843000 -215.426000 20.476100
-219.641000 17.935000 -218.584000 20.569600
-222.864000 18.035500 -221.797000 20.674600
-226.177000 18.138600 -225.095000 20.784100
-229.596000 18.235300 -228.462000 20.880100
-233.019000 18.315700 -231.874000 20.989300
-236.534000 18.424500 -235.370000 21.101000
-240.141000 18.472100 -238.928000 21.167200
-243.844000 18.502300 -242.547000 21.198800
-247.557000 18.507300 -246.246000 21.207600
-251.325000 18.471000 -249.977000 21.189100
-255.059000 18.437700 -253.712000 21.163200
-258.827000 18.386700 -257.443000 21.153200
-262.575000 18.375800 -261.171000 21.138600
-266.325000 18.353000 -264.877000 21.147000
-270.068000 18.335200 -268.552000 21.125900
-273.789000 18.282600 -272.213000 21.098400
-277.453000 18.273500 -275.871000 21.111400
-281.112000 18.257500 -279.514000 21.114500
-284.788000 18.245600 -283.146000 21.127600
-288.456000 18.239800 -286.776000 21.142000
-292.206000 18.242600 -290.420000 21.162600
-295.865000 18.229900 -294.048000 21.168600
-299.539000 18.220400 -297.692000 21.167600
-303.243000 18.191300 -301.328000 21.168100
-306.950000 18.170700 -305.013000 21.190000
-310.652000 18.145300 -308.684000 21.192100
-314.391000 18.131800 -312.365000 21.213300
-318.157000 18.128700 -316.071000 21.246400
-321.941000 18.133200 -319.795000 21.266300
-325.722000 18.139100 -323.529000 21.306900
-329.490000 18.145600 -327.253000 21.345100
-333.240000 18.170200 -330.952000 21.377600
-336.925000 18.200000 -334.646000 21.423400
-340.618000 18.218300 -338.304000 21.465100
-344.199000 18.222200 -341.840000 21.509600
-347.707000 18.204400 -345.275000 21.553800
-351.037000 18.229200 -348.547000 21.596000
-354.180000 18.229400 -351.673000 21.623300
-357.311000 18.214800 -354.755000 21.645300
-360.360000 18.163700 -357.750000 21.652500
-363.202000 18.178200 -360.559000 21.669000
-365.816000 18.221200 -363.141000 21.725000
-368.186000 18.365600 -365.479000 21.868900
-370.293000 18.698700 -367.555000 22.188200
-372.166000 19.208600 -369.400000 22.689700
-373.795000 19.946900 -371.056000 23.387500
-375.279000 20.904600 -372.532000 24.292800
-376.558000 22.064200 -373.838000 25.401500
-377.714000 23.418900 -375.004000 26.721300
-378.703000 24.961000 -376.001000 28.232200
-379.523000 26.673400 -376.830000 29.931700
-380.213000 28.594500 -377.546000 31.834800
-380.744000 30.720700 -378.100000 33.929900
-381.168000 32.995500 -378.521000 36.225300
-381.499000 35.471100 -378.845000 38.691100
-381.690000 38.112300 -379.035000 41.316900
-381.813000 40.916800 -379.144000 44.081900
-381.890000 43.814300 -379.198000 46.988400
-381.939000 46.837700 -379.241000 50.009900
-381.982000 49.861400 -379.264000 53.038100
-382.005000 52.925500 -379.273000 56.065200
-381.986000 55.969100 -379.258000 59.109600
-381.951000 59.008500 -379.226000 62.118600
-381.908000 61.971300 -379.180000 65.096900
-381.849000 64.865600 -379.114000 67.989300
-381.790000 67.665900 -379.030000 70.770900
-381.710000 70.352600 -378.940000 73.469600
-381.605000 72.965800 -378.824000 76.067100
-381.442000 75.428100 -378.660000 78.550200
-381.166000 77.805800 -378.403000 80.914000
-380.738000 80.041500 -377.998000 83.143100
-380.127000 82.071900 -377.411000 85.196600
-379.312000 83.975300 -376.663000 87.122400
-378.367000 85.695500 -375.754000 88.860200
-377.279000 87.193900 -374.708000 90.403200
-375.967000 88.475000 -373.437000 91.726100
-374.479000 89.535600 -372.008000 92.834200
-372.857000 90.387200 -370.435000 93.720900
-371.096000 91.059400 -368.717000 94.424600
-369.215000 91.555300 -366.862000 94.942500
-367.231000 91.898700 -364.909000 95.310400
-365.094000 92.097900 -362.807000 95.526200
-362.853000 92.242000 -360.594000 95.674700
-360.490000 92.319500 -358.273000 95.751700
-358.027000 92.335900 -355.851000 95.776200
-355.469000 92.285800 -353.325000 95.736600
-352.854000 92.182500 -350.731000 95.640100
-350.166000 92.024600 -348.099000 95.491300
-347.486000 91.858900 -345.450000 95.325500
-344.811000 91.695100 -342.773000 95.150200
-342.058000 91.559800 -340.094000 94.991400
-339.353000 91.451200 -337.419000 94.863800
-336.663000 91.390300 -334.762000 94.804400
-334.006000 91.385700 -332.132000 94.793600
-331.372000 91.399900 -329.515000 94.797500
-328.757000 91.411400 -326.899000 94.810900
-326.114000 91.415200 -324.286000 94.819300
-323.481000 91.396800 -321.672000 94.804600
-320.838000 91.362800 -319.069000 94.765100
-318.244000 91.303800 -316.465000 94.713400
-315.633000 91.252800 -313.872000 94.647800
-313.010000 91.213700 -311.282000 94.610700
-310.388000 91.220400 -308.697000 94.604800
-307.823000 91.239100 -306.128000 94.617900
-305.262000 91.262100 -303.581000 94.633100
-302.715000 91.270600 -301.043000 94.638100
-300.194000 91.289700 -298.534000 94.655100
-297.699000 91.297600 -296.032000 94.670300
-295.135000 91.349300 -293.518000 94.714800
-292.613000 91.418700 -290.969000 94.774600
-290.034000 91.491300 -288.383000 94.847000
-287.385000 91.594900 -285.734000 94.931400
-284.655000 91.665700 -283.017000 95.001800
-281.861000 91.705900 -280.248000 95.030400
-278.989000 91.697000 -277.415000 95.000000
-276.158000 91.634500 -274.553000 94.916400
-273.305000 91.550400 -271.719000 94.821200
-270.502000 91.468000 -268.912000 94.709800
-267.725000 91.371700 -266.173000 94.585100
-265.037000 91.244200 -263.487000 94.426300
-262.355000 91.098400 -260.836000 94.238700
-259.727000 90.930600 -258.211000 94.053800
-257.142000 90.821400 -255.620000 93.893500
-254.508000 90.773000 -253.009000 93.792600
-251.860000 90.764300 -250.384000 93.759300
-249.223000 90.824200 -247.736000 93.797200
-246.547000 90.981400 -245.083000 93.917600
-243.850000 91.144000 -242.392000 94.064100
-241.133000 91.331400 -239.687000 94.218600
-238.429000 91.526600 -236.976000 94.372200
-235.712000 91.635400 -234.283000 94.465300
-233.012000 91.691200 -231.618000 94.491800
-230.363000 91.648700 -228.979000 94.436600
-227.729000 91.509600 -226.343000 94.289400
-225.165000 91.302600 -223.760000 94.060200
-222.658000 91.076700 -221.242000 93.806500
-220.273000 90.842900 -218.867000 93.556400
-218.088000 90.651300 -216.670000 93.331800
-216.096000 90.464400 -214.697000 93.138000
-214.338000 90.321200 -212.930000 92.968900
-212.745000 90.199400 -211.362000 92.825300
-211.352000 90.134800 -209.958000 92.731800
-210.062000 90.164000 -208.663000 92.737100
-208.823000 90.379300 -207.413000 92.894700
-207.639000 90.749200 -206.211000 93.208000
-206.582000 91.249200 -205.127000 93.654100
-205.625000 91.866300 -204.135000 94.215900
-204.743000 92.613900 -203.215000 94.898600
-203.892000 93.516000 -202.314000 95.744900
-203.135000 94.682700 -201.479000 96.836800
-202.394000 96.070900 -200.684000 98.182100
-201.789000 97.699300 -200.003000 99.778600
-201.276000 99.563700 -199.417000 101.593000
-200.942000 101.590000 -199.001000 103.602000
-200.748000 103.876000 -198.728000 105.871000
-200.681000 106.352000 -198.565000 108.300000
-200.701000 108.975000 -198.493000 110.904000
-200.761000 111.748000 -198.467000 113.681000
-200.766000 114.590000 -198.410000 116.516000
-200.716000 117.477000 -198.308000 119.395000
-200.601000 120.431000 -198.136000 122.348000
-200.501000 123.317000 -197.954000 125.230000
-200.408000 126.211000 -197.763000 128.105000
-200.306000 129.054000 -197.547000 130.958000
-200.203000 131.911000 -197.364000 133.777000
-200.166000 134.646000 -197.212000 136.541000
-200.177000 137.247000 -197.106000 139.125000
-200.199000 139.640000 -197.018000 141.541000
-200.257000 141.868000 -196.978000 143.752000
-200.350000 143.861000 -196.974000 145.737000
-200.474000 145.609000 -197.032000 147.488000
-200.708000 147.177000 -197.197000 149.081000
-201.089000 148.721000 -197.501000 150.619000
-201.644000 150.153000 -197.983000 152.069000
-202.389000 151.472000 -198.646000 153.422000
-203.279000 152.701000 -199.460000 154.686000
-204.367000 153.860000 -200.488000 155.873000
-205.685000 154.901000 -201.714000 156.974000
-207.228000 155.778000 -203.197000 157.916000
-209.029000 156.464000 -204.935000 158.664000
-211.000000 156.927000 -206.865000 159.217000
-213.114000 157.214000 -208.952000 159.594000
-215.380000 157.406000 -211.189000 159.863000
-217.754000 157.556000 -213.552000 160.079000
-220.231000 157.707000 -216.011000 160.295000
-222.805000 157.887000 -218.571000 160.536000
-225.483000 158.057000 -221.256000 160.793000
-228.267000 158.257000 -224.049000 161.062000
-231.161000 158.464000 -226.959000 161.346000
-234.198000 158.637000 -229.986000 161.607000
-237.348000 158.780000 -233.130000 161.809000
-240.597000 158.818000 -236.358000 161.937000
-243.831000 158.797000 -239.572000 162.000000
-247.070000 158.705000 -242.794000 162.008000
-250.287000 158.562000 -246.015000 161.946000
-253.426000 158.367000 -249.150000 161.831000
-256.391000 158.164000 -252.136000 161.721000
-259.180000 157.988000 -254.934000 161.609000
-261.760000 157.820000 -257.555000 161.518000
-264.290000 157.703000 -260.096000 161.473000
-266.792000 157.603000 -262.617000 161.442000
-269.251000 157.535000 -265.110000 161.426000
-271.739000 157.509000 -267.587000 161.461000
-274.190000 157.513000 -270.024000 161.520000
-276.682000 157.522000 -272.500000 161.600000
-279.191000 157.556000 -275.033000 161.696000
-281.722000 157.573000 -277.554000 161.789000
-284.226000 157.583000 -280.062000 161.855000
-286.732000 157.565000 -282.562000 161.903000
-289.255000 157.552000 -285.107000 161.946000
-291.839000 157.535000 -287.700000 161.984000
-294.494000 157.512000 -290.350000 162.013000
-297.247000 157.483000 -293.096000 162.041000
-300.042000 157.448000 -295.890000 162.072000
-302.893000 157.425000 -298.729000 162.117000
-305.756000 157.407000 -301.582000 162.169000
-308.605000 157.397000 -304.427000 162.227000
-311.452000 157.392000 -307.246000 162.295000
-314.247000 157.406000 -310.035000 162.366000
-317.017000 157.416000 -312.803000 162.431000
-319.747000 157.430000 -315.542000 162.516000
-322.461000 157.437000 -318.242000 162.593000
-325.085000 157.450000 -320.887000 162.670000
-327.658000 157.462000 -323.442000 162.753000
-330.172000 157.478000 -325.980000 162.837000
-332.701000 157.485000 -328.485000 162.914000
-335.224000 157.482000 -330.966000 162.975000
-337.713000 157.448000 -333.467000 163.004000
-340.269000 157.389000 -336.035000 163.034000
-342.833000 157.318000 -338.619000 163.038000
-345.473000 157.243000 -341.240000 163.034000
-348.141000 157.163000 -343.878000 163.030000
-350.778000 157.062000 -346.529000 163.021000
-353.420000 156.975000 -349.151000 163.008000
-356.041000 156.893000 -351.751000 162.992000
-358.591000 156.819000 -354.296000 162.988000
-361.078000 156.797000 -356.754000 163.029000
-363.445000 156.813000 -359.125000 163.099000
-365.676000 156.879000 -361.329000 163.199000
-367.705000 157.045000 -363.338000 163.394000
-369.486000 157.319000 -365.124000 163.696000
-371.111000 157.676000 -366.702000 164.072000
-372.529000 158.134000 -368.113000 164.526000
-373.836000 158.754000 -369.388000 165.141000
-374.982000 159.501000 -370.539000 165.874000
-376.032000 160.389000 -371.554000 166.750000
-377.011000 161.393000 -372.496000 167.765000
-377.948000 162.664000 -373.402000 169.026000
-378.803000 164.150000 -374.232000 170.520000
-379.466000 165.900000 -374.852000 172.255000
-379.955000 167.896000 -375.291000 174.231000
-380.253000 170.043000 -375.545000 176.393000
-380.443000 172.418000 -375.648000 178.733000
-380.523000 174.936000 -375.622000 181.218000
-380.531000 177.609000 -375.531000 183.871000
-380.521000 180.393000 -375.414000 186.646000
-380.531000 183.277000 -375.302000 189.527000
-380.499000 186.227000 -375.171000 192.471000
-380.497000 189.198000 -375.056000 195.424000
-380.481000 192.145000 -374.951000 198.344000
-380.475000 195.032000 -374.838000 201.251000
-380.451000 197.955000 -374.705000 204.144000
-380.443000 200.815000 -374.598000 206.971000
-380.444000 203.509000 -374.491000 209.671000
-380.425000 206.035000 -374.389000 212.171000
-380.375000 208.368000 -374.265000 214.502000
-380.261000 210.516000 -374.084000 216.637000
-379.972000 212.557000 -373.748000 218.657000
-379.468000 214.467000 -373.222000 220.560000
-378.669000 216.249000 -372.421000 222.350000
-377.632000 217.894000 -371.378000 223.988000
-376.357000 219.333000 -370.121000 225.433000
-374.855000 220.565000 -368.616000 226.692000
-373.112000 221.618000 -366.880000 227.748000
-371.190000 222.473000 -364.975000 228.588000
-369.089000 223.143000 -362.888000 229.242000
-366.811000 223.613000 -360.645000 229.700000
-364.373000 223.982000 -358.241000 230.023000
-361.779000 224.247000 -355.690000 230.262000
-359.052000 224.460000 -353.000000 230.434000
-356.253000 224.642000 -350.220000 230.572000
-353.343000 224.785000 -347.352000 230.694000
-350.387000 224.926000 -344.418000 230.793000
-347.350000 225.038000 -341.408000 230.840000
-344.272000 225.092000 -338.366000 230.840000
-341.171000 225.111000 -335.290000 230.790000
-338.066000 225.104000 -332.232000 230.724000
-334.946000 225.073000 -329.149000 230.629000
-331.864000 225.013000 -326.115000 230.504000
-328.783000 224.900000 -323.077000 230.313000
-325.692000 224.700000 -320.064000 230.054000
-322.645000 224.460000 -317.071000 229.736000
-319.600000 224.207000 -314.074000 229.409000
-316.549000 223.940000 -311.097000 229.088000
-313.543000 223.733000 -308.097000 228.831000
-310.499000 223.602000 -305.092000 228.623000
-307.439000 223.536000 -302.069000 228.486000
-304.391000 223.556000 -299.049000 228.413000
-301.326000 223.632000 -296.015000 228.406000
-298.281000 223.717000 -292.970000 228.414000
-295.175000 223.839000 -289.914000 228.448000
-292.098000 223.963000 -286.866000 228.484000
-289.057000 224.095000 -283.836000 228.524000
-286.006000 224.196000 -280.815000 228.541000
-282.998000 224.284000 -277.828000 228.530000
-280.069000 224.362000 -274.908000 228.523000
-277.144000 224.423000 -272.056000 228.503000
-274.310000 224.475000 -269.231000 228.486000
-271.583000 224.512000 -266.490000 228.443000
-268.886000 224.503000 -263.826000 228.357000
-266.314000 224.483000 -261.211000 228.259000
-263.777000 224.444000 -258.695000 228.157000
-261.381000 224.422000 -256.309000 228.055000
-259.040000 224.403000 -253.994000 227.952000
-256.816000 224.375000 -251.766000 227.858000
-254.655000 224.355000 -249.632000 227.769000
-252.580000 224.356000 -247.577000 227.686000
-250.632000 224.343000 -245.614000 227.609000
-248.758000 224.328000 -243.743000 227.541000
-247.003000 224.342000 -241.963000 227.484000
-245.283000 224.347000 -240.250000 227.427000
-243.622000 224.365000 -238.592000 227.367000
-241.983000 224.370000 -236.960000 227.312000
-240.352000 224.374000 -235.336000 227.254000
-238.738000 224.391000 -233.726000 227.207000
-237.130000 224.387000 -232.125000 227.162000
-235.540000 224.397000 -230.543000 227.122000
-233.974000 224.425000 -228.971000 227.092000
-232.434000 224.464000 -227.442000 227.072000
-230.919000 224.486000 -225.919000 227.054000
-229.387000 224.519000 -224.399000 227.029000
-227.867000 224.546000 -222.881000 227.004000
-226.337000 224.564000 -221.346000 226.971000
-224.800000 224.576000 -219.797000 226.924000
-223.212000 224.578000 -218.232000 226.866000
-221.627000 224.569000 -216.631000 226.794000
-220.028000 224.564000 -215.035000 226.724000
-218.452000 224.559000 -213.457000 226.645000
-216.890000 224.532000 -211.892000 226.565000
-215.334000 224.484000 -210.351000 226.445000
-213.803000 224.372000 -208.839000 226.292000
-212.377000 224.186000 -207.431000 226.077000
-211.062000 223.926000 -206.127000 225.785000
-209.878000 223.597000 -204.963000 225.438000
-208.875000 223.250000 -203.969000 225.082000
-207.944000 222.869000 -203.047000 224.679000
-207.082000 222.404000 -202.200000 224.210000
-206.303000 221.861000 -201.425000 223.680000
-205.614000 221.267000 -200.746000 223.092000
-204.950000 220.521000 -200.094000 222.356000
-204.353000 219.597000 -199.509000 221.446000
-203.832000 218.503000 -199.003000 220.365000
-203.406000 217.260000 -198.601000 219.126000
-203.112000 215.834000 -198.341000 217.705000
-202.895000 214.203000 -198.180000 216.078000
-202.827000 212.388000 -198.182000 214.267000
-202.881000 210.378000 -198.319000 212.299000
-202.967000 208.193000 -198.504000 210.163000
-203.055000 205.879000 -198.721000 207.857000
-203.124000 203.409000 -198.915000 205.393000
-203.175000 200.758000 -199.111000 202.782000
-203.206000 198.029000 -199.280000 200.079000
-203.217000 195.242000 -199.449000 197.289000
-203.232000 192.420000 -199.593000 194.481000
-203.249000 189.582000 -199.747000 191.692000
-203.273000 186.764000 -199.906000 188.917000
-203.258000 183.983000 -200.045000 186.170000
-203.261000 181.247000 -200.180000 183.432000
-203.232000 178.577000 -200.302000 180.755000
-203.169000 175.988000 -200.386000 178.172000
-203.107000 173.557000 -200.436000 175.761000
-203.012000 171.399000 -200.459000 173.533000
-202.896000 169.365000 -200.469000 171.478000
-202.754000 167.479000 -200.462000 169.535000
-202.645000 165.793000 -200.449000 167.773000
-202.600000 164.314000 -200.480000 166.280000
-202.565000 162.929000 -200.504000 164.884000
-202.525000 161.533000 -200.528000 163.503000
-202.471000 160.202000 -200.539000 162.186000
-202.417000 158.889000 -200.540000 160.887000
-202.304000 157.511000 -200.517000 159.513000
-202.198000 156.053000 -200.478000 158.070000
-202.016000 154.503000 -200.393000 156.521000
-201.833000 152.823000 -200.298000 154.844000
-201.641000 150.987000 -200.205000 153.034000
-201.474000 149.022000 -200.133000 151.076000
-201.328000 146.927000 -200.074000 148.975000
-201.282000 144.660000 -200.113000 146.714000
-201.343000 142.224000 -200.282000 144.309000
-201.464000 139.668000 -200.539000 141.760000
-201.602000 137.028000 -200.841000 139.097000
-201.743000 134.256000 -201.168000 136.328000
-201.948000 131.377000 -201.515000 133.426000
-202.113000 128.360000 -201.847000 130.456000
-202.268000 125.336000 -202.161000 127.474000
-202.399000 122.336000 -202.452000 124.508000
-202.463000 119.361000 -202.661000 121.540000
-202.448000 116.438000 -202.803000 118.602000
-202.403000 113.547000 -202.901000 115.693000
-202.363000 110.809000 -202.987000 112.943000
-202.322000 108.241000 -203.081000 110.398000
-202.256000 105.933000 -203.130000 108.084000
-202.189000 103.877000 -203.182000 106.028000
-202.159000 102.091000 -203.246000 104.232000
-202.121000 100.575000 -203.286000 102.714000
-202.139000 99.265500 -203.351000 101.404000
-202.087000 97.999500 -203.380000 100.146000
-202.101000 96.739300 -203.447000 98.900500
-202.051000 95.540900 -203.479000 97.673700
-202.008000 94.328900 -203.504000 96.459500
-201.930000 93.060700 -203.502000 95.195300
-201.822000 91.725900 -203.460000 93.860600
-201.667000 90.281900 -203.400000 92.430200
-201.491000 88.734000 -203.316000 90.873500
-201.278000 87.068700 -203.197000 89.205700
-201.090000 85.241800 -203.080000 87.380300
-200.886000 83.266800 -202.972000 85.425900
-200.750000 81.221000 -202.925000 83.387300
-200.716000 79.074900 -202.991000 81.230700
-200.806000 76.790100 -203.182000 78.999400
-201.046000 74.487700 -203.517000 76.714200
-201.395000 72.084000 -203.955000 74.359600
-201.734000 69.616100 -204.414000 71.916800
-202.012000 67.073600 -204.833000 69.365300
-202.246000 64.487700 -205.188000 66.750700
-202.395000 61.761400 -205.476000 64.028900
-202.478000 58.982300 -205.717000 61.238300
-202.548000 56.162100 -205.913000 58.439100
-202.608000 53.367100 -206.091000 55.646200
-202.658000 50.590400 -206.281000 52.880200
-202.733000 47.868400 -206.482000 50.157800
-202.786000 45.171700 -206.652000 47.445800
-202.866000 42.562200 -206.858000 44.830800
-202.953000 40.078800 -207.069000 42.304700
-203.037000 37.662300 -207.262000 39.914700
-203.091000 35.472000 -207.422000 37.742000
-203.138000 33.589400 -207.552000 35.796600
-203.150000 31.872800 -207.648000 34.089500
-203.142000 30.490700 -207.696000 32.647900
-203.102000 29.257000 -207.706000 31.414300
-203.028000 28.209100 -207.687000 30.331000
-202.919000 27.259500 -207.620000 29.340900
-202.786000 26.426800 -207.521000 28.448400
-202.585000 25.624100 -207.378000 27.620900
-202.337000 24.907000 -207.159000 26.846100
-202.025000 24.219100 -206.890000 26.127100
-201.601000 23.490200 -206.560000 25.443700
-201.118000 22.851200 -206.117000 24.733700
-200.485000 22.083700 -205.548000 23.968200
-199.701000 21.332700 -204.805000 23.176400
-198.708000 20.574400 -203.869000 22.397100
-197.543000 19.846000 -202.727000 21.640500
-196.151000 19.131300 -201.371000 20.909500
-194.514000 18.425700 -199.805000 20.164900
-192.669000 17.734900 -198.058000 19.423800
-190.781000 17.210200 -196.210000 18.819700
-188.964000 16.898400 -194.418000 18.415800
-187.166000 16.718900 -192.678000 18.176100
-185.424000 16.617100 -190.917000 18.023100
-183.673000 16.553800 -189.154000 17.895300
-181.906000 16.523900 -187.399000 17.818100
-180.037000 16.500500 -185.549000 17.755800
-178.076000 16.482900 -183.577000 17.706100
-175.956000 16.492700 -181.482000 17.680500
-173.706000 16.541900 -179.273000 17.680600
-171.401000 16.618900 -176.922000 17.686400
-168.869000 16.673300 -174.438000 17.686900
-166.319000 16.831900 -171.836000 17.697200
-163.605000 16.984000 -169.116000 17.749100
-160.806000 17.188100 -166.275000 17.865100
-157.856000 17.459900 -163.305000 18.005200
-154.755000 17.717400 -160.233000 18.126400
-151.708000 17.919500 -157.131000 18.205800
-148.572000 18.058200 -153.998000 18.186100
-145.470000 18.031200 -150.828000 18.032200
-142.271000 18.013100 -147.638000 17.755300
-139.016000 17.933600 -144.406000 17.411800
-135.735000 17.893000 -141.137000 17.073600
-132.611000 17.689000 -137.809000 16.758100
-129.203000 17.785800 -134.422000 16.470100
-125.644000 17.860700 -130.962000 16.199600
-122.098000 17.818400 -127.433000 15.927000
-118.511000 17.950600 -123.849000 15.665100
-114.841000 17.946800 -120.218000 15.386600
-111.094000 17.972500 -116.518000 15.098300
-107.353000 17.938100 -112.766000 14.802700
-103.616000 17.942500 -109.001000 14.531900
-99.748200 17.909800 -105.200000 14.250900
-95.914400 17.896000 -101.401000 13.981200
-92.137700 17.934800 -97.591900 13.739500
-88.332900 17.960800 -93.783700 13.481900
-84.547900 18.024600 -90.013400 13.266400
-80.814300 18.078000 -86.245200 13.058800
-77.088000 18.149600 -82.507700 12.861600
-73.332700 18.230200 -78.763700 12.678700
-69.616100 18.279700 -75.053400 12.482900
-65.997200 18.327600 -71.367700 12.304400
-62.334300 18.403400 -67.712800 12.115600
-58.634900 18.483800 -64.094300 11.955400
-55.030600 18.568100 -60.494700 11.784600
-51.477300 18.644500 -56.955900 11.627500
-47.948400 18.721700 -53.453000 11.487100
-44.512000 18.825400 -49.980200 11.341200
-41.083900 18.929000 -46.591900 11.216700
-37.818900 19.029300 -43.306400 11.098000
-34.664800 19.120700 -40.189500 10.993700
-31.685000 19.228000 -37.235800 10.895900
-28.844300 19.300700 -34.433200 10.800600
-26.164200 19.318600 -31.760900 10.696800
-23.618500 19.296800 -29.234800 10.557800
-21.278100 19.326900 -26.896900 10.413500
-19.127400 19.312100 -24.770200 10.247400
-17.170100 19.272300 -22.839900 10.077300
-15.459700 19.241800 -21.097000 9.920380
-13.847800 19.209800 -19.544800 9.784890
-12.465600 19.209800 -18.175500 9.663690
-11.269200 19.221700 -16.997000 9.599850
-10.298300 19.273000 -15.975000 9.582050
-9.395600 19.434300 -15.052000 9.630940
-8.556430 19.692500 -14.167800 9.797650
-7.779030 20.026900 -13.355000 10.058900
-6.998250 20.498900 -12.555700 10.417800
-6.251170 21.082800 -11.711600 10.911300
-5.454510 21.854300 -10.858000 11.592600
-4.719780 22.849900 -10.018500 12.510100
-3.994230 24.101800 -9.153850 13.658500
-3.236960 25.590600 -8.271230 15.074600
-2.505290 27.372900 -7.442020 16.780700
-1.917250 29.456200 -6.690690 18.767500
-1.449620 31.780800 -6.032490 21.046700
-1.163040 34.375300 -5.512900 23.583500
-1.104060 37.173000 -5.198930 26.365900
-1.185030 40.181300 -4.994800 29.369600
-1.334890 43.380200 -4.861140 32.533000
-1.520240 46.587100 -4.748230 35.743400
-1.679210 49.779700 -4.643240 38.948300
-1.829200 52.994200 -4.533620 42.161900
-1.991710 56.170000 -4.416600 45.344700
-2.138960 59.324900 -4.272880 48.540300
-2.268710 62.529500 -4.128330 51.670600
-2.384710 65.576400 -3.982280 54.733700
-2.483890 68.537200 -3.832580 57.685700
-2.571190 71.332000 -3.693150 60.503200
-2.659960 73.995100 -3.547410 63.164200
-2.729010 76.466400 -3.404770 65.636500
-2.792530 78.691600 -3.278100 67.862500
-2.825100 80.683500 -3.145510 69.846500
-2.736520 82.420500 -2.936030 71.558300
-2.491110 83.886300 -2.610510 73.008200
-2.069260 85.114200 -2.139570 74.203600
-1.548920 86.151900 -1.572540 75.216200
-0.927427 87.006500 -0.923724 76.041800
-0.294703 87.646900 -0.270807 76.666600
0.292573 88.069700 0.321384 77.070100
0.734398 88.387100 0.783857 77.371400
1.190220 88.653600 1.244330 77.625000
1.682080 88.862100 1.732360 77.824600
2.187170 89.013900 2.247500 77.959500
2.698350 89.136400 2.756320 78.065700
3.229550 89.256800 3.285490 78.161100
3.782290 89.329800 3.841670 78.216600
4.339380 89.394600 4.400130 78.246500
4.909210 89.452000 4.963540 78.271200
5.474970 89.472000 5.532500 78.259300
6.069320 89.514100 6.121530 78.259500
6.731580 89.537100 6.779470 78.233600
7.550800 89.603300 7.599660 78.227200
8.491030 89.664600 8.534020 78.214900
9.504400 89.741700 9.538640 78.200400
10.557700 89.797200 10.597500 78.175700
11.699000 89.850400 11.711500 78.129000
12.860000 89.886700 12.858400 78.070100
14.028600 89.896200 14.021200 77.987100
15.229000 89.862200 15.211700 77.847800
16.503300 89.819500 16.487200 77.701500
17.907100 89.747600 17.852300 77.514500
19.389200 89.725800 19.326700 77.366100
20.968900 89.844800 20.925700 77.320200
22.699600 90.048800 22.660300 77.363700
24.532800 90.250900 24.500000 77.401300
26.507200 90.398600 26.477600 77.385300
28.555400 90.482800 28.509500 77.308300
30.694600 90.535900 30.619600 77.187600
32.853900 90.587800 32.764900 77.041500
34.999400 90.616600 34.915600 76.879600
37.104600 90.635700 37.046900 76.706500
39.275300 90.656000 39.172500 76.535300
41.403000 90.693100 41.309300 76.387800
43.530900 90.721300 43.423900 76.250100
45.595400 90.775800 45.505400 76.114800
47.673200 90.859100 47.574200 76.001800
49.702200 90.933500 49.633400 75.887300
51.820100 90.988300 51.693200 75.753600
53.877200 91.035400 53.738400 75.618400
55.911900 91.075900 55.758100 75.478100
57.943200 91.129800 57.783200 75.350200
59.965300 91.193100 59.807000 75.226200
61.990900 91.246600 61.836600 75.085300
64.020500 91.302200 63.861400 74.940000
66.024500 91.342600 65.884100 74.780300
68.015400 91.382500 67.869300 74.644300
70.081700 91.434200 69.892600 74.499000
72.091500 91.490600 71.893500 74.371100
74.163500 91.534400 73.898300 74.228400
76.175400 91.579700 75.895300 74.064400
78.180700 91.616800 77.898200 73.900100
80.201700 91.649300 79.888300 73.724900
82.202500 91.676800 81.879400 73.555100
84.241000 91.705900 83.885800 73.389500
86.255100 91.753800 85.886700 73.225400
88.272400 91.809400 87.902500 73.065800
90.302800 91.836600 89.896100 72.896800
92.335400 91.886800 91.885500 72.732600
94.342200 91.944100 93.881800 72.588400
96.321700 91.980700 95.841500 72.427300
98.260100 92.021300 97.779700 72.279300
100.160000 92.028800 99.652000 72.114400
101.967000 92.041300 101.442000 71.964900
103.595000 92.057000 103.078000 71.793400
105.086000 92.083800 104.536000 71.676400
106.370000 92.089300 105.807000 71.553700
107.510000 92.091900 106.939000 71.439500
108.481000 92.080700 107.920000 71.331300
109.265000 92.096200 108.696000 71.260700
109.861000 92.105900 109.280000 71.206200
110.343000 92.161500 109.758000 71.193500
110.822000 92.267200 110.239000 71.228900
111.264000 92.476700 110.692000 71.349200
111.651000 92.753300 111.103000 71.539400
112.031000 93.091300 111.521000 71.779100
112.421000 93.517400 111.968000 72.119200
112.788000 94.036800 112.397000 72.538000
113.133000 94.642300 112.827000 73.076900
113.473000 95.340600 113.256000 73.694900
113.785000 96.135000 113.661000 74.427800
114.055000 97.028000 114.038000 75.259400
114.214000 98.044100 114.326000 76.233100
114.293000 99.196000 114.539000 77.344400
114.317000 100.491000 114.722000 78.636700
114.363000 101.990000 114.904000 80.116500
114.362000 103.683000 115.071000 81.777900
114.354000 105.555000 115.249000 83.650300
114.350000 107.611000 115.451000 85.703700
114.334000 109.843000 115.650000 87.929000
114.297000 112.248000 115.855000 90.329000
114.236000 114.790000 116.048000 92.856700
114.144000 117.449000 116.217000 95.481000
114.010000 120.163000 116.348000 98.186600
113.867000 122.907000 116.456000 100.904000
113.712000 125.633000 116.559000 103.611000
113.569000 128.354000 116.675000 106.303000
113.450000 131.044000 116.815000 108.957000
113.375000 133.718000 116.987000 111.606000
113.311000 136.367000 117.171000 114.237000
113.258000 138.938000 117.354000 116.786000
113.193000 141.350000 117.512000 119.165000
113.137000 143.559000 117.660000 121.332000
113.076000 145.549000 117.787000 123.318000
113.021000 147.305000 117.904000 125.098000
112.970000 148.873000 117.996000 126.666000
112.929000 150.244000 118.080000 128.044000
112.903000 151.410000 118.143000 129.203000
112.911000 152.379000 118.237000 130.167000
112.924000 153.186000 118.323000 130.974000
112.949000 153.937000 118.423000 131.717000
112.982000 154.676000 118.519000 132.438000
113.008000 155.392000 118.618000 133.151000
113.032000 156.126000 118.706000 133.875000
113.073000 157.001000 118.823000 134.733000
113.081000 158.029000 118.926000 135.739000
113.097000 159.183000 119.042000 136.879000
113.117000 160.455000 119.167000 138.127000
113.102000 161.879000 119.271000 139.525000
113.116000 163.464000 119.420000 141.077000
113.108000 165.215000 119.574000 142.807000
113.103000 167.151000 119.727000 144.703000
113.075000 169.240000 119.884000 146.763000
113.041000 171.450000 120.038000 148.949000
112.991000 173.833000 120.186000 151.295000
112.949000 176.300000 120.358000 153.768000
112.900000 178.907000 120.532000 156.358000
112.858000 181.591000 120.723000 159.004000
112.843000 184.327000 120.949000 161.700000
112.819000 187.035000 121.153000 164.386000
112.796000 189.746000 121.372000 167.066000
112.771000 192.417000 121.582000 169.726000
112.713000 195.092000 121.757000 172.333000
112.604000 197.589000 121.872000 174.830000
112.483000 199.958000 121.969000 177.174000
112.382000 202.121000 122.051000 179.342000
112.289000 204.124000 122.137000 181.338000
112.226000 205.998000 122.222000 183.169000
112.189000 207.784000 122.331000 184.937000
112.179000 209.522000 122.467000 186.670000
112.194000 211.245000 122.619000 188.368000
112.218000 212.878000 122.772000 189.995000
112.232000 214.421000 122.919000 191.530000
112.216000 215.857000 123.020000 192.947000
112.196000 217.222000 123.113000 194.312000
112.144000 218.586000 123.173000 195.653000
112.072000 219.892000 123.218000 196.965000
112.021000 221.183000 123.271000 198.241000
111.967000 222.478000 123.325000 199.520000
111.928000 223.853000 123.402000 200.859000
111.871000 225.274000 123.469000 202.260000
111.861000 226.783000 123.572000 203.729000
111.804000 228.372000 123.637000 205.294000
111.744000 230.056000 123.714000 206.935000
111.604000 231.812000 123.734000 208.681000
111.365000 233.668000 123.665000 210.520000
111.027000 235.606000 123.496000 212.468000
110.654000 237.624000 123.301000 214.483000
110.318000 239.716000 123.133000 216.591000
110.052000 241.889000 123.021000 218.778000
109.867000 244.165000 122.995000 221.047000
109.735000 246.531000 123.050000 223.378000
109.654000 248.958000 123.156000 225.799000
109.587000 251.464000 123.294000 228.293000
109.505000 254.076000 123.439000 230.874000
109.411000 256.655000 123.562000 233.435000
109.316000 259.281000 123.683000 235.995000
109.216000 261.892000 123.791000 238.533000
109.106000 264.424000 123.888000 241.062000
109.007000 266.919000 123.982000 243.525000
108.919000 269.336000 124.090000 245.911000
108.849000 271.565000 124.196000 248.129000
108.797000 273.640000 124.302000 250.182000
108.735000 275.564000 124.390000 252.070000
108.683000 277.342000 124.487000 253.825000
108.633000 279.032000 124.570000 255.488000
108.607000 280.627000 124.667000 257.072000
108.598000 282.091000 124.772000 258.500000
108.645000 283.392000 124.903000 259.778000
108.741000 284.541000 125.083000 260.894000
108.912000 285.558000 125.317000 261.876000
109.165000 286.435000 125.615000 262.726000
109.442000 287.210000 125.935000 263.476000
109.799000 287.968000 126.292000 264.182000
110.230000 288.651000 126.735000 264.833000
110.694000 289.278000 127.216000 265.420000
111.247000 289.963000 127.779000 266.054000
111.831000 290.663000 128.392000 266.682000
112.286000 291.332000 128.888000 267.282000
112.614000 291.947000 129.270000 267.819000
112.828000 292.546000 129.574000 268.380000
112.904000 293.151000 129.733000 268.948000
112.882000 293.740000 129.803000 269.518000
112.773000 294.335000 129.793000 270.088000
112.605000 294.912000 129.710000 270.676000
112.332000 295.502000 129.516000 271.277000
111.987000 296.090000 129.258000 271.909000
111.640000 296.725000 128.977000 272.562000
111.216000 297.408000 128.630000 273.273000
110.788000 298.211000 128.259000 274.090000
110.370000 299.120000 127.883000 275.007000
109.999000 300.194000 127.577000 276.074000
109.655000 301.435000 127.330000 277.321000
109.374000 302.789000 127.136000 278.673000
109.124000 304.332000 126.995000 280.187000
108.898000 306.095000 126.885000 281.906000
108.714000 308.003000 126.826000 283.808000
108.480000 310.093000 126.734000 285.868000
108.283000 312.384000 126.701000 288.133000
108.139000 314.788000 126.718000 290.515000
108.083000 317.368000 126.829000 293.032000
108.049000 319.992000 126.967000 295.607000
108.018000 322.732000 127.161000 298.297000
107.997000 325.587000 127.354000 301.038000
107.924000 328.453000 127.505000 303.862000
107.865000 331.367000 127.675000 306.716000
107.819000 334.289000 127.851000 309.595000
107.744000 337.192000 127.991000 312.423000
107.650000 340.083000 128.130000 315.264000
107.562000 342.921000 128.251000 318.041000
107.449000 345.740000 128.370000 320.798000
107.313000 348.508000 128.435000 323.508000
107.168000 351.116000 128.500000 326.081000
107.044000 353.544000 128.573000 328.459000
106.950000 355.747000 128.643000 330.617000
106.870000 357.694000 128.705000 332.514000
106.820000 359.401000 128.799000 334.201000
106.838000 360.864000 128.915000 335.632000
106.937000 362.115000 129.096000 336.848000
107.120000 363.237000 129.348000 337.911000
107.400000 364.281000 129.676000 338.902000
107.796000 365.244000 130.099000 339.786000
108.298000 366.108000 130.614000 340.585000
108.905000 366.889000 131.223000 341.276000
109.631000 367.583000 131.944000 341.903000
110.443000 368.326000 132.769000 342.544000
111.522000 369.009000 133.849000 343.118000
112.757000 369.713000 135.085000 343.661000
114.208000 370.442000 136.553000 344.221000
115.898000 371.084000 138.212000 344.661000
117.757000 371.600000 140.081000 344.978000
119.832000 371.979000 142.131000 345.112000
122.103000 372.189000 144.363000 345.087000
124.503000 372.287000 146.718000 344.896000
127.097000 372.327000 149.229000 344.647000
129.792000 372.370000 151.854000 344.349000
132.616000 372.406000 154.614000 344.048000
135.568000 372.455000 157.493000 343.711000
138.655000 372.529000 160.511000 343.394000
141.811000 372.613000 163.602000 343.063000
145.050000 372.728000 166.794000 342.777000
148.348000 372.874000 170.016000 342.493000
151.674000 373.025000 173.298000 342.219000
155.080000 373.160000 176.625000 341.921000
158.509000 373.310000 179.978000 341.633000
161.922000 373.441000 183.337000 341.305000
165.373000 373.541000 186.738000 340.976000
168.879000 373.668000 190.147000 340.626000
172.410000 373.804000 193.584000 340.292000
175.952000 373.941000 197.051000 339.963000
179.512000 374.108000 200.561000 339.662000
183.112000 374.268000 204.071000 339.337000
186.726000 374.415000 207.584000 339.025000
190.289000 374.563000 211.063000 338.687000
193.857000 374.721000 214.531000 338.369000
197.437000 374.872000 218.001000 338.029000
200.945000 375.028000 221.449000 337.719000
204.454000 375.160000 224.871000 337.374000
207.906000 375.268000 228.254000 337.046000
211.349000 375.380000 231.581000 336.694000
214.706000 375.494000 234.886000 336.383000
218.061000 375.634000 238.150000 336.049000
221.450000 375.756000 241.412000 335.740000
224.815000 375.896000 244.683000 335.424000
228.209000 376.021000 247.975000 335.122000
231.582000 376.176000 251.252000 334.816000
234.999000 376.324000 254.568000 334.518000
238.435000 376.435000 257.855000 334.180000
241.846000 376.537000 261.191000 333.844000
245.271000 376.640000 264.507000 333.473000
248.680000 376.754000 267.837000 333.115000
252.085000 376.847000 271.147000 332.749000
255.496000 376.953000 274.467000 332.407000
258.878000 377.074000 277.749000 332.059000
262.266000 377.217000 281.033000 331.725000
265.611000 377.349000 284.277000 331.381000
268.934000 377.499000 287.536000 331.074000
272.274000 377.663000 290.772000 330.757000
275.621000 377.828000 294.014000 330.457000
278.932000 378.009000 297.226000 330.167000
282.244000 378.187000 300.444000 329.882000
285.551000 378.338000 303.615000 329.562000
288.843000 378.478000 306.820000 329.240000
292.130000 378.600000 309.997000 328.880000
295.420000 378.688000 313.189000 328.528000
298.658000 378.791000 316.341000 328.154000
301.947000 378.896000 319.492000 327.802000
305.181000 378.996000 322.625000 327.434000
308.411000 379.103000 325.757000 327.087000
311.627000 379.205000 328.841000 326.718000
314.819000 379.306000 331.921000 326.354000
317.956000 379.380000 334.958000 325.970000
321.114000 379.470000 337.985000 325.614000
324.197000 379.552000 340.953000 325.237000
327.251000 379.663000 343.883000 324.917000
330.197000 379.843000 346.769000 324.624000
333.121000 380.158000 349.627000 324.479000
336.054000 380.643000 352.426000 324.503000
338.842000 381.322000 355.179000 324.745000
341.584000 382.227000 357.859000 325.187000
344.219000 383.314000 360.485000 325.834000
346.830000 384.594000 363.033000 326.643000
349.355000 386.009000 365.564000 327.610000
351.875000 387.524000 368.019000 328.672000
354.354000 389.060000 370.497000 329.782000
356.824000 390.541000 372.923000 330.831000
359.284000 391.942000 375.387000 331.829000
361.830000 393.205000 377.856000 332.661000
364.369000 394.232000 380.367000 333.338000
367.051000 395.108000 382.917000 333.783000
369.676000 395.737000 385.499000 334.043000
372.415000 396.173000 388.098000 334.072000
375.160000 396.413000 390.755000 333.919000
378.038000 396.502000 393.433000 333.583000
380.904000 396.453000 396.188000 333.140000
383.883000 396.309000 398.974000 332.558000
386.893000 396.096000 401.827000 331.919000
389.981000 395.817000 404.705000 331.195000
393.069000 395.539000 407.616000 330.448000
396.233000 395.261000 410.546000 329.718000
399.316000 394.953000 413.468000 328.959000
402.371000 394.606000 416.316000 328.139000
405.269000 394.198000 419.053000 327.324000
407.902000 393.680000 421.493000 326.435000
410.173000 392.982000 423.616000 325.462000
412.101000 392.078000 425.358000 324.337000
413.751000 391.046000 426.853000 323.132000
415.152000 389.784000 428.120000 321.724000
416.307000 388.324000 429.133000 320.191000
417.228000 386.706000 429.918000 318.518000
417.926000 384.934000 430.521000 316.747000
418.414000 383.042000 430.859000 314.857000
418.655000 381.076000 431.020000 312.941000
418.762000 379.041000 430.976000 310.963000
418.786000 377.020000 430.893000 309.042000
418.805000 375.027000 430.767000 307.112000
418.788000 373.044000 430.633000 305.229000
418.767000 371.067000 430.468000 303.337000
418.745000 369.122000 430.328000 301.482000
418.738000 367.211000 430.164000 299.619000
418.722000 365.297000 430.033000 297.805000
418.720000 363.401000 429.882000 295.976000
418.711000 361.506000 429.760000 294.182000
418.709000 359.640000 429.621000 292.382000
418.719000 357.726000 429.509000 290.544000
418.755000 355.799000 429.395000 288.680000
418.834000 353.857000 429.339000 286.811000
418.927000 351.894000 429.273000 284.904000
419.059000 349.902000 429.262000 282.979000
419.153000 347.845000 429.205000 280.983000
419.219000 345.729000 429.128000 278.931000
419.220000 343.508000 428.964000 276.775000
419.177000 341.157000 428.765000 274.516000
419.078000 338.690000 428.484000 272.140000
418.943000 336.140000 428.169000 269.708000
418.742000 333.583000 427.763000 267.252000
418.470000 330.991000 427.335000 264.820000
418.061000 328.473000 426.795000 262.428000
417.470000 325.973000 426.100000 260.125000
416.691000 323.524000 425.212000 257.887000
415.722000 321.164000 424.195000 255.761000
414.568000 318.841000 422.987000 253.711000
413.314000 316.602000 421.686000 251.765000
412.003000 314.420000 420.285000 249.859000
410.645000 312.294000 418.888000 248.027000
409.268000 310.231000 417.468000 246.256000
407.831000 308.207000 416.007000 244.554000
406.338000 306.210000 414.466000 242.867000
404.824000 304.178000 412.937000 241.199000
403.299000 302.114000 411.375000 239.471000
401.846000 300.029000 409.865000 237.706000
400.453000 297.929000 408.386000 235.907000
399.116000 295.816000 406.981000 234.095000
397.826000 293.673000 405.600000 232.244000
396.545000 291.543000 404.275000 230.437000
395.286000 289.443000 402.933000 228.613000
394.047000 287.350000 401.611000 226.783000
392.842000 285.238000 400.263000 224.936000
391.625000 283.066000 398.969000 223.059000
390.439000 280.892000 397.676000 221.146000
389.265000 278.695000 396.417000 219.229000
388.055000 276.454000 395.101000 217.269000
386.848000 274.212000 393.805000 215.326000
385.656000 271.987000 392.477000 213.362000
384.427000 269.767000 391.160000 211.429000
383.199000 267.566000 389.820000 209.523000
381.944000 265.448000 388.488000 207.681000
380.682000 263.361000 387.123000 205.896000
379.399000 261.298000 385.775000 204.140000
378.139000 259.281000 384.414000 202.391000
376.920000 257.298000 383.083000 200.653000
375.655000 255.276000 381.709000 198.895000
374.344000 253.211000 380.328000 197.141000
373.036000 251.155000 378.897000 195.336000
371.674000 249.019000 377.451000 193.524000
370.254000 246.820000 375.906000 191.630000
368.817000 244.560000 374.316000 189.692000
367.342000 242.251000 372.692000 187.711000
365.868000 239.914000 371.110000 185.706000
364.397000 237.494000 369.491000 183.634000
362.927000 235.073000 367.887000 181.523000
361.450000 232.583000 366.269000 179.378000
359.954000 230.100000 364.647000 177.236000
358.437000 227.649000 362.946000 175.068000
356.795000 225.088000 361.186000 172.888000
355.118000 222.536000 359.345000 170.699000
353.384000 219.918000 357.495000 168.496000
351.659000 217.297000 355.587000 166.238000
349.875000 214.560000 353.681000 163.923000
348.106000 211.844000 351.730000 161.566000
346.337000 209.055000 349.817000 159.210000
344.579000 206.284000 347.891000 156.821000
342.796000 203.468000 345.976000 154.426000
341.056000 200.665000 344.050000 152.006000
339.342000 197.872000 342.158000 149.578000
337.629000 195.047000 340.249000 147.145000
335.918000 192.227000 338.369000 144.703000
334.237000 189.371000 336.467000 142.224000
332.584000 186.535000 334.608000 139.764000
330.892000 183.680000 332.748000 137.303000
329.284000 180.943000 330.982000 134.945000
327.766000 178.339000 329.299000 132.717000
326.366000 175.924000 327.758000 130.644000
325.025000 173.623000 326.261000 128.673000
323.657000 171.369000 324.755000 126.749000
322.268000 169.177000 323.217000 124.858000
320.961000 167.037000 321.731000 122.983000
319.652000 164.837000 320.238000 121.058000
318.326000 162.588000 318.759000 119.101000
316.988000 160.309000 317.221000 117.115000
315.593000 158.018000 315.665000 115.119000
314.166000 155.684000 314.047000 113.088000
312.728000 153.298000 312.415000 111.019000
311.243000 150.846000 310.743000 108.887000
309.714000 148.314000 309.045000 106.728000
308.101000 145.801000 307.268000 104.531000
306.493000 143.282000 305.452000 102.327000
304.815000 140.677000 303.557000 100.086000
303.081000 137.936000 301.673000 97.809000
301.373000 135.231000 299.743000 95.467400
299.663000 132.512000 297.795000 93.104300
297.952000 129.765000 295.814000 90.695800
296.197000 126.916000 293.829000 88.240100
294.425000 124.027000 291.795000 85.733800
292.641000 121.076000 289.765000 83.196400
290.850000 118.123000 287.690000 80.630300
289.060000 115.179000 285.634000 78.067500
287.259000 112.201000 283.576000 75.516500
285.451000 109.280000 281.537000 73.001500
283.717000 106.437000 279.499000 70.506600
281.978000 103.551000 277.507000 68.022100
280.252000 100.723000 275.519000 65.571800
278.534000 97.908500 273.581000 63.164400
276.842000 95.122300 271.644000 60.790800
275.147000 92.402900 269.729000 58.453200
273.495000 89.807300 267.815000 56.173700
271.846000 87.169700 265.920000 53.925500
270.263000 84.596800 264.046000 51.693900
268.682000 82.034700 262.211000 49.466500
267.067000 79.432500 260.380000 47.261800
265.550000 76.954700 258.599000 45.079600
264.046000 74.495600 256.833000 42.914500
262.520000 71.980700 255.093000 40.778700
261.049000 69.571300 253.364000 38.668900
259.617000 67.186500 251.693000 36.589900
258.239000 64.771100 250.081000 34.502400
257.037000 62.349900 248.605000 32.371200
256.031000 59.894300 247.296000 30.139500
255.283000 57.375100 246.227000 27.838500
254.749000 54.799200 245.369000 25.460300
254.448000 52.259700 244.751000 23.056000
254.333000 49.702700 244.307000 20.662000
254.312000 47.296300 244.004000 18.341500
254.310000 44.961300 243.707000 16.089600
254.268000 42.718800 243.416000 13.934500
254.073000 40.617400 242.979000 11.916600
253.662000 38.591400 242.380000 10.033400
253.022000 36.685900 241.558000 8.261010
252.173000 34.958000 240.551000 6.696420
251.036000 33.367400 239.327000 5.341510
249.749000 32.028900 237.961000 4.196560
248.280000 30.895300 236.419000 3.289290
246.679000 29.993600 234.804000 2.650510
245.094000 29.442800 233.213000 2.309800
243.655000 29.154100 231.808000 2.219010
242.391000 29.058700 230.581000 2.302110
241.292000 29.157500 229.531000 2.532570
240.244000 29.403500 228.527000 2.890120
239.305000 29.850300 227.664000 3.427140
238.495000 30.420200 226.927000 4.086970
237.811000 31.149900 226.305000 4.852810
237.197000 32.060900 225.776000 5.812180
236.702000 33.144900 225.364000 6.921390
236.251000 34.375600 225.054000 8.171440
235.935000 35.740600 224.876000 9.542880
235.703000 37.253600 224.801000 11.055300
235.536000 38.901200 224.841000 12.686900
235.397000 40.713300 224.901000 14.464000
235.285000 42.632100 225.014000 16.353600
235.160000 44.706200 225.155000 18.378900
235.026000 46.859000 225.302000 20.526400
234.900000 49.171200 225.461000 22.779800
234.785000 51.531000 225.673000 25.085400
234.704000 54.004100 225.886000 27.504900
234.612000 56.594700 226.131000 30.002900
234.525000 59.283800 226.367000 32.603000
234.439000 62.017800 226.624000 35.299200
234.361000 64.929400 226.878000 38.112600
234.268000 67.766900 227.107000 40.939300
234.068000 70.633900 227.259000 43.779000
233.912000 73.635500 227.477000 46.702100
233.755000 76.602200 227.685000 49.628200
233.627000 79.572000 227.903000 52.572600
233.458000 82.612000 228.092000 55.528400
233.307000 85.649300 228.320000 58.510100
233.161000 88.659600 228.531000 61.476900
233.022000 91.689200 228.763000 64.436200
232.903000 94.686900 228.994000 67.371900
232.726000 97.613700 229.188000 70.286400
232.538000 100.581000 229.363000 73.206300
232.411000 103.607000 229.613000 76.171600
232.261000 106.602000 229.820000 79.100400
232.089000 109.668000 230.047000 82.120100
231.930000 112.751000 230.276000 85.138200
231.798000 115.872000 230.511000 88.213900
231.649000 119.021000 230.748000 91.297100
231.493000 122.166000 230.983000 94.362900
231.332000 125.362000 231.198000 97.469100
231.167000 128.479000 231.418000 100.526000
230.997000 131.602000 231.631000 103.528000
230.827000 134.654000 231.816000 106.545000
230.670000 137.684000 232.024000 109.508000
230.522000 140.670000 232.245000 112.446000
230.378000 143.667000 232.437000 115.382000
230.233000 146.612000 232.641000 118.227000
230.048000 149.538000 232.804000 121.095000
229.896000 152.433000 233.005000 123.931000
229.782000 155.268000 233.199000 126.694000
229.655000 158.078000 233.408000 129.444000
229.541000 160.866000 233.606000 132.144000
229.426000 163.600000 233.834000 134.817000
229.297000 166.344000 234.008000 137.480000
229.153000 169.044000 234.175000 140.115000
229.018000 171.727000 234.321000 142.709000
228.854000 174.396000 234.475000 145.312000
228.704000 177.062000 234.614000 147.877000
228.552000 179.701000 234.776000 150.506000
228.417000 182.440000 234.932000 153.168000
228.282000 185.191000 235.116000 155.851000
228.147000 187.931000 235.263000 158.524000
227.996000 190.673000 235.413000 161.184000
227.871000 193.342000 235.572000 163.801000
227.730000 196.019000 235.725000 166.404000
227.605000 198.734000 235.877000 169.005000
227.502000 201.400000 236.035000 171.590000
227.405000 204.084000 236.199000 174.111000
227.306000 206.661000 236.380000 176.656000
227.201000 209.288000 236.530000 179.144000
227.122000 211.833000 236.710000 181.685000
227.020000 214.444000 236.854000 184.166000
226.938000 216.970000 237.029000 186.631000
226.871000 219.484000 237.182000 189.028000
226.798000 221.926000 237.364000 191.398000
226.717000 224.425000 237.518000 193.817000
226.653000 226.971000 237.700000 196.257000
226.590000 229.546000 237.861000 198.737000
226.506000 232.191000 238.021000 201.285000
226.421000 234.842000 238.164000 203.849000
226.293000 237.590000 238.298000 206.513000
226.125000 240.347000 238.371000 209.182000
225.971000 243.174000 238.489000 211.952000
225.833000 246.016000 238.581000 214.683000
225.683000 248.816000 238.698000 217.385000
225.540000 251.555000 238.773000 220.052000
225.424000 254.288000 238.910000 222.671000
225.333000 257.010000 239.038000 225.300000
225.245000 259.662000 239.195000 227.869000
225.158000 262.291000 239.315000 230.418000
225.027000 264.921000 239.418000 232.962000
224.921000 267.561000 239.531000 235.488000
224.841000 270.143000 239.673000 237.973000
224.743000 272.699000 239.778000 240.415000
224.618000 275.099000 239.865000 242.710000
224.536000 277.289000 239.949000 244.828000
224.491000 279.321000 240.070000 246.788000
224.526000 281.119000 240.238000 248.494000
224.604000 282.758000 240.453000 250.076000
224.706000 284.301000 240.669000 251.529000
224.848000 285.745000 240.944000 252.907000
224.918000 287.128000 241.113000 254.222000
225.001000 288.417000 241.319000 255.447000
224.948000 289.604000 241.381000 256.580000
224.873000 290.701000 241.427000 257.660000
224.694000 291.746000 241.349000 258.670000
224.373000 292.708000 241.168000 259.643000
224.014000 293.615000 240.916000 260.559000
223.555000 294.443000 240.561000 261.437000
222.977000 295.301000 240.096000 262.336000
222.259000 296.142000 239.512000 263.264000
221.393000 296.979000 238.765000 264.183000
220.361000 297.763000 237.863000 265.099000
219.148000 298.440000 236.764000 265.929000
217.744000 299.006000 235.471000 266.693000
216.120000 299.382000 233.922000 267.299000
214.291000 299.590000 232.158000 267.779000
212.226000 299.624000 230.140000 268.098000
209.947000 299.566000 227.932000 268.374000
207.498000 299.496000 225.512000 268.631000
204.872000 299.455000 222.933000 268.950000
202.001000 299.416000 220.127000 269.281000
198.928000 299.393000 217.130000 269.668000
195.664000 299.347000 213.922000 270.049000
192.171000 299.286000 210.578000 270.456000
188.643000 299.211000 207.083000 270.836000
184.961000 299.123000 203.477000 271.254000
181.266000 299.026000 199.825000 271.646000
177.563000 298.904000 196.204000 272.019000
173.850000 298.785000 192.580000 272.382000
170.176000 298.667000 188.996000 272.764000
166.501000 298.552000 185.426000 273.109000
162.893000 298.418000 181.860000 273.473000
159.247000 298.297000 178.302000 273.811000
155.657000 298.180000 174.756000 274.178000
152.082000 298.070000 171.243000 274.536000
148.567000 297.966000 167.774000 274.904000
145.036000 297.850000 164.321000 275.252000
141.544000 297.747000 160.903000 275.624000
138.062000 297.626000 157.486000 275.967000
134.613000 297.493000 154.103000 276.300000
131.189000 297.299000 150.740000 276.557000
127.838000 297.029000 147.397000 276.765000
124.479000 296.673000 144.084000 276.873000
121.175000 296.260000 140.815000 276.920000
117.925000 295.830000 137.614000 276.933000
114.704000 295.383000 134.426000 276.955000
111.521000 294.946000 131.291000 276.948000
108.302000 294.570000 128.132000 276.998000
105.148000 294.209000 124.961000 277.060000
101.922000 293.955000 121.784000 277.237000
98.673300 293.772000 118.576000 277.468000
95.366600 293.680000 115.318000 277.824000
91.997900 293.604000 112.022000 278.173000
88.612400 293.516000 108.710000 278.550000
85.163400 293.438000 105.320000 278.916000
81.692900 293.354000 101.902000 279.291000
78.266400 293.259000 98.516600 279.628000
74.806500 293.136000 95.174400 279.964000
71.440100 293.021000 91.830000 280.289000
68.073900 292.916000 88.522500 280.640000
64.797600 292.803000 85.236100 280.967000
61.512700 292.693000 82.012800 281.305000
58.269300 292.589000 78.813400 281.625000
55.033100 292.489000 75.665600 281.965000
51.816100 292.384000 72.508400 282.292000
48.631600 292.291000 69.388900 282.616000
45.519300 292.193000 66.270300 282.932000
42.416000 292.105000 63.185400 283.265000
39.280000 292.012000 60.112600 283.577000
36.184900 291.923000 57.070200 283.914000
33.128300 291.844000 54.062700 284.234000
30.118200 291.778000 51.101000 284.575000
27.253600 291.730000 48.251200 284.880000
24.568400 291.667000 45.553200 285.185000
21.942700 291.593000 42.971400 285.442000
19.437400 291.535000 40.505900 285.714000
17.053500 291.477000 38.158400 285.948000
14.821900 291.457000 35.945800 286.215000
12.736400 291.501000 33.894100 286.505000
10.822300 291.595000 32.022100 286.848000
9.011320 291.749000 30.260300 287.217000
7.286370 291.974000 28.581100 287.650000
5.623840 292.237000 26.962600 288.092000
4.015080 292.514000 25.416100 288.568000
2.475480 292.807000 23.926400 289.030000
1.038250 293.116000 22.525700 289.529000
-0.298281 293.461000 21.233100 290.007000
-1.495530 293.806000 20.086000 290.502000
-2.570340 294.202000 19.045700 290.988000
-3.559980 294.652000 18.102700 291.544000
-4.236280 295.069000 17.462600 292.004000
-4.600710 295.338000 17.115600 292.307000
-4.687470 295.422000 17.020900 292.378000
-4.669330 295.394000 17.034600 292.362000
-4.667220 295.398000 17.030000 292.353000
-4.666080 295.389000 17.029000 292.363000
-4.673080 295.393000 17.019100 292.355000
-4.666080 295.393000 17.018600 292.361000
-4.677130 295.417000 17.006400 292.372000
-4.722870 295.446000 16.967900 292.424000
-4.802420 295.524000 16.899300 292.485000
-4.966160 295.698000 16.750600 292.668000
-5.220520 295.984000 16.510300 292.945000
-5.573490 296.405000 16.195300 293.400000
-6.019650 296.960000 15.783900 293.969000
-6.581890 297.719000 15.287300 294.770000
-7.175590 298.708000 14.774500 295.790000
-7.765850 299.947000 14.290000 297.069000
-8.308650 301.417000 13.886900 298.546000
-8.745850 303.092000 13.585900 300.220000
-9.141080 304.929000 13.364400 302.035000
-9.451840 306.980000 13.254200 304.060000
-9.659950 309.208000 13.259100 306.196000
-9.832400 311.567000 13.321100 308.525000
