0.000000 0.000000 0.000000 0.000000
0.026806 0.442467 0.026234 0.411239
0.227418 1.020570 0.161113 0.981885
0.551430 1.700040 0.425050 1.641690
0.994020 2.464660 0.827623 2.338270
1.663870 3.075950 1.418570 3.017360
2.530110 3.771790 2.216620 3.682820
3.616630 4.377880 3.233250 4.350700
4.900690 4.983670 4.497060 4.970020
6.454420 5.497790 6.033860 5.531540
8.285790 6.074930 7.796490 6.084150
10.328200 6.631310 9.793460 6.667610
12.531700 7.175780 11.985300 7.226430
14.888400 7.658330 14.306200 7.749770
17.280700 8.061490 16.688100 8.180950
19.792800 8.345420 19.127400 8.497560
22.337100 8.383780 21.632900 8.601630
24.874000 8.171980 24.152400 8.444260
27.390700 7.699070 26.649500 8.029700
29.939200 6.949050 29.092900 7.362930
32.237800 6.098790 31.419600 6.553500
34.546600 5.041050 33.670900 5.558780
36.780800 3.828570 35.835900 4.406080
38.830200 2.630520 37.912700 3.204690
40.873400 1.345660 39.947800 1.925160
42.983100 -0.006441 42.053200 0.562603
45.261400 -1.410640 44.305700 -0.818007
47.731700 -2.837470 46.738700 -2.234950
50.277900 -4.324080 49.281600 -3.722660
52.920300 -5.879300 51.914200 -5.268160
55.621900 -7.447910 54.561600 -6.822540
58.266300 -8.982700 57.196200 -8.358130
60.933300 -10.510700 59.818400 -9.872350
63.537100 -11.989500 62.405100 -11.368900
66.135900 -13.515500 64.965100 -12.906400
68.635400 -15.098000 67.443200 -14.475900
71.120400 -16.690800 69.887100 -16.056700
73.516700 -18.230800 72.293000 -17.647400
75.867900 -19.799800 74.660800 -19.249600
78.268600 -21.366500 77.041600 -20.824400
80.630500 -22.862700 79.414700 -22.364600
82.965400 -24.356300 81.773400 -23.886300
85.375400 -25.794100 84.145100 -25.345500
87.837800 -27.118700 86.591500 -26.700800
90.297600 -28.332200 89.052800 -27.940900
92.805400 -29.441700 91.544200 -29.061500
95.310500 -30.439300 94.046400 -30.079300
97.866300 -31.428400 96.565600 -31.059500
100.401000 -32.363700 99.096500 -31.998000
102.900000 -33.202800 101.621000 -32.875200
105.416000 -34.021900 104.166000 -33.697300
107.954000 -34.790000 106.736000 -34.462100
110.547000 -35.501900 109.313000 -35.186100
113.138000 -36.166100 111.902000 -35.843900
115.739000 -36.759800 114.485000 -36.452900
118.319000 -37.336600 117.088000 -37.052100
120.919000 -37.870300 119.695000 -37.582300
123.500000 -38.360900 122.306000 -38.093200
126.075000 -38.859500 124.887000 -38.609700
128.628000 -39.342700 127.437000 -39.103200
131.149000 -39.808500 129.977000 -39.598100
133.645000 -40.261700 132.466000 -40.069200
136.147000 -40.737600 134.900000 -40.543000
138.577000 -41.171800 137.314000 -41.003300
140.923000 -41.536800 139.668000 -41.448500
143.284000 -41.821700 141.701000 -41.663300
145.686000 -41.997400 144.021000 -41.841400
147.933000 -42.041600 146.322000 -41.922800
150.214000 -42.018900 148.597000 -41.887800
152.414000 -41.951200 150.819000 -41.841400
154.675000 -41.921500 153.069000 -41.827300
156.861000 -41.910400 155.304000 -41.841500
159.039000 -41.944000 157.527000 -41.906300
161.175000 -42.005300 159.704000 -42.032400
163.278000 -42.086500 161.823000 -42.139800
165.367000 -42.111000 163.919000 -42.170200
167.424000 -42.008500 165.982000 -42.085700
169.447000 -41.810300 168.003000 -41.906100
171.398000 -41.502000 169.956000 -41.619300
173.293000 -41.102800 171.831000 -41.230600
175.102000 -40.666800 173.645000 -40.791800
176.869000 -40.210800 175.403000 -40.333200
178.681000 -39.699400 177.181000 -39.832300
180.487000 -39.207000 178.994000 -39.337300
182.303000 -38.671700 180.824000 -38.805900
184.148000 -38.119500 182.678000 -38.249900
186.005000 -37.492800 184.520000 -37.627000
187.875000 -36.783600 186.381000 -36.927700
189.723000 -35.987900 188.245000 -36.134800
191.655000 -35.126400 190.153000 -35.290300
193.636000 -34.260800 192.114000 -34.426800
195.688000 -33.380600 194.144000 -33.540700
197.770000 -32.472000 196.158000 -32.652300
199.817000 -31.584000 198.191000 -31.780000
201.907000 -30.693200 200.245000 -30.898500
203.965000 -29.827100 202.298000 -30.028700
206.040000 -29.050400 204.364000 -29.245700
208.158000 -28.347200 206.450000 -28.533100
210.273000 -27.671600 208.556000 -27.858600
212.407000 -26.988300 210.676000 -27.169800
214.584000 -26.292100 212.837000 -26.479200
216.769000 -25.587600 215.020000 -25.766600
218.969000 -24.828700 217.224000 -24.999900
221.141000 -24.022600 219.404000 -24.186400
223.350000 -23.193000 221.607000 -23.349300
225.556000 -22.327500 223.803000 -22.495000
227.756000 -21.425700 225.985000 -21.606500
229.930000 -20.494500 228.165000 -20.686200
232.114000 -19.524500 230.310000 -19.730400
234.311000 -18.549200 232.500000 -18.757000
236.461000 -17.562900 234.647000 -17.773200
238.626000 -16.534600 236.793000 -16.755100
240.770000 -15.490100 238.944000 -15.713200
242.916000 -14.429400 241.102000 -14.649200
245.072000 -13.334800 243.213000 -13.569000
247.249000 -12.231000 245.382000 -12.473600
249.434000 -11.133700 247.551000 -11.385900
251.618000 -10.015100 249.700000 -10.277200
253.813000 -8.888240 251.861000 -9.147300
255.981000 -7.716380 254.009000 -7.986890
258.120000 -6.510670 256.131000 -6.801510
260.250000 -5.242390 258.212000 -5.574370
262.290000 -3.887880 260.243000 -4.224560
264.286000 -2.417790 262.211000 -2.770090
266.265000 -0.947867 264.175000 -1.305690
268.326000 0.404149 266.206000 0.055357
270.415000 1.689890 268.272000 1.346440
272.542000 2.908500 270.370000 2.583100
274.698000 4.144470 272.512000 3.807730
276.849000 5.344090 274.634000 4.999980
279.045000 6.572300 276.821000 6.191400
281.290000 7.778090 279.050000 7.383450
283.525000 9.035780 281.270000 8.613940
285.760000 10.330800 283.504000 9.899090
288.015000 11.679300 285.753000 11.243300
290.263000 13.138600 287.992000 12.678000
292.487000 14.645700 290.200000 14.170200
294.702000 16.209300 292.394000 15.720200
296.930000 17.840600 294.594000 17.346900
299.154000 19.573800 296.758000 19.063300
301.324000 21.378700 298.895000 20.844300
303.486000 23.218400 301.013000 22.662600
305.624000 25.112300 303.115000 24.548400
307.725000 27.010800 305.187000 26.448900
309.807000 28.966400 307.245000 28.386300
311.866000 30.947400 309.254000 30.352500
313.852000 32.973500 311.221000 32.356500
315.831000 35.018700 313.148000 34.375400
317.742000 37.100000 315.027000 36.452700
319.625000 39.161600 316.881000 38.503000
321.512000 41.237400 318.731000 40.566300
323.412000 43.299000 320.615000 42.635400
325.368000 45.344400 322.536000 44.685300
327.424000 47.374700 324.541000 46.716800
329.553000 49.377500 326.616000 48.718200
331.726000 51.318900 328.736000 50.646500
333.969000 53.270900 330.928000 52.560400
336.267000 55.189200 333.163000 54.463200
338.591000 57.077300 335.437000 56.341400
340.978000 58.946100 337.733000 58.177100
343.394000 60.801100 340.065000 60.019400
345.803000 62.611900 342.420000 61.819200
348.229000 64.412800 344.797000 63.616000
350.673000 66.201400 347.152000 65.386700
353.143000 67.999600 349.541000 67.161600
355.587000 69.794500 351.917000 68.932900
358.021000 71.573700 354.271000 70.688500
360.457000 73.374400 356.622000 72.443000
362.905000 75.147900 358.984000 74.203000
365.347000 76.900200 361.337000 75.952600
367.746000 78.644900 363.665000 77.669200
370.074000 80.376100 365.931000 79.363100
372.319000 82.072300 368.078000 81.013300
374.433000 83.692300 370.132000 82.636300
376.423000 85.237900 372.060000 84.145700
378.337000 86.664200 373.888000 85.550300
380.143000 87.987100 375.645000 86.883700
381.899000 89.234500 377.328000 88.129300
383.625000 90.401100 378.994000 89.306900
385.449000 91.544200 380.746000 90.447700
387.350000 92.626800 382.566000 91.523600
389.305000 93.649600 384.452000 92.550500
391.364000 94.701600 386.433000 93.594200
393.477000 95.762000 388.423000 94.627300
395.637000 96.786500 390.452000 95.612000
397.789000 97.749400 392.490000 96.553500
399.910000 98.662800 394.507000 97.452400
401.999000 99.488900 396.487000 98.248300
404.027000 100.214000 398.402000 98.953200
406.036000 100.859000 400.293000 99.594200
408.084000 101.342000 402.237000 100.073000
410.231000 101.695000 404.262000 100.414000
412.463000 101.979000 406.362000 100.685000
414.722000 102.220000 408.494000 100.894000
416.981000 102.445000 410.635000 101.073000
419.228000 102.618000 412.759000 101.208000
421.522000 102.799000 414.951000 101.357000
423.737000 103.002000 417.056000 101.520000
425.959000 103.208000 419.186000 101.708000
428.078000 103.412000 421.188000 101.877000
430.113000 103.620000 423.125000 102.046000
432.067000 103.810000 424.996000 102.213000
433.967000 103.857000 426.817000 102.249000
435.688000 103.802000 428.478000 102.179000
437.241000 103.684000 429.961000 102.041000
438.511000 103.459000 431.194000 101.829000
439.586000 103.272000 432.242000 101.633000
440.512000 103.049000 433.142000 101.414000
441.294000 102.911000 433.887000 101.258000
441.878000 102.775000 434.460000 101.127000
442.328000 102.672000 434.900000 101.020000
442.784000 102.567000 435.345000 100.908000
443.215000 102.502000 435.766000 100.838000
443.701000 102.442000 436.232000 100.765000
444.334000 102.409000 436.837000 100.708000
445.070000 102.329000 437.546000 100.606000
445.868000 102.299000 438.317000 100.543000
446.757000 102.340000 439.159000 100.548000
447.725000 102.480000 440.097000 100.646000
448.824000 102.674000 441.141000 100.799000
450.007000 102.986000 442.290000 101.072000
451.351000 103.415000 443.564000 101.456000
452.806000 103.969000 444.967000 101.965000
454.379000 104.646000 446.471000 102.596000
456.033000 105.480000 448.059000 103.379000
457.821000 106.446000 449.749000 104.297000
459.705000 107.515000 451.554000 105.324000
461.689000 108.669000 453.441000 106.420000
463.786000 109.889000 455.428000 107.592000
465.974000 111.190000 457.495000 108.827000
468.228000 112.548000 459.628000 110.122000
470.580000 113.979000 461.838000 111.485000
473.024000 115.462000 464.133000 112.890000
475.563000 116.995000 466.508000 114.350000
478.151000 118.590000 468.967000 115.871000
480.826000 120.255000 471.492000 117.457000
483.559000 121.941000 474.064000 119.055000
486.378000 123.568000 476.732000 120.602000
489.327000 125.062000 479.514000 122.024000
492.361000 126.378000 482.378000 123.288000
495.497000 127.514000 485.320000 124.332000
498.651000 128.392000 488.279000 125.101000
501.942000 129.001000 491.390000 125.648000
505.258000 129.291000 494.564000 125.895000
508.631000 129.370000 497.788000 125.915000
512.045000 129.227000 501.051000 125.697000
515.436000 128.961000 504.299000 125.366000
518.837000 128.685000 507.595000 124.997000
522.322000 128.359000 510.964000 124.579000
525.923000 127.992000 514.409000 124.148000
529.573000 127.616000 517.907000 123.699000
533.302000 127.254000 521.479000 123.242000
537.118000 126.845000 525.127000 122.748000
540.992000 126.400000 528.846000 122.210000
544.935000 125.907000 532.634000 121.625000
548.943000 125.362000 536.483000 120.992000
553.019000 124.759000 540.396000 120.299000
557.113000 124.113000 544.355000 119.565000
561.328000 123.421000 548.387000 118.787000
565.583000 122.680000 552.472000 117.947000
569.890000 121.916000 556.643000 117.073000
574.312000 121.128000 560.873000 116.184000
578.768000 120.303000 565.140000 115.258000
583.194000 119.498000 569.435000 114.350000
587.623000 118.678000 573.724000 113.442000
592.101000 117.874000 577.977000 112.557000
596.586000 117.088000 582.276000 111.678000
601.039000 116.324000 586.572000 110.809000
605.510000 115.547000 590.837000 109.914000
609.949000 114.789000 595.073000 109.060000
614.386000 114.049000 599.333000 108.225000
618.799000 113.338000 603.567000 107.400000
623.216000 112.613000 607.811000 106.565000
627.625000 111.898000 611.989000 105.745000
631.911000 111.236000 616.129000 104.964000
636.161000 110.571000 620.211000 104.191000
640.329000 109.930000 624.195000 103.426000
644.380000 109.291000 628.045000 102.678000
648.165000 108.678000 631.678000 101.959000
651.711000 108.100000 635.062000 101.287000
654.975000 107.589000 638.168000 100.687000
657.877000 107.147000 640.941000 100.169000
660.422000 106.772000 643.348000 99.719800
662.602000 106.415000 645.417000 99.327300
664.452000 105.960000 647.196000 98.837000
666.112000 105.284000 648.796000 98.158200
667.569000 104.375000 650.215000 97.266400
668.738000 103.258000 651.387000 96.168300
669.594000 101.984000 652.283000 94.920300
670.217000 100.590000 652.914000 93.535200
670.533000 99.061900 653.296000 92.034400
670.567000 97.429800 653.417000 90.419900
670.276000 95.754200 653.220000 88.752500
669.625000 94.055100 652.695000 87.076000
668.646000 92.389000 651.861000 85.429500
667.404000 90.753200 650.751000 83.810400
665.982000 89.054400 649.467000 82.182400
664.412000 87.372800 648.013000 80.551800
662.669000 85.730500 646.421000 78.972000
660.778000 84.195100 644.683000 77.497300
658.709000 82.821400 642.760000 76.193800
656.532000 81.559000 640.704000 74.982600
654.245000 80.258900 638.554000 73.747800
651.889000 78.880500 636.346000 72.484700
649.521000 77.511900 634.074000 71.157100
647.085000 76.021000 631.758000 69.735900
644.524000 74.463800 629.370000 68.274500
641.995000 72.927800 626.904000 66.771500
639.457000 71.347200 624.482000 65.253700
636.937000 69.721000 622.106000 63.719100
634.445000 68.072600 619.754000 62.154300
632.026000 66.466700 617.452000 60.614600
629.639000 64.884300 615.203000 59.143900
627.343000 63.340600 613.041000 57.686100
625.147000 61.832200 610.973000 56.272000
623.098000 60.401000 609.032000 54.918500
621.202000 59.047600 607.223000 53.643100
619.464000 57.829700 605.572000 52.493500
617.946000 56.722700 604.143000 51.459100
616.672000 55.790300 602.933000 50.579800
615.625000 55.022200 601.956000 49.852100
614.789000 54.418500 601.152000 49.281400
614.131000 53.924200 600.529000 48.819700
613.601000 53.536800 600.024000 48.448600
613.090000 53.164500 599.539000 48.097600
612.592000 52.783000 599.061000 47.742400
612.103000 52.411000 598.591000 47.398000
611.638000 52.054800 598.137000 47.068500
611.198000 51.720000 597.723000 46.762900
610.826000 51.431900 597.363000 46.498600
610.473000 51.175200 597.031000 46.258000
610.130000 50.912800 596.703000 46.010400
609.817000 50.676600 596.396000 45.781000
609.486000 50.430000 596.085000 45.548300
609.100000 50.147700 595.708000 45.267300
608.548000 49.724600 595.171000 44.858800
607.808000 49.145400 594.461000 44.303200
606.910000 48.409100 593.593000 43.587500
605.888000 47.503000 592.582000 42.702800
604.731000 46.413800 591.458000 41.665000
603.470000 45.160300 590.236000 40.463900
602.118000 43.773300 588.920000 39.109800
600.632000 42.288600 587.485000 37.660700
599.063000 40.649800 585.972000 36.091000
597.399000 38.934000 584.338000 34.397200
595.615000 37.095100 582.614000 32.594500
593.776000 35.125800 580.834000 30.683500
591.905000 33.066200 579.063000 28.723500
590.079000 31.018600 577.316000 26.736300
588.249000 28.962200 575.545000 24.736900
586.386000 26.922500 573.744000 22.752900
584.477000 24.864500 571.907000 20.756500
582.542000 22.790600 570.036000 18.755700
580.605000 20.746500 568.119000 16.755700
578.601000 18.638300 566.182000 14.724800
576.617000 16.519600 564.236000 12.666400
574.628000 14.399100 562.302000 10.590200
572.663000 12.256600 560.397000 8.522010
570.737000 10.138400 558.505000 6.444180
568.834000 8.016570 556.643000 4.391190
566.979000 5.906060 554.822000 2.336610
565.171000 3.837690 553.041000 0.314846
563.341000 1.840300 551.245000 -1.641580
561.540000 -0.125168 549.494000 -3.552670
559.886000 -1.921230 547.864000 -5.351280
558.303000 -3.605910 546.328000 -7.003660
556.893000 -5.092400 544.953000 -8.462680
555.655000 -6.390320 543.733000 -9.760890
554.541000 -7.574750 542.669000 -10.915900
553.543000 -8.654760 541.682000 -11.985300
552.592000 -9.682510 540.766000 -12.982100
551.705000 -10.598000 539.898000 -13.905400
550.876000 -11.458000 539.103000 -14.758000
550.121000 -12.248800 538.366000 -15.537100
549.436000 -12.957500 537.703000 -16.231900
548.843000 -13.615100 537.116000 -16.875500
548.350000 -14.185300 536.635000 -17.433500
547.941000 -14.636300 536.237000 -17.875700
547.605000 -15.022600 535.909000 -18.252800
547.318000 -15.340100 535.629000 -18.566900
547.085000 -15.596400 535.405000 -18.824500
546.899000 -15.819400 535.219000 -19.049900
546.736000 -15.995600 535.061000 -19.229200
546.605000 -16.145900 534.935000 -19.373600
546.496000 -16.265200 534.825000 -19.491400
546.415000 -16.359400 534.738000 -19.584300
546.359000 -16.423900 534.686000 -19.645400
546.325000 -16.461600 534.655000 -19.679500
546.297000 -16.489400 534.633000 -19.707700
546.252000 -16.539700 534.586000 -19.756600
546.195000 -16.606800 534.526000 -19.821100
546.111000 -16.701400 534.446000 -19.916100
546.009000 -16.818500 534.344000 -20.042900
545.866000 -16.983300 534.204000 -20.198700
545.695000 -17.175100 534.037000 -20.391500
545.497000 -17.399100 533.847000 -20.614300
545.288000 -17.638800 533.640000 -20.855000
545.053000 -17.898400 533.411000 -21.112000
544.828000 -18.147000 533.196000 -21.362100
544.637000 -18.364300 533.011000 -21.576900
544.486000 -18.540300 532.862000 -21.762600
